0.5598736413362373,-0.6925147298316412,-1.4800010103413732,-0.042821774299611835,1.0
0.6271579198173322,1.6078120422659818,0.1581016704189534,0.03173848141286145,3.0
0.559873642107601,-0.6925138017118573,-1.4792672391979633,0.07509351670616841,1.0
0.5598736412993693,-0.6925171045065013,-1.4804819068700783,-0.03530420295854736,1.0
0.6271579196134343,1.6078123179295376,0.1638007456867452,-0.011083565344892075,3.0
0.5598736410203287,-0.6925137078621074,-1.4785080205847716,0.01653775216391508,1.0
-1.7317881813841516,0.05405148647466979,-0.0053619074786124205,-0.008012052865665566,2.0
-1.73178818143258,0.05404972112159301,-0.004990242419537062,-0.046472512699650796,2.0
0.6271579200020362,1.607812298907112,0.16550856101077593,0.019431068436490777,3.0
0.5435648543689732,-0.9671888766569608,1.3318217120636167,0.10013963424193383,0.0
0.543564854312794,-0.9671910327448079,1.3291850635495488,-0.019539648382572123,0.0
-1.7317881819589482,0.05404818745390854,-0.004581130599380814,0.01973106230038428,2.0
0.543564854304715,-0.9671898858875687,1.3379702603644141,0.0021827569227378515,0.0
0.5435648540755115,-0.9671888339109048,1.3302387261147055,-0.03274793354282468,0.0
0.6271579198312128,1.6078090974521553,0.16207829655314845,-0.007848823330314662,3.0
0.5435648556907017,-0.9671886889442735,1.3323821742923778,0.014046230238193744,0.0
-1.731788181484241,0.054053238319110776,-0.008493484238327558,-0.02860489525377027,2.0
0.5435648543352839,-0.9671899819500993,1.331023629907641,0.014448282441089253,0.0
0.5435648539972278,-0.9671899745341462,1.33443602269829,0.03545109905925689,0.0
0.6271579200025158,1.6078119740944483,0.16454334990623992,0.009790871447184967,3.0
-1.7317881816603935,0.05404959183812533,-0.005017127297128597,-0.050052151819669426,2.0
0.6271579203232226,1.6078124171757517,0.15938618894962467,-0.039240528310293246,3.0
0.6271579200172801,1.6078130308965437,0.1628231405015694,0.024417323112395858,3.0
0.5598736419200657,-0.6925156865737615,-1.4798144854738384,-0.042626518742654176,1.0
0.6271579201944938,1.6078107992657609,0.15568010951114164,-0.039134127440104284,3.0
-1.7317881811811755,0.05404809363646658,-0.005169212591632798,-0.02138582578399825,2.0
0.5435648544903988,-0.9671906767395292,1.3298180867645668,-0.018570234094143056,0.0
0.559873641597893,-0.6925164869104314,-1.4814138490752873,-0.043652362486350106,1.0
0.5598736416401098,-0.6925169891375621,-1.4835083508162787,-0.02679401984452042,1.0
0.5598736417037427,-0.6925164249775929,-1.4812856083488604,-0.02375695245008581,1.0
0.6271579202701143,1.6078118918722144,0.16184859664854026,-0.031921898239815186,3.0
-1.7317881816719978,0.05405099128800562,-0.00671357740771981,-0.06900222866878486,2.0
0.5598736418234624,-0.6925142238845999,-1.4793550873403385,-0.014839610326760594,1.0
0.5435648550799259,-0.9671905702255762,1.3237337830624367,0.05028761308984339,0.0
0.5435648548191019,-0.9671919306068308,1.32959952269083,0.03560436795578825,0.0
0.5435648549736047,-0.9671902616639574,1.3292851288565335,0.0067968989085799986,0.0
0.5435648546639947,-0.9671894367365906,1.3352581557459646,0.0027789679632233616,0.0
0.6271579205034205,1.6078107590169108,0.1571166296420236,-0.025988374638071986,3.0
0.6271579195965433,1.607810829236014,0.15864216173058324,0.017974016954289036,3.0
-1.7317881810790139,0.05405215160505646,-0.005034666312697904,0.018567444378650586,2.0
0.5435648542582328,-0.9671921804049626,1.334908636138599,0.01808843006674743,0.0
0.5435648545206213,-0.9671894538980406,1.3306798213277562,0.02290435130785181,0.0
0.5598736412211432,-0.6925138872887563,-1.4808614929423187,-0.05889521446747386,1.0
0.5598736415183628,-0.6925138199286479,-1.484884007564044,-0.04525576441666498,1.0
0.5435648545041185,-0.9671892855357178,1.3447832440471992,0.006249464759877461,0.0
0.6271579199755128,1.607812305562937,0.16041179904963315,0.018201264000103183,3.0
0.6271579195047255,1.607810258023613,0.1605222788725844,-0.02064410635334184,3.0
0.5598736412601073,-0.6925159855223331,-1.48387831960689,0.0015522440829442991,1.0
-1.7317881810127393,0.05404801088593046,-0.005804090807780424,-0.011590692193785179,2.0
0.559873641384049,-0.6925154218798619,-1.4886875896987122,-0.010280130901998254,1.0
0.6271579198483862,1.6078123887387916,0.15405427257933457,0.021939483078172752,3.0
-1.7317881815446128,0.05404871361873948,-0.003545103791859849,-0.045546739732319985,2.0
0.5435648542637364,-0.9671903674827026,1.334130319784602,0.015093120368682536,0.0
0.627157920325923,1.607810813359629,0.15994665636241498,-0.022018056324967002,3.0
0.5598736415625892,-0.692515391321747,-1.4831790418490236,-0.0064673244260187055,1.0
0.6271579197682174,1.6078128475724582,0.1665300313604026,-0.014845320878127642,3.0
0.6271579197078505,1.6078103141284446,0.161656430585933,0.028209008205834128,3.0
0.5435648543717956,-0.9671870224745599,1.335926760692193,-0.019377798571501573,0.0
0.5598736411868223,-0.6925145899832218,-1.4790159125544944,-0.007299282884553476,1.0
0.5435648544562685,-0.9671894292621858,1.3332740122511606,-0.018592397019289896,0.0
0.5435648550232306,-0.9671903810086594,1.3292814214858502,-0.024763866279197307,0.0
-1.7317881812945732,0.05405032364015041,-0.0013197717313892772,-0.016357992538208747,2.0
0.6271579196625228,1.6078131943074518,0.15482854303013388,-0.04959464723547736,3.0
-1.7317881819150633,0.054052820930405546,0.002592375098183749,0.08949708009733373,2.0
0.543564854552665,-0.9671906570625687,1.334950292939939,0.020793517956998075,0.0
-1.7317881815627465,0.05405196111458488,-0.008032654609733783,0.010707479408452104,2.0
0.6271579199566423,1.6078098483812802,0.1555142023167792,-0.05028472804302712,3.0
0.627157919756091,1.6078097158945317,0.15926410083836828,0.018033204977746665,3.0
0.6271579195165272,1.6078104044839052,0.15750242460303207,0.037605378878678646,3.0
0.5435648544508682,-0.9671895022583119,1.3296874487745316,0.0228421686131732,0.0
0.6271579196673607,1.6078095877441472,0.16026969272203398,0.006627144733157468,3.0
-1.731788181499355,0.05405036343850659,-0.0061778447995610684,0.01437948220508004,2.0
-1.7317881805359445,0.05405127980559679,-0.006071739208867963,0.00956944909762194,2.0
-1.7317881820488794,0.054048790162417315,-0.008519464288326742,-0.022681287581018467,2.0
0.6271579200152889,1.6078105132622071,0.1537061329061364,-0.03436130452274701,3.0
0.5435648541907696,-0.9671884395091502,1.3281435522074576,0.008055545625131182,0.0
0.6271579196723337,1.607810450434676,0.1666365335250925,0.04084268298854864,3.0
-1.731788182046565,0.05405643636285405,0.0007803621592981363,0.04325885714822252,2.0
0.5435648548061504,-0.9671881492580511,1.3365788361055435,0.0016422780531508664,0.0
0.5435648549028205,-0.9671885627096208,1.3355245298817782,0.017460836801366286,0.0
0.5435648549234426,-0.967188390456363,1.3284950469820669,0.04017419930424554,0.0
0.5435648544438947,-0.9671884954275707,1.333207123077034,0.0012274037231693388,0.0
0.6271579197673737,1.6078091791438525,0.1604241029233092,0.03446078527511448,3.0
0.5435648547557422,-0.9671916811859069,1.3320267874055254,0.011315943667966757,0.0
-1.7317881814550562,0.05404795312290184,-0.008103260533092807,0.014830095173137875,2.0
-1.7317881810763984,0.0540519401627493,-0.002405772952660242,-0.029436678366706156,2.0
0.6271579195340821,1.6078118597780122,0.15552221103094663,0.03724312546872871,3.0
-1.7317881810617728,0.054051949012456864,-0.0017921011865224606,-0.04284661242071817,2.0
0.5598736414784693,-0.6925167682072647,-1.481463410846629,-0.08184290667351739,1.0
0.54356485472662,-0.9671900016513679,1.3348384190789704,0.07033224696282547,0.0
0.6271579196065242,1.607810307805372,0.165867520084366,0.035242954263025844,3.0
0.5435648544580431,-0.9671913900651405,1.3245641383299704,-0.0013303217200517944,0.0
0.5435648548698673,-0.9671897932302908,1.330314891993573,0.002234232328051062,0.0
-1.7317881810343214,0.05404985215480285,-0.00942059217605152,-0.021368540495087147,2.0
0.5435648553091192,-0.9671913142204208,1.3299394948375813,-0.039936848755469684,0.0
0.5598736414708737,-0.6925171373699168,-1.4728461868970464,-0.004012887692867541,1.0
0.5598736420621468,-0.6925179443761464,-1.481429445044589,-0.00087625621078942,1.0
0.5435648543689272,-0.9671904275370523,1.331982162806837,-0.019345468605633954,0.0
0.5598736412514598,-0.6925174974258663,-1.4810438112563054,-0.021978540847260693,1.0
0.5435648544603059,-0.9671900192217813,1.3290247484238704,0.06823334444875255,0.0
0.5435648552775237,-0.967191177522153,1.3259861179382,0.04304412258801168,0.0
0.6271579198629637,1.6078109056884848,0.16178571761352628,-0.02389481100409938,3.0
0.6271579193958671,1.60781151328855,0.1602597767948922,-0.015706292034453243,3.0
0.5435648550514898,-0.9671891681137714,1.3332654006680407,-0.006006333631577349,0.0
0.5598736410370572,-0.6925193601162907,-1.4774562838927656,-0.030258119594900934,1.0
0.559873641499947,-0.6925192284005987,-1.4798221192930034,0.01542568167310895,1.0
0.5598736418367367,-0.6925194316582685,-1.4787157149672714,-0.023819604348620415,1.0
0.6271579192117746,1.6078114960813505,0.1579660626894683,-0.03740554343940606,3.0
0.5598736417367413,-0.6925156120077901,-1.480159132976294,0.06307770910390371,1.0
0.5598736414515093,-0.692519795914839,-1.4823372076051275,-0.0415223886985649,1.0
-1.731788181318111,0.054050157582192844,-0.008387368235886076,0.014742055783410058,2.0
0.543564854922707,-0.9671886921581738,1.3328864073511448,-0.01745878975487108,0.0
0.6271579201674592,1.6078116332518915,0.16677358296463005,-0.021339695587818203,3.0
0.5598736419534951,-0.6925183317683373,-1.4876049014295254,-0.0054804006232653125,1.0
0.5598736416861783,-0.6925169803979053,-1.4727232834645734,-0.0030659084349319347,1.0
-1.7317881815881473,0.054047995415509385,-0.004560295751563237,0.0016843233647535747,2.0
0.5598736415545441,-0.6925140344788961,-1.4827771800405198,-0.004604521004226679,1.0
0.5435648548679654,-0.9671878907002133,1.3327907227387197,0.03596509508982251,0.0
0.5598736419452844,-0.6925160381692873,-1.4769756464223485,0.04308972204214147,1.0
-1.7317881814849962,0.054050700387358944,-0.005460045248051204,0.008071978137152679,2.0
0.5598736418181811,-0.6925162213405194,-1.479198259352192,-0.011387499316144517,1.0
0.6271579197871151,1.6078117970674868,0.1644888726025595,-0.022524029973843937,3.0
-1.7317881813034346,0.0540506173459154,-0.006615538822211804,0.052581507501732926,2.0
0.6271579200515166,1.6078112481496112,0.15325128966635346,0.008280869079842403,3.0
0.627157919637287,1.6078086320848495,0.16010681932834273,0.024397142283561372,3.0
0.6271579195113569,1.6078097041373243,0.15216994552799623,-0.023895117002385814,3.0
-1.7317881809218625,0.054050296278615385,-0.009011104122728044,0.043218089116171116,2.0
0.6271579197023187,1.607810065880864,0.15666085044555084,0.018654132114326268,3.0
0.6271579202532083,1.607811333909126,0.15588822281811693,-0.05891666513766324,3.0
0.5435648549777241,-0.9671873688871597,1.3286955324305576,0.07499511977440058,0.0
-1.7317881810156284,0.054051334415271095,-0.005826184031803161,-0.02468815073192031,2.0
0.6271579193462963,1.6078090330582562,0.16052337383583462,-0.008262296197597455,3.0
0.6271579195974872,1.607808680773512,0.16001025236146568,0.010155598933652208,3.0
0.5598736412286183,-0.6925168982447956,-1.4827054400764133,-0.09402984871531427,1.0
0.5598736411108609,-0.6925156863453741,-1.4819704200412753,0.027760030116289167,1.0
-1.7317881815634826,0.05404957497990165,-0.008532587613630937,0.003511160506511151,2.0
0.6271579200282374,1.6078115414029628,0.1641673645305395,-0.01823350169236357,3.0
0.6271579197291134,1.607811299216664,0.1650825451935267,-0.001039980210496831,3.0
0.5598736419018843,-0.6925167046755162,-1.4788315772287275,-0.007071001758304147,1.0
0.5435648552802288,-0.9671900516868086,1.3313774984858544,-0.04677820165895845,0.0
0.5598736411715435,-0.692515396224767,-1.4865967823225794,0.01435940930684159,1.0
0.5598736416301613,-0.6925140124217902,-1.478404202792137,-0.037186270904756666,1.0
0.5435648545264631,-0.9671894152573934,1.329373113280277,0.014387491826635467,0.0
0.6271579200711722,1.6078112665691529,0.15451057311831073,-0.06970269647636544,3.0
0.5435648548029693,-0.9671921319213777,1.3383427650416146,0.04620611559298049,0.0
0.6271579196813628,1.6078114924072833,0.15689641256048067,0.03486525966154981,3.0
0.5435648545395397,-0.9671898774382603,1.336635606532757,0.0166707815308768,0.0
0.6271579204688018,1.6078119138123004,0.16355419805097293,0.028736757605623105,3.0
0.6271579200866948,1.6078092907357342,0.1568224492738642,-0.020616596407169886,3.0
0.6271579200362817,1.6078120167931396,0.15828883837577643,0.031392952319804455,3.0
0.6271579205987329,1.607811651519311,0.15637339190564112,-0.054336490400073156,3.0
0.5435648545300078,-0.9671899439393031,1.3343289883052287,-0.07993843941881427,0.0
-1.7317881815059717,0.05405111834357975,-0.00325937073653665,0.03487627190996057,2.0
-1.7317881814263518,0.05404859347678474,-0.012747964821828913,-0.0528358911229073,2.0
-1.7317881814912908,0.054049214105579044,-0.0002546713488604364,-0.009352071003712598,2.0
0.5598736415987169,-0.6925172988469989,-1.4790062359733707,-0.05808124793987229,1.0
0.5598736415067911,-0.6925158339569338,-1.4854984939464915,0.011875869078524755,1.0
-1.731788181508875,0.05405167279555477,-0.005081368770092091,-0.029993121696666295,2.0
0.6271579196807193,1.607809303451181,0.16002135480101698,0.059390664186306875,3.0
0.5598736418093727,-0.6925171558578532,-1.4748635123587968,0.009431865079297885,1.0
-1.7317881819319925,0.05404907571443108,-0.0015060505080046823,0.02846546875561906,2.0
0.5598736410965869,-0.6925166799586042,-1.4744248071064379,0.027906180031732487,1.0
0.5598736414615,-0.6925159418960386,-1.4848797058686938,-0.05526650987590036,1.0
-1.731788181893073,0.05404650947717443,-0.005852538656777722,-0.041282326146848305,2.0
0.5435648557280998,-0.9671900480683793,1.327106349489472,-0.010608259131433331,0.0
-1.731788181222894,0.054051769795745525,-0.00860435398436541,0.006001583975228451,2.0
0.5435648550444278,-0.967189978444105,1.3258520791994985,-0.0055742747178041605,0.0
0.5435648550234143,-0.9671902840082606,1.3288301080278513,0.009607963120423255,0.0
-1.7317881816256615,0.054050593423486316,-0.005137044540461842,0.09000216093796001,2.0
0.5598736419765389,-0.6925179128646982,-1.4819164249341839,-0.02034669541414124,1.0
0.6271579206611728,1.607814478771629,0.15566809351000704,0.06449353583963713,3.0
0.6271579197326621,1.6078116453532516,0.16376721353229737,-0.06467803405559154,3.0
0.5598736415123153,-0.692515557154176,-1.4766577484155226,-0.04889917856361855,1.0
0.627157919253177,1.6078117605036513,0.16682334774075286,0.03174464127214092,3.0
0.5598736418965222,-0.6925130043056429,-1.479344378150911,-0.047627467652808037,1.0
0.5435648552699204,-0.9671921983076485,1.3391869384313961,0.010842313082167654,0.0
0.5598736415129384,-0.69252005427861,-1.4761300790285736,-0.0477490253453028,1.0
0.6271579198416757,1.6078097149582407,0.1545353984968534,0.03601857810265308,3.0
0.5435648551178507,-0.9671872929019071,1.3292975112232654,0.04036633258629814,0.0
0.6271579196623966,1.6078109773665445,0.16146578547191587,-0.010020034703421409,3.0
-1.7317881812532705,0.05404843113202178,-0.010981167419551567,-0.02074977007276697,2.0
-1.7317881811015736,0.05404876591971692,-0.0033152115075835084,-0.017496432746686014,2.0
0.6271579201344749,1.607812733812572,0.1612800007482314,-0.017002531286573235,3.0
0.6271579198439731,1.6078118421399228,0.15943379128630894,0.014317221460352855,3.0
0.6271579197292756,1.6078136393426883,0.16113153781294987,0.004531728978390543,3.0
0.5435648546252819,-0.9671907597261578,1.3311091707671034,0.003795793650669724,0.0
-1.7317881818870564,0.0540503625599641,-0.0011828692365452832,-0.03516102880088867,2.0
0.559873641196844,-0.6925153967272976,-1.4775078595674018,-0.034813045368512444,1.0
0.6271579193229696,1.6078105060133543,0.1663345396544281,0.002806373260824978,3.0
0.5598736421858073,-0.6925134290806567,-1.4811345167164858,-0.0893430620475478,1.0
0.6271579196341998,1.6078098848093367,0.1637902248606879,-0.03509425782801614,3.0
-1.7317881818145209,0.054051795881822066,-0.0064081455733892585,0.02396005885789937,2.0
0.559873641888158,-0.6925163435968691,-1.479731960720049,0.031033085770919802,1.0
-1.7317881821262493,0.05405158700826357,-0.008317756236129147,0.04205283596445522,2.0
-1.7317881815385991,0.05404910621939486,-0.008664125544504285,-0.034155535118410484,2.0
0.5435648548428662,-0.967187681064598,1.3363240974347657,0.029597395895962157,0.0
0.5598736411832312,-0.6925178502681921,-1.475852938471419,0.028433891259561403,1.0
0.6271579188707858,1.6078107224140616,0.15048538893609797,-0.019744791653670227,3.0
-1.7317881812832754,0.0540492106443491,-0.004052216833075103,0.046210996803855285,2.0
-1.7317881813063816,0.05405041276752799,-0.004153362109378721,0.0243143351315322,2.0
0.5598736414399311,-0.6925163529758387,-1.4676137336313666,-0.033855569837195704,1.0
0.5598736413196436,-0.6925207725218676,-1.4717382989896008,-0.086736312248164,1.0
-1.7317881812521572,0.054048275729984246,-0.005721480636219682,0.024600993664482675,2.0
0.5435648545653898,-0.9671901131897597,1.3374495214523292,0.027178926306823215,0.0
0.5435648546102052,-0.9671913938926568,1.3346562348160307,0.036583012624856644,0.0
0.5435648541877395,-0.9671894936118958,1.3326173988115924,0.02213434154882288,0.0
-1.731788181244083,0.0540501494137501,-0.01095830290085901,-0.011627977652775325,2.0
-1.731788182269699,0.05405109066179351,-0.006092582325348192,0.001861106299185197,2.0
-1.7317881811263565,0.05404933117654753,-0.006673901100085463,-0.020948560591950074,2.0
0.5598736414158801,-0.692515433105334,-1.478620160166792,0.03971508844336576,1.0
0.5598736415258629,-0.6925176800492512,-1.4809893857608187,0.0076910975867256655,1.0
0.5435648545298586,-0.9671917981272058,1.3300993959388054,0.0707304294652301,0.0
0.6271579188406775,1.6078106979540128,0.15870018659016136,-0.0016292903701282562,3.0
0.559873641946796,-0.6925157333761603,-1.4802505372219572,0.009665110187983987,1.0
0.559873641798966,-0.6925141847021468,-1.48686382719168,0.00203243282112907,1.0
-1.7317881818951422,0.05405175038237184,-0.0022662735421104447,0.08680434214947028,2.0
0.6271579197451966,1.6078134167245037,0.16150569982985613,0.07924171823533886,3.0
-1.731788181197907,0.054048479135503515,-0.0020299111629371335,0.01131143702622968,2.0
0.5435648547080295,-0.9671900377727074,1.3377311790119912,0.04141529777657609,0.0
-1.7317881817977823,0.054051906346126645,-0.005781062548655929,0.010025779467677218,2.0
0.5598736414474254,-0.6925165257610758,-1.4756374029875334,-0.04201420181646574,1.0
0.5598736409407198,-0.6925136708705002,-1.476314265737853,-0.02023913118678888,1.0
0.6271579195244531,1.6078141026971087,0.158984441746594,-0.023491432372382354,3.0
-1.7317881814475231,0.05405023727309124,-0.001765671340088903,-0.012703546038617293,2.0
0.6271579201950633,1.607811119012404,0.16033782041366113,-0.010867334287109929,3.0
0.5435648544834737,-0.9671912416665437,1.3380613866925697,-0.05887847331262733,0.0
-1.7317881815817409,0.054048677750551236,-0.006997322187023501,-0.05270750611666457,2.0
0.6271579204376877,1.607812813952142,0.15594793757684663,-0.05536806080661843,3.0
0.5598736415395756,-0.6925168224261248,-1.472235928718727,-0.021297272247668968,1.0
-1.7317881812335032,0.05405132368619426,0.00019893324988859258,-0.0075197981295587225,2.0
0.5598736410380271,-0.6925166449835555,-1.480468219934588,0.01069687043740818,1.0
0.5435648552275546,-0.9671889205792971,1.3366573348937385,0.03448705096298921,0.0
-1.7317881816997354,0.054046734317643785,-0.00576784883902881,0.012737787804327423,2.0
-1.7317881812550306,0.05405137378441642,-0.004053086213926524,-0.057745275537466424,2.0
-1.7317881809663858,0.054050574162106596,-0.011047018937580998,-0.0276413187444542,2.0
0.627157919886123,1.6078115688526666,0.15867918037510925,-0.07879087621448783,3.0
0.6271579203620438,1.6078123416976358,0.16126100830720053,-0.04105853742605664,3.0
-1.7317881814609357,0.054048084150422795,0.0004164283071270778,0.012133963013523603,2.0
0.6271579198734977,1.6078109088386343,0.1642745037464579,0.02349319758694538,3.0
0.6271579199264037,1.6078093602818302,0.15412312850338197,0.06289629662603546,3.0
0.6271579206410465,1.6078125300990747,0.16420732964991763,-0.021964964649171383,3.0
0.5435648549347939,-0.967187797298373,1.3238995953752042,-0.009575944363891342,0.0
0.5598736412284164,-0.6925149100968105,-1.4780086408198667,-0.001395041557699371,1.0
-1.7317881812431901,0.054047838055623604,-0.0031130559104577938,-0.01699562332383277,2.0
-1.7317881813167588,0.05404944583650058,-0.00539840052473609,0.022192722499112225,2.0
-1.7317881813803593,0.05404841960495594,-0.0055513542284923115,0.02517714783684323,2.0
0.5435648548543258,-0.9671874609329342,1.3349994963811789,-0.05686881814574851,0.0
0.5435648552199451,-0.9671932613808927,1.3385689116143802,-0.008355334609682628,0.0
0.5435648547704267,-0.9671880553507007,1.3318545343003863,-0.017576316271991698,0.0
-1.731788181480439,0.05405170976264023,0.0005783440677928091,-0.039492359643797374,2.0
0.5435648545721035,-0.967190719542298,1.3223220316994757,0.06739480217288263,0.0
0.5598736419689938,-0.6925148098875044,-1.4835445176430722,-0.03430494444683002,1.0
0.6271579199993683,1.6078091360344442,0.15781611607650076,0.019262964133130594,3.0
0.5435648554973057,-0.9671874990339444,1.3298864835838644,0.00826105416103496,0.0
0.5598736421519651,-0.6925167469517867,-1.4748729111986818,-0.043965616321534305,1.0
0.5435648550599065,-0.9671887184617803,1.335441053900203,-0.07091016111604634,0.0
0.5598736420000395,-0.6925165019173972,-1.4739343848538526,0.027594435684939904,1.0
0.5435648545354089,-0.9671908461391941,1.330897185898893,0.002068874410632873,0.0
0.5435648547114155,-0.9671891632137208,1.3352888968337502,-0.013535743184311819,0.0
0.6271579202829838,1.6078120401119977,0.16389518735913827,0.04689439709587854,3.0
0.6271579205179005,1.6078122723672907,0.15608701935668248,0.03878145246998225,3.0
0.5435648544487156,-0.9671884970293612,1.3288396799770512,0.036376433008475886,0.0
0.627157919952743,1.6078100612428858,0.16165546929117117,0.06671820541801668,3.0
0.6271579194194152,1.607810033575693,0.15766043400135693,-0.08440008609784419,3.0
0.6271579200419971,1.6078120645097802,0.15774762688619023,0.0027482407312419154,3.0
-1.731788181695817,0.05405100835569324,-0.009704123584759833,0.0011302793667843842,2.0
0.559873642199863,-0.6925144370883998,-1.480994664620295,0.011352577787071792,1.0
0.5598736412622547,-0.6925128073157568,-1.4779925553975295,-0.028941881587842486,1.0
0.5598736411199023,-0.6925167594934684,-1.4752628503470078,0.030888107365721583,1.0
0.5598736414021082,-0.6925138266286726,-1.4772827388885017,-0.024999634324207206,1.0
0.5598736417144381,-0.6925184811521883,-1.4834389657917073,0.031809189115400816,1.0
-1.731788181242793,0.05404891487592773,-0.008715052598411816,0.0017239175842214583,2.0
0.5435648545201914,-0.9671917155923545,1.3300102737654707,0.012522924911011752,0.0
0.5435648544492743,-0.9671896505849411,1.3358656660354888,0.07501305255005311,0.0
-1.7317881821168277,0.05404999449770945,-0.0033912560984571765,0.03359551222411001,2.0
0.5598736412906383,-0.6925148190746502,-1.4799871169960346,-0.004227333165833842,1.0
-1.7317881812836966,0.05405239880365389,-0.0010706905228643681,-0.010013717433779818,2.0
-1.7317881814811487,0.054048156712977434,-0.008656448064325169,-0.0006079936230055423,2.0
0.6271579203155352,1.6078100409448866,0.16048830819307192,0.05517694309501624,3.0
0.5598736415162194,-0.6925158816860422,-1.4842996849096295,0.0010893703283816004,1.0
0.5435648555043116,-0.9671883791659226,1.3345406489458396,0.003116371787088136,0.0
-1.7317881819801118,0.05405277772209724,-0.0041148630161690885,-0.0415151263302182,2.0
-1.7317881812882612,0.05404835284045396,-0.005199242842146752,-0.022519192332205635,2.0
0.5435648545074659,-0.9671873426154685,1.3298825202495068,0.04135840162584738,0.0
-1.7317881812823828,0.05404891111870112,-0.0033988977417179606,-0.031327090075028645,2.0
0.5598736415171631,-0.6925151638591788,-1.478584127078691,-0.021618907224190246,1.0
0.627157919897539,1.6078117064939355,0.15959164474330212,0.04805372003131629,3.0
-1.7317881816138105,0.05405113084237111,-0.0016190726630609718,0.026064365615073783,2.0
-1.7317881806477458,0.05405193440127277,-0.007020897196256168,-0.025542343590982123,2.0
0.5435648548159743,-0.9671902548016537,1.330950887209025,0.03234115626653305,0.0
0.5435648550685002,-0.9671887308033364,1.3333471387420432,0.008037789117388424,0.0
0.5598736420883986,-0.6925152611722655,-1.480921364927243,-0.04608588206891412,1.0
0.5435648540561739,-0.9671879906500999,1.3289311910612047,0.00242517251519948,0.0
0.5435648550513917,-0.9671881099879504,1.3339763470771018,0.07118135589394661,0.0
0.5435648549738469,-0.967185995752911,1.3278574904716867,0.08352176630234473,0.0
0.6271579198293051,1.6078138665744017,0.15805651090955383,-0.04134761603055575,3.0
0.5598736415415445,-0.6925157949554891,-1.4825530312327837,0.02726992545985281,1.0
-1.7317881814120322,0.054048328955035425,-0.011036367125955007,0.04569370533060163,2.0
0.6271579199735295,1.6078112855449087,0.16074625951830346,0.00070674398746765,3.0
0.543564855236359,-0.9671904555760957,1.336391033964213,0.012259936469067275,0.0
0.5598736414418981,-0.6925184810714355,-1.4813450012605154,-0.015713636222146967,1.0
0.6271579190693035,1.607809877063022,0.1590708825260771,-0.006400429772200709,3.0
0.5598736417500781,-0.6925167491285149,-1.4777212428877025,0.035591574117154,1.0
0.5598736420938241,-0.6925164591407497,-1.4770425202687623,-0.008500301761506837,1.0
-1.731788181410565,0.05405159165119669,0.0016614634177491816,-0.00844408615213808,2.0
0.6271579204352709,1.607812414127083,0.1551723212316539,-0.030440891717713355,3.0
-1.7317881814272953,0.054051603117942305,-0.0069219813669987714,-0.012751719623984586,2.0
0.5435648546639508,-0.9671899913075106,1.3331475518925524,-0.044985841510482974,0.0
-1.731788181699136,0.05404965214205109,-0.0019028115668910475,-0.0008735975895461983,2.0
-1.7317881815841238,0.05404853676244887,-0.0032243443982437393,-0.029889061417402527,2.0
0.5598736411553252,-0.6925180393876178,-1.4793562828380895,0.007634212866738185,1.0
0.627157919068503,1.6078089192347202,0.16302303288132158,0.004943280901017371,3.0
0.6271579192374976,1.6078119535929687,0.16164884929849188,0.017860628184054303,3.0
0.5598736413400938,-0.6925176041137544,-1.4792476315299539,0.0387924119456706,1.0
0.6271579198013976,1.6078112134100155,0.16668965508855169,-0.007512482875857913,3.0
0.5598736423182389,-0.6925143384744639,-1.4816576000454267,-0.04524397318400487,1.0
0.5435648543740841,-0.9671899654709893,1.3397881518879449,0.006926353184278596,0.0
-1.7317881813363085,0.05405051176479166,-0.0015384325380918015,0.0620809887367435,2.0
0.5598736423067895,-0.6925138134636961,-1.4734271196487487,0.05225439035375512,1.0
0.6271579198073892,1.6078118992298585,0.1640668040484714,0.00679847812770368,3.0
0.6271579201364557,1.6078152272720283,0.1599528202695953,0.009023768071900915,3.0
-1.7317881809773543,0.05405336244813535,-0.009617828240823727,0.0528089796998366,2.0
0.5598736411532484,-0.6925182706711545,-1.4751083041859285,-0.049193156196431824,1.0
-1.7317881811822593,0.05404815910540343,-0.0031311095507329284,0.004632188043599802,2.0
0.5435648546455818,-0.967187283677267,1.3285297424724472,-0.023290245631627817,0.0
0.5598736417941985,-0.6925145828907289,-1.482083539350116,-0.012501511150714998,1.0
0.5598736411873637,-0.6925172681976829,-1.4763528679494167,-0.03283205612547518,1.0
0.5598736412272909,-0.6925156523855207,-1.479196697259039,0.04566613905934811,1.0
0.627157920142749,1.6078108517317518,0.1615676648485518,-0.022275494186739242,3.0
0.627157919804141,1.6078101282938466,0.1626651111389315,0.019982642979074296,3.0
-1.7317881816096954,0.05404981423318474,-0.004481508330952242,-0.014485524229541134,2.0
0.5598736415723221,-0.6925147368962401,-1.4747940225154879,-0.04578095088659083,1.0
0.5435648547106461,-0.9671901145216232,1.3326408489895192,0.019514556166861655,0.0
-1.7317881812634082,0.0540458661711466,-0.005491104192033949,0.013316610837405773,2.0
0.5435648545091952,-0.9671926273935985,1.3365835357947458,0.030985847380822804,0.0
0.6271579197476415,1.6078132734472415,0.16582893448632033,-0.056695365334207166,3.0
-1.731788180773069,0.05404939766274749,-0.006632408724300118,0.02007148687007467,2.0
0.6271579201732141,1.6078121415073636,0.16099526474815506,-0.031750031774440024,3.0
0.5435648553613566,-0.9671884705300604,1.3325049367403747,0.03251440144871861,0.0
0.6271579200684928,1.6078138745583173,0.1593019581814786,0.01909759027166394,3.0
0.5598736413651039,-0.6925149386904955,-1.4833153993387291,-0.018354084365203974,1.0
0.6271579194764692,1.6078090553721953,0.16559872170552162,-0.004807165159462491,3.0
0.5435648541694805,-0.9671890026231745,1.3314330607912717,0.010526308807563056,0.0
0.5435648546201335,-0.9671892338444763,1.335469451136966,-0.01736111505587203,0.0
0.6271579200956374,1.6078109544058206,0.1548026813555982,-0.02851172170619441,3.0
0.5598736418152815,-0.6925132336394165,-1.4808583965989823,0.003923431818669071,1.0
0.5435648543849869,-0.9671915710229387,1.3284734813145531,0.09679574721510587,0.0
0.627157920170252,1.6078104365030004,0.152538465189877,-0.016509245811434894,3.0
0.6271579197563778,1.6078108233985344,0.16374108698601994,0.042103054683880696,3.0
-1.7317881812702924,0.054048645676029315,0.0003806154005248973,-0.025725427918268047,2.0
0.5598736415534414,-0.6925141602425349,-1.4779147603568628,-0.04846540474941917,1.0
0.6271579195896788,1.607813091615433,0.1591700862260435,0.015119688396743304,3.0
0.5435648552652528,-0.967189154041229,1.3291509135250166,0.07275365348567758,0.0
0.5598736415715685,-0.6925137986749081,-1.4823290493136059,0.0539514765141895,1.0
0.5435648542092303,-0.9671898769465744,1.3350072264430723,-0.002773210522075427,0.0
0.5435648551155371,-0.9671923305127761,1.3365692338822688,0.01759026863160219,0.0
0.5435648541480714,-0.9671894914175969,1.3380024988183967,0.01841970811508354,0.0
0.6271579200675755,1.6078129384106083,0.16086200045066643,-0.008450462720102641,3.0
0.5435648544753268,-0.9671903765362209,1.3353420774551081,0.06506132255007008,0.0
0.5598736407919334,-0.6925176523473845,-1.4747668866484713,-0.00674234658422455,1.0
-1.7317881817134397,0.054051183655934684,-0.003225790112787119,-0.002019183936425245,2.0
-1.7317881810284308,0.05405446027683091,-0.0034805048182074898,-0.04455146045789878,2.0
-1.7317881805650486,0.0540529047004062,-0.006377456857663477,-0.008601477474782227,2.0
-1.731788181428676,0.054052063185644095,-0.01368817340250577,-0.047026468613077334,2.0
-1.731788181041372,0.0540491978206729,0.0011824408159867305,-0.025925188291072473,2.0
0.6271579196566422,1.607813054281403,0.1585292066415461,-0.030081077002085954,3.0
0.5598736417887982,-0.6925147458613178,-1.4793950964163307,0.019198130664879465,1.0
0.5598736413547537,-0.6925155069022761,-1.4748925353477054,-0.058266690715673336,1.0
0.5435648557176408,-0.9671881597304407,1.3310616190307,-0.004238382965151876,0.0
-1.7317881814964171,0.05404953430693807,-0.005085002581948874,0.025313899293401432,2.0
0.5598736418865002,-0.6925172466686331,-1.4814139064509848,-0.11624714958054361,1.0
-1.7317881809870064,0.05404941512311185,-0.002866765735159127,0.07170913226295912,2.0
-1.7317881813059817,0.05404684368321456,-0.0010216029460108713,0.00900906421410877,2.0
0.5598736414774746,-0.6925163266733048,-1.473557933078748,0.020544469703907314,1.0
0.559873641284059,-0.6925148514704933,-1.4761779414670801,-0.04120034319360862,1.0
0.5435648547626845,-0.9671902607304413,1.3306166116631641,0.029025045876274785,0.0
0.6271579200749493,1.6078137502143004,0.1607173291106321,0.017973440171432507,3.0
0.6271579197071706,1.6078113240277339,0.16462258777173505,0.019891886444751757,3.0
0.5435648544815476,-0.9671908230715771,1.3355358822897003,0.03206840430925997,0.0
-1.7317881816053695,0.054051321224962916,-0.007855801705461385,0.03676138923145268,2.0
-1.7317881820834344,0.05404888479916564,-0.0074998723516339315,0.04098490427539719,2.0
0.5598736413710474,-0.6925134724898138,-1.477769963152384,-0.021673869847238004,1.0
0.6271579200963745,1.6078123649799947,0.16420566893689714,0.0024855138076786054,3.0
-1.7317881815563927,0.05405016071458792,-0.003901778226088898,-0.0018857389584187925,2.0
0.6271579198154148,1.607812154093031,0.15382177521012946,0.06281512415715752,3.0
0.5435648549718679,-0.9671910891227623,1.3345002878076984,0.013783353896580617,0.0
0.6271579200088785,1.6078107956153762,0.15891042170592423,0.025826302659575515,3.0
-1.7317881806779831,0.054053450365752174,-0.004223208600517813,0.0014974192152276066,2.0
0.6271579199058077,1.6078109919918142,0.15370573531220666,-0.0003159869312583161,3.0
0.5598736414886197,-0.6925170210273157,-1.4882681211941553,-0.05686790091841952,1.0
0.5435648546613385,-0.9671900346322752,1.3302208795714956,0.01983545755016918,0.0
0.6271579203725662,1.607810648563107,0.16136206815246285,0.018455956620070775,3.0
0.559873641221143,-0.6925152672032419,-1.4846590913345528,-0.035970637392020666,1.0
0.6271579196933396,1.6078134574656597,0.16327489722556968,-0.036021920176719575,3.0
0.5598736413765524,-0.6925132892840635,-1.4765411622035522,0.010787496535460728,1.0
0.5435648546019229,-0.9671895508215279,1.3302507762840632,0.05448778113686659,0.0
0.5598736419876829,-0.6925127945206921,-1.4769820486748477,0.0029738263963830567,1.0
0.5435648550206738,-0.9671908674402073,1.3326096478122704,-0.003647958912399505,0.0
0.5598736412220979,-0.6925168988880532,-1.4811858427690658,-0.03701474925671058,1.0
0.6271579199422452,1.607809684134436,0.16345434557802072,0.027898791722104813,3.0
0.6271579201166,1.6078116802823805,0.1595306801876024,0.004479688084979896,3.0
0.5435648559074804,-0.9671902823070755,1.3293795622570341,-0.001624720924203672,0.0
0.6271579198665057,1.6078105415028054,0.16062178592488707,0.003093843637765139,3.0
0.6271579195147444,1.6078083756526942,0.15803285830775526,0.01775676773185137,3.0
-1.7317881812091889,0.054049795576411014,0.0029958943257244555,-0.02676073099070052,2.0
-1.7317881806653237,0.05405215149922804,-0.001110259609635697,0.052654394638266364,2.0
0.5598736420793908,-0.6925146405148414,-1.4809819990484783,-0.0007355375338237639,1.0
0.6271579194866037,1.6078117017035078,0.1593358243932026,-0.008670732192590356,3.0
0.6271579200686648,1.6078116393772532,0.16042357248331773,-0.02311784042172698,3.0
-1.7317881818409768,0.05405018790380003,-0.013577418974330022,0.028009278014063964,2.0
0.6271579190635331,1.6078119121256806,0.15649173172351646,0.033540200322299527,3.0
0.6271579203924016,1.6078149619665736,0.15722892486098633,0.0068275698788318176,3.0
0.5435648545450511,-0.9671919001405697,1.3325012352901218,0.005674099642782829,0.0
-1.7317881815356617,0.05405149140272865,-0.0042761688860331664,0.013518218136880079,2.0
-1.7317881809207463,0.05404978556131398,0.0006533793820334666,-0.10435800144541482,2.0
0.6271579197149304,1.6078161703008593,0.16367982860775798,0.07795718206802336,3.0
0.6271579201639987,1.6078110790962907,0.15762485990720168,-0.021033483630474307,3.0
0.5435648544847178,-0.9671887559201595,1.3400805531330187,0.05308036762677423,0.0
-1.731788182017403,0.054049485099214443,-0.0004804303286368715,0.01680681581412737,2.0
0.5598736411244613,-0.6925169405677349,-1.4810568536769722,0.0036668622029222557,1.0
0.5598736418194237,-0.6925141874216459,-1.4862835429526475,-0.026138003194478343,1.0
0.6271579200807804,1.607810103974266,0.15772942929801725,0.05877495212341515,3.0
-1.7317881808692632,0.054049909908484774,-0.007288626339879264,0.0016147446974929557,2.0
0.5598736410772945,-0.6925167589524862,-1.482669953254831,-0.06690779319010862,1.0
-1.7317881812118368,0.05404976550706096,-0.015990219037009586,0.014123743928328433,2.0
-1.7317881819608094,0.05405345965965431,-0.0028301247223820793,-0.01626114669659214,2.0
-1.731788181781039,0.05404753134728698,-0.009911466701403792,-0.0021718287498935307,2.0
0.5598736408604621,-0.6925180214868809,-1.4778879758489445,0.005934033133116264,1.0
0.6271579197783782,1.607810865254655,0.15596020366676083,-0.004346610023068625,3.0
0.5435648550599848,-0.9671904856033794,1.3366812938374522,-0.025486551189888632,0.0
0.5435648545068948,-0.96719040975321,1.333263659527219,0.10129963047543245,0.0
0.5435648547133096,-0.9671890424661385,1.3294298795139212,-0.039377603700904304,0.0
-1.7317881813621934,0.05404894996705264,-0.002927406663002734,-0.01723352715458963,2.0
0.5435648554502496,-0.9671914719732079,1.3371345302745135,0.07452195972547114,0.0
0.5435648553697948,-0.9671910248051064,1.3321704905552962,0.07842385996352469,0.0
-1.7317881813772278,0.05404787232210606,-0.0004862233576078505,0.012597389819273122,2.0
-1.7317881817646634,0.05404949658908305,-0.009572022094099046,-0.01188945657928695,2.0
0.5598736415738687,-0.6925164971093745,-1.4788054933189898,-0.022475328347392222,1.0
0.5598736413810624,-0.6925139047591571,-1.4762660611627423,-0.07226174247137476,1.0
0.559873641422787,-0.6925133552900223,-1.478329214831739,0.019607774923165858,1.0
0.6271579204822263,1.6078118823621463,0.16455470205529943,0.013786746895860048,3.0
0.5598736420140409,-0.6925150124311524,-1.4774014400446944,-0.00740144762410745,1.0
0.5598736412864459,-0.6925170918893031,-1.4777081867923205,-0.018624297126320282,1.0
0.5598736410747174,-0.6925145270849453,-1.4749152604196816,-0.031744346206202305,1.0
0.5435648556454873,-0.9671904111617795,1.3345134881361111,0.00018103254292996766,0.0
0.54356485431671,-0.9671881525219961,1.3365255067819213,0.08860183805280031,0.0
-1.7317881817282241,0.054049817517366386,-0.0034660777886034067,-0.019003524198272073,2.0
0.6271579204177365,1.6078147288755933,0.16319089792047686,0.07894766832060844,3.0
-1.7317881817320497,0.054051958144687204,-0.009004582202155111,-0.003092258913308898,2.0
0.5435648547817816,-0.9671898861441657,1.3353722614312482,-0.005676703766186523,0.0
0.6271579203859913,1.6078108279975594,0.15525330764374942,-0.04766457816934627,3.0
-1.7317881810500786,0.054052975048237646,-0.0023677075020275768,-0.04539073921388238,2.0
-1.731788181570118,0.054049757725213074,-0.0019560857441675915,0.03525926207488232,2.0
0.5435648544429534,-0.9671880644834094,1.3262331912569125,-0.04418671625147156,0.0
0.627157920013774,1.6078118973471895,0.15915012294835584,0.00022675943870614424,3.0
-1.7317881813154503,0.054047779879136684,-0.00859173785585375,0.04773472569229544,2.0
0.5435648551691847,-0.9671909262660493,1.335503799965137,0.03626247722423646,0.0
0.5598736412157298,-0.6925162393807882,-1.4743459650859896,-0.05322727936259769,1.0
-1.7317881814689533,0.05405241299731699,-0.00895742318380335,0.0026147432805865324,2.0
-1.7317881823822991,0.054053920218550364,0.0010777315000566115,-0.011763091520018728,2.0
0.5598736416233532,-0.6925156943812779,-1.4799474218822593,0.024013141818225454,1.0
0.5435648551311871,-0.9671901245568423,1.33390748876266,0.022590667409440653,0.0
-1.7317881810646356,0.054051281225190935,-0.001079159643856251,0.024747685195755705,2.0
0.5598736415219319,-0.6925147883936827,-1.4785372379104325,-0.02143277837353095,1.0
0.5598736414077096,-0.6925162696348949,-1.4824982622581642,-0.07920373331688091,1.0
0.559873641405537,-0.692516812008678,-1.4767830295065905,0.03292937852322166,1.0
0.559873641472173,-0.6925174747297708,-1.4693933213493462,0.03269497088276815,1.0
-1.7317881813047187,0.05404961790488574,-0.008929449701083055,0.01174414176163684,2.0
0.55987364216779,-0.6925158607348824,-1.4770847420823725,0.014193829249898931,1.0
0.5598736416946399,-0.6925177153250044,-1.474942727337182,-0.0302248016819448,1.0
-1.7317881816100356,0.05404927362208896,-0.003621072944340511,-0.020453882933178208,2.0
0.5435648547151198,-0.9671896271508726,1.3277973127238303,0.013157574349313838,0.0
0.5598736412847701,-0.6925192667694888,-1.4799896860051933,0.0335825103134079,1.0
-1.7317881816611642,0.05405090303212673,-0.006805114284805891,-0.023142519995873634,2.0
-1.7317881815983787,0.05404924219625405,-0.0029566153021430013,-0.016840022486958955,2.0
-1.7317881816905014,0.05405208152997942,-0.0027458466087201356,0.03909661092839011,2.0
-1.7317881818889347,0.05404960208073426,-0.004381889715704989,-0.071727568195409,2.0
-1.7317881816107354,0.054050891744316654,0.0008451942841033119,0.031215913750018823,2.0
-1.7317881806432671,0.05405107279441327,-0.0045072513715289355,-0.011794062429715644,2.0
0.5598736412309223,-0.6925163648783484,-1.4772831524060692,0.011686233181536314,1.0
-1.7317881816628793,0.05404920586488641,-0.0035553071090959525,-0.03276592694984307,2.0
-1.7317881817688279,0.05405355608266794,-0.011397490358608035,0.03060619661710788,2.0
-1.7317881812701106,0.05405285896667357,-0.005098069026923274,-0.03786224115408389,2.0
0.6271579197886742,1.6078119836324036,0.1665753597621994,0.0337416646669618,3.0
-1.7317881815527634,0.0540522835402822,8.767373404970343e-06,0.0313232165215992,2.0
0.6271579205199075,1.607810521711859,0.15685173674151143,0.014922261511047034,3.0
0.5435648548184836,-0.9671888123324823,1.3297892531007434,-0.002810539007133083,0.0
0.5598736413305435,-0.6925162762182759,-1.4845798222313777,-0.050219362524734884,1.0
0.5598736413487778,-0.6925160175253655,-1.473662931111773,-0.013726430140402136,1.0
-1.731788182399999,0.05405049179318075,-0.00507042551775593,0.0227094668129407,2.0
0.5435648552203284,-0.9671873724854725,1.3329493584276977,-0.047777063458684224,0.0
0.5435648545177318,-0.9671898137146113,1.3279234999014087,0.0077213025577554046,0.0
0.6271579201324717,1.6078071143578294,0.16854665170332261,0.012025044021269065,3.0
0.6271579201041586,1.6078145080335762,0.1639737964078326,-0.03587095421066347,3.0
-1.7317881813697917,0.054051401383741045,-0.00017620240373042323,-0.007371984258631853,2.0
0.6271579195624062,1.6078122951585443,0.16366499669491655,0.008200436599293212,3.0
0.5598736417049855,-0.6925154818924338,-1.4762690315024158,-0.011034854324499337,1.0
0.5435648550197634,-0.9671909262392803,1.3446230469908207,0.022285582815831078,0.0
-1.7317881807622708,0.05405462497305662,-0.0025090899588323876,-0.01818333491092907,2.0
0.5598736418617709,-0.6925144899717075,-1.4756427579704168,-0.05035828190727233,1.0
0.6271579197146788,1.6078134661369372,0.16168535797141093,-0.004413712067826402,3.0
0.5435648553243388,-0.967188841327831,1.3282265228088137,0.06402060564245297,0.0
0.5598736413815539,-0.6925186557048539,-1.47893277838348,-0.026201006614708727,1.0
-1.7317881816498835,0.05404882098120015,-0.009966419089621835,0.005662341898367986,2.0
-1.7317881813563702,0.05404968069135197,-0.0032979998307589476,0.03196120771002225,2.0
0.6271579197673307,1.6078114658532816,0.16119154378621753,0.02078565465684625,3.0
0.5598736417457305,-0.6925141181363809,-1.4834432265800082,-0.008105478011870207,1.0
-1.7317881812816192,0.054050820517632894,-0.003906365585279759,-0.053510428327459274,2.0
-1.7317881822046322,0.05404854041137323,-0.001067204648733365,0.01398029123672881,2.0
-1.731788181834405,0.054051122682854724,-0.005247248661209473,0.020755021152587913,2.0
0.5435648543490808,-0.9671932551101071,1.3370286813582726,0.010901362761498527,0.0
0.5435648542859588,-0.9671890400838108,1.3287440922398508,-0.03494698179383334,0.0
-1.7317881815346499,0.05404972825214705,-0.006883884214872685,-0.03916144159850952,2.0
0.5435648553980346,-0.9671910006971931,1.33073694875556,-0.028605865102313607,0.0
0.6271579202022916,1.6078116655096204,0.1586834733407574,-0.014674283497632702,3.0
0.5435648546974514,-0.9671909785543614,1.3379483301344803,-0.026810696928130984,0.0
-1.7317881812574119,0.054054189626926756,-0.008157436110431486,0.019570668873779878,2.0
-1.7317881809647862,0.05405116112981558,-0.002618011229543108,-0.0013984534558945485,2.0
0.5598736416934894,-0.6925132451894852,-1.4829287914270188,-0.026636181859053896,1.0
-1.7317881820066157,0.05405048762790205,-0.007704321177573434,0.01520855109024336,2.0
0.5598736417615987,-0.6925151678779042,-1.4783530026483978,0.019771113334396528,1.0
-1.731788181512765,0.054049669512662865,-0.004581325581420677,-0.014850563146273484,2.0
0.543564854565006,-0.9671905236945033,1.3319312116819861,0.04765414305310648,0.0
0.5435648552342313,-0.9671903467413295,1.3349228240981268,-0.02572766105027365,0.0
0.627157920016647,1.6078103343028538,0.16433511564469658,0.007446234885374887,3.0
0.5598736414845368,-0.6925161065915101,-1.4739662819833745,-0.037175516953631076,1.0
0.5598736413280525,-0.6925148343400619,-1.468688101467734,-0.007643598041248839,1.0
0.6271579192515289,1.607808549961888,0.15208738228961088,0.03580574140022042,3.0
0.5598736411621198,-0.6925165717101461,-1.4759030705140592,0.03519886747133864,1.0
0.6271579199082951,1.6078099557009164,0.15512299736341195,-0.017525854358492344,3.0
0.6271579194710959,1.6078134256827068,0.16062336128697127,-0.06519539817793318,3.0
0.5435648541854257,-0.9671888564751542,1.3379955360845528,-0.06063490535391166,0.0
0.5598736421550342,-0.6925146791286989,-1.4865048745084986,0.010238279091271306,1.0
-1.7317881812243852,0.05405080068241541,-0.0003888170441678141,-0.007452756940476733,2.0
0.6271579206442427,1.6078102659379458,0.15595981300761202,-0.02772190560190342,3.0
0.6271579204678671,1.6078112256669554,0.15898358596664497,-0.0261196798178277,3.0
0.5435648547248207,-0.9671895178111427,1.3302020451142076,-0.0005035439865068126,0.0
0.5435648549289455,-0.9671909492709181,1.3273376907569214,0.02210628241122692,0.0
0.5598736410238682,-0.692515444974063,-1.4795270000224525,-0.011369614158454822,1.0
0.6271579194449435,1.6078118403479005,0.1573983823317598,0.050152177125685475,3.0
0.5435648548033171,-0.9671912797610451,1.3286991480108017,-0.052792018984668974,0.0
0.5598736408866949,-0.6925159927461005,-1.483049310455568,0.006766902663836699,1.0
0.5598736414453102,-0.6925159951191571,-1.4837038182713012,-0.03681482351713144,1.0
-1.731788181171249,0.054051771800758174,-0.004854619111184666,-0.04933740648237303,2.0
0.5598736415847324,-0.6925163244225451,-1.4866040466692638,-0.002976642311679751,1.0
0.5598736408954278,-0.6925141192966984,-1.475924712662146,-0.014581838414244886,1.0
-1.7317881817972578,0.054052713392601655,-0.005163315784046253,-0.02909524440235789,2.0
0.6271579198876575,1.6078110802471783,0.15627366101069956,-0.017034410212268775,3.0
0.5598736413577164,-0.6925126312085568,-1.4790830426313186,-0.04639048900522459,1.0
0.5598736410476387,-0.6925171793713802,-1.4749483053459627,0.02659708847351084,1.0
0.543564854504796,-0.9671894485901352,1.3335809789543964,0.04848202534341781,0.0
0.6271579197648819,1.607811475054435,0.15956628689701624,-0.06303525574579238,3.0
0.5435648536933702,-0.9671871243295557,1.3254488260241426,-0.027452869694843025,0.0
0.5435648543430438,-0.9671857974237453,1.3350876023062666,-0.02330420650523761,0.0
0.62715791967708,1.607810609318157,0.16356145514225756,-0.022744056682468206,3.0
0.5435648548088222,-0.9671875533770355,1.3339849469560694,0.02864985752430221,0.0
0.5435648544292633,-0.9671894504030214,1.329969018694775,0.06762290518211873,0.0
-1.73178818180947,0.05405072702243532,-0.008955140269920035,-0.05947220284371665,2.0
-1.7317881812231337,0.05405481453182165,-0.003152984301541702,-0.011208496034972827,2.0
0.5435648544925504,-0.9671908458553472,1.3340602562720434,0.03570906838940886,0.0
0.5435648551634348,-0.9671888911294088,1.332366200741648,0.016673606080485244,0.0
-1.7317881816177114,0.05405016881730148,-0.007839756684703056,-0.04865699478732068,2.0
0.5435648544898066,-0.9671904293049601,1.3384203805874317,0.0527561261712804,0.0
0.559873641128343,-0.69251823495535,-1.4766887511474698,0.06550689764778318,1.0
0.5435648554838847,-0.9671888392669611,1.3266838805237413,0.08433653792225441,0.0
0.543564854586123,-0.9671910360739998,1.3296386303945522,-0.07011017528841121,0.0
0.6271579196846794,1.6078109893934425,0.16211310325389308,0.04331142535085158,3.0
0.5598736415359998,-0.6925147012145115,-1.4798218909408112,-0.02169585105306624,1.0
0.5435648547291486,-0.9671936361585797,1.3291829832529551,0.024350063855016733,0.0
-1.7317881819521035,0.054053117480448463,-0.007057793189691236,0.037338750947564364,2.0
-1.7317881813289728,0.05404932545405397,-0.004219653944815081,0.014175490698336289,2.0
0.5435648548827747,-0.9671901243063663,1.3306883079106027,-0.006825725673573814,0.0
-1.7317881814050127,0.05405063153203922,-0.007372699669510497,-0.027871868309903437,2.0
-1.7317881814580947,0.05405103068070563,-0.013331947375478074,-0.016659631220820523,2.0
0.6271579196595578,1.60780820291576,0.16205724937403773,0.01477043930263787,3.0
0.5435648542469578,-0.9671879120081284,1.3368758320076963,-0.005819833168443293,0.0
0.5598736416179138,-0.6925126177211182,-1.4766622523400783,-0.042057817496390454,1.0
0.5598736412167514,-0.6925174478623024,-1.482549238747479,-0.009407261879848751,1.0
0.5598736417496608,-0.692513049100527,-1.483493590635752,0.00039886389333516236,1.0
0.5435648543988353,-0.9671910824110804,1.3301211709774206,0.011666625749326686,0.0
0.5435648541990149,-0.9671908125831995,1.3349850328064143,0.03292205884018318,0.0
0.627157919435146,1.6078120911224745,0.16112082629930288,-0.002952799192913687,3.0
0.5598736417246365,-0.6925159985873994,-1.4792011519787531,0.0023073812550351903,1.0
-1.7317881817318315,0.05404981293232552,-0.006130771847345799,0.010347944989048303,2.0
0.6271579201978621,1.607812449349109,0.16289509324750082,0.00838201878738563,3.0
0.5598736414659335,-0.6925146970959626,-1.4848282499267236,0.027379343718813554,1.0
0.5435648549284421,-0.9671897997645853,1.33313839274085,0.015384960204763803,0.0
0.627157919716944,1.6078106649235127,0.16415833794895435,-0.030819693682581004,3.0
-1.7317881819016419,0.05404917548019225,-0.004222502010718812,0.05520372075252263,2.0
0.5435648549363593,-0.9671896958841483,1.3298769708863392,-0.045713062612124676,0.0
-1.7317881812716993,0.054050109347287906,-0.0006398060434634125,-0.003858219094894222,2.0
-1.7317881811591436,0.05404934467236298,-0.006891641683558136,0.02310293476751867,2.0
0.5435648541845918,-0.9671894089120713,1.3279143399584252,0.036428386104806296,0.0
0.5598736408981333,-0.6925186279399186,-1.4776437520911545,-0.018899387748496702,1.0
-1.7317881813106792,0.05405156566333211,-0.005827143144316116,0.04859297705104922,2.0
-1.7317881815663498,0.05405009036107358,0.0016630811226600972,-0.016176655610130323,2.0
0.5435648547883118,-0.9671896491751325,1.3335564800353883,-0.06580862286435425,0.0
-1.7317881811858156,0.05405079889035385,-0.00544885280696419,0.02834634802898515,2.0
-1.7317881817757907,0.054050017807348215,-0.007876354418925664,0.024005012604797066,2.0
0.6271579203047309,1.6078132654814175,0.15730725463249132,-0.06666920410969218,3.0
0.5598736414063633,-0.6925174932581833,-1.4786032578549075,-0.03333193945192675,1.0
0.5435648548301776,-0.9671912271138634,1.3296349573034627,0.018512221801447928,0.0
0.5598736418313964,-0.6925157999697108,-1.4808313172468182,0.014003235083783122,1.0
-1.731788181852697,0.05404774456215135,-0.009122941450143592,-0.004438755833414601,2.0
0.5435648548511538,-0.9671879963376562,1.332884542687428,0.010236794438163846,0.0
0.5435648551257547,-0.9671904140150489,1.3272643545649478,0.03344443906582566,0.0
-1.7317881813298692,0.05405058069921813,-0.006399637329254474,-0.006820908220071397,2.0
0.5435648543221507,-0.9671881118936165,1.3357005810084879,-0.027682434553309453,0.0
-1.7317881812945715,0.054049782384526825,-0.007040339568697886,0.006517507403301865,2.0
-1.7317881813216665,0.054052131989156094,0.0007836528446082677,-0.07202891929551677,2.0
-1.73178818170454,0.054047947780242425,-0.0032894902595376513,-0.03521505497031798,2.0
0.5598736415536237,-0.6925124278886846,-1.4789080250026587,0.001948719050367197,1.0
0.5435648548513832,-0.9671873187970904,1.3319611350094747,-0.040019216550769884,0.0
0.5435648543717274,-0.9671890263562007,1.3316794338208386,0.034060091444779686,0.0
0.5435648554234721,-0.9671877862308665,1.3280548488985755,-0.004710004092634006,0.0
-1.7317881815959577,0.054049777284281585,-0.009733701617773975,-0.002641258199895187,2.0
0.5435648548501724,-0.9671898274408166,1.339130327541905,0.04459373725815937,0.0
0.559873641578862,-0.6925181720512911,-1.4721700513515263,-0.019740903872343195,1.0
0.6271579205511001,1.6078119471413868,0.15744141043997983,0.02373030021076955,3.0
0.5435648547027525,-0.9671879914790994,1.3373173236577154,0.0067562115729900615,0.0
-1.7317881817366596,0.054049347101536145,-0.006125861008453913,-0.03860588832457583,2.0
0.5598736415007782,-0.6925186867867601,-1.4721057082409734,0.023516563366583917,1.0
0.5435648549547295,-0.9671916406491116,1.333458524897661,0.011249925657313555,0.0
-1.7317881819208805,0.05405173152926929,-0.003276325383258706,0.01501621792206179,2.0
-1.731788180984898,0.05405091776096709,-0.005631520465883138,0.02507350559708247,2.0
-1.7317881807448243,0.05405037745444116,-0.0012953349763651018,0.004823807672358579,2.0
0.6271579203007013,1.6078099621991677,0.15494295031480906,-0.04469249126907338,3.0
0.5598736416705914,-0.6925173406758703,-1.4724953177274427,-0.022101750744085297,1.0
0.559873640823905,-0.6925144676108284,-1.479680644409859,-0.032795712666345435,1.0
0.5435648547116341,-0.967194119622235,1.334833007021707,0.032756003023924916,0.0
0.5435648541853293,-0.9671901278241555,1.3309340212222978,0.010659744686368957,0.0
0.6271579195522979,1.6078109886225949,0.16747740037086156,0.031590468525861504,3.0
0.5598736414362576,-0.6925154703115867,-1.469273138861687,0.002596008351589486,1.0
0.5435648549823312,-0.9671885686462837,1.3280316979700921,0.002643372553710999,0.0
0.6271579205439354,1.607811771739326,0.1523126935686611,-0.0018812509479874872,3.0
-1.731788181820442,0.054051451754989474,-0.006182891266905429,0.011689128024517503,2.0
-1.7317881810948534,0.05404981611051366,-0.008202442041122578,-0.003171567220762845,2.0
0.5598736421682577,-0.6925158910861955,-1.4766226488486076,-0.03310022943247681,1.0
0.5598736415208662,-0.692514148895914,-1.4815239949439136,0.0407509110705432,1.0
0.6271579194674645,1.60780940925335,0.16502254131405178,-0.0035972149130678592,3.0
0.6271579200030203,1.60781227872468,0.15955016594792185,0.018885831718962198,3.0
-1.7317881811229356,0.054050935823045244,-0.002108405046172966,0.02683131553916312,2.0
0.5598736412912529,-0.692517528933037,-1.4750285983401363,0.038561135832770925,1.0
-1.7317881815811644,0.05405303155963806,0.0045377232476689205,0.035682329324438294,2.0
-1.7317881818531458,0.05404794275019207,-0.003195137306960493,-0.06537617469322775,2.0
-1.7317881804709947,0.05404848438831544,-0.009632800257251377,-0.018395766100484216,2.0
-1.7317881821202588,0.05404979133294585,-0.008575720295484503,-0.018667218023779398,2.0
0.5598736418589413,-0.6925160758427749,-1.4811521029000332,-0.006155957254068214,1.0
0.6271579211120835,1.6078129600879139,0.16271090124585974,0.01357776107067876,3.0
0.627157919942071,1.607810770061861,0.15044793302417003,-0.04295969288112432,3.0
0.6271579191514006,1.6078127939901288,0.15838098225543068,0.029630227188080373,3.0
-1.731788181947137,0.054049007535831854,0.004742305563858963,0.0018050218692147657,2.0
0.5435648544969669,-0.9671891222384114,1.3324923554487509,0.017655524370027893,0.0
-1.7317881816049052,0.054053732108745416,-0.00365418032992733,-0.03663664712844657,2.0
0.5598736418882508,-0.6925121287608969,-1.476419029794475,-0.030610369420844573,1.0
0.5435648545799692,-0.9671907434747523,1.3294492294165388,0.05001915870542905,0.0
0.6271579197958498,1.6078110214582468,0.16182524693297315,0.01428830743659523,3.0
-1.731788181303068,0.05405017795271235,-0.008395452539695345,-0.020332306340082096,2.0
-1.731788181431288,0.05405143592284212,-0.013313032695486277,-0.031262602546455055,2.0
0.5435648547582241,-0.9671920024547612,1.3318040240159486,0.00913341469133064,0.0
0.5598736409980039,-0.6925118369081992,-1.48200066044792,0.010800229330692713,1.0
0.5598736411573741,-0.6925150581468109,-1.4822869476716205,0.014455765143834126,1.0
0.5435648545114135,-0.9671904803392416,1.336192229218826,0.01727074440922858,0.0
0.6271579200225654,1.607810401681756,0.1661060474566965,-0.007239984199592959,3.0
0.5598736415680908,-0.69251491727981,-1.4778505744965456,0.03448377293345842,1.0
0.6271579198133291,1.607810541163958,0.16045534027984865,0.04997739245431342,3.0
0.5435648550399179,-0.9671877994797833,1.333413701971513,-0.042534891319624825,0.0
0.5598736409261781,-0.6925146273244527,-1.48124959174167,-0.04622611790212959,1.0
0.627157920254329,1.6078130044966576,0.1603375078431835,-0.00932020734251579,3.0
-1.7317881817425782,0.05405133561764011,-0.004598684431384635,0.0472772771211668,2.0
0.627157919592606,1.6078112043328863,0.15852014919752744,0.007449961860887571,3.0
-1.731788181348622,0.05405015750193505,-0.009100599609737182,0.039777622095162835,2.0
-1.7317881817554108,0.05404874973813585,-0.0018629349517616414,-0.05324013152308101,2.0
-1.7317881816290994,0.054048825296835475,-0.004830864107100494,-0.09963006070973913,2.0
0.6271579201574691,1.6078129546650402,0.1603436307283152,0.06904761732709785,3.0
0.627157919680708,1.607812494332022,0.1615432738537324,0.07299541867537968,3.0
0.627157920171528,1.6078133448229055,0.1625027655676245,-0.00610184250763121,3.0
0.6271579199523323,1.607811495005431,0.1635659998960822,0.0277393872771145,3.0
0.5435648547442192,-0.9671899314059609,1.330193092303494,0.02865360473272162,0.0
-1.7317881821405914,0.05405197347169951,-0.007152923242790273,0.04491375035542929,2.0
0.5435648546765425,-0.9671888002473165,1.3341120873224581,-0.051176181129456814,0.0
-1.7317881809600493,0.0540485248942693,-0.0007186944237328212,0.04871647933733763,2.0
-1.731788180943365,0.054052708383546144,-0.011588276846952341,-0.007597732635744805,2.0
0.5435648550048162,-0.9671879764518234,1.3372978964525435,-0.02476728688423663,0.0
0.6271579196383807,1.6078127884094904,0.16797694612399686,-0.05802374825134228,3.0
0.5435648552231717,-0.9671890156921372,1.3396612775991241,0.01032250409051253,0.0
-1.7317881818339695,0.05404969428865012,-0.005160542915242432,0.025608679439056575,2.0
0.6271579205195562,1.6078137448549197,0.15924204435747064,0.008367525944685109,3.0
0.5598736419666445,-0.6925165242272349,-1.4847837538106796,-0.007614686620102244,1.0
0.5435648546882865,-0.9671908652950192,1.339542245205506,0.017475371109688827,0.0
0.5435648547311394,-0.9671888015946536,1.3310042686993533,0.0071094133984391005,0.0
-1.7317881813717309,0.054049212352257577,-0.004434253518029537,0.0025149437568784848,2.0
0.5598736413214574,-0.6925129647459998,-1.4777780458953091,-0.05334283012983692,1.0
0.6271579210071275,1.6078123134905633,0.16034855081853547,0.025334914238812643,3.0
-1.7317881810936768,0.054050398333438436,-0.005248188217733799,0.015187160215772053,2.0
0.5598736406340565,-0.6925181328178444,-1.4773999973078549,-0.08148633294623003,1.0
-1.7317881817583725,0.05405097721285197,-0.006186300605471493,0.014595446388350515,2.0
0.6271579196413538,1.6078088885502526,0.1650519895596756,-0.007589324270578033,3.0
0.5598736415583958,-0.6925166725473473,-1.4804445338625234,-0.013703147445331422,1.0
0.5435648544611767,-0.9671902556545516,1.3352675808236834,0.005458227756397213,0.0
-1.73178818212516,0.05404849452287296,-0.00627705888166557,0.0001259359533041209,2.0
-1.731788181467211,0.05404874387788198,-0.0025930541339515647,0.01577871868486927,2.0
-1.731788181038794,0.05405081738775677,-0.007954763286976058,0.05447048780939021,2.0
0.6271579191868367,1.6078104866424034,0.16617895745330613,-0.029239606391632995,3.0
0.6271579197690841,1.6078101062058314,0.15672815186097508,-0.03280026491808077,3.0
0.5435648550777297,-0.9671891274228256,1.3315464567608066,-0.05504205123045272,0.0
-1.7317881811838969,0.05404966506063784,-0.004825291489279943,-0.05958119322494761,2.0
-1.7317881820351004,0.05404812021821194,-0.00035389799044179893,0.07799487643809305,2.0
-1.7317881809192832,0.054050045431106836,0.0009978902538527131,0.017006944964753343,2.0
0.5435648547816463,-0.9671887601826064,1.3317642923509736,0.023311727689262922,0.0
0.6271579204436981,1.6078116178693478,0.15586328767008473,0.025638330592571222,3.0
-1.7317881811705584,0.05404728735113191,-0.003971263686494263,-0.03791664467768318,2.0
0.5435648544243327,-0.9671913139372371,1.332996129770415,-0.014116553512561364,0.0
0.6271579209483318,1.6078132435729424,0.16281110917465236,-0.01205293369633364,3.0
0.6271579194874022,1.6078130186531847,0.16349132985442047,-0.009332565549122986,3.0
0.5598736420304495,-0.6925145255997177,-1.4786212709672266,-0.019075845774108164,1.0
-1.731788181641895,0.05405247930090896,-0.008315073339508164,0.05261734263466216,2.0
0.5598736414149077,-0.6925169175337579,-1.4761690229750088,0.012932732162188338,1.0
-1.7317881811068658,0.054051716645689744,0.001370201101087976,-0.06920634793983076,2.0
0.6271579193449709,1.6078127403717537,0.15794321965879746,-0.024926850908947005,3.0
0.6271579203550998,1.6078107328432514,0.15865331295963334,-0.05774745204541549,3.0
0.6271579196072716,1.607811334132341,0.1605379055148936,0.0552377338169272,3.0
0.5435648547155228,-0.9671908951544604,1.3322002411576546,-0.07244366577885251,0.0
0.6271579197872553,1.6078075383380832,0.16753602699396308,-0.05283906950016656,3.0
0.6271579199033676,1.6078117204783622,0.16191949922418,-0.06293241373709951,3.0
-1.7317881814122198,0.054048266649392135,-0.005844785150390485,-0.059536273157486656,2.0
-1.7317881810335705,0.05405154264605625,-0.005337638617589812,0.03423711820342232,2.0
0.6271579192991715,1.6078124820376372,0.15488292418420327,-0.03903748756130798,3.0
0.5435648548214647,-0.9671902157413562,1.3338204233823816,-0.009702593657687693,0.0
0.6271579191883739,1.607810703367094,0.15565843089885986,0.029295282704225715,3.0
0.5435648549473454,-0.9671897195823497,1.3265371381624926,0.037098742812654274,0.0
0.543564854901727,-0.9671882907957232,1.3367714762104563,0.045663874548548915,0.0
-1.7317881822937595,0.054049167781531376,-0.006674930322953798,0.00262416361689309,2.0
0.5598736413036579,-0.6925156279395542,-1.4759326486471191,-0.01828994090200474,1.0
-1.7317881820849856,0.05404926541735876,-0.0026426976631312286,-0.02750970031406753,2.0
-1.7317881814446787,0.05405134795033671,-0.0036874327675790325,-0.03859595556532803,2.0
0.5435648548536212,-0.9671922747938527,1.3389881236702055,0.006019127575839721,0.0
0.5598736418752417,-0.6925141707357132,-1.4799339686702633,-0.008444609934239348,1.0
0.5435648556935848,-0.9671899020530155,1.3337538985016482,0.03686531850825083,0.0
0.6271579203940875,1.607813543553547,0.1571409811609724,0.005731758830357386,3.0
0.5598736416630963,-0.6925169074297708,-1.4739678192834405,-0.032846763154009605,1.0
0.627157920274489,1.6078111024356583,0.1574208807436922,5.8570772094282744e-05,3.0
0.5435648540198065,-0.9671900294787961,1.3377556717013301,0.017967862992270284,0.0
0.627157920178407,1.6078099266610915,0.16265719387555264,-0.013644385858065364,3.0
0.5435648539632996,-0.9671907821724413,1.333201539835752,0.03962396152332164,0.0
0.5435648549018848,-0.9671905533087011,1.3273062904285537,-0.03394819806673869,0.0
0.627157919787445,1.6078107304304563,0.15722773253188632,-0.007453655915575693,3.0
0.5598736419034869,-0.692519088695163,-1.474912926713862,0.036288332014926906,1.0
0.559873641678777,-0.6925133475751555,-1.47855831575079,0.014342816829188799,1.0
-1.7317881814834157,0.054050965201358304,-0.0076125210926281115,-0.023275349013759706,2.0
-1.7317881814903764,0.054052310787090684,-0.01089234326549922,-0.02242672986659453,2.0
0.5598736417970511,-0.6925154447304586,-1.478100496483472,-0.07455172936320466,1.0
0.5598736410212726,-0.6925163538767061,-1.4835598175550544,-0.047699821131134,1.0
0.6271579192930856,1.6078129859544985,0.16174256704610004,-0.035588603443619964,3.0
0.5598736416074426,-0.6925135179126477,-1.4834440386809316,-0.0004420661883897339,1.0
0.5435648548756699,-0.9671889240319808,1.3387055026057004,0.04759182836787268,0.0
0.5598736413353613,-0.6925158219819196,-1.4809102903636646,-0.04178597516422388,1.0
0.6271579200911211,1.6078138608637669,0.15827657261569372,0.003093685436212338,3.0
0.5598736417120013,-0.6925147660439732,-1.4808757305079863,-0.08484410158677617,1.0
0.559873641795339,-0.6925144089730603,-1.4814894295127468,0.02080966653071471,1.0
0.5435648547574174,-0.9671924194486334,1.3363456329167545,0.014316627023980327,0.0
0.6271579196271416,1.6078100907535655,0.16575099923220538,0.05415510771869896,3.0
0.5435648552343241,-0.96718742092236,1.3298148831834524,0.022710784278917713,0.0
0.6271579200025487,1.6078116309690593,0.15548162182791253,0.04717876132082229,3.0
0.627157919345945,1.6078132674732077,0.15397594705346812,0.0470628960569694,3.0
0.5435648548313272,-0.9671878893145858,1.3354828018815499,0.019237597489619153,0.0
0.5435648546265825,-0.967189112180913,1.3251103001520237,0.016922152942384097,0.0
0.5435648545160875,-0.9671904130669047,1.338265190314002,-0.009296608524079108,0.0
0.6271579193949303,1.6078109064461377,0.1634286060124056,-0.044335935220621674,3.0
0.5598736407325162,-0.6925175992786288,-1.4808698255842008,-0.08747084228768556,1.0
-1.7317881813142615,0.05405107742736474,-0.012382141318075978,-0.0098626308405323,2.0
0.5435648545593068,-0.9671905118092053,1.3397906290425097,0.03571631259472906,0.0
0.5598736415554709,-0.6925141095767662,-1.4813549317990569,0.014265139288493772,1.0
0.627157920348449,1.6078139990883555,0.15756620187937115,0.022393960782951427,3.0
-1.7317881808971654,0.05404939387509566,-0.0023894930598812327,-0.006699826808502757,2.0
-1.7317881810079305,0.054049684793040065,-0.0034809290714328174,-0.06444666879814002,2.0
0.5598736418617736,-0.6925140268079588,-1.4872186319420986,-0.008777814444274884,1.0
0.5598736408868189,-0.692516979566065,-1.4788234325340208,-0.027174935527969415,1.0
0.627157919484291,1.6078106235223124,0.16433305429857956,0.008730334572136783,3.0
0.5598736416191042,-0.6925183659834261,-1.4723442861607838,-0.08235993778442433,1.0
0.5598736418026716,-0.6925174448621664,-1.4825565465320822,-0.008801474867859533,1.0
0.5598736415330658,-0.6925144027115846,-1.477202141615454,0.07218915145866367,1.0
0.5598736417369391,-0.6925164105420676,-1.4753203533908907,0.05111273387372266,1.0
0.5598736411742581,-0.6925182159657579,-1.471143862767676,0.06260834809252834,1.0
0.6271579204753545,1.6078111828397175,0.16033488707016322,0.024385474876480545,3.0
0.5598736418710576,-0.6925170432235491,-1.4798552719999352,-0.03507676278290257,1.0
-1.7317881820283225,0.05405097897172511,-0.006057557967103428,-0.01078072774395071,2.0
-1.7317881809889393,0.05405037146363006,-0.003923625468621986,-0.05795119998069994,2.0
0.6271579198936648,1.607807887721241,0.16408430797809118,0.04108651746859035,3.0
-1.7317881811770082,0.0540522588838325,-0.0038580019642926503,0.015493616890980763,2.0
0.6271579197698394,1.6078148982500087,0.16349167458769667,0.0013315918310632246,3.0
0.5435648545080718,-0.9671906683525152,1.3330365633968728,-0.04705212744164959,0.0
0.5435648546417015,-0.967188704990949,1.3347400186525484,-0.0208112470720525,0.0
-1.7317881813672682,0.054052995907770504,-0.00824774565778079,-0.023894812653979202,2.0
0.6271579197735403,1.6078127732316363,0.16052543923535323,0.038755223289231346,3.0
0.6271579197376762,1.60781055350399,0.16391271929391887,0.019240462929096102,3.0
0.6271579205982298,1.6078125684198068,0.16448332981711633,0.020859955716131865,3.0
0.6271579200545753,1.6078143307268828,0.1590128956610748,-0.04910784874512016,3.0
-1.731788182125338,0.054048208023828676,0.0005474502957709367,0.028759964959747357,2.0
0.5435648549964257,-0.967190603872264,1.3294257037893051,0.10998093358742146,0.0
0.5435648552010178,-0.9671877676836123,1.3370332956073823,0.003141943427627537,0.0
0.5435648549083204,-0.9671922691764894,1.334842457546359,0.04643188923096047,0.0
0.5435648554391357,-0.967187137419465,1.3263993130543386,0.02832334703913552,0.0
-1.7317881816600156,0.05405011751752464,-0.003875405231092693,0.028633866653798676,2.0
0.6271579198014452,1.6078109783097376,0.1541093978699958,0.010854739891607963,3.0
0.6271579200606878,1.6078118152717427,0.1578748544610768,-0.013746683496829015,3.0
0.5598736418238829,-0.6925150974690765,-1.4766634665485534,-0.0024588482009379716,1.0
0.5435648541162,-0.9671896269399333,1.3321935794439566,0.0462233164619051,0.0
-1.7317881815275473,0.05405235233702401,-0.007504870963975513,0.01448624179127574,2.0
0.6271579200366244,1.6078111232921,0.1621147042286897,0.02510605465983315,3.0
0.5598736420811657,-0.6925151215570142,-1.4845803514328577,-0.056436463191564645,1.0
-1.7317881816559266,0.054052563764800006,-0.0076267543459934825,0.007538066591817964,2.0
0.543564855248833,-0.9671897389696386,1.3263036354457953,-0.003613189545019106,0.0
0.5435648543563771,-0.9671918953605425,1.3323913205301752,-0.027722369528956077,0.0
0.5598736412842745,-0.6925140339147909,-1.4852348151588335,0.03678288279629572,1.0
-1.7317881810084443,0.05405042549254351,-0.009344794162906813,-0.012601896963571514,2.0
0.5598736419091375,-0.6925160881223977,-1.4777359958922205,-0.03779700883092324,1.0
0.5598736413233423,-0.6925158259859818,-1.4751581363915929,0.016876866905577294,1.0
0.6271579198888285,1.6078094351143457,0.15753545033557564,-0.005658376469104402,3.0
0.6271579199607226,1.6078126819772938,0.15843284102258176,0.04069834017242483,3.0
0.5435648544168207,-0.9671897561647372,1.3314007436469673,-0.011856269771337578,0.0
-1.731788182521756,0.05404904025065803,-0.012694070682524495,-0.020855467941354344,2.0
-1.7317881813185307,0.05405161487160138,-0.0053617575028823096,0.04220229862069088,2.0
-1.7317881820282628,0.05404986937267596,-0.005954371654546315,-0.008715448872528219,2.0
-1.7317881809907039,0.05405090959536424,0.0013941450804538938,0.0006234096629611139,2.0
-1.731788181279412,0.05404711435345055,0.0019620607470388143,-0.023647713324843955,2.0
0.6271579202655051,1.607810424092964,0.155686420632737,-0.0002976715090172136,3.0
0.6271579202378039,1.6078090440325559,0.15960116818624695,0.015408290863896395,3.0
0.5598736412028096,-0.6925157198209985,-1.474878685006077,-0.021211209166210332,1.0
0.5598736411560495,-0.6925175525381081,-1.482057886100808,-0.04200747393631267,1.0
-1.7317881817843515,0.054052329421573,-0.00516999002079299,0.005866137144989141,2.0
-1.7317881811246292,0.054053390633894936,-0.004209009033796449,0.057696255453900426,2.0
0.5435648544223527,-0.9671911238508737,1.3260490434057672,0.05130220647292719,0.0
0.543564854522157,-0.9671892926435333,1.3335992772412537,-0.029563264447972387,0.0
-1.7317881809687468,0.05405181858273012,-0.00873687902093523,0.015612007817141234,2.0
-1.7317881815429526,0.05405341541661389,-0.00041010061674648287,0.001609879061387821,2.0
-1.7317881808677653,0.054046684475672103,-0.009768558082594705,-0.040050382621062385,2.0
0.5598736419296537,-0.6925157642934197,-1.4786135403820766,-0.012049506247903772,1.0
0.6271579205478142,1.607810170158533,0.1566944094019899,-0.010856864023404788,3.0
0.5598736415603504,-0.6925146742125737,-1.4745589554267131,0.0055218969576262015,1.0
0.5435648556164675,-0.967190685493033,1.333083890146175,-0.056279803651394,0.0
0.5598736413616612,-0.6925166973223819,-1.4721195121693207,-0.00632352238821314,1.0
0.5435648549988833,-0.9671894547753227,1.331251664986787,0.06309192954847988,0.0
0.5435648550381561,-0.9671894157998685,1.3363533288912757,-0.04199795693173568,0.0
0.5598736408700381,-0.692518327137263,-1.4746315778964258,-0.003592692520213373,1.0
0.5598736417846766,-0.6925144841534908,-1.475074651730714,-0.04986651275106633,1.0
0.627157920321282,1.6078096241485003,0.16401289335947325,-0.004940633459134667,3.0
0.5598736416600592,-0.6925193798043812,-1.4809111240345219,0.014889706916257238,1.0
0.5435648551264385,-0.9671905458116286,1.3362548402095944,0.022463320414246087,0.0
0.5598736416795103,-0.6925170167899206,-1.4794592976788274,-0.09659405698670542,1.0
-1.7317881815568787,0.05405211898183028,0.004032788284460656,-0.005659293371057551,2.0
0.6271579200010449,1.6078125455575147,0.1639245307383082,0.02434571866945804,3.0
0.5598736415406296,-0.6925148709488574,-1.485177823501194,-0.03424641940518837,1.0
0.5598736410885671,-0.6925163614943549,-1.483765875230811,0.003397652857172772,1.0
0.559873641313717,-0.6925156295259733,-1.479337531232886,-0.021626808861664737,1.0
0.6271579203172395,1.607811796076498,0.15424347589903725,-0.00017247054862205364,3.0
-1.7317881813042848,0.05405150784187942,-0.003087185162447069,0.029300972417885866,2.0
0.5435648549840422,-0.9671880491345023,1.3265612095817385,0.0564386209794995,0.0
0.5598736413387153,-0.6925167664961409,-1.4771194981024194,0.0263277832073574,1.0
0.543564854479954,-0.9671856693470097,1.3281345601998304,0.09441658387367735,0.0
0.6271579196526563,1.6078128194677643,0.15992322113365526,-0.03157998421693281,3.0
0.5598736416085436,-0.6925157505555327,-1.4747901084487864,0.042497079529513995,1.0
0.5435648551718534,-0.9671881604989917,1.3302738626548174,-0.014983632940897981,0.0
-1.7317881814362877,0.0540544165183669,-0.012731132433959631,-0.04471147213760808,2.0
0.6271579198016262,1.607811452499548,0.1662866995584063,0.03295637791959126,3.0
0.5598736416628588,-0.6925185966124933,-1.4742316900885186,-0.04232804835888832,1.0
0.5598736417577975,-0.6925152861249881,-1.474935327950576,0.017099819833597173,1.0
0.5598736412190921,-0.692514050022458,-1.4849232381207518,0.11884076078608731,1.0
0.6271579195977687,1.6078090453620129,0.1577268582417865,-0.013680964952359986,3.0
0.6271579191503466,1.607811344993249,0.1578700450497456,0.006627522756208809,3.0
0.5598736415892449,-0.6925155833274277,-1.4800103247866412,-0.03865037677119431,1.0
0.6271579195931704,1.607810096394214,0.1615743796318309,-0.007541187948959316,3.0
0.5435648542902872,-0.9671905615850145,1.3404563206405116,-0.02699333746890853,0.0
0.559873641235041,-0.6925169366918036,-1.4774495255733013,-0.01815298732297474,1.0
0.5598736416983608,-0.6925198754534194,-1.467479842415951,-0.047978661169786024,1.0
0.5435648541344693,-0.9671864090850066,1.3322531813278773,0.0078297779400657,0.0
0.6271579194845969,1.6078103099495482,0.15822129286476821,-0.026004593312769633,3.0
-1.731788180712842,0.05405029356315754,0.0020193068692157933,-0.038641226076974844,2.0
0.6271579201783872,1.6078123386609684,0.15726034195513997,-0.04775821001532806,3.0
-1.7317881814911884,0.05405309073367901,-0.0047762863155854695,0.009672178499435883,2.0
-1.7317881816209437,0.05405151563002243,-0.002369239901045806,-0.04140666501911611,2.0
0.6271579197103037,1.6078103721281385,0.16576191056680026,0.021230548869232216,3.0
0.5598736408144319,-0.6925193508090004,-1.474750035987051,-0.01682230305904245,1.0
0.5435648541179443,-0.9671867079972295,1.3256626667593638,0.050602558160782324,0.0
0.5598736417324515,-0.6925158955077854,-1.478657519884561,0.000264897701963694,1.0
0.5435648550471993,-0.9671897136547604,1.3325514363733355,0.017261061499655887,0.0
0.5598736412047393,-0.6925143306536147,-1.4726456373339643,-0.0063921124533812415,1.0
-1.7317881817100997,0.054048918761431974,-0.010365993351149346,-0.023104108212938707,2.0
0.5435648551546742,-0.9671901359718215,1.3377873444783104,0.012627421151032832,0.0
0.5435648554763047,-0.9671903902525679,1.3437431302449594,0.03775529238777999,0.0
0.5598736413273342,-0.6925158374826411,-1.4759989921547192,0.010630928733081997,1.0
0.5435648543681356,-0.9671904926619284,1.3301056526272008,0.08590948548675807,0.0
0.6271579204186138,1.6078131577385593,0.15879910969469768,0.04192918821013266,3.0
0.5598736404842314,-0.6925148532749322,-1.4747872606135575,-0.05720682990915184,1.0
-1.7317881813276685,0.05405080389176172,-0.01547963372723286,-0.04532476104193405,2.0
0.6271579199744639,1.6078116027665408,0.1567676996674236,-0.0008150412514805731,3.0
-1.7317881817188396,0.05405113004281149,-0.005458778472369302,-0.016793268938869496,2.0
0.543564854772372,-0.9671916265637246,1.3329706970702708,0.07000112034563878,0.0
-1.7317881812309273,0.054048467215241855,-0.000504906131672925,-0.021031470993068957,2.0
-1.731788181449903,0.05405134164935071,-0.00824660191951449,0.06669626385151904,2.0
0.5435648543705424,-0.9671925414969528,1.3374847120406368,-0.022533562281634688,0.0
0.5435648543595318,-0.9671929667110671,1.3327141709118329,-0.04979820552126885,0.0
0.5598736413300243,-0.6925159863997502,-1.474428294572809,0.018574339742975964,1.0
0.5598736420304601,-0.6925158415867136,-1.4744067051609586,0.014306862746220936,1.0
0.627157919277223,1.6078089933992452,0.15893306213263927,0.08318885017080595,3.0
0.5435648544977302,-0.9671868555051284,1.3336289577577265,-0.005121026734020453,0.0
-1.7317881815916252,0.05405057270576142,-0.006690478745942448,-0.0011474998332361794,2.0
-1.7317881810492755,0.05404770199943539,-0.009954026605054176,0.01509331541337054,2.0
0.6271579200603882,1.6078130310937024,0.16187065853034924,0.015148625631840506,3.0
0.6271579191914141,1.607811920179027,0.1620547362365001,0.041877305855280204,3.0
-1.731788181789162,0.05404969127026091,-0.005779917303269404,0.009125117269816657,2.0
0.5598736413518648,-0.6925166432733311,-1.4813250340267037,0.02893713261497325,1.0
0.5435648547086249,-0.9671883568722993,1.3357470661180157,-0.05019251666777261,0.0
0.5435648544847184,-0.9671893231826867,1.333978011432952,0.023472863727480805,0.0
0.627157920010847,1.6078094348370293,0.1541576704735965,0.018328307368260573,3.0
0.6271579200566829,1.6078128465857051,0.16006145161473634,-0.05100593149719076,3.0
-1.7317881809918838,0.05405269596039902,-0.004098419163675048,0.01810073268721703,2.0
0.6271579196990738,1.607811180760584,0.15682109132170527,0.005652583880058466,3.0
0.6271579199286353,1.6078123976884875,0.1712966645886092,-0.03197260622532478,3.0
0.5598736419927457,-0.6925173579385876,-1.482408227126013,0.01882912700115968,1.0
0.5435648550039794,-0.9671906658726906,1.3382095064169188,-0.014093160183759904,0.0
0.5598736413259039,-0.6925182278611267,-1.4829242720279407,-0.016611783209919122,1.0
0.6271579200970471,1.607811471268896,0.16425522830506847,-0.009358090470636111,3.0
0.6271579197649484,1.6078084473746843,0.16008561219855572,-0.04794399074831379,3.0
0.5435648551949299,-0.9671908690678767,1.3388118682493901,0.024505096801231408,0.0
-1.7317881816082403,0.054047981421851535,-0.0018284193742081362,-0.024193013949206046,2.0
-1.7317881815946958,0.05405068136139045,-0.009384917718064515,0.041723740142751105,2.0
0.5598736413365608,-0.6925174843019997,-1.4794205826971998,-0.03399890431461298,1.0
0.6271579191314484,1.6078091598893227,0.1638628390534129,-0.011484066458925092,3.0
-1.7317881814733334,0.05405013136576951,0.00424613169841592,-0.013654199063212824,2.0
0.5598736410588716,-0.6925169303700455,-1.4751835067892187,0.07152237243004736,1.0
-1.7317881812531828,0.054049220147520706,-0.00988578501792733,-0.028489871437420978,2.0
0.5598736415171498,-0.6925186508819349,-1.4789971553022907,-0.03416236635564949,1.0
-1.7317881817181169,0.05404932170911587,-0.0031233174454912594,-0.019339553571750195,2.0
-1.731788181040817,0.054049304708805375,-0.00626586306304893,0.011337922312552621,2.0
0.5435648540312716,-0.9671888491312163,1.3333896287437503,-0.007659839241239551,0.0
0.559873641984563,-0.6925146766304165,-1.483237032612101,0.00725498519244556,1.0
0.5598736417647097,-0.6925152327023116,-1.4785729334818989,0.0303333941115808,1.0
0.6271579197615301,1.6078097661967305,0.16320538337092022,-0.06812867015902951,3.0
0.5435648541257413,-0.9671922547978583,1.3392536885685271,0.011616112897750785,0.0
0.5598736420901481,-0.6925143251084555,-1.4748691932483429,-0.08791782189062111,1.0
0.5435648549273472,-0.9671892665091688,1.330004573721469,0.004740658801657154,0.0
-1.7317881817371674,0.05405352075303113,-0.008716501749666181,-0.0038111459179663815,2.0
0.5598736415607458,-0.6925161848644209,-1.4785882854047894,-0.04201490042452128,1.0
-1.7317881813526992,0.05405103970299079,-0.000987463609782709,-0.04659182568700336,2.0
0.5435648544297114,-0.967189316247565,1.3330134085890626,0.010606372534669607,0.0
-1.731788181349991,0.054048760834105064,-0.0028257189956543303,-0.005378642016371675,2.0
0.5435648550650238,-0.9671898003428936,1.3334472882855115,0.0436734984033496,0.0
0.5435648542933829,-0.9671900230144233,1.3314423577264594,-0.00624627258008631,0.0
0.5598736408346204,-0.6925179816874623,-1.4840163862250533,-0.01752751416114879,1.0
0.5598736414562193,-0.6925179708259478,-1.4775402209199044,0.010237198277506878,1.0
0.5598736412366137,-0.6925145979737029,-1.4706762794681298,-0.0028509343185409764,1.0
0.6271579198053469,1.6078109786545662,0.15276772374159772,-0.02449477163888701,3.0
-1.7317881813854512,0.0540493590390413,-0.003468161660398257,0.06225900147118993,2.0
0.5598736414491546,-0.6925183845691305,-1.4806440453714187,0.049698601462789344,1.0
0.6271579199450963,1.6078083977874942,0.1611081574937358,-0.0051715545554503264,3.0
0.5598736410519377,-0.6925166756638693,-1.4804526487933711,-0.05082345939308716,1.0
0.5435648552933484,-0.9671895007706425,1.3378764310237639,0.0053353162305605,0.0
0.6271579202301383,1.607810071786052,0.1535743695181243,0.0017014181120570588,3.0
0.627157919753513,1.6078088019650811,0.15947090551385446,0.0005703620799079299,3.0
-1.7317881814272877,0.05405189126380761,-0.010396554426271716,-0.04227061681567403,2.0
-1.7317881813890104,0.05405267295243342,0.0014336640501535491,0.0037263772399077186,2.0
0.5598736414784575,-0.692517189087509,-1.486045123643716,-0.03172070590361852,1.0
0.5435648555046068,-0.9671898656036472,1.3327684106396394,0.00014185705682484516,0.0
0.6271579202414254,1.6078061794329153,0.16104130358187035,-0.02908187162674305,3.0
-1.7317881816005534,0.05405017780454449,-0.0064541743493617045,0.03193640295039542,2.0
0.5598736414049322,-0.6925148153414009,-1.4744741144661409,-0.0001790429996944731,1.0
0.5598736406294719,-0.6925125004632792,-1.479874718314631,-0.0651304215951815,1.0
0.543564854331611,-0.9671913380516926,1.324166010653943,0.008425730227066289,0.0
0.6271579188601475,1.6078115682715548,0.16797369016250208,0.046085201461119406,3.0
0.5435648552613968,-0.9671888145507468,1.337631086214755,0.04089598828993755,0.0
0.6271579193724404,1.607812224245296,0.16976320479039442,0.009699404486136256,3.0
0.5435648548885248,-0.9671896874369978,1.3359689458912067,-0.011911115368653124,0.0
0.6271579202176422,1.6078120476482802,0.1680495500823274,-0.06544620004882731,3.0
0.5598736412092712,-0.692514050038525,-1.477265177699416,-0.014181170926828131,1.0
0.5435648542863544,-0.967191824413062,1.337090196766145,0.04344882314516328,0.0
0.5598736419198761,-0.6925190409907144,-1.486446048464792,-0.03783914728453906,1.0
0.6271579195247828,1.6078096034816927,0.15841685589363233,-0.0014015021802352128,3.0
0.627157919822053,1.6078120223812975,0.1582838664842964,0.03774868703400006,3.0
0.5435648549865639,-0.9671879661701236,1.3313576943444252,-0.028938459887968022,0.0
0.6271579201900699,1.6078122713773961,0.15679511212469077,-0.02490104575573322,3.0
0.5598736422311851,-0.6925152131473775,-1.4808279104211353,-0.005763932094771336,1.0
0.5435648547869044,-0.9671903326932688,1.3309881645329071,0.024171745284559162,0.0
0.5598736409664801,-0.6925165172695564,-1.4859890685434047,-0.013273347366955662,1.0
-1.7317881817013494,0.05404936233592419,-0.006372458424934874,-0.014916432074368453,2.0
0.6271579207783168,1.6078159624159238,0.16391193840178844,-0.008648846105480532,3.0
0.5598736413399031,-0.6925166352022758,-1.476891060728983,0.001997721284422628,1.0
0.6271579200318006,1.6078133818000881,0.1619665062639641,-0.03056390944002038,3.0
0.559873641053432,-0.692513837251307,-1.478662471821516,0.004355415931207669,1.0
-1.7317881814535896,0.0540514310104869,-0.001325878319933447,0.06242057174803791,2.0
-1.7317881812652938,0.05404816783785234,-0.008999656919130869,-0.0033753948908236252,2.0
0.5435648550001281,-0.9671905375741147,1.3352486998785649,0.007478453431937594,0.0
0.5598736415333817,-0.6925163806488114,-1.480021284178635,-0.034049219998946265,1.0
0.6271579200116427,1.6078127848731167,0.1598101493427933,0.0037149313291812204,3.0
0.5435648548543756,-0.9671915151184447,1.3276232138625745,0.012261387475659434,0.0
0.6271579199694456,1.6078153017251744,0.16155155528268558,0.05275271252628172,3.0
0.5598736417973671,-0.6925145673179323,-1.4826762381241643,0.023791986343558454,1.0
-1.7317881810110856,0.054049469214498824,-0.007905079238410733,0.07311692910805268,2.0
0.6271579198938149,1.6078090235087814,0.1609422950179396,-0.03823109558375703,3.0
-1.7317881812828821,0.054050512698463005,-0.011984184355499505,0.04269756260728543,2.0
0.5435648538615434,-0.9671875883520843,1.328536804383583,-0.0553761403112519,0.0
0.5598736414589762,-0.6925147155412579,-1.4788901983255551,0.06214704264544557,1.0
0.6271579200094456,1.6078129405785282,0.16659005544189187,0.013975339444640534,3.0
0.6271579198569419,1.6078131739715387,0.16144845270632202,-0.0034532651361814564,3.0
0.6271579197333186,1.6078133269277912,0.15723165153228408,0.029108080256308955,3.0
0.6271579193028275,1.607810349304118,0.15730039699926668,-0.028614902524033634,3.0
0.6271579198905298,1.607812001456666,0.15981735870861496,0.007717525174220008,3.0
0.5598736410725984,-0.6925151974062461,-1.4795603028745503,-0.02265163893707762,1.0
-1.7317881810804532,0.05405492717811787,-0.007647547395358128,0.010290960991207942,2.0
-1.7317881818383625,0.05404913165448969,-0.0007053669801599925,-0.000813205941265312,2.0
0.5435648535939849,-0.967188201572194,1.3350889729068691,-0.003155958137205781,0.0
0.5598736416191926,-0.6925165681777854,-1.480886101162703,0.03990488026653856,1.0
0.5435648547122993,-0.9671890040405144,1.3333147866963078,-0.002450642965479094,0.0
0.6271579202947233,1.607810665293396,0.16497737784120128,0.052211832068206135,3.0
-1.7317881809671076,0.0540508456724966,-0.0010058634315969247,-0.01879384775244804,2.0
0.5598736408401199,-0.6925159400936475,-1.4764186585062928,-0.002158194880523695,1.0
0.6271579196063393,1.60781392381545,0.16544355652916318,-0.028201564034287308,3.0
0.5598736416986462,-0.6925166860800703,-1.4809962187009553,-0.04420450810934296,1.0
0.6271579191400742,1.6078099024084826,0.1628520128972206,-0.041488180374235066,3.0
-1.7317881819208387,0.05405092249493338,-0.008728988687789976,0.003360762853386036,2.0
0.5598736419441603,-0.6925157888668746,-1.479547119430934,-0.020325937711447178,1.0
0.5598736417339791,-0.6925152799147837,-1.4790677465587905,-0.04024024447847221,1.0
0.5435648549820289,-0.9671898766549022,1.333627230159654,0.027543637675419813,0.0
0.5435648550158154,-0.9671890309525383,1.3383570111439307,-0.03275964364507731,0.0
0.543564855504202,-0.9671931197726139,1.3355363184681475,-0.013225278227845628,0.0
0.543564855241824,-0.9671891804535319,1.333627736529141,0.04654732496344918,0.0
0.6271579202531777,1.607810848793243,0.15511207716941414,0.047755119176613965,3.0
0.6271579204141081,1.6078105037967163,0.15991331845025594,-0.020716265841770654,3.0
0.5598736413732136,-0.6925187508143121,-1.4800397287904103,0.026900149284623733,1.0
0.6271579191564977,1.6078104927067505,0.15837776988974256,-0.03175213351156898,3.0
0.6271579195004789,1.607813194817746,0.16460424660566045,-0.060306428983079925,3.0
0.5435648551929234,-0.9671890862271477,1.3353701551684105,-0.008842497634012026,0.0
0.5435648546621172,-0.9671916162251213,1.334201532422325,0.13084602371482118,0.0
0.6271579198676703,1.607808745528312,0.16661146954054634,-0.007499984128683203,3.0
0.5435648551197068,-0.9671898287249422,1.3320366117456797,0.08838031831422766,0.0
0.5435648544536252,-0.9671896510110488,1.3271729952142213,-0.027850414490400797,0.0
0.5598736418374499,-0.6925158112683123,-1.4744943922953586,0.0439276490388842,1.0
0.5435648548725774,-0.9671880424918049,1.3345668775498452,-0.07336320453275974,0.0
0.5435648543994167,-0.9671894867175773,1.3371321460740127,-0.027356788850432096,0.0
0.5435648547351434,-0.9671880042875338,1.3372373525720267,0.03321847074691873,0.0
0.5598736417458492,-0.6925155925467161,-1.4756094122721417,-0.021393251844438955,1.0
-1.7317881814882912,0.05405031373015761,-0.006710508928641573,-0.05442235920377187,2.0
0.6271579196036288,1.6078106079573211,0.16000811553601615,-0.018671548753573308,3.0
0.5598736410566113,-0.692515565505245,-1.4761572363944746,0.00392729271497978,1.0
0.5598736409804128,-0.6925163222432292,-1.4852167164939334,0.02921020112414817,1.0
0.627157919957297,1.607811712106794,0.1574748771680554,0.013457328473325245,3.0
0.5598736422824806,-0.6925156761255623,-1.4824607853715936,-0.04028913814618682,1.0
0.5435648540024328,-0.9671885827900635,1.3245163663882604,-0.005759239369225976,0.0
0.5598736412636207,-0.6925153329372371,-1.4827295649660375,-0.025162946425732816,1.0
0.6271579199965445,1.607814254104563,0.1602813229083931,0.0068603815868295975,3.0
0.6271579190002995,1.6078110506917282,0.16244440069349772,-0.008343799325031999,3.0
-1.7317881818609366,0.05404846857559643,-0.004906285010047526,0.029974861960971374,2.0
-1.7317881816727831,0.05404833340781745,-0.00042419562882669155,0.0258431851744225,2.0
0.5598736414304354,-0.6925174187327888,-1.4793673696856655,-0.06517984041798103,1.0
0.5598736411714779,-0.6925173442587037,-1.4732806086889774,-0.003110357400912788,1.0
0.6271579202618095,1.6078144077583194,0.16238085664187307,-0.06513360594106218,3.0
0.5598736412005815,-0.692515908130623,-1.4749319991606222,-0.02797878114209886,1.0
-1.731788181272259,0.05405100006760736,-0.013671632627608734,0.01790350556788313,2.0
-1.731788181125305,0.05404866742006082,-0.009459701615792626,-0.027983635223010665,2.0
0.5435648545224449,-0.9671884006191198,1.3366963924159063,-0.08809642504902354,0.0
0.6271579199311721,1.6078116797275162,0.16241903570594388,0.028840468009437244,3.0
0.543564854208604,-0.9671924255541015,1.3291294363224924,0.006046860399101177,0.0
0.5435648546174455,-0.9671918201552038,1.3397653515759247,-0.02754569447307162,0.0
-1.7317881814314282,0.05405015509825311,-0.0028903057778784462,0.03065864052700625,2.0
0.6271579197364726,1.6078109516100054,0.16423396735598786,-0.03270702693032286,3.0
0.5435648548455432,-0.9671920437178567,1.3255808716570199,0.027027874881752036,0.0
0.5598736415890101,-0.6925162035840994,-1.4745829077620325,-0.012599116237208888,1.0
-1.7317881807851387,0.05405350022427297,-0.00429755408577497,0.036554178731732404,2.0
-1.7317881812274083,0.05404989605151743,0.0022616715951830468,-0.02338628422573233,2.0
0.543564854997359,-0.967190849668156,1.3314155905413367,0.020891522888931577,0.0
0.5598736412087568,-0.6925165364294587,-1.4759036613700753,-0.030184172096524513,1.0
0.5435648541278476,-0.9671887993361632,1.328574249705829,-0.026682164761154672,0.0
0.5598736417459467,-0.6925146219240402,-1.4825732966079332,0.0010128790574117092,1.0
-1.7317881808325077,0.05405086902401613,-0.01169004943676329,0.022417541445668588,2.0
-1.731788181270428,0.05404615441115255,0.00014781910270553788,-0.07109072226229451,2.0
0.6271579196437086,1.6078113548509838,0.16549755381374412,0.07160904626494598,3.0
-1.7317881812393454,0.05405143842755528,-0.00032360283664620185,-0.018067488075385815,2.0
-1.7317881807427709,0.05404911882758066,-0.004807017901162214,-0.006316992692737601,2.0
-1.7317881821634176,0.05405220510485318,-0.0058343630993619,-0.02996121013324339,2.0
0.5435648545166392,-0.9671893841966374,1.3311570836577666,-0.021980487608472606,0.0
0.5435648546958112,-0.967191748150223,1.3270308311391699,-0.006472884870715315,0.0
0.6271579201143545,1.6078114826636682,0.1623926222047521,-0.007388955467945824,3.0
0.5598736415763094,-0.6925130582468733,-1.4744660019376943,-0.002922899078868592,1.0
0.6271579199085873,1.607812991046317,0.15249251593726482,0.0660718365426054,3.0
0.5435648541241267,-0.9671865843199009,1.3330494611069004,-0.012422777723160234,0.0
0.6271579201284604,1.6078135118736208,0.1608317004000485,-0.0030675193369650113,3.0
0.5598736416225435,-0.692513567389962,-1.4742816104953607,0.049799138706323964,1.0
0.5598736417394041,-0.6925178328270601,-1.47954809849135,-0.0721189297962557,1.0
0.5598736412812813,-0.6925130706179852,-1.4778579264060951,-0.07265127626356205,1.0
0.6271579199016064,1.6078125675032606,0.1603073418138392,0.011081210666213405,3.0
0.6271579198141816,1.6078100461824092,0.15919825573401103,-0.007217604865767789,3.0
0.6271579202858898,1.6078091463585018,0.1580835813343476,-0.010998650211532528,3.0
-1.731788181551401,0.05404965868523436,-0.007765826083208563,0.035879711514950764,2.0
0.627157920088639,1.607813222789227,0.15666960346888537,0.029456548491229886,3.0
0.6271579204174199,1.6078111856989452,0.1556507947337833,-0.02470552013189402,3.0
-1.7317881809134361,0.054048319230077614,-0.0002701157988969039,0.06775245331493841,2.0
-1.7317881816314922,0.054051379687896785,0.003356980895676371,-0.05456902321416289,2.0
0.6271579200254477,1.6078110950900977,0.15773272229384672,-0.058627724210963655,3.0
0.6271579192457587,1.6078145478429378,0.15979059955071878,-0.04652141408487259,3.0
-1.7317881808900029,0.05404788971743145,-0.009730634798244035,-0.02492194405962096,2.0
-1.731788181163484,0.054053084548937536,-0.0062608718389058115,-0.03899256011257478,2.0
0.5598736416738448,-0.6925137011299103,-1.4818553455373586,-0.04618775494333396,1.0
0.543564855023453,-0.9671878923298073,1.3306245847201859,-0.01496511973812064,0.0
0.627157920011482,1.6078122013969276,0.1670148677737597,0.03200533770855649,3.0
-1.731788181308009,0.05404923255808639,-0.0075723913456482465,0.049110798298104115,2.0
0.6271579193202932,1.6078129887653245,0.1575508864880853,-0.0225569275689582,3.0
0.5435648550104218,-0.9671898810835714,1.330850700147448,0.055532915618971695,0.0
0.6271579202891164,1.6078113918516885,0.15493555711004345,0.030684441489223526,3.0
-1.7317881815896683,0.05405177252340701,-0.0062908882073966586,0.06721457993002566,2.0
-1.7317881815291385,0.054048496912271086,-0.004191673592962753,-0.010374529380696435,2.0
0.6271579193012022,1.607810709534666,0.1622186851643654,0.024644355886497604,3.0
0.5435648543459672,-0.9671883276225358,1.3237973621100945,0.021373293270208944,0.0
0.5598736413978241,-0.6925164953831445,-1.4841948765300506,-0.0013561092112631711,1.0
0.5598736416309695,-0.6925138838529088,-1.472549470215167,0.020314228076126196,1.0
-1.7317881816711147,0.05404988678252432,-0.006964466626017181,-0.014435053269167357,2.0
0.5598736417334365,-0.6925159421065935,-1.4790946708261867,0.10076353990489072,1.0
0.6271579201275304,1.6078114534022123,0.16361728648978863,-0.0333272240667038,3.0
-1.7317881813392855,0.05404807917634147,-0.0045932500354450775,-0.011900971806995593,2.0
-1.7317881811698168,0.054052144420157926,-0.004893265650675732,0.046083907593536845,2.0
0.6271579201250104,1.6078111158184965,0.15273798010625744,0.0521549839361366,3.0
0.5435648551230272,-0.9671929399875662,1.3258664822719202,-0.017161410544255677,0.0
-1.7317881808265934,0.0540512365150488,-0.006065773468661944,0.02154505366785508,2.0
0.5435648550910863,-0.9671921848355185,1.334216049205646,-0.02343634941006597,0.0
0.627157919797591,1.607812518504299,0.15677006569981292,-0.018440676978739703,3.0
0.5598736418034016,-0.6925161119043656,-1.4830640881194166,-0.03413746557855546,1.0
-1.73178818098068,0.054051172693915905,-0.01096525804467712,-0.05832044167928375,2.0
0.5598736408605102,-0.6925164129791515,-1.4734860777661754,-0.007237131411893227,1.0
-1.7317881816806784,0.05405057436947826,-0.005952191802591915,-0.046653877670695114,2.0
0.6271579206081399,1.6078125741907223,0.15830790662636438,0.04011828462994579,3.0
0.6271579204869661,1.6078108195012746,0.15403748980132217,0.051573064604551556,3.0
-1.7317881810400395,0.05405228545240523,-0.004540131445279905,0.001931237330010157,2.0
0.5598736412710142,-0.692518538922742,-1.4799274497811536,-0.007013452646945429,1.0
-1.7317881813963467,0.05405105873489595,-0.008594810415505716,-0.008652772769884878,2.0
0.5435648545435292,-0.9671851424286454,1.33739248767075,0.02477652676605119,0.0
0.5435648539648694,-0.9671900238085429,1.3359163329920103,0.013504190176684963,0.0
0.5598736413619673,-0.692516593344971,-1.4804104455067326,-0.022393066072818768,1.0
0.6271579202595076,1.6078132208062965,0.15729223698962902,0.02334259389177523,3.0
-1.7317881815599891,0.05405055241043186,-0.0047711464095688124,-0.010250782162211047,2.0
-1.7317881818466092,0.05405023833127371,-0.005758207050760921,0.11257861932095976,2.0
0.6271579200246598,1.6078119943122604,0.15993410198248792,0.030728760384143967,3.0
0.6271579200116291,1.607811112418104,0.15741753329400235,-0.00323627039902975,3.0
0.5435648550774558,-0.9671880131244357,1.3367125499938404,-0.03396781214847898,0.0
0.6271579196761256,1.6078141324650872,0.15798086949391577,0.017001098533838813,3.0
0.5598736421378124,-0.6925166094226444,-1.46773762829398,0.018903756742269053,1.0
0.5598736410167617,-0.6925148702145567,-1.4741361189608242,0.004867562565431735,1.0
0.6271579195579206,1.6078127887526958,0.15643073994296064,0.021409773637742147,3.0
0.6271579199279972,1.6078116274551866,0.16132749614785474,-0.02125674316542537,3.0
0.5598736417761954,-0.692516440831022,-1.4797059587240753,-0.08087329577890404,1.0
0.5598736411638153,-0.6925170346423333,-1.479813086032879,-0.014325832380567779,1.0
0.6271579202803469,1.6078135330514234,0.1629152913953288,-0.011557934266879644,3.0
0.6271579201464352,1.6078100321906375,0.16396636415363255,-0.0375891881305666,3.0
-1.731788181231169,0.054048581201616576,-0.01187426759023458,-0.0575209834181453,2.0
0.5435648542644856,-0.9671885878457015,1.3317969553382674,-0.01789791605800178,0.0
-1.7317881820068393,0.054051867292461406,-0.001333230598388584,-0.013807924356287814,2.0
0.6271579206379648,1.6078102153028004,0.1646329089310929,0.024670973387398733,3.0
0.627157920009496,1.6078126774091814,0.16133865871477554,-0.016204795025606306,3.0
0.5435648545242537,-0.9671892235778342,1.3316398972885535,0.04134429366967733,0.0
0.5435648544885517,-0.9671891955822325,1.3353156540767162,-0.018378762452825204,0.0
0.6271579198665254,1.6078087506505687,0.1611487916670115,-0.026970460238377496,3.0
0.5435648552151607,-0.9671882397933766,1.3351865625068084,0.0001544080935111421,0.0
0.5598736413761487,-0.6925145386963809,-1.483268374375708,0.021920546507776414,1.0
-1.7317881814904006,0.054051575128082514,-0.007159846827664069,0.00251237928412709,2.0
0.5435648539637868,-0.9671899997840337,1.3339945060841367,0.02311910974930031,0.0
0.5435648551431023,-0.96719065403426,1.3318704222983757,-0.025412335121960745,0.0
-1.731788181160394,0.054046524851247786,-0.006001065004962082,-0.02020646766643764,2.0
0.6271579198205128,1.6078145515160949,0.15597975142154016,-0.047191681204361735,3.0
0.5435648549213979,-0.9671903307361964,1.3249401898957864,-0.012584821232461732,0.0
0.6271579190717186,1.6078141094469613,0.15801890570318475,-0.0014212662873056997,3.0
-1.7317881815201033,0.05404905298020763,-0.010316002228329528,-0.05070490782923492,2.0
-1.7317881815423928,0.05405083367462386,-0.0009610036753851494,-0.022328409285862078,2.0
0.5598736415290272,-0.6925162324587243,-1.4850741176448512,0.013543204784149653,1.0
0.5598736415507268,-0.6925155880662669,-1.477394469067186,-0.03838088497994461,1.0
0.5598736413755712,-0.6925133361845087,-1.4770614105282507,0.02530798504576295,1.0
0.5435648554229343,-0.9671878058142189,1.339132506729213,0.01801452838194107,0.0
0.6271579194301808,1.607809165132708,0.15791763462957484,9.780913690833414e-05,3.0
0.6271579196291208,1.6078124984573738,0.16152188249527796,-0.03252378997639485,3.0
-1.731788181329024,0.05404806546343305,-0.0026936352030449136,-0.010340672403836834,2.0
-1.7317881812259805,0.05404825200870271,-0.008413485911164604,-0.031439639013892816,2.0
0.5598736418921383,-0.6925151208207332,-1.4840028997039005,-0.06576863354500767,1.0
-1.731788181517951,0.054052057173047105,-0.0030080029027713382,-0.030503361062720957,2.0
0.543564855086326,-0.9671896543491025,1.3373537256282055,-0.025693650077949205,0.0
0.5598736421359002,-0.6925166308899605,-1.4774798499234205,-0.03736164378837063,1.0
0.5435648547359545,-0.967186418136541,1.3342299027490092,-0.023751238202176245,0.0
-1.731788181550145,0.05405140091992763,-0.01596455763073431,-0.015057753365112971,2.0
0.5435648550299453,-0.9671888917707466,1.3257911698686569,-0.05199109502104636,0.0
-1.731788180938475,0.05404908132113417,-0.0029830429488101147,-0.026445294648214202,2.0
0.5435648549659466,-0.9671881132056417,1.32754566313164,0.040736105761049565,0.0
-1.731788181107763,0.054050179305803914,-0.0052450544508287344,0.007925806129133713,2.0
-1.7317881818678116,0.05405058100831448,-0.001934578084516242,0.027793098296187715,2.0
-1.7317881814101417,0.0540501244910145,0.00020064271326414394,0.010562097855797196,2.0
0.5435648548734167,-0.9671902152342254,1.3286781482260264,0.017812813104236488,0.0
0.5598736417385499,-0.6925165161497078,-1.4748156521233886,0.022544767714244858,1.0
0.5598736420461966,-0.6925187754212354,-1.4812240721937635,-0.016786202070690807,1.0
-1.7317881814350116,0.05404898463848026,-0.006651972285342606,-0.001420649672768657,2.0
0.5598736416466618,-0.6925144827058046,-1.4855320714884794,-0.05358711990620525,1.0
0.6271579199308871,1.6078115705426468,0.1630353785462224,0.014141857685495984,3.0
-1.7317881809165114,0.054051050331346884,-0.003323628961440713,-0.06421077255466165,2.0
-1.7317881817821756,0.05404994761971816,-0.009127528762544464,-0.006859433643401892,2.0
-1.731788181356968,0.05404748014889709,-0.004781688693026751,-0.013214122146936715,2.0
0.6271579200137961,1.6078112649082814,0.1523246565751281,0.010806835259685088,3.0
0.5435648543173218,-0.9671883497364039,1.3312338305345917,0.032124450378807456,0.0
0.5435648544566878,-0.9671893853123603,1.3335330289021672,0.04361773503494389,0.0
0.5435648550750614,-0.9671929330376704,1.3295422322593249,0.023186128887987573,0.0
0.6271579194067116,1.607809571358718,0.1595963238661452,-0.017627927410715307,3.0
0.6271579197040729,1.6078109392168454,0.1605185897924936,0.038546116756626135,3.0
0.5435648549067911,-0.9671897661283162,1.3368659917031616,0.011577798440308824,0.0
-1.7317881819017127,0.054049758597551845,-0.009334736896252974,-0.05131391173414584,2.0
-1.7317881811318976,0.05405120377731981,0.0016658063641726048,0.006828518947247143,2.0
-1.731788181361527,0.05404832738827455,-0.008314447574999042,0.058194040942165605,2.0
-1.7317881820828824,0.05404800743704548,-0.0037501815321936793,-0.016892695708951525,2.0
0.5598736419222299,-0.6925133438698556,-1.4830836811784427,-0.09288997858811847,1.0
0.6271579205486304,1.6078114212513825,0.1609960011397764,0.004457809682126819,3.0
0.5598736409041699,-0.6925146762839228,-1.4738072028076166,-0.006876959659796536,1.0
0.5435648544276356,-0.9671888929074285,1.328828267205314,0.014496347964067274,0.0
0.6271579201457494,1.6078120385215249,0.16365623631959594,0.07232253722323669,3.0
0.5598736414445664,-0.6925180426750459,-1.4809707656887239,-0.031064458267636562,1.0
-1.7317881817040466,0.054049408382824966,-0.00902544150032359,0.01968269778495371,2.0
0.5435648545370082,-0.9671900899947864,1.3348140275097204,0.07277168643853482,0.0
0.5598736415694258,-0.692521527370967,-1.4787433692214504,0.008214680547155814,1.0
0.5435648550901782,-0.9671892813722591,1.3359711593811083,0.01875572544808851,0.0
0.6271579207111053,1.60781290125247,0.1574834660639858,0.04881548513262427,3.0
0.627157919338012,1.6078105378449083,0.16049252125653354,-0.058481969040068436,3.0
-1.731788181632071,0.05404737047038989,-0.007586384631096853,0.009644433581283725,2.0
0.6271579199261671,1.6078097404294618,0.1610970096830857,-0.013545311879913731,3.0
0.5435648552254356,-0.9671885191520598,1.3332850885463206,0.028590843937483276,0.0
0.5598736411637075,-0.6925178942852295,-1.4788047023368063,-0.047858275122109724,1.0
-1.7317881817239684,0.054051868571572,-0.0008188441244510994,-0.0055757746054119935,2.0
0.6271579198735416,1.607813765641401,0.16060488225675099,0.013307654006520696,3.0
0.5598736410585688,-0.6925159103573886,-1.4785332881028386,-0.04295308877499585,1.0
0.627157919794393,1.6078122868450506,0.16227240567627468,0.00871698264987509,3.0
0.5435648553299232,-0.9671915536952546,1.3324590880650866,0.020126347351400984,0.0
-1.7317881814319855,0.0540484789935172,-0.007188262683599715,-0.04865223649949576,2.0
-1.73178818152581,0.054051659037248255,-0.001855018063302003,0.027614578113323504,2.0
0.5598736416193734,-0.6925150304933326,-1.482467342572066,-0.02108065278555209,1.0
0.5598736416936457,-0.6925150018423949,-1.4828419515366704,-0.03388773439834516,1.0
0.6271579196981755,1.6078113717369438,0.15815734122886357,-0.0015504317132067663,3.0
0.6271579208982208,1.6078110821592417,0.16511446695894189,-0.05589586917246364,3.0
0.6271579201335032,1.6078127033636798,0.16205401114437085,0.06833092617916203,3.0
-1.731788181157172,0.05404942214728513,-0.00810095224148187,0.030911847798714257,2.0
0.6271579200891133,1.6078108216671747,0.15763152308369013,0.04680737732612506,3.0
0.6271579194817861,1.6078117331272817,0.16277556184590325,-0.07233851339274212,3.0
0.5598736410477474,-0.6925159481634361,-1.4853369512075403,-0.040428432777977114,1.0
0.5435648549297049,-0.9671898582218308,1.332695996266212,-0.016465994036593205,0.0
0.5435648546712455,-0.9671899725979217,1.3370313331399843,0.03759007833915298,0.0
0.5598736409863412,-0.6925147833454799,-1.4740669843582836,-0.006835258428486825,1.0
0.5435648544238921,-0.9671883181327379,1.3315029817446153,-0.003010768468737352,0.0
-1.731788181886182,0.05405084146836138,-0.005973648446016581,0.0014917080775889051,2.0
0.5435648548338115,-0.9671924166345606,1.3292895063655181,-0.04168372665633549,0.0
0.627157919830537,1.607810375088612,0.15898558558912695,0.015692868328000886,3.0
-1.7317881822044168,0.05405059516121806,0.0024279540975600004,-0.00045639973047123473,2.0
0.5435648549133465,-0.967190826210306,1.3321162771355353,-0.04691464784956384,0.0
-1.7317881816758467,0.05405203562249586,-0.007308076139694107,-0.06452636823548828,2.0
0.6271579198792074,1.6078088109368989,0.1573994647888574,0.015928577782819114,3.0
0.5435648554254893,-0.9671909357720186,1.3317472551444136,-0.017976935416088663,0.0
0.5598736415233543,-0.6925169452558779,-1.475040192714605,-0.0059586005969998,1.0
0.5435648542460226,-0.9671862934164532,1.3303739299135762,0.00953057665999877,0.0
0.5435648545739581,-0.9671903597631265,1.326550632631185,0.04264035956078376,0.0
-1.731788181786851,0.05404804906597793,-0.00486272060781572,0.0049671253594064275,2.0
0.5435648554349938,-0.9671881214399322,1.3341383194711038,-0.0021148672618517437,0.0
0.5435648549784649,-0.9671909444888405,1.3394908527714873,0.04700682367547292,0.0
0.6271579199799557,1.607813179089963,0.1604004008782804,-0.014542512055943792,3.0
-1.7317881816818117,0.05405209534225548,-0.0001512013389308592,-0.021349691152964485,2.0
0.6271579198018448,1.6078141357230833,0.1575367616015982,-0.0716525656149655,3.0
0.5435648542157469,-0.9671894312240016,1.3264976049702804,-0.026464193832919723,0.0
0.5598736413313611,-0.692515079127327,-1.475744242407105,-0.042090548500017026,1.0
-1.7317881814436304,0.05405139534420179,-0.013516793027668384,-0.008470424358092145,2.0
-1.7317881814973504,0.05405032894319368,-0.006555390053623767,-0.031031838717687575,2.0
-1.7317881811787221,0.054053029609142926,-0.0030186580461035854,-0.07008982911046567,2.0
0.5598736409978873,-0.6925178687249692,-1.4827120525256798,-0.05851432259243731,1.0
0.5598736415545505,-0.6925158123072003,-1.4738420621463295,-0.002243357475981194,1.0
-1.7317881810317537,0.05404915913454607,-0.001905804543323327,-0.028792187817897816,2.0
0.6271579196591464,1.6078081328313274,0.15911032993185567,-0.011851400060490135,3.0
-1.7317881811169171,0.054051605155962384,-0.0021900227895368827,0.017959196414682948,2.0
0.5435648549473959,-0.9671887228646665,1.3339642667276388,0.05804079016412097,0.0
0.5598736416858604,-0.692519769124371,-1.4800935105279556,-0.014723967969971342,1.0
0.559873641187998,-0.6925150205587504,-1.4736491894633765,0.005683194749914993,1.0
0.5598736415838625,-0.6925121219737458,-1.4789255040440858,0.017041086165516146,1.0
-1.7317881821949623,0.054048506346631824,-0.002513636269943899,0.0007858810491253885,2.0
-1.7317881812655296,0.05405227720912499,-0.00443741061499639,-0.02885614428876782,2.0
-1.7317881812198774,0.054048675882545485,-0.002922734569433676,0.02571887876580808,2.0
0.6271579192227629,1.6078104209191235,0.15642959934953088,0.04736009335366091,3.0
0.62715791989563,1.6078095416703786,0.1572696061781375,0.03710380217654434,3.0
0.5598736414827349,-0.692520281141762,-1.4765700335835386,0.034856958155864204,1.0
0.6271579200410792,1.607810697765127,0.1554288011695663,0.013396311115091134,3.0
0.5435648542843929,-0.9671898134183917,1.3329188982485902,-0.017531113889433663,0.0
0.6271579200350744,1.6078154202590857,0.15598786088754885,0.028395331353585275,3.0
0.5598736420041754,-0.6925182858073836,-1.4799199405781789,-0.020300335320091543,1.0
0.5598736414521288,-0.6925147257526371,-1.4754271736205853,-0.04105505732149953,1.0
0.6271579208460637,1.6078124871085728,0.15737138605147163,-0.07970654153904289,3.0
0.5435648549149706,-0.9671910337328885,1.3266073316470466,-0.016844682401329376,0.0
0.5435648547653089,-0.9671914929779295,1.3310052947095985,-0.012789145841376404,0.0
-1.7317881814420204,0.05404672780978336,-0.0029159884842608007,-0.03324578037163948,2.0
-1.7317881811259663,0.05404821981612001,-0.006477555569111594,-0.02047074593651408,2.0
0.54356485460117,-0.9671931733604613,1.3315521745310497,0.007205530271617107,0.0
0.543564854384295,-0.9671884454587141,1.3368003651739744,0.0032413184707896425,0.0
-1.7317881817572112,0.054049311739844064,-0.0068336783303993036,0.029874848893608086,2.0
0.5598736415428619,-0.6925184675091018,-1.4737253608705254,-0.002597549481986191,1.0
0.5435648540917688,-0.9671901457291192,1.3363853834124686,-0.016000504303825942,0.0
-1.731788181448466,0.054051858953605404,-0.007201812174534537,0.016492458617101358,2.0
-1.7317881815866984,0.054051590991889865,-0.006760770481063481,0.009343006616675961,2.0
0.6271579199593017,1.607810506738397,0.15988336828497318,0.04389812557317081,3.0
0.5435648542732348,-0.9671886482908156,1.3349376210061539,-0.012830778928881499,0.0
0.559873641667488,-0.6925164427699453,-1.483993461750234,-0.04190868033290055,1.0
0.5435648547803676,-0.9671901050659804,1.3324405341143002,0.02580358319683218,0.0
-1.7317881810633238,0.05405120928130511,-0.008786281779370346,-0.011846839426803531,2.0
0.627157919599735,1.6078138273944358,0.1637992508281476,-0.017719594907623242,3.0
0.5435648547181606,-0.9671874219817511,1.3359576770651613,0.061307303926116774,0.0
0.5435648550776644,-0.967189421918291,1.3401489356066156,-0.060544972146510084,0.0
0.55987364117363,-0.6925144571549148,-1.4770868371286179,0.018519522390496555,1.0
-1.7317881815972036,0.05405144916572006,-0.005647545929415946,-0.01966622171303285,2.0
0.6271579198703605,1.6078086060879204,0.1571351665513215,0.07714946518823376,3.0
0.5435648545279222,-0.9671908807254649,1.3290550108567076,-0.02313038177171268,0.0
0.5598736418793072,-0.6925138673465938,-1.482693470012014,-0.07266258366177562,1.0
0.543564854692309,-0.9671915490379105,1.330680467610346,0.025806239261724716,0.0
0.5598736417669297,-0.6925159990493996,-1.4736766557290766,-0.017933018831332786,1.0
0.5598736412918588,-0.692514079584226,-1.4847353353634256,0.003776915871457357,1.0
0.5435648546564423,-0.9671910163022343,1.3333481226435326,0.009455029990496772,0.0
0.5435648539201499,-0.9671877021868677,1.331837264301252,0.0010336610202246878,0.0
0.6271579195298698,1.607812278950401,0.15703850889931698,0.06379649826423316,3.0
0.627157920366477,1.6078117289959633,0.1636647355709052,-0.03093920356221732,3.0
0.5598736409475903,-0.6925176995386692,-1.476210974679392,0.03066482029223619,1.0
0.5435648546305158,-0.9671897114907767,1.3308000062350687,0.024118433746485143,0.0
0.627157920439772,1.6078116438310408,0.16225259600242825,-0.0411830283525005,3.0
0.5598736410256986,-0.6925172547483273,-1.4752983419347079,-0.033627120160040644,1.0
-1.7317881811989575,0.0540491639116147,-0.013780908034751656,-0.021912655819062116,2.0
0.6271579196261535,1.6078124846372686,0.16407000816841644,-0.0013670326004002413,3.0
0.5598736411929374,-0.6925162242198865,-1.4784341615811742,-0.042721998879534547,1.0
0.5598736424487183,-0.6925178970988882,-1.4707700859115123,-0.008430005406091706,1.0
0.5435648543099668,-0.9671873430409468,1.3284780413662813,0.04298527079227691,0.0
-1.731788180857626,0.05405232811688933,-0.006285030819009414,0.002625134897979537,2.0
0.5598736404793961,-0.6925143026731363,-1.4738790206925136,0.06710534214896084,1.0
0.5435648546019709,-0.967190995774443,1.3349656218421018,0.013754699800359562,0.0
-1.731788182244023,0.05405087605358563,-0.01039319365098699,0.002788571003892104,2.0
0.5598736420760184,-0.6925170993835502,-1.4761578199669878,0.009606084848838303,1.0
0.559873641712391,-0.6925190495440936,-1.4737751804543016,-0.07964299990883447,1.0
0.5435648549540103,-0.9671892395277313,1.337409151983343,0.006058647416634217,0.0
0.5598736410475219,-0.692516126852391,-1.4857936269384766,-0.03882187711458221,1.0
0.5435648551738309,-0.9671882813146613,1.3331467748293238,0.017780431494866706,0.0
0.5598736413142729,-0.6925159988126471,-1.4807420678252143,-0.011444674348498713,1.0
0.5435648543925808,-0.9671900712035453,1.3261820503776034,0.040871187336186596,0.0
0.5435648544234999,-0.9671899968332643,1.3293233595145382,-0.01271795939385402,0.0
0.559873640854401,-0.6925141246877969,-1.4798545485050045,-0.03060546503312364,1.0
-1.7317881816407623,0.054052054684863196,-0.006992088987694865,-0.056862033831742216,2.0
-1.731788181009751,0.054051697567005216,-0.009309484868257193,-0.015845905678214343,2.0
0.5435648545505144,-0.9671884073413954,1.3290415577921815,-0.004057144265700299,0.0
0.5435648544616885,-0.9671917060260996,1.3301430044254057,0.08093161530018053,0.0
0.5598736411059148,-0.692516825993731,-1.4818333804577455,-0.026287192262061297,1.0
0.6271579193371152,1.607810359726214,0.15754411663274848,0.05095952454512818,3.0
0.6271579201663295,1.6078117865527362,0.16484718073973592,0.025825764543929795,3.0
0.6271579202466405,1.607810949575356,0.15806361941427208,0.03266069174738378,3.0
0.5598736417194845,-0.692518368981988,-1.4822946650515405,-0.07889889107192094,1.0
0.5435648541040935,-0.9671906312159547,1.3319763228220773,0.021338031250612965,0.0
-1.7317881809396576,0.05404809233787777,0.002430469317347117,0.023857794706909987,2.0
0.5435648543118821,-0.9671873430096025,1.3334333713783824,0.05507804439081924,0.0
0.5435648546585072,-0.9671896692997343,1.335211856755072,-0.08149679504698876,0.0
-1.7317881815868514,0.054048272703718966,-0.0020020566920246926,0.00024001570553135924,2.0
-1.7317881816527785,0.054046602435833105,0.0019816096026854424,0.026962692879186404,2.0
0.6271579196958611,1.607811772973768,0.1589212880910309,-0.0009402392589803258,3.0
0.5435648544632894,-0.9671880209051228,1.338677005083543,0.05273309482231801,0.0
0.6271579202688197,1.6078100064876584,0.15896697415894936,-0.0237051085901478,3.0
0.6271579202540453,1.6078112092750176,0.16621916929439398,5.576099168479988e-05,3.0
0.55987364111236,-0.6925134704225305,-1.4825594271545726,0.05087141400755572,1.0
0.5435648539867762,-0.9671898461723163,1.331668560374404,0.01366187997505936,0.0
0.6271579195062673,1.6078126072513488,0.15945239503280811,0.03506916410854358,3.0
0.6271579203031263,1.6078123505163606,0.15981708948766254,0.051593810152053665,3.0
0.559873641237098,-0.6925159797921382,-1.4819311824291148,-0.05046842305632997,1.0
0.5598736406677342,-0.6925180761734718,-1.473479288643745,-0.038496028098817955,1.0
-1.731788181128078,0.054051910021556564,-0.0033436825586800867,-0.025315143907461223,2.0
-1.7317881812881717,0.05405250932480041,-0.003944759639561107,0.0567620255683367,2.0
0.6271579198808914,1.6078133604772566,0.1609843902708256,0.048171387657903075,3.0
0.5598736417831981,-0.6925169456227754,-1.4763099532787654,0.022786018649018355,1.0
0.5435648543565966,-0.9671889660827966,1.335056896132822,0.04839634581532189,0.0
0.5598736413135736,-0.6925144280518666,-1.4760306138212658,-0.018540196201295576,1.0
-1.7317881807761066,0.054048574740523325,-0.0008997183519913151,0.06122192598761125,2.0
-1.7317881812851894,0.054047883119465505,-0.00024044562437776563,0.010392927438887242,2.0
0.5598736417534022,-0.692515792280052,-1.4796498450088524,0.027081965343861317,1.0
0.5598736412834108,-0.6925168362645363,-1.478533771527389,-0.006167252106890249,1.0
0.5598736414342471,-0.6925169678350338,-1.4761404785650196,0.02752278198709404,1.0
-1.7317881820909065,0.054051197988629326,0.0011187311326377027,0.03866412557467789,2.0
0.5598736419388325,-0.6925151567562986,-1.4798263100428843,-0.060843328282386505,1.0
0.6271579203148242,1.6078097906886115,0.16135243693591061,-0.08832196371359977,3.0
-1.7317881819989929,0.05404973812899463,-0.0003242189237005809,-0.05515880148092248,2.0
-1.7317881816233467,0.05404653064325741,-0.0006518446371108599,0.011139973191628735,2.0
-1.7317881815038376,0.05405013924501655,-0.0028732667933444337,-0.026988186441770062,2.0
-1.73178818157366,0.05404940520158544,-0.0035321046792595816,-0.020193460239945938,2.0
0.6271579193363195,1.6078128042820345,0.16233159614756085,0.04340529688791227,3.0
-1.7317881817170366,0.05404990666148079,-0.004259080188649548,0.03897592479158087,2.0
0.5435648546060956,-0.9671886746828836,1.335317588151508,0.02194251128360616,0.0
0.6271579203951131,1.6078120072177116,0.159270478168705,0.004050714270566702,3.0
-1.7317881808259843,0.05405271864093235,-0.0005870817876221182,0.043204718278955244,2.0
0.6271579196548681,1.607809812282756,0.16202994741421015,0.0009653689872275334,3.0
0.5435648553158715,-0.9671908509533919,1.3313094126217453,0.025531572237087775,0.0
0.5598736416362126,-0.6925133935646591,-1.4750051420725812,-0.0033909394549994807,1.0
-1.7317881808440618,0.05404891869752932,-0.005891897758710249,-0.0023506340923606446,2.0
0.627157919870356,1.6078097678661298,0.15846629547294208,-0.0032881843443989156,3.0
-1.7317881811666394,0.05404892905878156,-0.0006775571392196,-0.00877795163581744,2.0
-1.7317881814009366,0.05404969139996436,-0.0028582257997555554,0.008213569544003988,2.0
0.5598736413283765,-0.6925187549554117,-1.4812211484716322,-0.002966747956436171,1.0
0.5435648544773745,-0.9671880633304001,1.3350705086960852,0.010476346181811527,0.0
0.5598736410229375,-0.6925165428107596,-1.4763110886835928,0.002328401296064577,1.0
-1.7317881822094379,0.0540498770716477,-0.010009677980209344,-0.051787724847887205,2.0
0.559873642068507,-0.6925159070775921,-1.4766922455362546,-0.07002007190944201,1.0
-1.7317881815578153,0.05404984412642454,-0.005538106195038114,0.0010899242951972754,2.0
0.5598736407148225,-0.6925162947203438,-1.4801499123815822,-0.02819056889095283,1.0
0.5598736409881844,-0.69251792837968,-1.4829859442857927,-0.0061860161064596995,1.0
0.6271579200412496,1.607810342173182,0.16227933160018448,0.0004379327510513316,3.0
0.5435648540976157,-0.9671904238287709,1.3312808040312971,0.026914323857076643,0.0
-1.7317881811855051,0.05404889882413198,-0.0034100068173666593,0.001376583909395291,2.0
0.5598736413408848,-0.6925146308047998,-1.478682226877482,2.1191590127858863e-05,1.0
0.5435648546446297,-0.9671882239845779,1.334732745605086,-0.018809782819690785,0.0
0.5435648544206747,-0.9671870134325371,1.3331291582634874,-0.029647163387103794,0.0
-1.7317881816361467,0.054052426576078866,0.0025275004530151183,-0.08152773524544035,2.0
-1.7317881815670042,0.05404885601606653,-0.001873922276271719,0.011611213523663459,2.0
0.5435648547350317,-0.9671939195235156,1.334084120995089,-0.046740225033752636,0.0
0.5598736418933364,-0.6925152606031617,-1.4752101276808653,0.005862291292680111,1.0
0.5435648542523187,-0.9671885933722952,1.3310188844720368,-0.031205521286782344,0.0
0.5435648553170543,-0.9671863739909203,1.3282905199834543,-0.027201442895114482,0.0
0.5598736407901075,-0.6925164886732454,-1.4823096109785638,-0.09558590885179905,1.0
0.6271579202874212,1.6078139776678706,0.1567296774332718,0.01961238180622152,3.0
0.5598736414514296,-0.6925139173159142,-1.4767592848771398,0.0736916100695155,1.0
0.5435648546663131,-0.9671916980328346,1.3303781826010723,-0.02492505636784726,0.0
0.5435648553432012,-0.9671872383073629,1.3327565265654675,0.0004107798582947068,0.0
0.5598736418988017,-0.6925158828990339,-1.4824894685378496,-0.012131920907295458,1.0
0.5598736418896241,-0.69251560403431,-1.4822886811513678,-0.02105802806394979,1.0
-1.7317881808549476,0.05405300817239394,-0.010477529339252943,-0.01036050074425035,2.0
0.5435648546000849,-0.9671901622366907,1.338563488476221,-0.017500522969830186,0.0
-1.7317881820039962,0.05405029923337154,-0.004424080548677294,-0.0008426288967683405,2.0
0.6271579200108686,1.6078097125074748,0.15661933151061633,-0.014104490394153114,3.0
0.5598736411267743,-0.6925182196853064,-1.4749357708767317,0.00599692032848136,1.0
0.627157919669171,1.6078102747459497,0.16022907544631423,-0.012738741059144538,3.0
0.6271579200389525,1.607812328758954,0.15235305702658478,0.0015131785618877228,3.0
0.5435648542394781,-0.9671885865801411,1.3254986625482987,-0.039080612064266766,0.0
0.559873641533369,-0.6925160543249004,-1.48569994236923,-0.05770870626082188,1.0
0.6271579201255242,1.6078129611822511,0.16051865431606904,-0.0349375579501318,3.0
0.6271579198455147,1.607813275044539,0.16245573200342756,-0.005008380263433085,3.0
0.5598736410859685,-0.6925164562871386,-1.4801443026802352,-0.01116279529346472,1.0
0.543564855081147,-0.9671888482518451,1.3320936070565246,0.0502047911565202,0.0
-1.7317881811139277,0.05405066171862812,-0.007635660900281616,0.0026501605647229966,2.0
0.6271579192881545,1.6078094635687976,0.15953815570784502,-0.03673479853951754,3.0
0.5435648542504208,-0.9671893284535767,1.3298489833611833,0.05331022686447381,0.0
-1.7317881813826073,0.05405085196574392,-0.003663015664753153,0.02747878667098242,2.0
0.543564854755409,-0.967192424261117,1.3309799983769852,0.05744195623935316,0.0
0.5598736414559674,-0.6925182388784047,-1.4757320076988805,-0.011083449469041863,1.0
0.5598736415679659,-0.6925134202144733,-1.4770007550484556,-0.0247048553401337,1.0
0.6271579197495233,1.6078083879047966,0.16084300791696435,0.045213546374795986,3.0
-1.731788182421712,0.0540486005919679,-0.010593656758520913,0.018017694419794065,2.0
0.6271579199148953,1.6078123272278193,0.1589758239417403,-0.05187584208565124,3.0
0.5435648547750344,-0.9671907097653981,1.3336211505698243,-0.011835460715505485,0.0
0.5598736419530151,-0.69251359713405,-1.4784750862551606,-0.05247115390752546,1.0
0.6271579197690715,1.607811616636157,0.165089382398039,-0.008984735612856514,3.0
0.5598736413458686,-0.6925144081987148,-1.4787819348173614,0.043301156477392744,1.0
-1.7317881817851042,0.05404905667985158,-0.0012776073094307896,0.0032241520123120464,2.0
0.6271579208350615,1.607810110966635,0.16120270696417965,0.020809924624984415,3.0
-1.7317881813477134,0.054049977514574445,-0.006482790889638262,0.01583536982815918,2.0
0.5435648542410981,-0.967187258945543,1.333764504650524,0.023137322839902125,0.0
0.5598736411847018,-0.6925170585101827,-1.485915305655635,0.03575496174500197,1.0
0.6271579195395254,1.6078122764380514,0.15571089341156683,0.013984228558019063,3.0
0.5598736414410491,-0.6925168819023608,-1.4787048835306438,0.03209477662910747,1.0
0.6271579204821717,1.6078105440308967,0.16046479458846497,-0.02216014579784471,3.0
0.6271579198533807,1.6078117750781948,0.15651384113813377,0.0007350624688332877,3.0
0.6271579193727737,1.6078146347106426,0.16612935278106636,-0.020191303125717302,3.0
0.5598736414271559,-0.692515120408616,-1.4802469324538738,-0.029536877255007005,1.0
0.5598736421390779,-0.6925185710156463,-1.4782282583746984,0.02125720423406788,1.0
0.6271579197997939,1.6078127298087015,0.16082532852423023,0.008120786983289198,3.0
0.5435648548690352,-0.9671902654673645,1.334324216206862,0.07240749932303527,0.0
0.5435648553871828,-0.9671900097240751,1.33226446295054,0.07907885703687839,0.0
0.5598736409965698,-0.6925176727061995,-1.4793947203131976,-0.019766244644999664,1.0
0.6271579194700679,1.6078107099009942,0.1550297019143397,0.0033145699476722916,3.0
0.6271579200149078,1.6078103106635144,0.15765102933258598,-0.027075776352471645,3.0
0.6271579204145378,1.607809507055566,0.1661334633604107,0.004235145482122476,3.0
0.5598736412841638,-0.6925189115145876,-1.4766274490836122,-0.02683442980270341,1.0
-1.7317881818093377,0.05404903522093853,-0.006173028731899555,0.019289611838093624,2.0
0.5598736415186798,-0.6925185243615918,-1.4790216067832829,-0.060659072923927526,1.0
0.6271579204903759,1.6078111913764117,0.14858705977329814,-0.009198844334859027,3.0
0.6271579194886342,1.6078107869357756,0.15307400363008383,0.002501048863423223,3.0
0.5598736416188435,-0.6925165833229848,-1.4745287857119562,0.03862812907382388,1.0
0.5435648552229178,-0.9671883535141304,1.3271577913947066,0.012968448468485888,0.0
0.5598736416606003,-0.692517031232811,-1.480359698519085,0.014755496327029988,1.0
0.5598736422758205,-0.6925152199300497,-1.4891057622684738,-0.09044877397445157,1.0
0.5435648552026594,-0.967188461437495,1.332896962016848,-0.033375274602389954,0.0
0.5435648554505426,-0.9671866630608428,1.3302295377819435,0.02043927342597912,0.0
0.6271579199071904,1.6078095006243402,0.16337141227031704,0.032209029181230565,3.0
-1.7317881812405094,0.054050871232851634,-0.005427789344896783,0.027851150210070005,2.0
0.5435648549268867,-0.96719037870238,1.335352950719615,0.023271030043952114,0.0
0.6271579201058183,1.607811903473283,0.15894164040329656,-0.035821376176430816,3.0
0.5598736417152809,-0.6925171718634902,-1.480331340675321,0.008433197621452717,1.0
0.5598736412495691,-0.6925160122107739,-1.476596226868147,-0.01962163610694942,1.0
0.6271579204872745,1.607811917812318,0.15020993446400238,-0.052954136755466265,3.0
-1.731788181703477,0.054051426393447316,-0.004647372534929636,0.058782442302571576,2.0
-1.731788181250128,0.05404854672476356,-0.010294122587227297,0.025113324977532582,2.0
0.6271579200787106,1.6078139886979577,0.16012015556852277,0.006706460230035265,3.0
0.6271579196276512,1.6078130594777742,0.1546831531702779,0.008377083463068235,3.0
0.6271579193689937,1.6078118136791866,0.1544983435585824,-0.04778888590149201,3.0
0.5598736417211368,-0.6925160854729961,-1.4768467200656161,-0.010635198042734611,1.0
-1.731788180627712,0.05404516100789091,-0.004003074256520593,-0.012265698062355982,2.0
0.5435648546255801,-0.9671874871009875,1.333063069307023,-0.04839482428015332,0.0
0.5598736417837841,-0.6925168908061903,-1.476247413231794,0.0010752258209017187,1.0
0.5435648542229105,-0.9671918071210316,1.3393002525439552,0.0687806374209115,0.0
0.5435648550093237,-0.9671908480546888,1.3380093795943493,0.006677320550215469,0.0
-1.7317881815989955,0.05405016253597157,-0.011782657470315115,-0.014046255115493268,2.0
0.5435648545150046,-0.9671916222921301,1.3393731713865908,0.00638951354544126,0.0
0.543564854409377,-0.9671879143595397,1.3249293485420193,-0.003927593056593265,0.0
0.54356485498541,-0.9671867062348807,1.3285479286520165,-0.04592671032380704,0.0
0.5598736420581123,-0.6925178593489333,-1.4763945202121478,0.05376156798646106,1.0
-1.7317881817895573,0.05404689286715618,-0.002698796066364279,0.01884245167828745,2.0
0.5598736412089481,-0.6925154406589014,-1.4768413863111234,-0.004527135106155082,1.0
0.5435648548339078,-0.9671852362526461,1.3320522339531295,-0.04522972257226686,0.0
0.5598736420208397,-0.6925169126828884,-1.4783395658809115,0.04865314162742142,1.0
-1.73178818169162,0.05404717411157017,-0.0026811406515942727,0.025091037167118378,2.0
-1.731788181739402,0.054053681862996514,-0.002549703626444005,0.012804646191074447,2.0
0.6271579197005146,1.6078127580600994,0.16360708588886344,-0.034049006817971426,3.0
0.6271579207487777,1.6078129490237443,0.15894153946149095,-0.00822772516201985,3.0
-1.7317881818510032,0.054050850962983246,-0.003144378995104153,0.054426917700426194,2.0
0.6271579187475405,1.607811627636656,0.16081745023210636,0.03847171314798035,3.0
-1.7317881811843219,0.05404994948748264,-0.0009647319663905674,0.02936704620533872,2.0
0.5435648544481931,-0.9671872814832977,1.332661949137938,-0.01193252340031884,0.0
-1.7317881812251905,0.05405046321254749,-0.0016957678806021666,-0.03412446906446945,2.0
0.5598736414028803,-0.6925154032267159,-1.477820368465359,-0.07278045601796952,1.0
0.5598736418430225,-0.6925167940439845,-1.4788296863378625,-0.0365601137073411,1.0
0.6271579192496979,1.6078132386788078,0.15915631999129654,0.00968796271896445,3.0
0.6271579200317882,1.6078104062447718,0.16013008368695575,-0.0031818631301717857,3.0
0.5435648547847393,-0.9671888208058068,1.3226505073465462,0.04997754319989124,0.0
0.5435648559691173,-0.9671895599681085,1.3376754988095627,-0.009826473044486217,0.0
-1.7317881810895739,0.05405057098281513,-0.011689495201925764,0.0367051799484822,2.0
0.5598736406003961,-0.6925150325704448,-1.4764397571687655,0.042782371595358706,1.0
0.5435648549385208,-0.9671887800744791,1.3359885784943433,-0.012808107810651108,0.0
0.5598736418776218,-0.6925150756485955,-1.4783663628467314,0.004192668112816632,1.0
-1.7317881814952567,0.05405223446681845,-0.006882040011725746,0.0014376368122949615,2.0
-1.7317881814561111,0.054050028141580005,-0.008479248984206577,-0.016841194080108503,2.0
-1.7317881813783642,0.054049896029483784,-0.00438751883272652,-0.0420454090367039,2.0
0.62715791995061,1.6078112918181486,0.15858597037291333,0.03577833133242661,3.0
0.6271579200938001,1.607808936500806,0.15612784569289248,0.00013625277924589362,3.0
0.559873640776451,-0.6925153151779329,-1.483247877788866,0.009851778548272355,1.0
0.6271579194497234,1.607812643356264,0.16237749283521852,-0.0360716905258403,3.0
0.6271579197741945,1.6078140968340635,0.16171401183729672,-0.015166670082919316,3.0
0.6271579194194278,1.6078156088515707,0.1575671589111624,-0.004537865156231472,3.0
0.6271579195601987,1.607814910271256,0.1588157518879712,0.08636736800691638,3.0
0.5598736416729492,-0.6925155341447369,-1.479767243141614,-0.004997096683831395,1.0
-1.73178818124074,0.05404756885121566,-0.004684083941837045,-0.0007552310569911248,2.0
-1.7317881817691507,0.054050759532326374,-0.0009001061268763322,0.03396886160702122,2.0
0.5598736411969796,-0.6925178823567033,-1.482192945669681,-0.04479198485111646,1.0
0.6271579197453381,1.6078101891315417,0.15673314313611972,-0.022674922229689504,3.0
0.559873641786923,-0.6925189792499,-1.4767511812714105,0.013653576465446213,1.0
0.6271579198155853,1.6078105311302495,0.1637937764672505,0.0005028751646797678,3.0
0.6271579190952689,1.6078113137961656,0.15824272429396033,-0.050404680482192044,3.0
0.5598736404412329,-0.6925149723372009,-1.4863379343999128,-0.016332214075666707,1.0
0.5435648543632114,-0.9671880411236327,1.3303623891853054,-0.0021458733192156487,0.0
0.5435648538946212,-0.9671869731805438,1.328855166178838,-0.023793422067541987,0.0
0.5435648548363011,-0.9671892682686769,1.3281190131778957,-0.05053865861721359,0.0
0.5598736412152909,-0.6925161912107218,-1.4764102834897592,0.01649725726930546,1.0
0.5435648544225603,-0.9671884846530826,1.3319446773439128,0.07353531599642409,0.0
0.5598736423795129,-0.6925130391174394,-1.4760201975744218,-0.03302145500628016,1.0
0.5435648552948806,-0.9671872435689933,1.3351148294475403,0.0005740097084048388,0.0
-1.7317881817701752,0.05404801610273982,-0.00322372423421042,-0.05524675497415774,2.0
0.6271579197668213,1.6078090477256572,0.1590162204825699,0.005684934545928967,3.0
0.5598736417296232,-0.6925164222516237,-1.481190983061351,0.010584028377418534,1.0
0.5598736417413158,-0.6925133910503173,-1.4842334257416494,-0.04196809761807525,1.0
0.6271579198251185,1.6078098471011433,0.15953597984314122,0.009915345542443369,3.0
0.6271579198777183,1.6078103470806875,0.1520511132976009,0.04244316755395874,3.0
0.5435648549749527,-0.9671904410465354,1.3296230905320183,0.03666485530438445,0.0
0.6271579196978231,1.6078142752679732,0.15493009908094565,0.0034990642188530347,3.0
0.6271579197902315,1.607810694948018,0.16238428042039058,-0.01629761406553885,3.0
0.6271579200949764,1.6078092551627876,0.15370375323434468,0.018886783412827055,3.0
0.627157920148248,1.6078141126710077,0.1633210559609005,0.020663373799699302,3.0
0.5598736413530645,-0.6925148549437748,-1.4816234653384752,0.012609552626029997,1.0
0.5435648546860853,-0.9671876641580296,1.3271744772768233,-0.01852456043462416,0.0
0.5598736421522473,-0.6925155562984934,-1.4775707281956607,0.026316083024893466,1.0
0.6271579196597599,1.6078116021505027,0.16177225686549762,0.03775768872746259,3.0
0.6271579200639562,1.6078104970706055,0.16113078799635655,0.06535853916474434,3.0
0.5435648547249751,-0.9671909671933228,1.3309444952022933,-0.017035249339710554,0.0
0.5435648544063874,-0.9671875251774106,1.3365100884639063,0.007108308810572927,0.0
0.6271579200010193,1.60781076691867,0.1601698480002713,-0.04748810550338404,3.0
0.6271579201065559,1.6078127639297934,0.15963816699417843,0.05071764846185475,3.0
0.559873640959914,-0.6925138954231034,-1.4827206268114934,0.002781765872464986,1.0
0.5435648547509077,-0.9671901384056364,1.337085226904436,0.032199351955002835,0.0
0.5598736416279266,-0.6925136233235402,-1.4741044507630345,-0.03319168581466128,1.0
-1.7317881818302714,0.05404828603105449,-0.004052519471214056,0.009226220392075678,2.0
-1.731788181340918,0.05405232205098058,-0.009296789159640637,0.09171089800865245,2.0
0.6271579200007151,1.6078113194102543,0.15914106467684863,0.012715950608463575,3.0
0.5435648550108418,-0.96718920219555,1.330832134934429,-0.017986064482318327,0.0
0.5598736410697529,-0.6925147955272672,-1.4761305464473644,-0.02490978899506137,1.0
0.5435648549766732,-0.9671889935854046,1.3258225100568712,0.04738121440276109,0.0
0.5435648539386376,-0.9671897383308724,1.331385819211143,0.06739779878574084,0.0
0.5435648550885218,-0.9671905073428765,1.3364726876637762,0.050027678293964546,0.0
0.5435648548153549,-0.967190529139893,1.3310391624643292,0.021140574643082315,0.0
-1.7317881813561187,0.05404947274429328,-0.0033925231041269733,0.007094779243254641,2.0
0.5435648551591963,-0.967189879881835,1.3359672158317537,0.014483023720512352,0.0
0.5598736412956529,-0.6925157346529686,-1.4785556542299716,-0.06326598253642365,1.0
0.5598736419998164,-0.6925157929117227,-1.476779074620656,-0.03359395145651768,1.0
0.6271579200827252,1.6078145658055105,0.16262703432003262,-0.06722209773100395,3.0
0.5435648549029428,-0.9671920647372502,1.340416283994938,0.011387761479188777,0.0
0.6271579201175627,1.607810721219124,0.1619612686910879,-0.010741646456891667,3.0
0.6271579194215691,1.6078111521607297,0.15574992810840826,-0.027466376053781414,3.0
-1.731788180945319,0.05405094593133626,-0.004749815507606356,0.040103272397671454,2.0
0.627157920358676,1.6078095114785593,0.15682720621057922,-0.0024035956047323017,3.0
-1.7317881814011882,0.05405166312180329,0.0005903439155695145,0.044197196737850254,2.0
-1.731788181209124,0.05405297642168048,-0.0056487889413822465,-0.05321979117466556,2.0
0.6271579198776323,1.6078123378698483,0.1627726675888815,-0.012161078319110188,3.0
0.5435648538554987,-0.9671909541777045,1.3339144601333335,-0.027829297248218247,0.0
-1.7317881816734457,0.054047995397259414,-0.009669142784143258,-0.026959271459992384,2.0
0.5598736417017538,-0.6925158047691778,-1.47518494002814,-0.01002566076936266,1.0
0.543564854113791,-0.9671923072026515,1.3361667985522407,0.017819606389750584,0.0
0.5598736420422036,-0.6925161665158084,-1.4762607120538402,0.006431496151912078,1.0
0.5435648545178804,-0.9671892222578623,1.3269463040670872,-0.039678417823972315,0.0
0.543564854492217,-0.9671880958293028,1.3318422462362511,-0.013152091269049159,0.0
0.5598736417304498,-0.6925177465560006,-1.4844552530897694,-0.0014567095839635774,1.0
0.5598736410594494,-0.6925159364206921,-1.4805248440781795,-0.01794297989702427,1.0
0.6271579206186646,1.6078106047005758,0.15969475488163623,-0.038130570520144555,3.0
0.5435648551590737,-0.9671920686664018,1.3400297304869497,0.0026186790692716766,0.0
-1.7317881814835707,0.05404767736830301,-0.006686639048519026,0.021359524598293572,2.0
0.5435648548835549,-0.9671872395373232,1.3368110685089978,0.020876421686604467,0.0
0.627157920620739,1.607812285227727,0.16057725490173164,-0.024060171216393922,3.0
-1.7317881814484273,0.054050805673630326,-0.001254347583698414,-0.06124477248053367,2.0
0.55987364151425,-0.6925175180758526,-1.4730360381441336,-0.040169341670510735,1.0
-1.731788181420687,0.0540500729744059,-0.0012051694277070257,0.013487796478284518,2.0
0.6271579196811201,1.6078090268980316,0.16429408208244073,-0.03263577141978043,3.0
0.5435648549999179,-0.9671883172480548,1.337528742463287,0.018554801608130517,0.0
0.6271579199101023,1.6078106307898774,0.1571954678055344,-0.006130424455718765,3.0
-1.731788181491061,0.05405047785988495,-0.010678880539838814,-0.023371629803238297,2.0
0.5598736411584264,-0.6925157567026057,-1.477998921865121,0.006231862149621629,1.0
0.5435648549759755,-0.9671913301594385,1.3292769620758231,-0.048413875944842824,0.0
-1.7317881810448479,0.05405001110041266,-0.002308663884861412,-0.003490628887792552,2.0
0.5435648544260573,-0.9671899591218873,1.3335158504515108,0.017930509466027703,0.0
0.5435648550193058,-0.9671889013818717,1.3271567958318586,0.0018672153756099353,0.0
0.5598736411781058,-0.6925180665255677,-1.4746829429556958,0.021487163271340162,1.0
-1.7317881808194626,0.05404829501176006,-0.00021380334240022608,0.016384709265364304,2.0
0.5598736415882939,-0.6925170743299697,-1.4816672955455903,-0.027426220072961298,1.0
0.5435648544784184,-0.9671889630549012,1.33386298160993,0.05866743295907713,0.0
0.5435648551171264,-0.9671911407929423,1.3328933277600068,0.11431421680380496,0.0
0.5435648558390855,-0.9671895769491567,1.3282067966706719,-0.021987329792613076,0.0
0.6271579203382125,1.6078142537061864,0.15865406198904733,0.014231765200160507,3.0
0.5435648544446834,-0.9671889159932306,1.3296214903997994,0.005209309049418201,0.0
0.5598736405707211,-0.692516549279333,-1.478437620400248,-0.05163562346998264,1.0
0.5598736415335636,-0.6925154659017961,-1.4821472638873292,-0.002874242596621466,1.0
0.5435648546642584,-0.9671885893008846,1.3312510150154266,0.026905904816621848,0.0
0.6271579199684255,1.607813380418799,0.1660630626144903,-0.02117238519412647,3.0
0.5598736414605429,-0.6925134549891883,-1.4796294258104936,0.043676119662257686,1.0
0.5598736423350513,-0.6925152749688537,-1.4717967714652462,0.029610965842030462,1.0
-1.7317881810728144,0.054051431501987365,-0.0016539381110459662,-0.017209360967704243,2.0
-1.7317881816578473,0.05405033233388531,-0.010966637915139596,0.0011983997274714682,2.0
0.5435648557657184,-0.9671895368598198,1.333445596290889,-0.028668595890328944,0.0
0.6271579199690478,1.6078110289477907,0.1572682073884743,-0.0029576630180286993,3.0
0.6271579193926903,1.607811511811765,0.15969003048850183,0.0238356838578325,3.0
0.5435648547721876,-0.9671886672875009,1.3345924428520375,-0.11279146972337194,0.0
0.5598736414021475,-0.6925172789345208,-1.4782849560268008,-0.03227037119259994,1.0
-1.7317881815536318,0.0540534079492575,-0.006301579427997804,-0.06256960493723068,2.0
0.6271579200117081,1.6078077774492003,0.1652500846455448,-0.005454884586891099,3.0
0.5598736413120594,-0.6925157736246379,-1.483117418730784,-0.0674911450759234,1.0
0.5435648551900816,-0.9671884595525099,1.334727971602463,0.028248267585996193,0.0
0.6271579202187487,1.6078113260301083,0.16004656150841853,-0.02432661444852521,3.0
0.6271579205264474,1.6078117186782328,0.16383560441760434,-0.04809514286685926,3.0
-1.7317881818594576,0.05405109082960166,-0.0004967826286988057,-0.0474634414568007,2.0
0.5435648552980211,-0.9671879458027006,1.335688658901145,-0.06852700287791992,0.0
0.5598736412269391,-0.6925147320702367,-1.4806953364020317,-0.0116258638720787,1.0
0.5598736411924008,-0.6925158300902478,-1.482820201667815,-0.002484337975813952,1.0
0.6271579194213756,1.6078092972562454,0.15583398920221805,0.004245027678232386,3.0
0.6271579205022719,1.6078087481663204,0.16423855210630053,0.05625636577863309,3.0
0.5435648553765554,-0.9671897365974997,1.3343689961370258,0.0861838942946434,0.0
0.5598736410930244,-0.6925164565280209,-1.471455582609097,-0.06396131090612846,1.0
0.5435648543775052,-0.9671898722930078,1.3325421274866844,0.036924944707759366,0.0
0.5598736413570355,-0.6925183190633791,-1.4834805950727503,-0.02362702457529832,1.0
0.5598736415044768,-0.6925145065003037,-1.4793881153506998,-0.05233900557061676,1.0
0.559873641700539,-0.6925172435588947,-1.4773058257333216,0.0023366429718208355,1.0
0.5435648549422379,-0.9671939539143711,1.3288256258610456,-0.013492495961068577,0.0
0.5598736418187142,-0.6925171156333284,-1.4812217420344231,0.02637776536962137,1.0
0.6271579199443166,1.607810915798918,0.1628777244244161,0.031205183227097467,3.0
0.5598736412623044,-0.6925149352119035,-1.4783115930670343,-0.01380469851283996,1.0
0.5598736417455871,-0.6925165096203137,-1.4783492543328318,0.005334433142337976,1.0
-1.7317881816642224,0.05405065378988188,-0.0030041861435140013,-0.03925502664971981,2.0
0.5435648546433764,-0.9671924015994843,1.328997589828312,-0.06660676733938806,0.0
0.5435648550093263,-0.9671863354421462,1.3314070443465538,-0.013185863476321691,0.0
0.5598736410531955,-0.6925156414263147,-1.4805873375536611,0.008456350856939781,1.0
-1.731788181155464,0.05404976671032504,-0.006145232114219624,-0.006170084777789999,2.0
0.6271579201062808,1.6078117938341656,0.15880365256291687,0.05881520955494397,3.0
0.5435648544655705,-0.9671902634551086,1.3309943277623053,-0.01677524894913149,0.0
0.5435648541738078,-0.9671928448532467,1.3314271271347475,-0.06786832205429613,0.0
0.5435648553679661,-0.9671887625561273,1.3342457461346862,-0.01106639961881403,0.0
0.5598736412994686,-0.6925171464438853,-1.4791002192688514,0.03647728800009673,1.0
0.6271579196105814,1.607813303386366,0.1488139192933805,-0.0010683544571443943,3.0
-1.7317881807187623,0.05405023234841669,-0.0038978514645715266,0.04005916203353032,2.0
0.6271579200253408,1.607809280710545,0.15727917997486474,-0.02847936190713842,3.0
0.5435648549117198,-0.9671896666404824,1.3367707552946464,0.018603582579408844,0.0
0.5598736416830276,-0.6925177872586554,-1.4858892867774873,-0.017370819638107965,1.0
-1.731788181240862,0.05405063309946065,-0.004111399934000973,0.032436672013706626,2.0
0.6271579196722817,1.6078112728834275,0.15964026404355566,-0.05955987357876587,3.0
0.6271579193854168,1.6078099887048067,0.1543109460887568,-0.018983199726221096,3.0
0.559873641332793,-0.6925141238776062,-1.4814409006780607,0.02364401696851573,1.0
0.5598736422682499,-0.6925181200961517,-1.4865138448827109,-0.006741866396384014,1.0
-1.7317881817210314,0.054048273118107865,-0.008272922699235827,0.025733287998108142,2.0
-1.7317881817072875,0.054047667041271515,0.0006432821829765584,-0.023549391731744085,2.0
-1.7317881818278604,0.054049926379815115,-0.006559813475219604,0.06339717733946013,2.0
0.5598736412246904,-0.6925145659760116,-1.4806933985108592,-0.024177207954062155,1.0
0.5598736415939353,-0.6925181944744377,-1.4782306916210037,0.037913245711615494,1.0
0.5598736411334222,-0.6925147021780431,-1.477127445725876,-0.029080448826640584,1.0
0.5435648547999435,-0.9671903904330936,1.3297022663958924,0.06747954806391622,0.0
-1.7317881812669205,0.05405110431810752,-0.007653818934057763,-0.061147245484121225,2.0
0.5598736417161672,-0.6925153870053185,-1.478611568942332,0.022682614183336853,1.0
-1.7317881815750396,0.054049621142296785,-0.005959137972529924,0.016506262102144478,2.0
0.627157920073948,1.607813222030992,0.15555626150675814,0.04563721718050228,3.0
-1.7317881815336897,0.054051604819775105,-0.0001359388282445346,-0.04549737497554662,2.0
-1.7317881818311207,0.05405173355255632,-0.0010068034551773152,0.00883016696892894,2.0
0.543564854727459,-0.9671895936082168,1.3370107143515715,0.012381219095340082,0.0
0.5598736422169456,-0.6925169832134633,-1.4805270783437126,-0.05561260021866716,1.0
0.5598736418712241,-0.6925147947841355,-1.4704829127188515,-0.02045165637765374,1.0
-1.7317881818861343,0.05404908443731168,-0.0024266886826941536,0.06470457188220542,2.0
0.543564855120523,-0.9671899886270439,1.3294407063008844,-0.03887625973003224,0.0
0.62715791954698,1.6078106080566859,0.16214254489409205,0.018682026606432207,3.0
0.5435648543091572,-0.96718646227185,1.3315452839685906,0.004229130296178347,0.0
0.6271579189938676,1.6078127548874293,0.1636773649788573,-0.019820690425714264,3.0
0.5598736420951391,-0.6925157471470926,-1.4726299523769546,-0.05870937262002673,1.0
0.559873642016594,-0.6925175155545896,-1.4742699955875038,0.039204178455233545,1.0
-1.7317881808277689,0.05404929091783349,-0.009079276972105975,-0.06355933657537276,2.0
-1.7317881822268624,0.05404937698811849,-0.013000697717166913,-0.030717433906806674,2.0
0.5598736418512508,-0.6925158355332778,-1.4763154697509508,-0.06858606355817017,1.0
0.5435648549260853,-0.9671913026629194,1.331347876247835,0.02928927346424463,0.0
-1.73178818143141,0.05405123905234439,-0.0005332887040406719,-0.020519947868685467,2.0
0.6271579200738244,1.6078138981662475,0.15777070821596037,0.02516932016761567,3.0
0.5435648541414857,-0.9671887293989531,1.338232076425851,-0.0021957577635738834,0.0
0.5435648557082005,-0.9671907777735227,1.3293051699982397,-0.0067598687852004884,0.0
-1.7317881819238214,0.054049400878654306,-0.009547980438938562,-0.006489350995621197,2.0
0.5435648547962298,-0.9671882976530132,1.3369434053228497,-0.008825976315691843,0.0
0.6271579200221195,1.6078091700551933,0.1628612976098407,0.015540970553666617,3.0
-1.7317881819909868,0.0540473909574216,-0.006424779059230226,0.05541740785729054,2.0
0.5435648546698353,-0.9671909464457541,1.332410929723665,-0.010902003961245287,0.0
0.6271579201996726,1.6078144127855776,0.16012831057846977,-0.03289525316114081,3.0
0.559873641496999,-0.692517419970399,-1.475699316021191,-0.0187452408557272,1.0
0.5598736404913844,-0.6925155791152289,-1.4772106711977602,-0.02376680241233379,1.0
0.6271579205852645,1.607811362439532,0.1688265181693058,-0.0812555537663613,3.0
-1.7317881816338077,0.054051663974546145,-0.005116569757760735,-0.01199628239395809,2.0
-1.7317881813717146,0.0540501002114239,-0.007350982869678921,0.032257107019918234,2.0
0.6271579203630832,1.607810727244181,0.1659281387394016,-0.047444188982616105,3.0
-1.7317881815609364,0.05405109937387954,-0.00564437068378002,-0.0066934167322713,2.0
0.627157919370891,1.6078124690664235,0.16325897145419688,0.04420193848654722,3.0
0.5598736415043511,-0.692513802365752,-1.477985216926369,-0.06533151969293001,1.0
0.5435648544817987,-0.967190560877953,1.3386061146007633,0.0197118394991062,0.0
0.5435648547360461,-0.9671904743955911,1.3227577062141067,0.01433742974777685,0.0
0.5598736412541674,-0.6925162953632606,-1.4799210942848335,0.03200881871920343,1.0
-1.7317881815818341,0.05404969407955518,0.003461250904307122,-0.015206897385622604,2.0
0.6271579197932644,1.6078108093422314,0.15781344768856287,0.033942211215331364,3.0
0.5598736412768597,-0.6925175534505588,-1.4810897503342593,0.00026214313132877376,1.0
0.627157919321561,1.6078102609795755,0.15908396637746378,-0.07562338918264255,3.0
0.6271579206698641,1.6078126762861304,0.16090361360969477,-0.016160433395506275,3.0
0.6271579201495482,1.6078118007039366,0.15849182901990505,-0.0033352493721505575,3.0
0.543564854661913,-0.9671880203376002,1.3377978261703676,0.025415127462003893,0.0
0.5598736416116317,-0.6925147776175792,-1.487827108542416,-0.018042871818618775,1.0
0.5598736422362863,-0.6925164174485163,-1.4862578568326674,0.010859264230958303,1.0
-1.73178818131334,0.05404770166083827,-0.006813892903048542,0.00970313817518745,2.0
0.5598736410926597,-0.6925154517955272,-1.4742108601114212,0.002223395297316956,1.0
0.6271579195428281,1.6078144449107534,0.16393907641186187,-0.07814141665596475,3.0
0.5435648547158427,-0.9671873311776228,1.3254052731715817,-0.006875166811874435,0.0
0.6271579194472885,1.6078093714956856,0.15531108717496017,-0.04017957539652075,3.0
0.5598736418065173,-0.6925140752027301,-1.4733460603030033,-0.05329332623671696,1.0
-1.7317881820889944,0.05404698410988521,0.000341976007760755,-0.02779138725882647,2.0
0.6271579194454724,1.607809382460768,0.1586130880773364,0.04600515162033397,3.0
0.6271579202848376,1.607813509218078,0.17182629898603566,0.04036708748354578,3.0
0.6271579199511962,1.607813866362533,0.16180890574622223,-0.0534493339415406,3.0
-1.731788180933575,0.05405173527579987,-0.008377128727301746,0.05245035006337204,2.0
0.5598736412040074,-0.6925151388619947,-1.4754935768298085,0.04834097983351832,1.0
0.5598736416827411,-0.6925168017020024,-1.4743908129304095,-0.051367301097615725,1.0
0.5598736409235058,-0.6925150087948301,-1.4783237402513703,0.010270586756328238,1.0
0.543564854466562,-0.9671905563441495,1.326822768408868,0.03853805596382292,0.0
0.543564855101509,-0.9671906234505913,1.3339831775666988,-0.008814042337708859,0.0
0.5598736418199144,-0.6925155773368138,-1.4688908978883346,-0.024895376009581218,1.0
0.5435648536620676,-0.9671875003125388,1.3304074059530775,0.03096895388248646,0.0
0.6271579193837968,1.6078081553987467,0.15435183997656068,-0.010959357080865508,3.0
0.54356485463938,-0.9671883101400907,1.333746035866341,0.01952037250957393,0.0
0.5435648550657632,-0.9671887974980979,1.3406212496707017,0.0011091562622360398,0.0
0.627157920225071,1.6078110163806445,0.161814509234335,0.01515598027361379,3.0
0.5435648547859837,-0.9671887280903368,1.3295578390246787,-0.026207969610477538,0.0
0.5435648549905421,-0.9671898853767116,1.3357654844389455,-0.027419855086513793,0.0
-1.7317881816168148,0.05405253382153171,-0.0021553130498277533,-0.03510175591969919,2.0
0.5598736412986048,-0.6925138710078116,-1.4751929184641204,-0.09384290437369842,1.0
0.559873641187481,-0.692517478873267,-1.4829581850495737,0.016054058152827864,1.0
0.6271579193931658,1.6078136059977697,0.16281373852900985,0.036097132103933456,3.0
-1.7317881814031024,0.05405000046724662,-0.0034083920213251006,-0.04692281677668863,2.0
0.5598736414824438,-0.6925182169514807,-1.4762810009426888,-0.05625655619124827,1.0
0.5598736412847951,-0.6925160265111273,-1.4758311845188208,0.011802966986360616,1.0
0.6271579199621103,1.607810425909954,0.16480801604130393,0.048558641527762424,3.0
0.6271579197354347,1.6078115369155646,0.16109179440064283,0.0005380021396082505,3.0
-1.7317881811298352,0.054050743944943275,0.00143616344220373,0.06035266276880445,2.0
0.5435648546384058,-0.9671919522769181,1.3340557588771398,0.001438833479563506,0.0
0.5598736414471686,-0.6925181628906575,-1.482874445725446,0.00013656607783117967,1.0
-1.731788182242874,0.05404704975494186,-0.0032667581884561034,0.004482973424043173,2.0
0.5598736415282307,-0.6925135076347897,-1.47744188012555,-0.03461731211869188,1.0
0.5598736421249502,-0.6925162091511823,-1.486185338931752,-0.07674791811731338,1.0
0.6271579196512869,1.6078089773377133,0.15861277470174198,-0.03239221096737712,3.0
0.5435648553409389,-0.9671889836359608,1.3351500637817368,0.02213805132258036,0.0
0.6271579190836237,1.6078125115788056,0.16325179877720444,-0.05205967216755753,3.0
-1.7317881815419087,0.05405111262118231,-0.004467113883242406,0.025285831761807764,2.0
0.6271579198367127,1.6078122387243987,0.15614200718647173,-0.06189018970439077,3.0
-1.731788181053492,0.054051269019433086,-0.0012713825242500697,-0.05828784188446207,2.0
0.5598736423836308,-0.6925129541018988,-1.4773169412993792,0.043967092272794106,1.0
0.5435648553488386,-0.9671910806268296,1.325982857059852,0.04823852957811179,0.0
0.6271579198618671,1.6078086114991683,0.15383440964963754,0.0006195389889822728,3.0
0.559873641542783,-0.6925110879413158,-1.4772744730833016,0.014501890550645513,1.0
-1.731788181093694,0.054052208280396155,0.0017357163201752812,0.0196334653615111,2.0
0.6271579202218961,1.6078112654971846,0.16073365397688447,0.03308617291915186,3.0
0.559873641117314,-0.6925137114434038,-1.4783565560728316,-0.015200226578163362,1.0
-1.731788180830079,0.054051228352432146,-0.0004388138379391506,0.004950239353439007,2.0
0.5598736409096449,-0.6925146558970141,-1.4795070980459517,-0.04159865646771481,1.0
0.5435648548994461,-0.9671884406841665,1.3305120032298712,0.11061037761214466,0.0
-1.7317881816622953,0.054049807365967095,-0.011127831066490377,0.03668604280869727,2.0
-1.731788182022059,0.054048302283501694,-0.00028861444150288874,-0.005539905506033177,2.0
-1.7317881815994323,0.05404887163414071,0.001552747618539659,-0.031791118702135204,2.0
0.6271579202823877,1.6078129526548035,0.15928441226729428,-0.007279998424405693,3.0
-1.7317881818248109,0.054052231699355226,2.9899992868143946e-05,0.0026940987063071914,2.0
-1.7317881810027707,0.05405076562720547,-0.007755987367066618,-0.02575537277643725,2.0
0.5435648547184958,-0.9671906446893583,1.329090721160575,0.004299054865791808,0.0
0.6271579201995576,1.6078153491753764,0.16819608984980317,-0.028886081364663366,3.0
0.5598736421245973,-0.6925161340820581,-1.4760821602702618,-0.0009773292073650762,1.0
0.5435648554239392,-0.9671919934903696,1.3327937318088046,0.035046339625897566,0.0
0.5435648548502858,-0.9671878234439529,1.330262018404272,0.08001608757969673,0.0
0.6271579209421202,1.6078124161468357,0.16918225794514025,-0.03815219896513748,3.0
0.5435648553509606,-0.967190242572756,1.3318134696563209,0.023831900229896882,0.0
0.5598736416187873,-0.6925168276778497,-1.475500831181308,0.004687613752147674,1.0
0.6271579200070984,1.6078111701253783,0.1643518001754533,0.047695731542295824,3.0
0.5435648544940468,-0.967191595156295,1.341390908494395,0.037255613030502656,0.0
0.543564854856463,-0.9671902490983592,1.3360486092265338,0.023631333089751707,0.0
0.5435648542260133,-0.9671896174088852,1.3326699287349426,0.006321052772800172,0.0
0.559873641339442,-0.692514637056585,-1.4831852534151957,-0.06277030317029064,1.0
0.5598736420406819,-0.6925167738432779,-1.4817683112246136,-0.05852342906301722,1.0
0.5435648551424603,-0.9671875675965509,1.3309618282600548,0.0090932539810259,0.0
0.6271579196994075,1.607812449521136,0.15943329976063927,0.08043976843477338,3.0
0.55987364203188,-0.6925138614523572,-1.4797853238812337,0.005237206136929805,1.0
-1.7317881807656723,0.05405349747033705,0.0009072356666614043,-0.008616065133930437,2.0
-1.7317881817147196,0.05405134565559884,-0.003935808725590088,0.02307686488863671,2.0
0.6271579194943049,1.6078097095566661,0.15579820864699534,-0.0028530618286353292,3.0
0.5598736411398322,-0.6925174600390345,-1.4804675587746072,-0.013828832888649226,1.0
-1.7317881812584779,0.0540538771320483,-0.0058575857264109915,0.029263825010994705,2.0
-1.7317881812699742,0.05404861514128329,-0.0035253400123777226,-0.05625818673631916,2.0
0.6271579198307452,1.607814134207449,0.15926211092192252,-0.030512894089004317,3.0
0.5598736417660591,-0.6925144973330779,-1.479142104292875,-0.057103276937187114,1.0
-1.731788181690718,0.054050973505176396,-0.007525746451298942,0.014623372418095705,2.0
0.5598736410648306,-0.6925173055150998,-1.479577584024187,-0.014370064497510293,1.0
0.5435648539465444,-0.9671884572129824,1.335002029299504,0.03722133496333198,0.0
0.5435648547565674,-0.9671916177492491,1.331869055417646,-0.08068064661727975,0.0
-1.7317881821706556,0.05405068104680754,-0.0004542456445350375,-0.013187126565581353,2.0
0.6271579194196777,1.6078115008588285,0.16016849260555363,-0.01709675897773552,3.0
-1.731788180985494,0.054050621859757064,0.00011010267379446888,0.006704642415595911,2.0
0.6271579196959185,1.607810223218915,0.16504714587501687,-0.011066270677068024,3.0
0.5598736419026588,-0.6925200126787145,-1.483539770523068,0.019024873907970297,1.0
0.627157919203416,1.6078111795494066,0.16169047151982732,0.001813654723386753,3.0
0.5598736412642809,-0.6925148580694632,-1.476392599972583,-0.025575919683925433,1.0
0.6271579197723739,1.6078097652342036,0.16562157928047766,-0.02660521465828136,3.0
0.6271579195586663,1.6078112602251815,0.1605692513686874,-0.019164368097170904,3.0
0.6271579196462912,1.6078148992790122,0.16256797110026136,-0.0053214517490869275,3.0
0.627157920042949,1.6078117986305045,0.16530124957477038,-0.049579221822461175,3.0
0.5598736415022336,-0.692515960134554,-1.4768494141904278,-0.04220610402940664,1.0
-1.7317881808860833,0.05404826987438303,-0.004327028161036819,0.019835165087633045,2.0
0.5435648549106475,-0.967189200598174,1.33759198317924,0.02843455652905496,0.0
0.5598736415967257,-0.6925148073707043,-1.4814120092429086,0.03800137575448172,1.0
0.6271579198616106,1.607811070178118,0.16729261256483288,-0.08500819993532156,3.0
0.6271579197453084,1.607812348355559,0.15449911732620747,-0.04546744954430577,3.0
-1.7317881810159876,0.05405215853422263,-0.009674857182966026,0.016187474696489127,2.0
0.5598736416983656,-0.6925136851126512,-1.4741610685875275,0.015001560210774709,1.0
0.5598736416623904,-0.6925162560856408,-1.4807337435365462,-0.00620607752033706,1.0
0.5598736416658049,-0.6925184189320756,-1.4786053852067933,-0.07028850820299361,1.0
0.6271579198752515,1.6078102177614846,0.16838904551687076,-0.026879679160353397,3.0
-1.7317881811467588,0.05404889755877492,-0.00823226851034139,-0.004515120763503914,2.0
0.6271579203528563,1.6078084539696036,0.16131457076919614,-0.076535031754209,3.0
0.5435648551927684,-0.9671883479022413,1.3362196383469467,-0.014431262580062781,0.0
0.5435648554363126,-0.9671913685559321,1.3285142787581687,0.04338135972314251,0.0
-1.7317881815266538,0.05405126101746804,-0.003455027525903922,0.04453699440077134,2.0
-1.7317881819767458,0.05405303479924138,-0.001776238521219084,-0.007660888239600034,2.0
-1.731788181770534,0.054047951848290046,0.0038884274142596802,0.005998008213544014,2.0
-1.7317881807221374,0.054049619852035394,-0.006022927428456806,-0.021786773428527275,2.0
-1.7317881811370046,0.054049735004929336,-0.009381956197626015,0.0556931623542511,2.0
0.559873641119042,-0.6925163750711317,-1.4741040302549868,0.026945616788136183,1.0
-1.731788181504835,0.05405029456550577,-0.003514055848916903,-0.07295854624391662,2.0
0.559873642039134,-0.6925160000340745,-1.4801408737562802,0.07255402900096462,1.0
-1.731788181310945,0.05405043507678017,-0.004823446463046195,0.0718790338868669,2.0
0.5435648547534735,-0.9671909024848793,1.3371689678121805,0.028473152951957636,0.0
-1.7317881816606984,0.054049755316769144,-0.006458327953973859,0.00761550853906468,2.0
0.5598736418279826,-0.6925178257783545,-1.484714083932723,0.06316108633150366,1.0
0.5435648547968266,-0.967191041759194,1.3332215465856048,-0.0188815984957198,0.0
-1.731788181371314,0.05405229057633726,0.00044449419523847494,-0.019458858090440324,2.0
0.6271579202480766,1.607810110088546,0.16012627905924923,-0.03676544886521954,3.0
0.6271579201145081,1.6078116593085743,0.15706058338432607,0.01382887040076153,3.0
-1.731788181388377,0.054051668090713156,-0.0053651754670399655,0.038764782563808366,2.0
-1.7317881817903553,0.05404986447307384,-0.0068360627685525085,0.03701818046123108,2.0
0.6271579193811522,1.6078103034255766,0.15281558820068614,-0.002701269744389642,3.0
0.6271579206060116,1.6078119545851228,0.15899304494004413,0.05047314025936843,3.0
0.6271579203349226,1.6078100250318361,0.15962527277837374,-0.06100473236098767,3.0
0.5435648545796699,-0.9671899171631668,1.3402675323705628,-0.004082097337545895,0.0
0.6271579197126866,1.6078099214136858,0.15995561275952058,-0.03622654072898112,3.0
-1.7317881814571903,0.054050335987599674,-0.008169059637305201,0.030466107275248032,2.0
0.5598736412001544,-0.6925166343477306,-1.4774134829420718,-0.049260913840784466,1.0
0.6271579202452416,1.6078085808497022,0.16066626717062574,-0.0020796436993265753,3.0
0.6271579204251219,1.6078138834781768,0.15678522489911959,0.05961624655277666,3.0
0.6271579206279085,1.607812855907084,0.1523657249737376,-0.037203310981217985,3.0
0.5598736409017296,-0.6925174357843873,-1.47456981422304,-0.016894956047021854,1.0
0.6271579203349118,1.607808877562637,0.16229825838412842,0.01451966300336672,3.0
-1.731788181753972,0.05405219137727753,-0.005061048251069355,-0.019945547474777062,2.0
0.5435648550796695,-0.9671902885417359,1.334234304045397,0.03247868709504334,0.0
0.5435648544067839,-0.9671893112741409,1.334406159462794,0.035982135756310575,0.0
0.543564854957211,-0.9671899694548305,1.334636377773332,0.07664414104119843,0.0
0.5598736416900172,-0.6925173630898087,-1.4735651882237475,-0.020315630412046475,1.0
0.6271579200013884,1.6078094720349598,0.16121270544241995,0.027823583835326862,3.0
0.6271579200317496,1.6078131235489492,0.15621446897836672,0.03246334236320608,3.0
0.6271579201409265,1.6078149565280213,0.16173859385976874,-0.05420069396238407,3.0
0.5598736416218482,-0.6925129996285546,-1.4768604899588924,-0.009734414070330545,1.0
0.6271579192286615,1.607810411304562,0.15710061064390435,-0.03580478852056108,3.0
0.62715791966864,1.6078150689800215,0.15598514676442882,-0.03498431704783956,3.0
0.5598736410215582,-0.692514415861299,-1.476830998253408,-0.01828709367389952,1.0
-1.7317881808439772,0.054052081204968405,-4.995919193763989e-05,-0.0481201778581113,2.0
-1.731788181691632,0.05405341959493877,-0.010317121054714702,-0.02708329706059675,2.0
0.5598736413455248,-0.6925168707366764,-1.4837208713112355,-0.00890397345781889,1.0
-1.7317881817667289,0.054052381731423425,-0.003369120347392744,-0.047250999151712256,2.0
-1.7317881807298543,0.054051510932396685,-0.0008392107955632614,0.012291690862674875,2.0
-1.7317881813435327,0.05405536229098374,-0.007317382710674265,0.052371160495848425,2.0
0.5598736415001988,-0.6925137009061372,-1.481404240852248,0.002459476921463167,1.0
0.5598736420541094,-0.6925167380761875,-1.479334231552257,-0.07867091296276202,1.0
0.6271579195573971,1.6078122687128977,0.15421093582420003,-0.06567568077654191,3.0
-1.731788182237799,0.05404802786136675,-0.006580792064506505,-0.0013622256315368906,2.0
-1.7317881816503937,0.05404828713909068,-0.005839186281741292,0.044718243086766835,2.0
0.5598736407527624,-0.69251676747124,-1.4785540074524914,-0.029046969366065118,1.0
-1.731788181432908,0.05405162055732765,-0.002789776137526563,0.02437891472464044,2.0
-1.7317881813389524,0.0540523390510623,-0.004509679069459188,0.0061197453132903175,2.0
-1.731788181149622,0.054049991985002196,-0.008913334697828694,0.013754786292617149,2.0
0.6271579196102403,1.6078126277898992,0.16776567119606275,0.04782018641740815,3.0
0.5598736407403124,-0.6925165325608794,-1.4822950830056327,0.014520705147890669,1.0
0.5598736419371332,-0.6925168783548964,-1.481484458538765,-0.009407060767455079,1.0
0.5435648547882879,-0.9671920260368799,1.3265940076700848,-0.034719359770855364,0.0
-1.7317881810400302,0.05405155503389978,-0.011969607447393421,0.05223977023698579,2.0
0.6271579195694249,1.607808862406415,0.1613684774615668,0.013187598416526159,3.0
0.6271579201507571,1.6078128302080146,0.16331485257677844,0.037364997637279074,3.0
0.6271579195608493,1.6078094013329864,0.1600336617722353,0.023922672171043456,3.0
0.6271579198777482,1.6078129237419536,0.16177946432151483,0.016886672527618517,3.0
-1.7317881811538498,0.054050452994617366,-0.007491408303684263,0.075651818267506,2.0
0.5598736420144665,-0.6925186821115638,-1.4865528733239382,0.03865952546774096,1.0
0.5435648549973846,-0.9671909338449981,1.331244963509715,0.024519585986311074,0.0
-1.731788181621571,0.05405153265193372,-0.00113669915011636,0.022167896361080658,2.0
0.5435648545595853,-0.9671894753346324,1.3284104910817662,0.04569181994458901,0.0
-1.7317881808405016,0.054049238619439124,-0.005307775883561894,-0.023929612951406127,2.0
-1.731788181094262,0.05404955149874699,-0.010034552160566756,-0.008149550748065766,2.0
0.5435648544595901,-0.9671914016252511,1.3244032944098096,-0.0007046411814878174,0.0
0.627157919986755,1.6078136959687732,0.1607682789968884,0.0024031069551953862,3.0
0.5435648548012944,-0.9671898737794962,1.3316510699622843,-0.013292243680220224,0.0
-1.7317881815708167,0.0540489678153215,-0.0029326412136939997,-0.026754142870390803,2.0
0.5598736407719189,-0.692516660879945,-1.4746141536510162,-0.05754862757301328,1.0
0.5598736408310384,-0.692515779746691,-1.4832753520563564,-0.054800436706689416,1.0
0.6271579205931922,1.6078127914681748,0.16087318201398335,0.0009887433119330823,3.0
0.62715791965749,1.6078098330893993,0.155625136041606,-0.012477765131947826,3.0
0.5435648548400444,-0.9671886389492302,1.331333763049288,0.0015673774260726084,0.0
0.627157920155161,1.6078070287737949,0.16478436747918895,-0.0075880796439953815,3.0
0.5435648543884108,-0.9671894600517373,1.3350230137372836,-0.02412360939920936,0.0
0.6271579197750402,1.607812395921736,0.161419653522519,0.0027834116138529545,3.0
0.6271579192900372,1.6078097001707543,0.15853877600327015,0.03372656753886229,3.0
0.5435648549454329,-0.9671895891953353,1.3389091004526803,0.05602322093463532,0.0
0.6271579201472428,1.6078089207089516,0.16255606738051645,0.0013131337421801636,3.0
-1.7317881821680858,0.05405051276453369,-0.004341478016174959,0.02415888749056605,2.0
0.55987364156256,-0.6925166602403422,-1.473330227526515,-0.021891965852846494,1.0
0.5598736419242997,-0.6925167688948863,-1.4767095634174592,-0.03856839144975793,1.0
-1.731788181738674,0.05405092817396494,-0.005656480059602343,0.02910062662080193,2.0
0.5598736413449601,-0.6925155312247685,-1.4743947009171707,-0.016417930468216626,1.0
-1.7317881810487843,0.05405025475471934,-0.007620605668797966,-0.05058368138787486,2.0
0.5598736412378635,-0.6925139909117318,-1.483437058793013,-0.007847994552822592,1.0
0.5435648547742454,-0.9671906802067943,1.3323756575747772,0.0007767510047393263,0.0
0.5598736413365151,-0.6925174180175073,-1.4865016789761072,-0.03658148919804888,1.0
0.5435648547191687,-0.9671905823379066,1.3379822571379263,0.04965934547391966,0.0
0.543564854495263,-0.9671927694476926,1.337569258067524,0.03640450288600766,0.0
0.5435648543616048,-0.9671886223233488,1.3376280239274254,0.07355765805338553,0.0
0.5435648546792693,-0.9671905822159265,1.3391154200689348,0.0005876663032111858,0.0
0.5435648549420742,-0.9671909308597947,1.3355953531745912,-0.037373739502698226,0.0
0.6271579199829238,1.6078114530906358,0.1632521466158214,-0.012612462360021524,3.0
0.5435648544868192,-0.9671880971895276,1.3300870860229943,-0.04146706386695504,0.0
-1.7317881809116322,0.05404779641220379,-0.0030489566019940343,-0.00032113932062129293,2.0
0.559873641223428,-0.6925146827049348,-1.4783131372016132,-0.048135928201817106,1.0
-1.731788181916875,0.05404961804886209,0.0008902366295930803,0.05529701134351092,2.0
0.5598736414713757,-0.692515682932019,-1.4701553786682848,-0.061260970584522685,1.0
0.6271579196650732,1.6078105101239255,0.16108859701568026,0.029857090582738405,3.0
0.6271579196067293,1.607810579036347,0.16186019772356253,-0.01176582547656656,3.0
0.5598736408013706,-0.6925186438081248,-1.4748779976887334,-0.018488567586807992,1.0
0.6271579200566346,1.6078135830703362,0.1588854910346293,0.027682809936719448,3.0
0.627157920312825,1.6078128252039494,0.15897061004386667,0.015933114344031118,3.0
0.559873641538608,-0.6925154758092547,-1.4787253747535372,-0.029729578801500345,1.0
-1.7317881820645296,0.05405072767808107,-0.0032534557869320613,-0.0405583845831207,2.0
0.6271579198200139,1.6078131060867713,0.16159310078332803,0.005891728116082469,3.0
0.5435648550347996,-0.9671915661541695,1.331328332731243,0.05756927996162891,0.0
0.5435648545149622,-0.9671876163760956,1.3302155568303982,-0.031340673407628084,0.0
0.5435648544649005,-0.9671906168131639,1.3225424832078239,-0.039467278386899035,0.0
0.6271579196929916,1.607811327483043,0.15583766341033511,-0.006634236919234802,3.0
0.6271579200822841,1.6078109496385729,0.15652162929823946,0.01145434296990784,3.0
0.6271579201242905,1.6078117839043722,0.1534481117570027,-0.019430414874016554,3.0
0.5435648548088728,-0.9671885560942722,1.3331318452726078,0.015210715695026699,0.0
0.6271579200264357,1.6078101283380293,0.1624325843310585,0.0143077564360735,3.0
-1.7317881813178078,0.05405121637111895,-0.0018957803969709764,-0.027023333695821564,2.0
0.5435648549985469,-0.9671889675264195,1.3370118115901701,0.023933058322332158,0.0
0.5435648552089531,-0.9671889557833356,1.3323655118770903,-0.07663873835814267,0.0
0.5598736421782227,-0.6925151200415033,-1.4742201963300616,0.03630959978321097,1.0
-1.731788180655885,0.0540480599812019,-0.009804161168396145,0.02373853792664623,2.0
0.627157920006272,1.6078116428601044,0.1650748513476891,-0.04756919264545906,3.0
-1.7317881823410155,0.054049487840385615,0.0007768374241496186,0.06864930122611168,2.0
0.5598736416684238,-0.6925151889421358,-1.4826782398197151,0.054574137694204536,1.0
-1.7317881808183337,0.054050563232663704,-0.008131397416919888,0.045255045468962,2.0
0.6271579197003238,1.6078129278046849,0.1611548494623972,-0.003863794914032328,3.0
0.5598736418873087,-0.6925170077857842,-1.4749818166751674,0.003858448859639558,1.0
0.6271579193357795,1.6078091475884992,0.16335930416184996,0.08552168406914684,3.0
0.6271579193025346,1.6078102296511114,0.16050486810414277,-0.0034950086134257156,3.0
-1.7317881808200963,0.05405232057581678,-0.005742018366116438,-0.0034762112657686557,2.0
0.5598736414903703,-0.6925125349964887,-1.479012999734526,-0.025583215751965423,1.0
0.5435648539499272,-0.9671896646634188,1.336357794714253,-0.03055284396529904,0.0
0.5435648545812201,-0.9671894795368144,1.3275585786030768,0.05196798486591729,0.0
0.5598736415241696,-0.6925167180029541,-1.4800428957099963,-0.019407606902695433,1.0
0.5435648549490607,-0.9671890299518985,1.338182592840817,-0.011835151931438888,0.0
-1.7317881814402,0.054049730650673575,-0.0041304718051445545,-0.032504879234511376,2.0
-1.7317881814131295,0.05405113988396591,-0.0021575974696358166,0.025225780679878566,2.0
0.5435648542958583,-0.9671905413016376,1.3348864079761622,-0.02865477445757727,0.0
-1.7317881811329436,0.05404913278781951,-0.0005703692915433554,0.017052285417860035,2.0
-1.7317881808125704,0.054049928506643675,-0.008177552346780253,-0.030078206522926355,2.0
-1.7317881817264908,0.05404963422337789,-0.005618079747759319,0.024422758759794723,2.0
0.5598736417807785,-0.6925193329018827,-1.479929179343406,0.015780335641147107,1.0
0.6271579199692581,1.6078110502647713,0.1591180868940515,0.009416639200927926,3.0
0.6271579204202212,1.6078097356210104,0.16109748465137808,0.009014820282296504,3.0
0.5598736412689493,-0.6925132230177,-1.4759402903101784,-0.05966418046956759,1.0
0.6271579200234967,1.6078091603263056,0.15236237310676798,0.032808575021854164,3.0
0.6271579198260686,1.6078083194687933,0.16430167059747938,0.0007706440664937032,3.0
0.6271579198262623,1.6078127538522253,0.15870511098342788,0.0652341653206358,3.0
0.5598736411147758,-0.6925161309842898,-1.4781194724281435,0.007733236512158711,1.0
-1.7317881816083749,0.054051875449978706,-0.002921423601900833,0.0090439412249945,2.0
0.6271579200889228,1.6078133379540323,0.157855885570796,0.028827951424470425,3.0
0.6271579194917726,1.6078113056435965,0.16212839987991326,0.01042369367538196,3.0
-1.7317881813626388,0.05405034605115846,-6.789706361675636e-05,0.0337780249863994,2.0
0.5435648547891099,-0.9671903022852028,1.326638515709965,0.028337820746972792,0.0
-1.731788181376367,0.054050167643060566,-0.003451300085505821,0.06102504360427028,2.0
0.6271579202758668,1.607811710979829,0.15847164440699624,0.01797827177350106,3.0
0.5435648548215534,-0.9671902208946821,1.329844290506749,-0.008772346736305213,0.0
-1.7317881813936897,0.054050794224083695,-0.0056432891775128335,-0.009476553351480373,2.0
0.5598736415049627,-0.6925180322935561,-1.4791191696677009,0.024353678053218752,1.0
0.6271579187459669,1.6078107533634345,0.15742251859915712,-0.0021228842177145996,3.0
0.627157919784507,1.6078110463234427,0.1626694451779822,-0.02166538680496136,3.0
-1.7317881811654925,0.05405083269855963,-2.2528359658512e-05,0.0016464003759084605,2.0
0.5435648552050356,-0.9671898718113392,1.3320958799724203,0.04555745092049509,0.0
0.5435648551406816,-0.9671907024830467,1.3300334470530393,-0.0174179417326993,0.0
0.6271579197340225,1.6078142914441784,0.15483020104969786,0.014288426828554773,3.0
0.5598736423995452,-0.6925126881855616,-1.4801025058981307,-0.061636375625240006,1.0
0.5435648548078376,-0.9671887581903119,1.3336199917898008,0.01289478340236574,0.0
0.6271579203106199,1.6078148260086036,0.16267078013244513,0.04383507710901142,3.0
0.5435648547114903,-0.9671911369803641,1.329236272931072,0.06114174951237288,0.0
0.6271579204962189,1.6078116537496878,0.16604835958000408,-0.03281280456362271,3.0
-1.7317881810296707,0.05404852239760319,-0.009743592287902655,-0.02607319142367758,2.0
0.6271579204419148,1.6078131738824015,0.1674395040475055,0.015416814163682083,3.0
0.5435648548094753,-0.9671889389184427,1.3272634314056428,0.045565262684300875,0.0
0.5435648551011399,-0.9671902758713887,1.3308086303924451,0.013300104272007623,0.0
0.6271579198402367,1.6078106841022328,0.162753260840053,-0.01611991657250024,3.0
0.6271579200866028,1.6078124094289492,0.1625246465156055,0.009590280070207945,3.0
-1.7317881813765765,0.05405012266717142,-0.00736295327434018,-0.0017409236739190993,2.0
0.5598736412045394,-0.6925161022757251,-1.478925219467061,0.019430901609257333,1.0
-1.731788180916675,0.054052040739352616,-0.007844801463684905,0.022159194509159787,2.0
0.6271579206559262,1.6078111059838875,0.15794739768453497,-0.026118712456251997,3.0
0.5435648544364948,-0.9671880098519193,1.3276092847760248,0.017984370914262096,0.0
-1.731788181041148,0.05405132366813814,-0.002886593715830114,0.013250272602531424,2.0
0.6271579202037905,1.6078121996347459,0.16751680073420006,0.016719258096555743,3.0
0.543564854354325,-0.9671864118742969,1.3299803636202951,0.006863294886131624,0.0
-1.731788181277833,0.05405155063372116,-0.0059905869637351195,-0.06374606062600936,2.0
0.5598736414606486,-0.6925151252401769,-1.4849014367543407,-0.010868411682688444,1.0
0.5435648553257376,-0.9671908564365777,1.3350252409184777,0.09525557667732662,0.0
0.5598736418505394,-0.6925144630046834,-1.4757510639380453,-0.018839309651545698,1.0
0.6271579200136741,1.607812267155646,0.16221521466813418,-0.03739133343736764,3.0
-1.7317881816635614,0.05405074173549772,-0.005314446484424312,0.027625991398720035,2.0
0.5435648547924395,-0.9671890531908615,1.3330657356473994,0.08285418625725828,0.0
0.6271579199321216,1.6078105029788328,0.1582463182893979,-0.04806132014870657,3.0
-1.7317881811643503,0.05404867249030399,-0.0017246985170151746,-0.02469238655079434,2.0
0.6271579201341306,1.607811366000945,0.16877051886142663,-0.014023146278623942,3.0
0.5435648554440865,-0.9671883551608337,1.333306880245129,-0.04201709152653779,0.0
-1.7317881810315237,0.05404803048088415,-0.004275336345372957,-0.03372705236800149,2.0
0.5435648549174684,-0.9671880176108336,1.3311354496122931,-0.01740981184499377,0.0
0.54356485463069,-0.9671901571058296,1.3281673904324514,0.04160495316683826,0.0
-1.7317881813636542,0.05405048276694462,-0.003223842487569738,-0.023386901794967573,2.0
0.5435648546804853,-0.9671908513000773,1.3372892449654434,0.0009535223002613611,0.0
0.5435648552720501,-0.9671908701186765,1.33211294590848,0.021090378751913136,0.0
-1.731788181181776,0.054054593824303825,-0.0022928394398295288,-0.02378003948272977,2.0
0.6271579200270944,1.6078114696829373,0.1592871635272354,0.010873820404984276,3.0
-1.7317881809758267,0.05404862232106612,-0.008491467566410284,-0.02134778852441419,2.0
0.5598736417603006,-0.692514922158176,-1.4744171379686597,-0.046376858936370675,1.0
0.6271579198167434,1.6078107146146423,0.16228329410980147,-0.05430749938570658,3.0
0.6271579197957899,1.6078091296429988,0.16151627103652072,0.10607725929577816,3.0
0.6271579202486655,1.6078119749548123,0.15983820334752166,-0.004756047455612202,3.0
0.5435648542460547,-0.9671917714672411,1.3269791495452683,0.009355684496976385,0.0
0.5598736414789965,-0.6925128890440599,-1.4813399140375922,-0.0031236099145393425,1.0
-1.7317881809620388,0.054049940572175124,-0.008388526833353156,-0.010102065318408534,2.0
0.6271579193967697,1.6078112962205469,0.16229160532569478,-0.044205156752536404,3.0
0.6271579199170209,1.6078134883278519,0.16039266179802283,-0.016424839810595126,3.0
0.5435648548801587,-0.967193241162295,1.3330115476873705,0.03705091247565698,0.0
-1.7317881815842413,0.05405026594046347,-0.0009450907376710274,-0.050003508272687264,2.0
0.5435648542499039,-0.9671882197935082,1.325925178028914,0.032018323714055594,0.0
0.5598736412117216,-0.692513936803081,-1.4784445581353718,-0.029913673743471408,1.0
-1.7317881812402776,0.05405043741889497,-0.007643396917310084,-0.025733102492107782,2.0
-1.7317881807378477,0.054048486474845385,0.0020755186913053504,0.015189836805971635,2.0
0.6271579196984243,1.6078120999266021,0.16414294047798075,0.010182650299737882,3.0
-1.731788180866044,0.05405071925303247,-0.007202586760101371,0.04779219699688014,2.0
0.6271579200416596,1.607814010455744,0.16317627001837,0.023086275078244855,3.0
-1.7317881812702194,0.05404943651370545,-0.006248301795023436,-0.04166286723675777,2.0
-1.7317881812146712,0.05404867353779686,-0.011441089849514653,0.011528774824318138,2.0
-1.7317881815710157,0.054054175421773494,-0.007921529010367773,-0.012967288668694923,2.0
0.543564853951317,-0.9671897044622602,1.3340286213171684,0.0710246300703225,0.0
0.5598736415096678,-0.6925161602482038,-1.4719379894759894,-0.03527742950022574,1.0
-1.731788181326734,0.054049871576889244,-0.011484693971025604,-0.05182122333633706,2.0
0.543564855090203,-0.9671932696404618,1.330231786900386,0.021969749399325094,0.0
0.5598736418734955,-0.6925159714185255,-1.4732720770588303,-0.08141765875213347,1.0
0.5435648555483873,-0.9671921942653037,1.330317580540839,0.019521675328417965,0.0
0.6271579208343054,1.6078078790235346,0.1613724583301081,-0.0114902580104513,3.0
0.543564855225619,-0.9671893595195065,1.3320808009724066,-0.008274761638581112,0.0
0.559873641272405,-0.6925167143016299,-1.4781069820374493,-0.04185070995834212,1.0
0.6271579197586393,1.607808427887545,0.15047292716143845,0.022165448961289896,3.0
0.5435648546847411,-0.9671876910846412,1.3345385742824958,0.05096923311053242,0.0
0.6271579200379566,1.607812533811387,0.15846693908482315,-0.04910528176936514,3.0
0.5435648551967065,-0.9671888554426898,1.3371960136734276,-0.08046483029369728,0.0
-1.7317881817206076,0.054052423183630564,-0.002492261775456376,-0.030715523509846722,2.0
-1.7317881810419276,0.05405207050362169,-0.007503577703371335,0.006257817886240808,2.0
0.5435648552337753,-0.9671907381859028,1.3327928317009423,0.044067208380110884,0.0
0.627157919854387,1.6078098571068211,0.1631295698136591,0.02567724127014287,3.0
0.6271579198050142,1.6078125722791492,0.15412540470406386,0.00967706851870031,3.0
0.5598736415871637,-0.6925160690394276,-1.4735201671897893,-0.00133145734135775,1.0
0.5598736411425951,-0.6925128135757995,-1.4793992970326413,0.004631188178300287,1.0
0.6271579201594275,1.6078087525495868,0.15605972542048768,-0.023879320176003842,3.0
0.6271579196543685,1.6078114007239506,0.1585050248406983,0.018462491762093,3.0
-1.7317881813124518,0.054045993127758096,-0.01503915039041778,0.028582274674149203,2.0
0.5598736416100646,-0.6925153883450925,-1.4817063611769574,0.024140412733437987,1.0
0.5598736416837579,-0.6925167273361934,-1.480655067487656,-0.0033823094215640233,1.0
0.5435648541671492,-0.9671931580527936,1.3361966121496283,-0.008274599363292291,0.0
0.559873641223191,-0.6925151084982333,-1.4850170467684536,-0.023612357385130994,1.0
0.6271579195686751,1.6078158411435677,0.16410879426096772,0.016883704334879963,3.0
0.5598736416177308,-0.6925171583754596,-1.4748686827497612,-0.048838287053020055,1.0
0.543564854461207,-0.9671870730641905,1.3339565235982234,0.027737059283000628,0.0
-1.7317881816122247,0.05405177665049555,-0.011041139588666081,0.04952753540110543,2.0
-1.7317881821141075,0.054049903476692966,0.0048207559701451555,-0.042942250431842785,2.0
-1.7317881821218746,0.054051004905734855,-0.00859952630141887,-0.048275462042736715,2.0
0.6271579206992902,1.6078095101478478,0.16340560057716058,-0.05466624280431126,3.0
-1.7317881814354235,0.05405127610347569,0.0005884561870558707,0.027167554261123085,2.0
-1.7317881818758698,0.05404772504939977,-0.00047872209027741185,-0.01567395429993157,2.0
0.5598736414395026,-0.6925159022470633,-1.4832166049271545,0.027548324967617853,1.0
0.6271579202878831,1.6078110531936294,0.16229970797542387,-0.0014330588781142487,3.0
0.5435648544187155,-0.9671900893832116,1.3307802010787557,-0.043513852889054336,0.0
0.5435648549882715,-0.9671916490229229,1.3300340769742853,0.09303224785038001,0.0
0.6271579202574362,1.6078108467595875,0.16483441025992585,0.031006176438268078,3.0
-1.7317881810814946,0.054045959034891435,-0.000359877223339162,0.01081249415042566,2.0
-1.7317881813757197,0.05405030260450939,-0.003763484232402061,-0.02558990832260545,2.0
-1.7317881807723798,0.05404857333963959,-0.0007822034315780816,0.05999753188971327,2.0
0.6271579197000432,1.6078126134517086,0.16250331295094442,0.0030690307307861577,3.0
0.5598736409421239,-0.6925153128657906,-1.4802795476370747,-0.0618090367118336,1.0
-1.7317881817525431,0.05405092494792217,-0.003930547928170348,-0.011133850986266253,2.0
0.5435648548739128,-0.9671906404954288,1.3277982671726916,0.04371903295312756,0.0
0.5598736407668875,-0.6925159743925114,-1.475133366989748,0.041398973808118716,1.0
0.6271579196702145,1.6078091046743608,0.16804640860443104,-0.001516756664782575,3.0
0.5598736413466453,-0.6925166154480503,-1.4796278085783054,0.03049785739455771,1.0
0.5598736417752783,-0.6925195737996357,-1.4824298516789753,1.1937061249109747e-05,1.0
0.54356485494038,-0.9671887478227809,1.3401062779328643,0.005382583679979064,0.0
0.6271579200996732,1.607806643967155,0.16340200290644227,-0.026308661687902437,3.0
0.5598736423001234,-0.6925142046453342,-1.4781136701436401,-0.035669593554943285,1.0
-1.7317881815348695,0.05405115493423847,0.0018723792957899465,-0.017887220450560515,2.0
-1.7317881811919134,0.054050738700290556,-0.006472131507575963,0.047147179909641436,2.0
0.5435648546852587,-0.9671900176746354,1.331752380319088,0.07371863090242471,0.0
0.6271579205047271,1.6078130309778316,0.1561870946445175,0.06782298809873127,3.0
-1.7317881817972396,0.05404912168175534,-0.005330656290681851,0.03675513089521378,2.0
0.5435648546626111,-0.9671915716474243,1.3272177273912025,-0.014773097339639866,0.0
0.6271579198928199,1.607811836326957,0.16239817752710825,0.032025292350075875,3.0
0.5435648553555306,-0.967190563280921,1.338051810173183,-0.020473801415334027,0.0
-1.731788182185853,0.054051096362785114,-0.0016019559830361362,0.030481481954615596,2.0
-1.7317881822281758,0.05405255421485481,-0.005747621232582374,0.07293998337300808,2.0
-1.7317881815501017,0.05405040180581654,-0.001947810878301058,0.08243766737512913,2.0
0.6271579192866733,1.6078113209247102,0.1649564745543891,0.02249444761011431,3.0
0.6271579200277673,1.6078120159690614,0.16226027715714192,-0.0028851766950323456,3.0
0.5435648538180903,-0.9671897427172198,1.330929495331479,-0.02756760386544148,0.0
-1.7317881810021971,0.05405218690069878,-0.0014826790118492108,-0.024585962597322424,2.0
-1.731788181786065,0.05404773233655567,-0.001836299137284848,-0.025748470070207474,2.0
0.5598736415501013,-0.692516886921428,-1.4821606722943168,0.04477888437253259,1.0
0.5435648541792655,-0.9671904072925332,1.3309169502937683,0.041730963548482776,0.0
0.6271579200768925,1.6078103845311407,0.16133043714829018,0.005526720564169583,3.0
0.6271579198548707,1.607811352349283,0.15552263469508068,0.05379126850416244,3.0
0.5435648549554813,-0.9671889100085976,1.3373945413652528,-0.007191375476726625,0.0
-1.7317881810403575,0.0540507417701481,-0.005659096620067116,0.022929709803624253,2.0
0.5598736412363656,-0.6925168593546693,-1.488236856587843,-0.010301551676866052,1.0
-1.7317881809473759,0.054051973577222155,-0.004750837061480351,-0.013306384421363225,2.0
0.543564854482654,-0.9671877674471978,1.339958945755865,0.041970215442424644,0.0
0.5598736419510824,-0.6925162573820968,-1.4863627545501075,0.06116144977707582,1.0
-1.7317881815557814,0.05404919505165258,-0.012908728512340335,0.007324209374797707,2.0
0.543564854467405,-0.9671874638062685,1.3354197600298807,0.009359863280006934,0.0
0.5435648548761589,-0.9671903595825447,1.3296097749804936,0.006046144935534322,0.0
0.559873641678501,-0.692514557673533,-1.4817180626285207,-0.07117366769945875,1.0
0.5598736412855394,-0.6925166333659943,-1.478105955302732,0.043053250428229994,1.0
0.5435648549435618,-0.9671929966850278,1.336253872262609,0.0062737163464398,0.0
-1.7317881813634486,0.05405156088801416,-0.003720063365697333,0.033793717801653175,2.0
0.627157920113673,1.6078088252614875,0.1587085392840684,-0.017601801396772053,3.0
0.6271579199735428,1.6078114506050447,0.16087743200422902,0.034520617689119,3.0
0.6271579201240919,1.607812987256202,0.1573523887952114,0.006686270997699861,3.0
0.5435648546420896,-0.9671878964264621,1.3277509920538197,-0.01746288021307881,0.0
0.5435648543231231,-0.967192684161118,1.3301009414230422,0.010558635535475413,0.0
-1.7317881813766625,0.054049585062141664,-0.009111204556209788,-0.028398156840592163,2.0
-1.7317881822529526,0.054052089138107565,-0.012289372608616463,0.016791062120092955,2.0
0.5598736415400458,-0.6925169326631926,-1.4804765150717731,-0.04372618123398987,1.0
0.6271579192721471,1.6078099782153388,0.16237954302222257,0.006972677999671207,3.0
0.6271579199763204,1.607813504840999,0.16101425679128428,0.001048601048816095,3.0
0.6271579200552059,1.6078107336081453,0.16870236115404885,-0.023656383016300176,3.0
-1.731788181234944,0.05405055720952472,0.004159497868175863,0.02458278059581665,2.0
0.5598736415559395,-0.6925143347176445,-1.483449398461618,-0.013057037585169769,1.0
0.6271579201900319,1.6078127337751313,0.15895301553652555,0.04898444171880304,3.0
0.5598736410827604,-0.6925149525962847,-1.4820412630186597,-0.051835217981579466,1.0
0.5435648542599877,-0.9671887942050416,1.3394909938970454,-0.034317807767120234,0.0
0.5435648554065994,-0.9671894228254349,1.3290120635767286,0.0009557254483792207,0.0
0.6271579201591592,1.607811769411821,0.16071790202868985,0.06316014623269582,3.0
0.559873641709954,-0.6925168659976529,-1.480550463916474,-0.047774488111058465,1.0
0.5435648547868254,-0.967191922796241,1.3363668212456927,-0.022095609811870788,0.0
0.5435648554712201,-0.9671909180301518,1.3309072626746534,0.05103244945513549,0.0
-1.7317881811665372,0.05405045937619148,-0.003167576023465167,0.006997712410003552,2.0
0.627157920210998,1.60781338789238,0.1605752047283929,-0.00969100096653512,3.0
0.5435648548589084,-0.9671908769426542,1.3319526219610869,0.04324424065364083,0.0
0.5435648543354502,-0.9671888835216897,1.3322843037879741,0.037703820475668254,0.0
0.6271579202577718,1.607809997281497,0.1570379595103586,0.0030180268964322505,3.0
0.5435648543171178,-0.9671878113870264,1.3326847387277758,0.07638581352355703,0.0
0.5598736412244651,-0.6925159620643957,-1.4768411751017543,0.012713429692458082,1.0
0.5435648543398486,-0.9671872855115962,1.3319602566026463,0.04434914855024859,0.0
0.6271579198109793,1.607816255587955,0.16075802528507416,0.004159626954596579,3.0
-1.7317881811353282,0.05405036496743323,0.005631043595152217,-0.005150522235989417,2.0
0.5435648542883378,-0.9671915947397983,1.3322430949071156,0.007256378813484548,0.0
-1.731788180768912,0.05405143233171047,-0.0045569568435658014,0.030757172633746114,2.0
0.5435648542799464,-0.9671896216211537,1.3362670793666607,-0.009950682681140285,0.0
0.5435648544150332,-0.9671861502768581,1.3272160615482609,0.05749080633687956,0.0
-1.7317881817055463,0.05405155731676201,-0.005329529555356729,-0.03474217607570437,2.0
0.543564854454251,-0.9671892658617771,1.333117462548276,-0.017081879739851605,0.0
0.6271579203718477,1.6078114808868997,0.16224079975287134,0.03864028229316601,3.0
0.6271579197548693,1.6078117363379993,0.15553378416108374,-0.004960370721355761,3.0
0.5598736411260895,-0.6925170019459974,-1.4827449042282443,-0.03526893927999265,1.0
0.6271579207939935,1.6078108801193314,0.1598773396585865,0.029354548134921908,3.0
-1.7317881812018636,0.054049704987048426,-0.0061161320044094795,-0.04845378998808131,2.0
0.5435648542557339,-0.9671895524532561,1.3301235620389118,-0.001548088845685543,0.0
0.6271579194171516,1.6078118743696845,0.1604669733296986,0.0030831823712594536,3.0
0.5598736412305276,-0.692516283716394,-1.4815233416617426,-0.045665170764562855,1.0
0.5435648552581123,-0.967188483334577,1.328155184595894,-0.02134672254254145,0.0
0.5435648550534098,-0.9671910881797166,1.3314725364493045,0.017893152387984376,0.0
0.6271579199233692,1.6078109151944422,0.16204923328487614,0.016272688397749126,3.0
-1.7317881807720885,0.054050336289638214,-0.007113362986314223,-0.014904185201528438,2.0
0.6271579194979426,1.6078092582695755,0.16314186122083368,-0.029911792127226867,3.0
-1.7317881816658434,0.05405148068664778,-0.0049734758961173285,0.004727529125790189,2.0
-1.7317881812941909,0.054049386645016476,-0.005694329708679954,-0.06341012575085449,2.0
0.6271579207081877,1.6078113835005523,0.16429615466466804,1.9636046532143576e-05,3.0
0.6271579199208563,1.607810402143437,0.15711092626131992,-0.0008498940641938834,3.0
0.6271579191699234,1.6078114506743832,0.16164173135255372,0.007297026545105494,3.0
-1.7317881813698275,0.054048041800495446,-0.004374761504148902,-0.05811334377181298,2.0
-1.731788181715468,0.054049661363258866,-0.00568506740663667,0.0009432672107203215,2.0
0.6271579199724361,1.607808745757912,0.157231546756691,0.06850439883892373,3.0
0.6271579197603846,1.6078099022112113,0.15521324943680506,-0.029529994073841853,3.0
-1.7317881815611549,0.054049954117443705,-0.002959621074382887,-0.014857240716054222,2.0
0.5598736412007473,-0.6925174849601422,-1.4733373672760033,-0.10589947816322473,1.0
0.5598736418935442,-0.692515197273888,-1.4798765892154493,-0.012626599989437706,1.0
0.5435648547235201,-0.967189977016221,1.3420768726319356,-0.04474565072124578,0.0
0.5598736413002683,-0.6925180789016472,-1.483628711927945,-0.051134094415883444,1.0
0.5598736414581232,-0.6925140764507238,-1.4767979528529065,-0.027296793839367874,1.0
0.5435648551306196,-0.9671876379181775,1.3287235353233164,0.07941196279008662,0.0
0.5598736416133047,-0.6925147547225728,-1.4779225779859784,-0.05348944093221683,1.0
0.5435648538516099,-0.967190092693929,1.3346059044274659,-0.04735580761000563,0.0
-1.7317881811449252,0.054048405173765524,-0.005218516703641857,0.04370970751677887,2.0
0.6271579202457777,1.6078111561763113,0.15459614160740087,-0.029562603846869675,3.0
0.5435648546230006,-0.9671917955496554,1.331327372776361,0.037997591484133134,0.0
0.543564854258049,-0.9671899396438026,1.332542542654727,-0.05754266154220457,0.0
0.6271579207335014,1.6078129706327984,0.15269193209576903,-0.07746839873531618,3.0
0.6271579202499643,1.6078112654332837,0.1580289225673825,0.06325988246472178,3.0
0.5598736421841779,-0.6925152174990057,-1.4761455578580398,-0.03951795379366134,1.0
0.5435648544683782,-0.9671899545746776,1.3400651117796754,0.020995552302146447,0.0
-1.7317881813076206,0.05405379249305107,-0.0030444799068319577,0.0086644352848052,2.0
-1.731788181500664,0.05405061925135952,-0.004203402638934438,-0.05843177375560966,2.0
0.5435648547073951,-0.9671899663071702,1.3349399171346779,-0.08909859289076114,0.0
0.5598736414435955,-0.6925181542349309,-1.4738449853409716,-0.05704757637821043,1.0
0.5598736415456902,-0.6925170902469084,-1.4724805420473,-0.016310566105648985,1.0
0.6271579195535268,1.6078131679014191,0.1684831808035658,-0.02793404003213198,3.0
0.6271579198319358,1.6078120681249368,0.16634902186041212,0.024767162054487476,3.0
0.6271579200223216,1.6078125849648326,0.1584085632427758,0.05106045119528749,3.0
-1.7317881815584422,0.054054016261195756,-0.007399212722014912,-0.038696051345589295,2.0
0.627157919757167,1.6078118792094418,0.16205111576178596,0.008494770568487908,3.0
0.5598736414645529,-0.6925168256030954,-1.4875174804493514,0.007688691918647193,1.0
0.6271579197523474,1.6078140242421795,0.15936940002225125,-0.017860563717149724,3.0
0.62715791990665,1.6078124164544534,0.16429590677289296,0.024721831953196848,3.0
-1.731788181970774,0.054051578066997535,-0.009280182898124097,-0.02021444469252998,2.0
-1.7317881813173686,0.05405025597540288,-0.0074595974070058545,0.0517127307538308,2.0
0.5598736416627528,-0.6925162671817499,-1.4794860284002596,-0.06260412087148821,1.0
-1.731788181320237,0.05405024803442863,0.00304031163804009,-0.04414820266219436,2.0
-1.7317881809448676,0.05404892012848148,-0.002839793427464942,0.0024048680231992955,2.0
0.55987364112644,-0.6925139256483789,-1.4887857355375518,-0.019865686090448077,1.0
-1.731788181075392,0.054049130146425,-0.006783523790786685,-0.040824325522311376,2.0
-1.731788181811172,0.05404905166058372,-0.004413929016371768,0.026520007583363245,2.0
0.6271579201215127,1.6078108217753004,0.16575020529753012,-0.04659210369797851,3.0
0.5598736413510439,-0.6925164919887394,-1.4772934709572505,0.05166447760778245,1.0
0.6271579199542501,1.6078123349553244,0.1639042815906331,-0.07249687052799013,3.0
0.6271579206674314,1.607810988634304,0.16099372114923033,0.04433188188398608,3.0
0.5598736421154634,-0.6925174525931765,-1.4786026021629592,-0.040094997373381826,1.0
-1.7317881811720475,0.05404846219757361,-0.007404312412668634,0.047386233534116425,2.0
0.543564854939322,-0.9671875638055274,1.3292233539247016,-0.014066262327520557,0.0
-1.7317881807526831,0.054050255212795745,-0.004656893214672034,-0.053817479232116085,2.0
0.6271579196839177,1.6078094848908522,0.16107278359624458,0.07492946330007191,3.0
0.6271579203792433,1.6078097488893226,0.16788538838792827,0.00837630476495066,3.0
-1.7317881807699347,0.054050470639689915,-0.006807418679296809,-0.04479891326571439,2.0
0.5435648545771483,-0.967189217836074,1.341585221486897,-0.010793871994864493,0.0
0.6271579196448754,1.6078122312831384,0.16115814250878777,-0.016206401724055037,3.0
0.543564854630058,-0.9671906668709104,1.3317185890625398,-0.0337949699676337,0.0
0.5435648551374291,-0.9671896324600859,1.336084222777456,-0.019147264131905633,0.0
0.559873641752665,-0.692514062759769,-1.4811146173873517,0.015102624327227449,1.0
0.6271579191603617,1.607810619577552,0.1625999366369909,-0.0240061484588154,3.0
0.6271579201248415,1.6078130852299881,0.15742931959710693,-0.06472926716737547,3.0
0.6271579196684115,1.6078114441921536,0.15349166446389642,-0.02496891009053942,3.0
-1.7317881807403472,0.054047699966748575,-0.009123580847559466,-0.011607434883680537,2.0
0.6271579204253492,1.607811886257236,0.15467850885460033,0.017021475227579408,3.0
0.6271579197981465,1.6078114341530116,0.1617269782778576,0.015050906510113217,3.0
-1.731788180972273,0.05405075776665744,-0.0005354509817665531,-0.001646084898458955,2.0
0.5598736414500108,-0.692517240448213,-1.4786455255096755,-0.030929108350892853,1.0
-1.7317881818560028,0.054047563178333514,-0.0032908747752658537,-0.02678031066754801,2.0
-1.7317881815446106,0.054050641529841875,-0.007650150772542291,-0.003765691900625864,2.0
-1.7317881811346019,0.054052534067364946,-0.00606834509576852,-0.00526662159115274,2.0
0.5435648542852088,-0.9671891325395698,1.332531367232945,0.013520805281865713,0.0
0.5435648557762338,-0.9671895395067478,1.330284218367428,-0.020730639924005766,0.0
0.5435648545551792,-0.9671891222584358,1.3333659909602769,0.02586948223333988,0.0
0.5598736419948098,-0.6925165649240184,-1.4733318928554031,-0.004153127283520095,1.0
-1.7317881813261404,0.054052938009108396,0.0001847201551198318,-0.03915664478268661,2.0
-1.7317881813661078,0.054052445662971495,-0.006342359388830684,-0.02826214544944307,2.0
0.6271579202671853,1.6078105787770345,0.16578940415803473,0.06416708961273801,3.0
0.5598736418520749,-0.6925131303382168,-1.4786285331289064,0.10933799855197629,1.0
-1.731788181409028,0.054050145096482226,-0.00012063380706805896,-0.03994286322073772,2.0
-1.7317881815660516,0.05405004451714312,-0.003793097708606087,-0.070289418339292,2.0
0.6271579192698381,1.6078143538391383,0.16861690443118527,0.04872648553053784,3.0
0.6271579198831986,1.6078145025268424,0.15952507036813926,-0.027991053931219784,3.0
0.6271579205846314,1.6078087544033555,0.15396755430254855,-0.02754670550017032,3.0
-1.7317881814522718,0.054047544311303326,-0.006346761271055577,0.04359989215789961,2.0
0.5598736417936475,-0.6925163749008453,-1.4760001979696808,-0.05742254123016563,1.0
-1.7317881813601008,0.05405025022576164,-0.006364859059001593,0.024844699921450615,2.0
0.6271579200682531,1.6078121629488948,0.15762833991109676,-0.023384656419097677,3.0
0.5435648547416795,-0.9671893890773351,1.3338931769760745,-0.04593599806935817,0.0
-1.7317881812974285,0.054051147649083066,-0.01013351307810829,-0.013516624739544826,2.0
-1.7317881807621598,0.05404674366495134,-0.008687926330674908,0.05847471718765355,2.0
-1.7317881807898794,0.05404839744817929,-0.005704226750750444,-0.003990924950448608,2.0
-1.7317881817338252,0.054050690293256855,-0.0002204251933848719,-0.03896709828055173,2.0
-1.731788181352491,0.054051756444418494,-0.006231962529947474,-0.015646052965582354,2.0
0.5598736417948305,-0.6925144559739054,-1.4834349799705506,-0.023149998740324983,1.0
0.543564854896074,-0.9671906724419681,1.3298124894429204,0.00832640083042182,0.0
0.5598736415209693,-0.6925170309725117,-1.475797237098145,-0.029166187048694406,1.0
0.5435648553781016,-0.9671892288366399,1.336282156142055,-0.00937741389257364,0.0
0.5598736413779708,-0.6925139678715011,-1.4751272276397882,0.024475205075650677,1.0
0.5435648550128624,-0.9671895753175446,1.3311256287848698,-0.034089624426216034,0.0
0.5598736415256715,-0.6925129054488449,-1.472454710481081,0.03297349535950821,1.0
0.5598736414315031,-0.692515772969138,-1.4873095289203253,-0.015117066933155697,1.0
0.5598736413800223,-0.692514160021442,-1.474030886017427,0.004798245563092326,1.0
0.5435648543112138,-0.9671927713698206,1.3324295763301954,-0.017636361981591946,0.0
0.5598736416401908,-0.6925165282158678,-1.4743131143619617,-0.025976378099080828,1.0
0.5435648544564173,-0.9671879416398711,1.325468496571632,0.021156256878831853,0.0
0.5598736417553459,-0.6925176841841938,-1.4766248594933837,0.0014327760964289494,1.0
0.5598736409723383,-0.6925153930976851,-1.4785776133791013,-0.07143767258455283,1.0
0.5598736418845477,-0.69251781812588,-1.483971580682946,-0.031593767592562126,1.0
0.5435648539323105,-0.9671924268999106,1.3410946825130932,0.021496759682392407,0.0
0.5598736414780727,-0.6925153908846554,-1.4760040095421942,-0.013589826404935914,1.0
0.5598736411108418,-0.6925149389477744,-1.4793446274880087,0.010483376261197965,1.0
0.5435648546854103,-0.9671881480622813,1.3334680358801623,-0.009869357866723959,0.0
0.6271579196039285,1.6078087883548748,0.16097676551176907,0.030419959995228583,3.0
0.6271579197080567,1.6078092847006242,0.15615966806306902,-0.07525015239304601,3.0
0.5598736417800853,-0.6925143362266614,-1.4743648083902527,-0.064633078462292,1.0
-1.7317881813491427,0.054049041104081846,-0.0014342090732261642,-0.042418855018606996,2.0
0.54356485486478,-0.967190308675493,1.3330054910917886,0.007066991146512892,0.0
-1.7317881819869205,0.05405146385388714,-0.0025059980010143463,0.010155127070626005,2.0
0.6271579193354498,1.6078122870990146,0.16295572889013868,-0.008744797294007468,3.0
-1.7317881812502387,0.054047489225750145,-0.007755153678568372,0.08282229578635822,2.0
0.6271579201982966,1.6078117184176066,0.15852726068592843,0.026014929459159498,3.0
0.6271579205138363,1.60781198073296,0.16462651822017382,0.009955886052667888,3.0
0.5598736412719261,-0.692518203584887,-1.4780047678457304,0.016217763460333767,1.0
0.5435648548382838,-0.9671905616753835,1.333784053685095,0.03447099837998382,0.0
0.6271579199589659,1.6078097476559312,0.15811762718331265,0.0070836216568923634,3.0
0.5598736405117348,-0.6925167570476138,-1.4751572383615221,0.027845324344243107,1.0
-1.7317881812341618,0.05405226190922918,-0.009342386726860472,0.05004524100433116,2.0
0.5435648548116354,-0.967188361290544,1.3315833031729067,0.007928239477091615,0.0
0.6271579190579842,1.6078118097936709,0.1587809830859624,0.048075213468913955,3.0
0.5598736415992127,-0.6925158520813568,-1.4795506508384744,-0.010111767251644328,1.0
0.6271579193354643,1.6078108833387643,0.15327969144266512,0.029060220167209112,3.0
-1.7317881815172942,0.05404891188630963,-0.003028844359932608,0.0014464478297257924,2.0
0.5435648556523954,-0.9671898576367611,1.3301934471588945,0.019854825331174615,0.0
0.5435648547718617,-0.9671904307695965,1.3340056748144737,0.01445774075627748,0.0
0.5598736419071452,-0.6925163229776453,-1.483880072038429,0.012435966003284608,1.0
0.5435648551172967,-0.9671890459547745,1.3308502865021392,0.03134115040186626,0.0
0.6271579192898821,1.607814643092292,0.16257784007959475,0.09192315397004618,3.0
-1.7317881806251147,0.05404778715440902,-0.012106654801873219,0.021230031358068516,2.0
0.5598736412928077,-0.6925166377948988,-1.4802539384375415,-0.0758641695215017,1.0
0.543564854637905,-0.9671912062769381,1.3303718724909745,0.03162630281455302,0.0
0.5435648552886851,-0.9671904395879244,1.3333345716865563,0.04906305946494242,0.0
0.5598736413457687,-0.6925162229734985,-1.4840533440329111,-0.022807842146234387,1.0
0.5598736412341108,-0.6925155400393039,-1.4772601206319365,0.0002026309460131042,1.0
-1.7317881814363398,0.05404952597915886,-0.008542668694069886,0.01901604249717051,2.0
0.5598736413971694,-0.6925158844179561,-1.4843873719086789,0.06942670503978267,1.0
0.543564855023576,-0.9671910904540792,1.3338150729514415,0.0034099517435238467,0.0
0.5435648548991528,-0.9671886930740663,1.334533105280516,0.042873908771020416,0.0
0.5435648548658354,-0.9671907844256582,1.32619139256409,-0.022341665150624693,0.0
-1.731788181280515,0.054047720415529306,-0.004817088928222364,-0.0030799794979791666,2.0
0.5435648546008038,-0.9671906132325987,1.3279874727979333,0.060902878609800884,0.0
-1.7317881813821119,0.05405133652780081,-0.00550501454093297,-0.01769127330009076,2.0
0.6271579194744669,1.6078113328748802,0.15928250627713453,0.07367999571279536,3.0
0.5435648541536141,-0.9671886532969343,1.331264757072987,0.008682231477041677,0.0
0.543564854334381,-0.96718999798281,1.3276895123185752,-0.0069043538998458,0.0
0.5435648553754734,-0.9671895439099525,1.3298795595988249,0.07207536123817286,0.0
0.6271579202314905,1.6078106207129834,0.16370688696460625,-0.02317967208709211,3.0
-1.73178818115362,0.05405209069956625,-0.005550971291130259,0.017810086864289684,2.0
0.6271579199354652,1.607810676967606,0.1608215779382249,0.014371033762227819,3.0
0.5598736414652853,-0.6925146257781125,-1.4693553005727675,-0.044896081266932536,1.0
-1.731788182012623,0.05404835912928846,-0.010187407379578267,0.0071174697896061205,2.0
-1.7317881817382743,0.05405103168110591,-0.004069885536369694,-0.021772096311017498,2.0
0.6271579196364757,1.6078105394357942,0.15833674213018237,0.05534475388665316,3.0
0.5598736414213802,-0.6925146985519754,-1.4795733218043339,0.009348724966660778,1.0
0.5435648544487647,-0.9671890844718436,1.3355756974278201,-0.029849309842553007,0.0
0.5435648549654872,-0.9671904484946116,1.334544611820038,0.019688456153524513,0.0
0.5435648548481083,-0.967189256751268,1.3260761848769604,-0.06018278913172785,0.0
0.5435648541507073,-0.9671871119451638,1.3406624028881713,0.016822526434789563,0.0
0.6271579205910126,1.6078104028124725,0.1649471397632801,-0.043319920650405096,3.0
0.5435648540220508,-0.9671895680306434,1.334597367038857,0.07464949418814931,0.0
0.5435648553642556,-0.9671906379137877,1.3303687813062255,0.06487463588106131,0.0
-1.7317881812714953,0.054050631236879594,-0.004541366485984015,-0.08096423840424828,2.0
-1.731788181562675,0.054048536703592165,-0.006658457536619397,-0.02208587132047279,2.0
-1.7317881812972022,0.05405085361046711,-0.005235547436692891,0.09096259674181639,2.0
-1.7317881815234246,0.05404942735264432,-0.0021997052308840195,-0.03708226546155237,2.0
0.5598736411333043,-0.6925128821219791,-1.4787347454660216,-0.029324244651979796,1.0
0.6271579200497615,1.6078122231380452,0.15605255112986333,-0.02362604824080002,3.0
0.5435648553183065,-0.9671912432828211,1.3291076021069328,0.039174263236597257,0.0
-1.7317881818853231,0.05405037975581404,-0.0017490392297547096,-0.014599057453149206,2.0
0.5435648547333248,-0.9671885364464315,1.3347241536592755,0.013614157832907524,0.0
0.5598736420379828,-0.6925169299488506,-1.4774751615304456,-0.020481609392841323,1.0
0.6271579201543946,1.6078084252883345,0.17023154505396934,0.035108373288792113,3.0
0.5598736419931519,-0.6925174200585793,-1.476153058591109,-0.03488304729655931,1.0
0.5598736413054747,-0.6925137756096754,-1.476913255278286,0.03298479534664835,1.0
0.559873641086111,-0.692514971038234,-1.478972899463852,-0.0011973532270488098,1.0
0.5598736413361027,-0.6925182743807329,-1.4778406022153978,-0.011038185120055692,1.0
0.6271579200682234,1.6078102174519986,0.15652628292909243,-0.022944073305316583,3.0
0.5598736420893794,-0.6925160507914048,-1.4780179624912435,-0.036594940599836465,1.0
0.5435648550574891,-0.9671894418822516,1.3254953446744202,-0.03171051800221763,0.0
0.5435648546013556,-0.9671911075204531,1.3330712923761143,-0.0574337214386742,0.0
-1.7317881813966742,0.0540523524653006,-0.00770841570269989,0.04139667676903549,2.0
0.6271579199725614,1.6078126129469228,0.1596890072516174,-0.036429504162213085,3.0
0.5598736415837399,-0.6925163926699598,-1.4754210300176152,0.0002756724950361596,1.0
0.627157919612145,1.6078127607741757,0.15570491924661947,-0.006789190871123197,3.0
-1.7317881819800667,0.05405223414680684,0.0004893515610401201,0.035959781506968436,2.0
0.5435648547223809,-0.9671903141846131,1.3286761182880988,-0.038745599168707845,0.0
0.5598736408438304,-0.6925157084297194,-1.474184634691267,-0.021907783815495387,1.0
-1.7317881820853798,0.05404897141491571,0.0006620437662352688,0.0349450282299523,2.0
-1.7317881818976484,0.05404943720045679,-0.005733894826469014,-0.05366369092092504,2.0
0.559873641483871,-0.6925178017698894,-1.4839513809001108,-0.01545948278771923,1.0
0.5435648541306929,-0.9671902008166638,1.333602672185459,0.0299351219319934,0.0
-1.7317881816822158,0.05404605016318297,-0.00016917081149892476,-0.01477471866526284,2.0
0.5435648543475872,-0.9671934301778392,1.334830276600116,-0.06797852027010648,0.0
0.627157919680529,1.6078095559647543,0.1620670829240663,0.060336612999350746,3.0
0.6271579197870841,1.6078125576810591,0.16110836132020936,-0.004711632896906598,3.0
0.5435648548190475,-0.9671905528379322,1.3324275637506753,0.0064847651608374145,0.0
0.6271579201617704,1.60780978467177,0.16011800125508022,-0.03187763739874223,3.0
0.5435648545956784,-0.967187664054105,1.335319805655373,0.01221356501765467,0.0
0.627157920064932,1.6078093177316617,0.16506023324730795,-0.0036576627264825155,3.0
0.5435648539181572,-0.9671901582483724,1.3356331423398493,-0.049612799636055416,0.0
-1.7317881811464846,0.054049792859288674,-0.006884940574384306,0.0579257954611807,2.0
0.5435648549128959,-0.9671894183870409,1.335829565128171,0.008350364790072036,0.0
-1.731788181667764,0.05405118705390943,-0.005536648026977546,-0.048796742128239284,2.0
-1.731788181587939,0.05405204333609558,-0.004140564252773121,0.0438093290872266,2.0
0.5435648548026775,-0.9671904908039667,1.3349941341171943,-0.015764686177463672,0.0
-1.7317881806748057,0.05404995573241664,-0.008578311868610017,0.028580130086095338,2.0
0.62715792015182,1.6078088181648462,0.15652230629412192,0.0817720201914409,3.0
0.5598736413569919,-0.692515982535266,-1.4768111697124948,0.00285663442930691,1.0
0.6271579201044816,1.6078120323330003,0.16208724070378866,-0.019180692005683127,3.0
0.5598736417265772,-0.692516359719866,-1.483980726888395,-0.025729249094822538,1.0
0.6271579196292892,1.607810556842412,0.16103599093056986,-0.014729508833217433,3.0
0.5598736413136016,-0.6925162376402413,-1.4784710611343386,0.006271064931675221,1.0
0.6271579203768172,1.6078112715154673,0.1637450752588256,-0.009795809490972824,3.0
0.5598736409249392,-0.6925166948661126,-1.48680016663793,0.05040514552156505,1.0
-1.731788181126841,0.05404854489419421,-0.002194629281327127,0.04853398335453946,2.0
-1.731788181073951,0.054049477777189,0.0019806564816552794,-0.006850751063447952,2.0
0.627157919881327,1.6078093874214565,0.1604558240868358,0.08948707660326302,3.0
0.543564855135382,-0.9671899934727745,1.3289700728020077,-0.012436754678107823,0.0
0.559873641575473,-0.6925171999605185,-1.4830561950189254,0.014415834608248596,1.0
-1.731788181690763,0.054051499282058144,-0.0026338535932983087,0.007492647382491365,2.0
0.5598736414529524,-0.6925140934200992,-1.4784698644065244,0.05256827945315282,1.0
0.5435648544722876,-0.9671909928296126,1.3358078013147403,-0.016043229643581135,0.0
-1.7317881815524725,0.054048562825845234,-0.007885645054683709,0.017659703605728393,2.0
0.5598736422763515,-0.6925168964769811,-1.473863903942116,0.015310279725931056,1.0
0.6271579194684973,1.6078098208151983,0.16193602557171227,0.03688837265825859,3.0
0.5598736415026401,-0.6925159733829284,-1.4777444885628146,-0.0406615194220648,1.0
0.6271579199489848,1.6078127866475294,0.16243675279789385,0.04592132527344208,3.0
0.5435648551194564,-0.9671903803954568,1.3350572036380601,0.03470348765559177,0.0
0.5435648552339984,-0.9671906107357605,1.3353559923938534,0.004965913699118162,0.0
0.5598736408525148,-0.6925167365699488,-1.4719152854034196,-0.0033623654480133248,1.0
-1.7317881809560653,0.05404850430401157,-0.009017740303963162,0.001535775872795935,2.0
-1.7317881824271633,0.054050408265792806,-0.007508899062708085,-0.05016019290636686,2.0
0.5435648547847519,-0.9671922631946163,1.3368071142670865,-0.01963495792519133,0.0
0.5598736407329529,-0.6925167060569615,-1.480640477583786,-0.021639358201416905,1.0
-1.7317881813835692,0.05405299194321994,-0.004023004842868935,0.07985329901261645,2.0
0.559873641532586,-0.6925137082691741,-1.4771468581323133,0.03641728526005124,1.0
0.543564855354126,-0.9671928622752265,1.3291175027552637,-0.057300902146497794,0.0
-1.7317881810957427,0.05405114299484595,-0.007654979052212102,0.02876714797267003,2.0
-1.731788181447632,0.05405034726731451,0.0019729193247295723,0.08036555116606299,2.0
0.6271579195808037,1.6078122785414923,0.15302720556298324,-0.016122008711606888,3.0
0.5598736409846439,-0.6925143257546107,-1.4845530876945972,0.00857814373120061,1.0
0.5598736416859854,-0.6925127185127639,-1.4832681145070008,0.08446562278950324,1.0
0.5598736418056967,-0.692515365228066,-1.4786093486828678,0.007929330813235337,1.0
0.5435648549817204,-0.967187731708153,1.3350775328450046,-0.056601902777651474,0.0
0.559873641604104,-0.6925171671186304,-1.4698456880376916,-0.014330430537556591,1.0
0.6271579201678605,1.6078090028418135,0.15520525151550346,0.004292609937484319,3.0
0.5598736415785474,-0.6925127963030779,-1.476461595729944,0.014966080790745706,1.0
-1.7317881812723073,0.054047271089975125,-0.007915237264489122,0.05262229453399188,2.0
0.5435648550268852,-0.9671908638894613,1.3317903092900394,0.036818474324224165,0.0
0.6271579195210096,1.6078102514549033,0.15689224695592463,0.004130840990633939,3.0
0.5435648549938318,-0.9671887352369478,1.3288862798118337,-0.0002838241544793892,0.0
0.559873641335929,-0.6925143162619489,-1.4754412142703468,-0.051410404186130916,1.0
-1.7317881816765488,0.05405208044291318,-0.0026891595717050518,0.009843184911483659,2.0
-1.7317881812535518,0.054049981560882955,-0.003505493618671708,-0.024371389498723545,2.0
-1.7317881811709648,0.054048279080193225,0.0013475629606682694,-0.001905524289806536,2.0
-1.7317881812638438,0.05405043402518802,-0.0038861194587315817,-0.030589396988136636,2.0
0.6271579193617708,1.607811509017312,0.1627290549337518,0.0024724150773015423,3.0
0.5435648554840886,-0.9671894679439036,1.3324451150655947,-0.026124481761936692,0.0
0.5435648547501676,-0.9671901766502656,1.3309767540617436,0.04198292848526202,0.0
0.543564855125723,-0.9671876102010206,1.3336390574229744,0.032197988450386114,0.0
0.5598736419036828,-0.6925160220874703,-1.4791597174752302,-0.027252589804821193,1.0
-1.731788181104342,0.05404863107104418,0.00865053465587896,0.0038746635455786872,2.0
0.5598736413981046,-0.6925174173694478,-1.4729858822468953,-0.06587481169660371,1.0
0.5598736412522296,-0.6925140731295433,-1.4811994105425712,0.060288503869944624,1.0
0.5598736412220742,-0.6925169973955898,-1.4744416548341561,0.01574010293979696,1.0
-1.7317881813794855,0.054052338376884626,-0.006813416765290946,0.07187575380886979,2.0
0.5435648545266438,-0.9671895600124659,1.3297882221874853,0.015150861335360507,0.0
-1.7317881815968623,0.054049099909827134,-0.00153042755904798,0.012228549594053109,2.0
0.5598736408343358,-0.6925131035212172,-1.4815656933156625,0.010639552482600399,1.0
0.5435648547813943,-0.9671894251467635,1.330741858533138,0.01029906997691964,0.0
0.6271579202610238,1.6078114902545988,0.15305178920399118,-0.006217928641361973,3.0
-1.7317881819063383,0.054051623842118306,-0.005150699126841618,-0.07637740565684731,2.0
0.5435648543982067,-0.9671928551651625,1.3318949151694963,0.07268132704575936,0.0
0.559873641489751,-0.6925188921939988,-1.4762013512733925,0.05593456946325127,1.0
-1.731788182206032,0.05404835529680281,0.004709118331002446,-0.07973523577488978,2.0
0.5435648545484835,-0.9671946088398661,1.3302528107408618,0.08063762237036778,0.0
0.5598736417441822,-0.6925156087417084,-1.476563532683051,0.009813708516229416,1.0
-1.7317881809033733,0.054048128661315364,-0.0040103703032961175,-0.013708445608757735,2.0
0.627157919832631,1.607810112656259,0.15636649324003501,0.05820729353470514,3.0
0.6271579199536635,1.6078124978043153,0.15843172758315013,-0.010429358267212285,3.0
0.5598736411243441,-0.6925176119926785,-1.4725585348846668,-0.018158824531984096,1.0
-1.731788181250431,0.05404925003994514,-0.0032025596028196083,0.027526806939431377,2.0
0.6271579197713231,1.6078103551099174,0.16009767612927647,-0.019010397237119517,3.0
-1.731788181470347,0.05405236492892589,-0.006366487558763905,-0.07223337149363003,2.0
0.5598736409753736,-0.692517303025582,-1.4786501100491565,0.0358157613674448,1.0
0.5598736412350321,-0.6925181402290934,-1.4741248800778095,0.014577301217449917,1.0
0.5598736413762893,-0.6925181846092273,-1.4841543690849652,-0.05523788501744391,1.0
0.5598736415818978,-0.6925155086488242,-1.4784957464493165,-0.0035908847809687154,1.0
0.5435648548418625,-0.9671887228366366,1.3382803318650902,0.026532484712392442,0.0
0.559873641697328,-0.6925173629867722,-1.482033777912754,0.03279312975663768,1.0
0.6271579198176164,1.6078093045243345,0.15596676269010526,-0.015664572348658593,3.0
0.6271579202194373,1.6078108435024934,0.1552635810504698,-0.0034893024158095076,3.0
0.5598736418521981,-0.6925150886719957,-1.480818445846347,-0.011714753672130842,1.0
0.5598736412045712,-0.6925156628204017,-1.4778547464382334,-0.03968831745625223,1.0
-1.7317881816032084,0.05404908585687073,-0.0012121527092751043,0.00037671285452968336,2.0
0.6271579196624396,1.6078127334908696,0.1596696211410568,0.003671729114995706,3.0
0.5435648541572214,-0.9671912386856926,1.3276442160423008,-0.0305589370107577,0.0
0.5435648546869152,-0.9671912302900224,1.3334941207251731,0.028103884941271837,0.0
0.5598736410467052,-0.6925148797545176,-1.478144179470292,0.0035248616482586935,1.0
-1.7317881818649072,0.05405032042981448,0.004007350356634523,-0.014871636802107551,2.0
0.6271579198158134,1.607807694421992,0.1577628968891739,0.0233017129550986,3.0
0.6271579200982703,1.6078121539768668,0.16327531830341654,0.005901479343374441,3.0
0.6271579196757361,1.6078144450903604,0.16159530163994748,0.03206324994306612,3.0
0.6271579199322966,1.6078093316694244,0.1667674341875499,0.023386986744832895,3.0
0.6271579204011434,1.6078129972964454,0.16062405943434208,-0.06524248414453004,3.0
0.5435648549744042,-0.9671916550208264,1.3299015751752654,-0.0027739785277406856,0.0
0.5598736415789279,-0.6925175753431113,-1.474294981919916,-0.058778348720062316,1.0
0.5598736415347277,-0.6925158352467895,-1.4760694887500156,-0.02748840000198423,1.0
0.6271579202030344,1.6078102840765471,0.15683727440896156,0.03943499629293107,3.0
0.5598736412996517,-0.6925172260226702,-1.4813798004212613,-0.08857968466161775,1.0
-1.731788181912734,0.054051797488993476,0.002719482906863896,0.02944910791545982,2.0
0.5435648546564921,-0.9671877371026446,1.329785203325749,-0.043466180469054455,0.0
-1.7317881814953628,0.05404982594141388,-0.00663179804941634,-0.026482507524079137,2.0
0.5435648552169369,-0.9671927439429213,1.3338439786324157,0.09411011328908109,0.0
-1.7317881819619092,0.05404904188456651,-0.008027930822212644,-0.04289510916431451,2.0
0.5598736407179471,-0.6925166357537587,-1.480887981961808,-0.1030657600821824,1.0
0.6271579198417649,1.6078076893669881,0.1590685888660098,-0.026493608961263952,3.0
0.5598736415979886,-0.6925176603437048,-1.4819784237276206,-0.03471280189840008,1.0
0.5598736413842036,-0.6925178907329598,-1.4829395003048191,-0.030824214454532015,1.0
0.5598736414953932,-0.6925163132503988,-1.4793961300829641,-0.038407112873257515,1.0
-1.7317881811936202,0.054050041209486234,-0.0030000777315023932,0.059102060622049785,2.0
0.6271579196595544,1.607812155835771,0.1612765855751384,0.05688240713746477,3.0
-1.731788182113257,0.05405030958963556,-0.004874338359092452,-0.010568124438944655,2.0
0.5435648544326311,-0.9671873546825727,1.33550887249464,-0.07097079474240829,0.0
0.6271579208314545,1.607810962511124,0.15883595330315853,-0.044106603489854374,3.0
-1.731788181320075,0.0540500048895726,0.003269151193243531,0.028969265979706667,2.0
0.6271579197447705,1.6078090592391678,0.16724276327889753,-0.04223620865334444,3.0
0.6271579198221476,1.607812644680755,0.15260894124675378,0.0007007045921757894,3.0
-1.7317881815335237,0.05404597226272108,-0.007513396904344142,0.012694935468075222,2.0
0.6271579197849358,1.6078103555560228,0.16685977559886225,0.07168362396463789,3.0
0.6271579192186681,1.6078117078582608,0.16056651019466744,-0.0062595450411314,3.0
0.5435648541901192,-0.9671910614295153,1.3332889501011376,0.042966718945869564,0.0
0.5598736412675219,-0.6925158403135039,-1.4767177137734246,-0.058889187344879135,1.0
0.5598736408659877,-0.6925162935077066,-1.478437838758796,-0.0041357294640169675,1.0
0.627157920320802,1.6078096747378674,0.1610290214745155,0.07584128929781016,3.0
0.54356485510153,-0.9671910828769017,1.3291184431115188,-0.001764150510029895,0.0
-1.7317881810755842,0.054050024556257084,-0.0021227193431411174,-0.003627958959688999,2.0
-1.7317881818873444,0.05405126186007611,-0.003267950013184628,0.04430238646244833,2.0
0.6271579207451368,1.607814095239806,0.16512616685832598,0.022457450597338988,3.0
0.5435648547043256,-0.9671904437121314,1.3337618779292129,-0.05048961921301577,0.0
0.543564854865958,-0.9671910352261031,1.330443754628768,0.029877856875041988,0.0
-1.7317881813415614,0.05405153518321734,-0.000960326457936689,0.014998762067206493,2.0
0.6271579200698258,1.6078112750511142,0.15722052915410503,0.010033447911834558,3.0
-1.7317881813467684,0.05405104617815597,-0.004822144525840233,0.021966732910535112,2.0
0.5598736418281391,-0.692515905968969,-1.4766742919561244,-0.04923607739164751,1.0
-1.7317881816448402,0.054050413138392865,-0.009635874416035351,0.022694449514257906,2.0
0.5598736412311027,-0.6925151704565495,-1.4769329362714665,-0.023659639031632554,1.0
0.5598736413360942,-0.6925190359541964,-1.477138211260893,0.011720609150579002,1.0
0.6271579199754928,1.6078106950821598,0.15669294364966796,0.0016630154534256383,3.0
-1.7317881812571188,0.05405079638929557,-0.010564163043249418,-0.006052204950902931,2.0
-1.7317881813164653,0.054049322164444115,-0.0025941483664988726,0.0011349234927014035,2.0
0.543564854860013,-0.9671892869937383,1.337314690807744,-0.005524571655903844,0.0
0.5435648546678804,-0.9671906628641649,1.3282269294875184,0.06409056162472782,0.0
0.559873641255928,-0.6925155847316402,-1.4776335099143683,-0.027256347317073198,1.0
0.5598736415250528,-0.6925156228282005,-1.4764569424007155,-0.008000542866656815,1.0
0.6271579196355201,1.6078125509149253,0.15762462635080848,0.021944974707006314,3.0
-1.7317881814959424,0.0540510908104087,-0.009377295487479764,0.028596863318270552,2.0
0.6271579197596843,1.607812396820605,0.16183142272443604,0.04231223134358419,3.0
0.5598736412725966,-0.6925139695491542,-1.4848347470393202,-0.027533997031712054,1.0
0.6271579201611185,1.6078102091332136,0.1599722142924662,-2.2068551853367846e-05,3.0
-1.7317881809047562,0.054048604327726076,-0.010642183409009296,-0.015403150202053533,2.0
0.6271579198791489,1.607814728939229,0.15960102694368827,0.059611402142672666,3.0
0.5435648551464747,-0.9671893631570527,1.3297144182377094,0.04806612349206311,0.0
0.5598736417494126,-0.6925149866587014,-1.4819559372143958,-0.0643296513200556,1.0
-1.7317881807542252,0.05405098424703851,-0.003109155391966418,0.016500330063087328,2.0
0.543564854510258,-0.9671879755545393,1.3329856914496148,0.052499397939302264,0.0
0.5598736414097157,-0.6925168979307903,-1.4839251164956562,-0.07473536815317386,1.0
0.5435648549243535,-0.9671897624341874,1.3322023937427574,-0.007856344503426626,0.0
0.5598736413137395,-0.6925145112998287,-1.476522746824886,-0.019021734638812852,1.0
0.5435648544579659,-0.9671910005946762,1.3360414702945806,-0.0365592064683714,0.0
0.5598736421907344,-0.6925181095209515,-1.475442119883429,-0.02935702235630542,1.0
-1.7317881806577764,0.05404933969335355,-0.0033581369201353523,-0.04149864624163992,2.0
-1.731788180488923,0.05404978249068687,-0.009226984872787822,-0.023862869804110776,2.0
0.5598736424118301,-0.6925163810987749,-1.4756246235119201,-0.03367414028308837,1.0
0.6271579194507426,1.6078105482903604,0.16188999794347733,0.012560723252443277,3.0
0.5598736413611846,-0.6925166401246043,-1.4797572191269035,-0.030805720061867197,1.0
-1.7317881822630132,0.054049949681896435,-0.004549566309590901,0.02725305293722599,2.0
0.5598736417079813,-0.6925145824135525,-1.4801749995905615,-0.006740220647416016,1.0
0.5435648549990931,-0.9671907545059859,1.3282273213904645,0.030938578448235447,0.0
-1.7317881814792067,0.05405129959305209,-0.006861735942019489,0.02050320426226179,2.0
0.5435648553431697,-0.9671903550731901,1.3302965059447007,0.008134326116894615,0.0
0.5435648543331663,-0.9671902589508514,1.3372535047089216,0.005027305453848857,0.0
0.6271579199860793,1.607812423981349,0.15559150172677935,0.06649846158962844,3.0
-1.7317881813993874,0.05405042393511235,-0.006511797872786508,0.02234409302049003,2.0
0.6271579193923092,1.6078127513219016,0.1588034203153359,0.027499169344514077,3.0
0.5435648547517056,-0.9671902643610468,1.333453638169616,0.07459027732983774,0.0
0.5435648549770327,-0.9671911202131053,1.3303355523841505,0.0013872027123818344,0.0
0.5598736421884952,-0.6925152432463054,-1.4733777695083072,-0.010058730943572075,1.0
0.5435648547719434,-0.9671934409142767,1.3292601117006815,0.02649977321828134,0.0
0.6271579196874113,1.6078120967292902,0.16501577847486837,0.0006697601315875633,3.0
0.5435648547168979,-0.9671894902769721,1.3386104902581328,-0.0026607559781476314,0.0
0.5435648549592639,-0.9671886942762613,1.3367524453540531,-0.01576593117533562,0.0
0.5435648552411607,-0.9671862823016011,1.3259606191876518,0.030694438385254954,0.0
-1.7317881807749063,0.05404745643018748,-0.006058607638657863,0.0087134664234572,2.0
-1.7317881814478595,0.0540526543012826,-0.0011970147629868516,0.04290578004523609,2.0
0.6271579199059588,1.6078131309286594,0.15349797946009344,-0.04152928121427714,3.0
0.5598736413199992,-0.6925158248753419,-1.4740611491222726,-0.043699361411566696,1.0
-1.7317881812972384,0.054048460113098405,-0.0013373092006473241,0.020286097981634218,2.0
0.5598736415877403,-0.6925168337318012,-1.475844901253127,-0.025278002815349712,1.0
0.5598736412747435,-0.692517276498241,-1.478862813878233,-0.0717034748906624,1.0
-1.731788181125217,0.0540487614339889,-0.005323292795965713,-0.021486160946481345,2.0
0.5598736416779839,-0.6925132559570913,-1.4814410122390922,-0.01931567218750272,1.0
0.5598736414739656,-0.692513957072118,-1.4825875142624687,-0.033000642982544376,1.0
-1.7317881813382285,0.05405032680534052,-0.007173570918081497,0.012719101228244075,2.0
0.5598736418917548,-0.6925173500024344,-1.4835271726693615,-0.001217901619825534,1.0
0.5435648541500008,-0.96718869881636,1.325267607379316,-0.010466666877605812,0.0
0.543564855348977,-0.967189615878873,1.3256916792472793,-0.008168708899711588,0.0
0.5598736421152303,-0.6925132386419649,-1.4756774924255698,0.025037480609188145,1.0
0.5435648547176996,-0.9671887320956628,1.3276983930656765,-0.036481074034954014,0.0
0.627157919855211,1.6078118510146355,0.16093503899982312,-0.013950892563071719,3.0
0.6271579195222386,1.6078107054746738,0.16471270055246257,-0.008301241207607009,3.0
0.5435648548601992,-0.9671900649534763,1.3346932388203496,0.0389957976726931,0.0
0.5598736418427539,-0.6925153047394559,-1.4788547841317743,-0.03004733513739585,1.0
-1.7317881811054925,0.05405191537652715,-0.0043842069860900125,-0.046834890778088445,2.0
0.5598736416562219,-0.6925163256835428,-1.4796001056045167,0.043631699779882634,1.0
0.543564855417391,-0.967192048487418,1.3382894169673025,-0.014485372421973728,0.0
0.54356485568569,-0.9671899800271581,1.3344547322083815,-0.06138812325822146,0.0
-1.7317881810242464,0.05404926977761162,-0.009781321619480381,-0.023173818079861325,2.0
0.559873641450085,-0.6925160308674726,-1.480577397020847,0.01667551433500973,1.0
0.559873641887075,-0.6925170507839411,-1.4758501948702578,-0.06853572689150023,1.0
-1.7317881815704441,0.05405059969142478,-0.007190650533382856,0.019033586913333244,2.0
0.559873641388223,-0.6925174039920793,-1.4781629921256974,-0.026003469820516503,1.0
0.5598736413148317,-0.6925159469370581,-1.4798657216004132,0.014046809475122895,1.0
-1.7317881817027723,0.05405387258053115,-0.003546009105431603,-0.04337334050695834,2.0
0.5598736413424286,-0.6925157041234743,-1.4761914568552703,0.023158275128865542,1.0
0.6271579191457096,1.607811993326911,0.16308204744616767,0.01908839817957503,3.0
-1.731788181353188,0.054050433212447103,-0.008031463505256206,-0.0254855219600839,2.0
0.5598736423662465,-0.6925147044989087,-1.4835483783257983,0.04163645628871717,1.0
0.5435648549874118,-0.9671896429223457,1.3321802680356736,-0.04236369461283605,0.0
0.6271579193118344,1.607812924209338,0.1633061394853524,-0.0017515965456560772,3.0
-1.7317881817425795,0.054050117184677414,-0.004499012322453355,0.0414873129711076,2.0
0.5435648545843753,-0.9671904393776422,1.3297276213140208,0.004699103720374865,0.0
-1.7317881817077183,0.05404979580052087,-0.006718609614617142,-0.029807331849261584,2.0
0.6271579199477855,1.607810435092854,0.1664528114238384,0.035279957101006024,3.0
-1.7317881814938345,0.05405250528906172,-0.007388778549687496,0.0008772295817063332,2.0
0.5435648546696641,-0.9671885173759283,1.3404615972832918,-0.05872266642227964,0.0
0.5598736413742953,-0.692516737389349,-1.4755316550882522,-0.025671531353793627,1.0
-1.7317881815898726,0.05405251854664611,-0.006519288336990999,0.029100638439040635,2.0
-1.7317881818689949,0.054049393169831546,-0.010055717749941892,-0.0006749666303923285,2.0
0.6271579194713345,1.6078093593003295,0.16674425337481585,-0.037193182160132496,3.0
-1.731788181875079,0.05404873654074342,-0.005155067120992109,0.01655316883884899,2.0
0.5435648544909291,-0.9671908277260851,1.3346693836207268,0.041236359530143575,0.0
0.543564855526557,-0.967186698789114,1.3325704690515758,0.025576580045551668,0.0
0.5435648542802416,-0.9671881098066863,1.328807722347983,0.018698704572372223,0.0
0.5598736418025345,-0.6925164502818102,-1.481817826803865,-0.0006059643478975197,1.0
0.5598736409673729,-0.6925155772695943,-1.4813384783341303,0.0652761583886386,1.0
-1.731788181366102,0.05405090933361433,-0.006353876723207345,0.020168948158141582,2.0
0.627157919400497,1.6078106104048357,0.1621941045358133,-0.010898648504893674,3.0
0.5598736411198252,-0.6925182569550891,-1.4763334673283,-0.01611531862954628,1.0
0.6271579193009285,1.607811981000346,0.16344136276571317,0.007408845111684146,3.0
0.559873641768313,-0.6925168299979366,-1.4746130187122966,-0.0488211101494633,1.0
0.6271579196099494,1.6078127278280314,0.15774367332799233,0.0734377965986578,3.0
0.5435648552647553,-0.967189818567375,1.3222080332371946,-0.010454938107902299,0.0
0.5435648543869721,-0.967190250447144,1.3399674188569168,0.01901919200417298,0.0
-1.7317881813769525,0.05405054221557608,-0.012287806508834907,-0.09058720513345088,2.0
0.5435648548271023,-0.9671892900958151,1.3365137321295921,-0.021088291723307017,0.0
-1.7317881821641459,0.05405249903744962,-0.008228040923929668,0.022972700746860083,2.0
0.5598736413660667,-0.692514774416234,-1.4782862703343211,-0.0337672861664807,1.0
-1.7317881813895915,0.05405255957834843,-0.0010217674655464306,0.025544661219772405,2.0
0.5435648548023796,-0.9671877200451352,1.3343119100689809,0.06817406025677981,0.0
0.5435648551768779,-0.967187168476934,1.3271626027014594,0.028166243590452816,0.0
0.5598736422416872,-0.6925132557907328,-1.4811691536519547,-0.0423094969363779,1.0
-1.7317881819924672,0.05404962391711284,-0.009500735429536868,0.016911821067750632,2.0
0.6271579197579676,1.6078100226126315,0.15746368378873427,0.01705383734658828,3.0
0.6271579197007564,1.6078102456257795,0.16545564020283096,-0.0547590827691632,3.0
-1.7317881807728301,0.05404888770780717,-0.00826933795093267,0.04176302042056,2.0
0.6271579198250373,1.6078112523856105,0.16573666166522216,0.022586574852826478,3.0
-1.7317881818951049,0.054051695263642584,-0.0005318537684300265,0.017526394448377836,2.0
0.6271579206742697,1.6078108448635666,0.15923378973717398,0.039005720258862314,3.0
0.5598736417839989,-0.6925162648676918,-1.4867900308575417,0.04368375564328058,1.0
0.5598736418482579,-0.6925170797621639,-1.4795112570643325,0.04433326481948104,1.0
0.5435648545137465,-0.967188908066605,1.3367236118378019,0.10381170525582195,0.0
-1.731788181090878,0.05405145307187377,-0.007148668497705859,0.0009756798349743518,2.0
-1.7317881818382395,0.0540499826770692,-0.00858100320785945,0.026116066306743412,2.0
0.6271579198476726,1.6078093453087423,0.1584279926335721,-0.008523179368532275,3.0
0.6271579198898012,1.6078099324379083,0.16240955354222558,0.033550575050606574,3.0
0.5435648548352775,-0.9671889924611912,1.3283029690596326,0.025789283559654555,0.0
0.559873640779812,-0.6925160670199939,-1.4763554209090524,0.039103276045066894,1.0
0.6271579198017075,1.6078110291229688,0.15584149243893872,0.006156371081561102,3.0
0.6271579196794173,1.6078083987426892,0.1646936775528023,-0.024814222676888913,3.0
0.5598736418151411,-0.6925151354269823,-1.476728850841132,-0.07790775225580875,1.0
0.627157919839889,1.6078106947973185,0.1609941939314136,-0.016326110926697116,3.0
0.5598736416887671,-0.6925162706133937,-1.4802363258009712,0.058875242136179035,1.0
-1.7317881814250031,0.05404980739396998,-0.003647663246479711,-0.022648823883498294,2.0
-1.7317881815540603,0.05405011543100908,-0.008994381598767127,0.047603412074271934,2.0
0.5435648549353179,-0.9671882012644955,1.3349350413229126,-0.02340901652213035,0.0
0.5435648549572926,-0.9671904792248041,1.3360106152620723,0.03708523416151637,0.0
-1.7317881816655516,0.05404727750941418,-0.008275393271432046,0.008923918748070709,2.0
0.6271579200960197,1.6078108721403774,0.1612479283956144,0.06749527274342842,3.0
0.5598736416750492,-0.6925152161413478,-1.4773156043396467,0.06000890965041884,1.0
0.6271579201520711,1.607809150851415,0.16213837491634353,0.001468351911249562,3.0
-1.7317881803744326,0.0540501650942297,-0.01162674856885863,0.04813230216720477,2.0
0.5435648543249088,-0.9671914847141709,1.329555861629452,0.07646595073495681,0.0
0.5598736413590405,-0.6925142749581749,-1.48171687127563,-0.010003362096891018,1.0
-1.7317881816915437,0.054050340175762636,-0.004881792148577488,0.016800213380884266,2.0
-1.7317881821895127,0.0540517987882651,0.0021139103330044,0.013697055163172135,2.0
0.5598736418788912,-0.6925150333032536,-1.4811884375578184,-0.0015341983432841655,1.0
0.5435648545266701,-0.967187936250035,1.335354332702009,-0.07641079658249075,0.0
0.559873641604707,-0.6925139476560611,-1.4768988264664928,0.01325352693291921,1.0
0.5435648545339578,-0.9671910244133238,1.3395715162352428,-0.036954271196879176,0.0
0.6271579195578955,1.6078135140138317,0.1659032645284629,-0.015349690234220467,3.0
0.6271579206008738,1.6078096230040582,0.1661405900091009,0.038668020710939825,3.0
-1.731788181204648,0.05405186574636173,-0.0016208879215712931,-0.056432845780454606,2.0
0.5435648542419712,-0.9671913729520043,1.3353112919736572,0.05277420237472114,0.0
0.5435648545449335,-0.9671910581514913,1.3347344452652867,0.011603833969754153,0.0
-1.731788181360176,0.05404924573642077,-0.001728822106875353,-0.020133932073171955,2.0
-1.7317881807233722,0.05404711584255049,0.0062297241870509605,0.05458151787854297,2.0
0.5598736414729019,-0.6925179722497949,-1.4703737827688432,0.04113931249172378,1.0
0.5598736414337253,-0.6925150092443694,-1.480781784195687,-0.04203282999072576,1.0
0.6271579196693572,1.6078117839148522,0.1553780461759975,0.08989552097183068,3.0
0.5598736416408112,-0.6925163785414793,-1.478168229098177,0.023690928054872423,1.0
-1.7317881810030327,0.05405019283063307,-0.006408875868657079,-0.04852341791865181,2.0
0.5598736412345463,-0.6925176181117837,-1.4773494772254183,-0.02310457867532733,1.0
0.5598736419239195,-0.6925140351534725,-1.4735707975921772,-0.0035038680618362282,1.0
0.5435648549917472,-0.9671904700282647,1.328491022290934,-0.03213820223576831,0.0
-1.7317881806807558,0.054049290928256,-0.005083444502042588,-0.009973278708322632,2.0
0.5435648546190411,-0.9671902347223654,1.3350338423831458,0.022268412279030928,0.0
0.5598736415759321,-0.6925170203268937,-1.4767238886689498,-0.013568784301676509,1.0
0.5435648549448944,-0.9671866995093744,1.3306228477276885,-0.00015384840751354157,0.0
0.5598736411120705,-0.6925150018815873,-1.4803118965614355,-0.0017588907830835764,1.0
0.5435648544210478,-0.967189686382451,1.330228832994208,0.06657011527411717,0.0
0.5435648547531527,-0.9671890019349292,1.3323061109142298,-0.03686076756685314,0.0
0.5435648543735053,-0.9671899162028351,1.3311944114910215,0.0577040294709388,0.0
0.5598736416396595,-0.6925139517253254,-1.4798837744906628,-0.008838502656750217,1.0
-1.7317881816429164,0.05404761994261514,-0.0037665421793961107,-0.10845296164676735,2.0
-1.7317881818852645,0.054050924599464964,-0.005180456091738833,0.0003950975883853867,2.0
0.5435648548473536,-0.9671897825788587,1.3357626478411988,0.014816452770522721,0.0
0.6271579200099512,1.607811057003746,0.16216444680959954,-0.004995567872675483,3.0
0.6271579197615508,1.6078125607206528,0.15432692160134565,0.0043872846780440185,3.0
0.6271579202427687,1.607810185959266,0.16634022658084135,0.01771300361668237,3.0
-1.731788180752853,0.05405122809847813,-0.0078386940633182,0.043604783032000764,2.0
-1.7317881813506495,0.054051103998088997,-0.004677715874052922,-0.022965109629560863,2.0
0.6271579200923135,1.6078101740727038,0.1648571713629435,0.02439221997992585,3.0
-1.7317881817986662,0.0540502150751971,-0.0018834757626970033,-0.012260792764397491,2.0
0.5435648544311867,-0.967189505824884,1.331035092341179,-0.024181094313432756,0.0
0.6271579203071248,1.6078109403060472,0.16406703396154082,-0.008905448112665573,3.0
-1.7317881814602964,0.0540501017268855,-0.0039893116087714505,-0.03171191272187616,2.0
0.5598736417651071,-0.692515273961898,-1.48341320709219,0.016243067009074002,1.0
0.5598736420538385,-0.692513640173263,-1.4744344742640314,-0.006503610984701674,1.0
0.559873641567691,-0.6925197452110883,-1.483874737482556,0.013438393363819917,1.0
-1.7317881811940534,0.054049161562218076,-0.001965490847220612,-0.05526177814506448,2.0
0.6271579200105412,1.607810706002289,0.15884980366653637,0.01717359640441907,3.0
0.6271579197079413,1.6078101952318598,0.15980742649529495,0.02511983286442903,3.0
0.5435648546063279,-0.9671872999028036,1.3274674329443779,0.03821457573471374,0.0
0.5435648546897057,-0.9671883095236044,1.3397347500905128,0.013486335634234086,0.0
0.5598736417512268,-0.6925129585020892,-1.4761443565571624,-0.010903455476929691,1.0
0.627157919451316,1.6078147216520537,0.16350313701075947,0.010070951362705497,3.0
-1.731788181481841,0.05404993896344841,0.0015392078436862538,0.02152831023945434,2.0
0.5598736418175982,-0.6925169153232058,-1.484112210844362,0.006114098667555363,1.0
-1.7317881815469462,0.0540511824955742,-0.005141910370942748,0.03771735910112769,2.0
-1.7317881819891554,0.05405026219116774,0.0026116168031835077,-0.03075974123128015,2.0
-1.7317881811514606,0.05405130598823542,-0.0004341892857466912,0.027878765158933425,2.0
0.5598736413433346,-0.6925165504849413,-1.4799162940380688,-0.03393376946660914,1.0
0.6271579198473574,1.6078153340690378,0.1582647975546795,-0.037760283831838326,3.0
0.5598736409781512,-0.6925160478111733,-1.4814741404629095,0.015712149937240537,1.0
0.5598736413242761,-0.6925160198251732,-1.4791773955778689,-0.018550196023451208,1.0
0.5598736410313997,-0.6925157681959362,-1.4874176800150167,-0.03290629297203772,1.0
0.5598736417347361,-0.6925164094652428,-1.4734542199066778,-0.03020268224289604,1.0
-1.731788181504396,0.054046810912340516,-0.003828942458059155,0.037946652866586605,2.0
0.6271579196413988,1.607810778916878,0.15542748905774978,-0.01755271675165025,3.0
0.5598736417158917,-0.6925201787477199,-1.4812382733379237,-0.0051096427936583415,1.0
-1.7317881814669716,0.05405063232537555,-0.008930713399654363,-0.0342515698501166,2.0
0.5435648551760933,-0.9671902307844209,1.3360275071633472,-0.027981478955589473,0.0
0.5598736410781043,-0.6925171007652948,-1.4778496748766576,-0.02481877333751615,1.0
0.543564854777649,-0.967189952673597,1.3349530298929762,-0.012398095611969326,0.0
0.5598736411098726,-0.6925165779910782,-1.482762996770398,0.010397179352436888,1.0
0.5598736413831483,-0.6925142957443465,-1.4775138788993267,0.006444605768373068,1.0
-1.7317881813053617,0.05405111151048515,-0.0038623868496777997,0.04372148375825564,2.0
0.5598736418570104,-0.6925145041420532,-1.4794912515517902,-0.012636356665851866,1.0
-1.731788181436504,0.054052670946544736,-0.009423695310457739,-0.026914333750929113,2.0
0.5435648544357294,-0.9671902227370318,1.334614921554455,-0.0011044722496923974,0.0
0.5598736407644433,-0.69251454586199,-1.4814350125884104,-0.03280255763774051,1.0
0.5435648546238347,-0.9671899814731424,1.336552178795149,0.09844433063779617,0.0
-1.7317881814523177,0.05404822375148972,-0.007078934904564984,-0.03980807461447924,2.0
0.543564854358022,-0.9671862180094576,1.3305790876579466,0.05240317134120941,0.0
0.6271579199900055,1.6078115830097095,0.15983232169621406,-0.028405154991638617,3.0
0.5598736419322142,-0.6925172567960025,-1.4766573308791386,0.08057817779174263,1.0
0.6271579196662397,1.607813185545797,0.16233558684807356,0.0244442923404228,3.0
0.5598736408211322,-0.6925148033809793,-1.4778348707777536,0.0074886755967105475,1.0
-1.731788181441977,0.054050192761681555,-0.007052675641869606,0.014125494874339901,2.0
0.6271579199593348,1.6078122557355938,0.15927676542667907,-0.056700222205017956,3.0
0.6271579201309581,1.6078088937497277,0.15960113486272118,0.08512225304023642,3.0
0.5435648547526518,-0.9671927028796973,1.3292132287244185,0.0123765127851521,0.0
0.6271579199320002,1.6078111359237888,0.1561696914115764,0.017585867476455703,3.0
0.5598736418606031,-0.6925173917427618,-1.4785392543521085,-0.015954354840249582,1.0
0.5598736417357949,-0.6925129234434646,-1.4802467719073626,-0.0021384154541462443,1.0
0.6271579199622188,1.607811920730675,0.1615253061855071,0.03384957046239088,3.0
-1.731788181152645,0.05404941488613456,-0.003340603678203252,-0.04660394927219549,2.0
0.6271579202477475,1.6078096211525987,0.17078556729237657,0.052427254332533604,3.0
0.5435648540943381,-0.9671899859785668,1.3314067278587722,-0.024535239108654083,0.0
0.5598736420978855,-0.6925180111601957,-1.4879441745864146,-0.03331514902717256,1.0
0.6271579192768431,1.6078115005183506,0.16151895847253944,-0.006592515314258611,3.0
0.5435648549420763,-0.9671901515290521,1.3323430749538,0.0037632640921814926,0.0
0.6271579196004667,1.6078087301390345,0.15714616196324618,-0.04714347652175134,3.0
0.627157920588014,1.6078132531516223,0.16397628580748294,0.036926013820795696,3.0
0.559873641047739,-0.6925140459333575,-1.4793109597103693,-0.008540563231508076,1.0
0.62715791998697,1.607809896538264,0.15789163903351805,-0.033064827555248005,3.0
-1.7317881812268798,0.0540509444421307,-0.003315681901511946,-0.027277394410683883,2.0
0.5598736414202103,-0.692518203194925,-1.4827033840298278,0.027526312063252043,1.0
0.6271579200991148,1.6078090324583436,0.159369895586043,-0.025635721270752334,3.0
0.5598736423806779,-0.6925152774575825,-1.4733493857585755,-0.03429958118437345,1.0
0.5598736409160683,-0.6925171603033927,-1.4840590584250022,0.004356658977596014,1.0
-1.7317881809960738,0.054050608779517194,-0.005111107093421503,0.0648896347508845,2.0
0.5435648549003214,-0.9671889608404907,1.328962149330046,0.013236580819020656,0.0
0.6271579199858656,1.607811668279481,0.16070603341043488,-0.01576586528796164,3.0
-1.7317881813692633,0.054050337362640144,-0.005730433849956043,-0.039549773917015425,2.0
0.5598736422288301,-0.6925158215841993,-1.4788955035048104,0.07447726160595142,1.0
0.6271579200553398,1.6078112986378674,0.15907570227137477,0.02631167277045887,3.0
0.5598736412549877,-0.692518870711026,-1.4816006088701312,-0.07386840581284466,1.0
0.6271579192232887,1.6078113591400753,0.15170527169038217,-0.0365656806347052,3.0
0.5598736414086959,-0.6925158902243518,-1.479926084829301,-0.005339581088864009,1.0
0.6271579199791025,1.6078135941322622,0.1574396526453755,-0.04362051651680546,3.0
0.5435648547678439,-0.9671891345787773,1.3365819038783449,0.0639790745372395,0.0
-1.731788180839164,0.05405066046512776,0.0032903943901038298,0.011872249668278817,2.0
0.5435648548133891,-0.9671912852600679,1.3438046369701344,-0.026859108442535855,0.0
0.543564855228582,-0.9671871925748187,1.3265442532519438,0.014361515741345537,0.0
0.5435648539392555,-0.9671865893249267,1.3303633924017317,-0.029443705044375303,0.0
0.6271579200667565,1.6078125222096193,0.16376451443453036,0.04167589198583635,3.0
0.6271579204690106,1.6078091368111727,0.16308758438028745,-0.00819248204386873,3.0
0.559873642125576,-0.692515242244478,-1.4737200742810224,-0.05209268426514225,1.0
0.5598736413299871,-0.6925182590340835,-1.4785095640956385,-0.06508171663851231,1.0
0.5598736412203345,-0.6925195100722843,-1.4822932785481955,0.03485049660506189,1.0
0.543564855444302,-0.9671881576148414,1.3347909831585894,0.059792637568424824,0.0
0.559873641687347,-0.6925170452192493,-1.4829881983481632,0.0008628830449975631,1.0
0.5435648551110971,-0.9671899386616393,1.3364498631362962,0.059818635471546804,0.0
0.5598736406795108,-0.692516685889448,-1.4713005719824,0.02349970165933609,1.0
-1.7317881819968588,0.05404969736289873,-0.004575782848049717,0.0106408706332302,2.0
0.5598736416785851,-0.6925143276539352,-1.4780846034652544,0.025561681665884312,1.0
0.5435648545475903,-0.9671922966727723,1.3357340380773892,-0.0018999161297474421,0.0
0.6271579199102845,1.6078099326999176,0.15827747915200155,0.017269889115539644,3.0
0.5598736412335615,-0.6925157295737268,-1.4725320712581136,0.04317706810694136,1.0
0.5598736404808825,-0.6925135628998546,-1.4779485681495488,-0.06540972068840263,1.0
0.5435648555264073,-0.9671892484132273,1.3360404172915896,0.056931518405831494,0.0
0.5435648550393831,-0.9671928021894208,1.32928591079168,0.04361836149881851,0.0
0.5435648538939647,-0.967190484491614,1.3336477034651946,0.03580121990463947,0.0
0.6271579196842607,1.6078123124712123,0.16141725847446312,-0.020531863297782144,3.0
-1.7317881810026416,0.054054518584753165,-0.002863206687465686,0.021859061750526345,2.0
0.5435648539432708,-0.9671895632666079,1.3347277822216785,0.06929738189870134,0.0
0.5435648553030094,-0.9671882430899839,1.3323865508467005,0.03759968658683525,0.0
0.5598736412513825,-0.6925182816723934,-1.4782610743882179,0.00010434380404201884,1.0
-1.7317881811087754,0.054050763736942724,-0.003227180181003943,-0.05152044881542587,2.0
0.5598736417614811,-0.6925174198408414,-1.4789396563988892,-0.024663036711537613,1.0
-1.7317881807051336,0.05405132531328343,-0.0044826600589432716,0.025537200570456293,2.0
-1.7317881813766174,0.05405200156864033,-0.006942953123625242,0.07483682194990207,2.0
0.5435648549838991,-0.9671911012046107,1.332500471889267,0.03143696660847552,0.0
0.5435648545925682,-0.9671883135757616,1.334683649543539,0.004390629546413004,0.0
0.6271579205486774,1.6078108432977618,0.15700004133764522,0.02693633706233807,3.0
0.6271579195334508,1.6078086147216721,0.16175452743549543,0.01891508851474243,3.0
-1.7317881820899084,0.05404906987003632,-0.0017142056057023042,0.04672344871519067,2.0
0.6271579192476737,1.6078124659646051,0.15595946926936496,0.07010463205924365,3.0
0.5598736415640039,-0.6925128321904908,-1.4790295149187433,-0.013751998399113348,1.0
0.5435648549924469,-0.9671913802255584,1.331733164937849,0.017978072235176036,0.0
0.5435648544250322,-0.9671899203021044,1.3335717138164283,0.08575493432875032,0.0
0.6271579199160886,1.6078095590403434,0.16267073179881883,-0.03582844226519515,3.0
0.5598736417167949,-0.6925153844265356,-1.476996031242146,-0.09636007268834237,1.0
0.6271579193641136,1.6078154180877182,0.16467296307554982,0.0050533716833575945,3.0
0.6271579199742143,1.60781375092047,0.15695265133214747,0.054848475575424376,3.0
0.5598736413583396,-0.692517316256157,-1.4756452668679765,-0.045134824479958036,1.0
0.6271579194742967,1.6078121464587374,0.17133861768887793,0.06963628477697188,3.0
-1.731788181265073,0.05404694225680573,-0.0030109537945906153,0.033003251429543516,2.0
0.5598736415082536,-0.6925152509989515,-1.4728457482362523,-0.02736676598995134,1.0
0.5435648545637314,-0.9671888040027341,1.3305958216987108,-0.047579918023293324,0.0
-1.7317881819630023,0.054050074350173935,-0.006575812226219683,-0.01810068060113139,2.0
0.5598736413934569,-0.6925141180239477,-1.4796957094592786,0.034322230681945634,1.0
0.5598736415430913,-0.6925187922882787,-1.4726140558052156,0.02554601668148647,1.0
-1.7317881820970356,0.054050085689939346,-0.004443983703572699,-0.07387450331001141,2.0
0.6271579200608857,1.607810628422389,0.16119319775506882,0.005991364694088865,3.0
0.6271579199718389,1.6078130951759668,0.159739088119235,0.04793210088319964,3.0
-1.7317881813921752,0.05405236615910783,-0.014973776881864428,-0.011736125447632369,2.0
-1.7317881813937874,0.0540514607945649,-0.01074906980144252,-0.006517544211436492,2.0
-1.7317881817150966,0.054051530493284775,-0.006387082867758335,-0.008577530944314312,2.0
-1.7317881816406562,0.054050545394257715,0.004029133081205885,-0.04726415381079709,2.0
0.5435648554291248,-0.9671901625533421,1.3313365625682552,0.010141409178691442,0.0
0.5598736413929042,-0.6925151524100548,-1.4826122537809405,-0.025225728335175463,1.0
0.5598736408706154,-0.6925139960245691,-1.48208242302401,0.012881813558658762,1.0
0.5435648552955239,-0.9671896489144561,1.3377269173128115,-0.04578135343330807,0.0
0.6271579202651595,1.6078122189682518,0.16177361007295157,-0.039237351816666835,3.0
-1.7317881807555922,0.05404879234136114,-0.00626095347645295,0.06056184923591571,2.0
0.5435648548023221,-0.9671889316398578,1.3332345536226355,-0.006567792060945041,0.0
0.6271579197531687,1.6078091445137372,0.159183266116979,0.022534439655064256,3.0
-1.7317881818873937,0.054049537211932494,-0.006956848704682326,0.016283795835419702,2.0
0.5435648540720844,-0.967187670062216,1.3282906650056223,0.053561643856618504,0.0
0.6271579197839059,1.6078108775652282,0.1593276431050296,0.020779733710854426,3.0
0.5598736406852401,-0.6925160830711923,-1.47051299613595,-0.005061185962064754,1.0
0.5598736412421981,-0.6925151063150163,-1.4782518562818072,0.00914521204049619,1.0
0.5598736410264833,-0.692517316312447,-1.474717956925907,-0.04669467522978608,1.0
0.627157919555114,1.6078104142728267,0.1650775169281564,-0.04801029935393435,3.0
0.6271579198532685,1.6078095685707225,0.16407605813268664,0.01822940435953101,3.0
0.6271579206163581,1.6078108988383135,0.1623110288204093,-0.02620516065796028,3.0
0.6271579200515653,1.607811676336657,0.1558519025050236,-0.025286150555892388,3.0
-1.7317881817362522,0.05404916804934949,-0.006557863985066155,-0.03437657467308624,2.0
0.6271579198340438,1.6078158062485053,0.16157946595816047,-0.031688762291120366,3.0
-1.731788181614388,0.05405155880852237,-0.007150969898822174,-0.005580187658031004,2.0
-1.7317881815236393,0.054049709953983234,-0.009672514225295858,-0.0016586943837421564,2.0
0.5598736422437635,-0.692514608145337,-1.479998724537917,-0.007579927995085303,1.0
0.5435648548783466,-0.9671886778490735,1.3344350848141646,-0.011415788364823076,0.0
0.543564855290588,-0.9671890056093254,1.3382349554541657,0.0509037007691319,0.0
0.5435648549462799,-0.967188812542332,1.3372890785312204,0.027000673929351366,0.0
-1.7317881811744098,0.054049478061758846,-0.0037411300830502247,-0.04308288744654665,2.0
0.6271579195046311,1.6078121261784026,0.1606148734291968,-0.05410738823169342,3.0
0.5598736415428982,-0.6925172089337143,-1.472673329050391,-0.003515918220060767,1.0
0.559873641982736,-0.6925155894539885,-1.4824251224243659,0.0460644383133455,1.0
0.5598736411721759,-0.6925169392246169,-1.4778209040734762,-0.040885524268488634,1.0
0.6271579200746675,1.6078103198573028,0.16269253536963824,0.0183067282031571,3.0
0.5435648544597652,-0.9671868415076935,1.3341104547536244,-0.04630129523566624,0.0
-1.7317881805232005,0.054048634077142596,-0.00705705045142408,-0.018636046440937033,2.0
0.6271579195777011,1.6078111540795177,0.1609205807327416,-0.06737103307630858,3.0
-1.731788181241869,0.054049331495558864,-0.004710330963837927,0.05108815130899458,2.0
0.6271579192648556,1.6078125749980527,0.15297947903174414,0.016650242462625697,3.0
-1.731788181511431,0.05404937127336467,-0.0005293410955640485,-0.01636843948919044,2.0
0.5435648546065954,-0.9671883461817902,1.3405835231194076,-0.02133929731527317,0.0
0.5435648552424387,-0.9671896901328123,1.3309112151094,-0.026787288025711235,0.0
0.5598736419304003,-0.6925161607513787,-1.4810347724491615,0.0027985982224981365,1.0
0.5435648550794172,-0.9671909802686389,1.3337659390426506,-0.025746526799247344,0.0
0.5598736406597511,-0.6925155181244427,-1.4774098890990042,-0.03064226389973994,1.0
0.5435648545839169,-0.9671901144497262,1.333060559617507,0.0261396641847679,0.0
0.6271579200569644,1.6078083289959262,0.16121092182444352,-0.032139987853961514,3.0
0.559873641701361,-0.6925144358284413,-1.481666993071955,-0.025190591855791283,1.0
0.5598736417740833,-0.6925173494013143,-1.4773582252727335,-0.02015537325903115,1.0
0.5435648537516579,-0.9671926810572142,1.328128744314571,-0.02609765399547209,0.0
0.5598736415426206,-0.6925140999194052,-1.4815671059543989,-0.006851965551419187,1.0
0.6271579195566296,1.6078150344038782,0.1621323681008301,0.06384179880238576,3.0
0.6271579195842109,1.607813149634706,0.1558487456204262,0.01194417038486576,3.0
0.5598736418900362,-0.6925190626539047,-1.4780787665829704,-0.04348780464734063,1.0
0.5435648543781472,-0.967188555711884,1.3332933677158654,0.044252427958745864,0.0
-1.7317881808667337,0.05405125867059252,-0.012834408115209129,-0.01781467702961688,2.0
0.6271579196405342,1.6078133984712455,0.1589354566159235,-0.06764011687999663,3.0
0.5435648541895983,-0.9671873723101897,1.3258762782478402,0.06026448993045686,0.0
0.54356485462452,-0.9671876229155789,1.337852335473736,-0.008979790679459636,0.0
0.5435648542403778,-0.9671926020977413,1.3274358589447797,-0.054173141418894205,0.0
-1.73178818116982,0.05404828690906494,-0.004819879265820196,-0.018729763837211044,2.0
0.5598736413164861,-0.6925151698376916,-1.4867792004557536,-0.017111338889364443,1.0
0.5435648536617596,-0.9671908870650823,1.332622075465811,0.0012713371220047286,0.0
-1.731788181406104,0.05405015313231997,-0.00948458365981308,-0.0038455080653507327,2.0
0.6271579201936782,1.6078087594359396,0.15833117811224864,0.004912956799023417,3.0
0.5435648548123968,-0.967190686192636,1.3370419781881728,0.04102264369686834,0.0
0.5435648542206956,-0.9671881574269593,1.3344646133579827,0.01470912139844399,0.0
-1.7317881813605964,0.05405165513895089,-0.0019434578824480775,-0.01138992936984061,2.0
0.559873641317809,-0.6925159441675562,-1.4722274755081899,-0.07245615201584889,1.0
0.5598736412149127,-0.6925171391987583,-1.4783895459119365,-0.02944374094729514,1.0
0.5435648550394249,-0.9671916139966833,1.3283708866151516,-0.03284284426920864,0.0
-1.7317881808082636,0.05405051802062384,-0.007067853511585168,0.018826113396557265,2.0
0.6271579197793878,1.6078128164791128,0.16466247450434227,-0.029859458158721493,3.0
0.6271579192934459,1.607811156144582,0.16945499255160407,-0.09239707476044765,3.0
0.5598736409217302,-0.6925168137339397,-1.478459879085511,0.04765251956278263,1.0
0.6271579201460653,1.6078139320554359,0.16175004141157032,0.01665973620916559,3.0
-1.7317881813801357,0.054052192703556885,7.711537552462813e-05,-0.02708584076352269,2.0
-1.7317881815699718,0.05404704880243317,-0.008184441849588824,0.014571610666663837,2.0
0.5435648545297278,-0.9671924038271005,1.3302470006953475,0.019220172699422212,0.0
0.6271579202844386,1.6078109030279129,0.16480984588577982,0.03650394159346036,3.0
0.5598736406049578,-0.6925153330431292,-1.4800745260996113,0.002021955800213011,1.0
0.5598736411008859,-0.6925144871016182,-1.4787131533483857,-0.01815856157061284,1.0
0.5435648545026033,-0.9671890540075,1.3288211819695122,0.012538489265815533,0.0
0.559873640987704,-0.6925139727599958,-1.4794610915452293,0.0010767492585972128,1.0
0.5435648547656096,-0.9671910804699371,1.3349393424005933,-0.0214307941408215,0.0
-1.7317881811650486,0.05404904166267311,-0.006866776604783426,0.01408217536438681,2.0
0.543564854992673,-0.9671908632860216,1.325615967158601,0.04151860469951092,0.0
0.627157919766537,1.6078109198248685,0.16311631436706728,0.05119214651157928,3.0
0.5598736415738027,-0.6925141137848404,-1.4809985092566853,0.029824314823341292,1.0
0.5598736413876377,-0.6925153674092429,-1.4857127894843003,-0.04487914447020218,1.0
0.5435648551581658,-0.9671906469856035,1.3309877413596125,0.07818887211010565,0.0
-1.73178818130657,0.05405390231476839,-0.010106967051733095,0.03488506729014848,2.0
-1.731788181296825,0.05404984914368021,-0.007875991571231295,0.0019079979014025234,2.0
0.5435648550777009,-0.9671889420118007,1.334695344518629,-0.021210850727043064,0.0
0.5598736405055966,-0.6925163400396643,-1.4703729840003477,0.02052190064207446,1.0
0.5598736420288076,-0.6925171035639518,-1.4796690043067664,-0.005125016575503913,1.0
0.5435648549858053,-0.9671898582547214,1.3299229971390067,-0.022638233746789447,0.0
0.6271579196902155,1.6078126156039072,0.15898002012993523,0.008206030270722718,3.0
0.6271579193341505,1.60780857813276,0.16063253727541818,-0.03151386109132594,3.0
-1.731788181993899,0.0540528726835404,-0.0014075587347875257,0.013075107719233618,2.0
-1.7317881814119498,0.054052376201262416,-0.0014933747252395704,-0.06456165675341755,2.0
0.6271579200786064,1.6078110603803872,0.1648585333020761,-0.01133764713904926,3.0
0.5435648544984736,-0.9671911706411986,1.3385769018037346,-0.0039736600418337365,0.0
0.5598736406438737,-0.6925140374405137,-1.486040872212897,-0.035787452916825564,1.0
0.5598736416232193,-0.6925149251737833,-1.478053497702127,0.08352331249341095,1.0
0.5435648547153958,-0.9671887688010933,1.3293802941424848,-0.009093172647695368,0.0
0.5435648547886689,-0.9671891829606387,1.3300525359142328,0.03005419772289496,0.0
0.543564854745629,-0.9671935581375097,1.3318145263243986,0.008222934964349768,0.0
0.559873641598094,-0.6925151645922933,-1.476198807397093,0.04155565500699555,1.0
0.5435648549711506,-0.9671880745620974,1.3295275736290473,0.04710946354813658,0.0
0.5435648549715981,-0.9671896014286179,1.3336492567749605,0.1302335980703455,0.0
0.6271579194087911,1.6078090052029443,0.16502330241288668,0.022318294489249355,3.0
-1.7317881812270837,0.054051794230840174,-0.009086888563251553,-0.04366620066608846,2.0
-1.7317881809010738,0.05405054695790835,-0.00681774067414587,-0.008195686186133047,2.0
-1.7317881810076923,0.05404803329663146,-0.004699425912015657,0.011913069269420403,2.0
0.5435648548549272,-0.9671895716719282,1.330518885574033,0.038631298208590056,0.0
-1.7317881811141402,0.05404711771868867,-0.004476342966530639,0.05106753133916173,2.0
-1.7317881819650904,0.05405142468620068,-1.9584754960417312e-06,0.03687355757790803,2.0
-1.7317881812509128,0.0540510259440527,-0.012670916336000737,0.023119631514444905,2.0
-1.7317881820360814,0.05405234891448778,-0.005894241507403477,0.016572839900898112,2.0
0.6271579197576408,1.6078128425070695,0.15974436151920435,0.02148412588378364,3.0
-1.7317881813777944,0.054051583476772205,0.0007511293446763954,-0.011474409631322484,2.0
-1.7317881820776726,0.05405003802464663,-0.008092297018391342,0.006662114819925991,2.0
0.5435648544245827,-0.9671919120431652,1.3311306612804372,0.0394857890693699,0.0
0.5598736416409646,-0.6925161335641503,-1.4759291707701905,-0.01258753290723058,1.0
0.6271579195189294,1.6078084080347912,0.16350764348345168,-0.03721548299337462,3.0
0.6271579196921935,1.6078092981760532,0.1673756988290706,-0.02109628802672763,3.0
0.6271579198063995,1.6078112876243427,0.16163221411369075,-0.007032087041538719,3.0
0.6271579199717411,1.607813093906402,0.15992937762579035,0.05808121927707107,3.0
-1.7317881816129914,0.05405109399460122,0.0057280178629697835,0.0032765385858336523,2.0
0.5598736418801238,-0.6925176753942944,-1.4788750557097383,0.07195106561576932,1.0
-1.7317881813766332,0.05404959625659554,0.0007595241550134757,-0.024768762132043036,2.0
0.6271579199786478,1.60781245103025,0.1624631048479131,0.008766769011897968,3.0
0.5435648547675026,-0.967188306432845,1.3362790968939233,0.010164981306111202,0.0
0.6271579195931528,1.607813577579493,0.15493936138847397,-0.0014677994578695451,3.0
0.6271579199590576,1.6078101976246522,0.15574884902674502,-0.013939253757161029,3.0
0.5435648547429551,-0.9671894298546636,1.325860900998725,0.015145239183059949,0.0
0.6271579199401884,1.6078140661435458,0.16919046507777308,-0.010417369878336387,3.0
-1.7317881815301492,0.054049949865503766,-0.006478289208322901,0.02944748981759961,2.0
0.5435648551373011,-0.9671899131780274,1.3339283626757479,0.027521443840816517,0.0
-1.7317881815111356,0.05404933457133674,-0.007306019449873175,-0.018694017268164245,2.0
0.6271579205312338,1.6078128954195292,0.15837716224290216,0.00988981315104239,3.0
-1.7317881812516023,0.05404921219984866,-0.002587347406572256,-0.0004449694919461837,2.0
-1.7317881813732505,0.054051875309626254,-0.006797510011710367,0.05614564205085508,2.0
0.5435648541814432,-0.9671919667083616,1.3374228244818658,-0.038682271212267506,0.0
0.6271579198653663,1.607812751233321,0.1596216815309607,0.051966120976470936,3.0
0.6271579194153308,1.6078101104905356,0.15955468070826428,0.03237930908426743,3.0
0.5435648547253795,-0.9671899603967548,1.335148314179479,0.015301077760677647,0.0
0.5435648551483245,-0.9671902164278482,1.337205527973737,0.06461634909824653,0.0
-1.731788181306547,0.05404960584999904,-0.0038231769175810517,-0.016946417893952924,2.0
0.559873641739085,-0.6925170346533589,-1.4798214119363808,-0.032240827820566774,1.0
0.5598736416937625,-0.6925143379951928,-1.4740564221852155,-0.007860713615108724,1.0
0.5435648550600972,-0.9671896272703256,1.324197254600548,0.02094187038726093,0.0
-1.7317881818202454,0.054050943693704945,-0.002278835067198304,-0.11065994764445701,2.0
0.5598736421892303,-0.6925168304073134,-1.4820559293681597,-0.0391511607765276,1.0
0.5435648547083247,-0.9671885155360875,1.3276623516111148,-0.015895738030904782,0.0
0.627157920676773,1.6078102753291685,0.1628075617197684,0.03585345223750208,3.0
0.5435648549087989,-0.9671918200813349,1.332493172780073,0.05258267312647684,0.0
0.5598736410883908,-0.6925170754604334,-1.4713799772805585,0.023293206773181543,1.0
-1.7317881816155252,0.054052287562134704,-0.007607965644029574,0.0040650411771168005,2.0
0.6271579198800091,1.6078089264674948,0.15505594114139537,0.012549743526081307,3.0
0.5598736418115708,-0.6925161218260829,-1.4723241551715063,-0.06469174568436957,1.0
0.5435648543512347,-0.967188462656283,1.3376934148488975,0.01075303833636066,0.0
-1.7317881817923022,0.05404969207513769,-0.005616991280172297,0.058335732287848156,2.0
0.5598736416162459,-0.6925157849430269,-1.4808265443339503,-0.018827788622935097,1.0
0.627157920036116,1.6078151329444998,0.1685440103277984,0.026000812727476726,3.0
0.5598736417380579,-0.6925171934627153,-1.4858705345589134,0.016902599440300474,1.0
0.559873641934641,-0.6925168340827427,-1.4767726820466558,-0.05248625823415446,1.0
0.627157919699999,1.607811090133862,0.1551378712013187,-0.02191378329507215,3.0
-1.7317881809577544,0.054049146444187665,-0.0008415362644359688,-0.026321440136998085,2.0
0.5598736414172265,-0.6925152914888448,-1.4723394777841936,-0.05398792623305419,1.0
-1.731788181108282,0.054047757956245855,0.0003702927615260603,0.07237338427029871,2.0
0.5435648547975858,-0.9671923706815307,1.334576979844171,-0.03549530581097556,0.0
0.6271579188524011,1.6078106077549006,0.15696008708933176,-8.123737674698082e-05,3.0
0.5598736416892274,-0.6925159027576901,-1.4672719910400813,0.016026275786496316,1.0
-1.7317881809967823,0.054052207048987985,-0.001948440467002768,-0.019130382614183324,2.0
-1.7317881812057099,0.05404869581597397,-0.004204822720247179,0.026603591343894072,2.0
0.5435648549443546,-0.9671922795822143,1.3356533378066715,0.03381320118429954,0.0
-1.731788181728457,0.05405258803584145,-0.0014943549507522678,0.012228971618333685,2.0
0.5598736414518496,-0.6925165996036537,-1.4787967904384722,-0.05133394507258692,1.0
0.627157920324393,1.6078107099476338,0.15890250244217513,-0.03810873600532274,3.0
-1.7317881814108191,0.05405017883352973,0.0014903287298158893,0.047024448100490245,2.0
-1.731788180961986,0.05404953033900273,-0.01029419044609074,-0.03416601609295306,2.0
0.559873641942597,-0.6925148202799363,-1.4714348322033752,-0.0007021521407809524,1.0
0.6271579201389406,1.6078091467342295,0.1554370432540799,0.0018979037427888131,3.0
0.5598736408711896,-0.6925146659519344,-1.4819696974752488,-0.042519035291289364,1.0
0.5598736415575668,-0.6925159001620482,-1.4768580988706095,-0.06000637968657598,1.0
-1.7317881822108336,0.0540498273615226,-0.009957338262234177,0.022173575828035735,2.0
0.627157920005567,1.6078083798933858,0.1612332164936758,-0.02342153065802737,3.0
0.5598736413436897,-0.6925160336271904,-1.4777297364035704,0.00023543355338987403,1.0
0.62715792004167,1.6078084823138468,0.16501350578864746,0.03272644089519214,3.0
0.5435648554025116,-0.9671889999223696,1.3292626562471965,0.015310494865848004,0.0
-1.731788181281478,0.054049901852396255,-0.0005545256459658687,-0.031028666557120013,2.0
0.559873640558938,-0.6925150818021194,-1.4812430962543848,-0.0765051186947587,1.0
0.5435648548353866,-0.9671894378969106,1.3306320408187917,0.013678307511865478,0.0
0.5435648551331231,-0.9671894044028545,1.3355600077038876,-0.006429519699251964,0.0
0.6271579196004031,1.6078139914672,0.1613233599716922,-0.028613444632769908,3.0
-1.73178818140294,0.05405152850324829,0.0007964281168439208,-0.022945308596479346,2.0
0.6271579205862646,1.6078115927725658,0.16784649343051544,-0.07082972954260368,3.0
0.5435648556972973,-0.9671919950882761,1.34127964257955,-0.033654885521216975,0.0
0.6271579195544187,1.607814020415807,0.16150083938900012,-0.030600020140232442,3.0
0.5435648542451982,-0.9671874767678319,1.3292758120222263,0.01513529567141433,0.0
0.5598736415003129,-0.6925175709787859,-1.4820741720999238,0.03516989648649349,1.0
0.5435648548327413,-0.9671856178761199,1.3339761186455896,0.00486559891805704,0.0
0.5435648546922305,-0.9671902127471382,1.328566792324447,0.0025294494276713974,0.0
0.5435648549256583,-0.9671893925575028,1.3332242457685732,-0.00706078043642272,0.0
0.5435648544776688,-0.9671894866433423,1.3244188440340996,-0.056439742991559426,0.0
0.5435648544842349,-0.9671895245697195,1.3394078194433277,-0.06222887159022076,0.0
-1.731788181698111,0.054050532249393636,-0.0026976055166872976,0.0012019157269158628,2.0
0.6271579199506304,1.6078115234104333,0.16010710014518406,-0.014720769632565868,3.0
0.5435648543974437,-0.9671887010182856,1.3301956971064708,0.025074273187825305,0.0
0.5598736418409443,-0.69251244182809,-1.479268763362339,-0.0818347695632931,1.0
0.5598736419473104,-0.6925180775566857,-1.4817003236855864,-0.009170297796827265,1.0
0.62715791978463,1.6078120845628963,0.15619873130440734,-0.040200709318306854,3.0
0.6271579209318016,1.607811732640921,0.15725198467209808,-0.060823703941740456,3.0
0.6271579195607145,1.607814845951426,0.16175860605180525,0.0332379729751464,3.0
0.6271579195245797,1.6078095917974522,0.1698248928363282,-0.04027859224821545,3.0
0.6271579197885911,1.6078092401685316,0.1686011206673443,0.034310746621571506,3.0
-1.7317881818442036,0.054050029259969136,0.0007772458156828478,-0.02303396963907651,2.0
0.5598736412730444,-0.6925161797362872,-1.4811764038851123,0.010389045641203272,1.0
-1.7317881809899913,0.05404934827173787,-0.0021406372036791715,0.03318301693579767,2.0
0.5435648545642349,-0.9671888083268331,1.3359621430857418,-0.04735811688222368,0.0
0.6271579207261623,1.6078110970147523,0.15914881107067472,0.010852874430777223,3.0
-1.731788181214138,0.05405194882123767,-0.00908009098998394,0.013882413184013528,2.0
0.6271579201562129,1.6078116252421688,0.15890013197475014,0.09370254140384411,3.0
0.5598736412544686,-0.6925162737980711,-1.4772235559408804,-0.0678650890792136,1.0
-1.7317881811643117,0.05404926136634058,-0.006118050789143798,-0.002367124339441517,2.0
0.5435648549789278,-0.9671884178397523,1.3258460636125544,0.024502270828156453,0.0
-1.7317881812953206,0.05404936659488679,-0.0052968690956461655,-0.04219478425782819,2.0
0.5435648551935326,-0.9671868910478649,1.3304392450436267,0.007384084615132256,0.0
0.6271579199002927,1.6078088611028365,0.16656881285880668,0.009664952325882872,3.0
0.5435648552765546,-0.9671881051861332,1.3307542660286704,-0.013918024224609162,0.0
0.543564854076034,-0.9671899030184576,1.3298082893673293,-0.007708058536568926,0.0
0.6271579195715971,1.6078102391899238,0.16240373996562396,0.03736611487109313,3.0
0.6271579195761442,1.6078131389119281,0.15800674788063898,-0.00928119220823984,3.0
0.5435648549488173,-0.9671893855631029,1.3312115165708895,0.003924144500371556,0.0
0.5435648542933533,-0.9671890289473438,1.3326896931406556,-0.004709142702800499,0.0
0.6271579193747421,1.6078105109707914,0.16001252534194124,-0.05632015485466757,3.0
0.6271579193467357,1.6078078903809498,0.15565354825777913,-0.06797207942966584,3.0
0.6271579198019976,1.6078125559899263,0.16071996105090955,-0.040846207614250854,3.0
-1.7317881815542815,0.054048118460123966,-0.004120672118850189,-0.0008287652993612633,2.0
-1.7317881815680511,0.054050147786437346,-0.006695536866324014,-0.013381825957981795,2.0
-1.7317881812884122,0.05404893122417152,0.002455201183875187,-0.03423998660098244,2.0
0.5435648545893575,-0.9671912357389056,1.3303438883032037,0.028115864552838342,0.0
0.6271579198244378,1.607810736827966,0.1628360332838731,-0.01778271069626312,3.0
0.5598736413977511,-0.6925161399500263,-1.480445273021134,0.05555543602057559,1.0
0.5598736410467667,-0.692514252952379,-1.478911056258644,0.012955624194145417,1.0
0.6271579197566756,1.60781006771331,0.15606973439897032,-0.020646543656418038,3.0
0.6271579197617597,1.6078110324897297,0.1611731595318732,-0.0006213249324317212,3.0
-1.7317881814794946,0.054049764900514406,-0.0028685913070673743,0.033939622230621566,2.0
0.5435648551901578,-0.9671873591364722,1.3357604609573008,0.046082708797162725,0.0
0.5435648550461398,-0.9671861848531651,1.3312099314259733,-0.011401213821822019,0.0
0.6271579206730712,1.6078128106290275,0.15460803942634513,-0.020203475602051137,3.0
0.5435648545677446,-0.9671905712192782,1.3387159504411785,0.008439531264023388,0.0
0.6271579205794078,1.6078101266127338,0.1566630458906867,0.08950485565979653,3.0
-1.7317881815304392,0.05404679985962197,-0.0009425550768852908,-0.006577867324239737,2.0
0.5435648542219664,-0.9671909463388446,1.3291215558437488,0.020793779526559465,0.0
0.6271579204332548,1.6078111435433557,0.1676359051349856,0.03022281160300612,3.0
0.6271579198492615,1.607810207796723,0.16206212168925274,-0.008809081314931676,3.0
0.5435648544901927,-0.9671899021456152,1.3327788328604355,0.02081630727613409,0.0
0.5435648550807765,-0.9671898145751502,1.3320305115973365,0.009412169519484313,0.0
0.6271579197069747,1.6078111515553857,0.1594571566125608,-0.019254089552987234,3.0
0.5435648544532858,-0.9671889767945661,1.3262476370071647,-0.031577966955940166,0.0
0.5598736413023815,-0.6925173361302743,-1.4777018662531245,0.020641757366628346,1.0
0.5435648542684457,-0.9671904089446063,1.3331286700784595,-0.018773580492429505,0.0
-1.7317881815518783,0.05404786438011115,-0.00507402592589469,-0.001020140283575635,2.0
0.5435648545741097,-0.9671865837666547,1.3352868828696132,0.027914524177351036,0.0
0.5598736416995033,-0.6925144936537782,-1.479181347328728,-0.00833336055334662,1.0
0.5598736422308619,-0.6925174551919805,-1.4800615179633068,-0.06654227813802334,1.0
0.6271579198468493,1.6078103355476143,0.16709850209726967,-0.009014316191214022,3.0
0.5598736420136416,-0.6925174547798685,-1.4780156232943213,-0.051336535025509895,1.0
0.5598736413656173,-0.6925151883066992,-1.4798758759024202,-0.005710221330801884,1.0
0.5435648546411833,-0.9671889029969621,1.327885069907589,-0.012297836619656194,0.0
0.6271579198147904,1.6078129296786239,0.16230973379222735,-0.028808230630086883,3.0
-1.7317881805455904,0.05405028237796037,-0.0035264018211724232,0.03398930384257741,2.0
0.559873641743237,-0.692514971180795,-1.4770283893614393,0.06014433045240395,1.0
0.5598736415461472,-0.69251745603285,-1.4820523048970238,-0.04765667831466493,1.0
0.6271579207927745,1.6078120108958416,0.16445156540827197,-0.061413547170768995,3.0
0.5435648545860277,-0.9671903099795385,1.3369507360086732,0.007906574824680221,0.0
0.6271579201469837,1.6078137734868236,0.16397554707574324,0.07435740929338297,3.0
0.6271579194681748,1.607813753202861,0.1553626046010942,0.02365791610619552,3.0
0.6271579199087647,1.6078137411447255,0.16046909738092416,-0.001993294018652889,3.0
0.5598736414185882,-0.6925162446210501,-1.4712423492046778,-0.02549279595109482,1.0
0.6271579192821791,1.607810922393431,0.16487752463295802,0.009090080873916563,3.0
-1.7317881811884477,0.0540484425232276,-0.0018753671035695208,-0.00023344098884803534,2.0
-1.7317881814056664,0.05405036123202619,0.0005372688517893377,0.011462718676254497,2.0
0.6271579198803964,1.607810541842384,0.16080044363862073,-0.012548417470166297,3.0
0.627157919696367,1.6078130495663692,0.16002851498783155,-0.03389515922197973,3.0
0.6271579203075073,1.6078121172601298,0.16075547461608017,0.025959586296204835,3.0
0.559873641226634,-0.692516648969377,-1.4793068564808665,0.02070948937347668,1.0
0.5598736417685278,-0.6925169513150247,-1.4795266994106644,0.01628843455935003,1.0
-1.7317881813371105,0.05404867655898476,-0.0040294704510889364,0.02260289422367553,2.0
-1.7317881815709681,0.054049399831283824,-0.009858939032806137,-0.0003463300010144451,2.0
0.6271579201011375,1.6078122796419978,0.1545436706036462,0.03007150393278915,3.0
0.5435648549182327,-0.9671880075577081,1.3347654576077026,0.038574928028562466,0.0
0.6271579195486985,1.6078126734289162,0.1634007678477196,0.020242895617585518,3.0
0.5598736414412303,-0.6925153625422654,-1.4841147267527999,0.01867930345587647,1.0
0.5435648552603173,-0.967188717054847,1.330555310366837,0.02831924863645758,0.0
0.5598736411388142,-0.6925138761095664,-1.4814406904054978,-0.06881958012550046,1.0
-1.731788181832495,0.054051080824192056,-0.008683553968826795,0.015673268191412106,2.0
0.5435648553861169,-0.9671896739576661,1.333668692610306,0.009001457971779267,0.0
0.6271579196582167,1.6078109222646724,0.1620452408964442,-0.01910541479874174,3.0
0.5598736418702847,-0.6925165525295843,-1.48375794768378,-0.029843269610595802,1.0
-1.7317881812743032,0.05405391076004251,-0.0008065277991269366,0.0016661167100821485,2.0
0.55987364238137,-0.6925162262167048,-1.4818492977965023,-0.012580170678089864,1.0
0.559873641290305,-0.6925136068874341,-1.4718834523835327,-0.03063304558578421,1.0
0.5598736408686531,-0.692515027493912,-1.4847754381048612,0.0454365185057628,1.0
0.5435648546115806,-0.9671894038547347,1.3325938678162004,-0.016277000825478477,0.0
0.5435648552549592,-0.9671883475072482,1.3344676893569163,0.012398730038083014,0.0
0.6271579200216484,1.6078099819026477,0.16237900993974697,-0.009788924716101977,3.0
0.5435648549933857,-0.9671910056412663,1.3359622040152452,-0.012684175769916112,0.0
0.5598736415345396,-0.6925138073235618,-1.48342348111077,-0.0628134865423618,1.0
0.5435648543868853,-0.9671903106976917,1.344804469378975,0.044484448471151024,0.0
0.6271579205412988,1.6078109119388326,0.16492013456739113,0.045524976150612496,3.0
0.5435648546227043,-0.9671879835294904,1.3230498958892905,0.02085485742664581,0.0
0.5435648548010261,-0.9671915227705822,1.3415478862227812,0.025664696191853527,0.0
0.5598736417873238,-0.6925105229184553,-1.4683640000816218,-0.0721301790583648,1.0
0.6271579199068488,1.6078133005085171,0.15901662503933084,-0.025086970660077347,3.0
-1.731788181913867,0.054050261459638524,-0.0031999654833636607,-0.006055148474517558,2.0
0.5598736403531772,-0.692516209136921,-1.4769071678413317,-0.005493604880014883,1.0
0.5598736410942394,-0.6925147687228803,-1.4836101100596626,-0.0688931340107651,1.0
-1.7317881808937154,0.054047000049677864,0.0021688223285425733,0.012216167229359911,2.0
-1.7317881811118616,0.05404826755689414,-0.0010768885991453737,-0.045793368123860353,2.0
0.5598736414518309,-0.6925129134385876,-1.4729068300481782,0.022825896530686503,1.0
0.5435648539871394,-0.9671892580706261,1.339400965007431,-0.0455056647979663,0.0
0.5598736415280203,-0.6925156105097235,-1.4818388282016828,-0.04386943268276143,1.0
0.5598736418122509,-0.6925145824396345,-1.4811448663963462,-0.028316750299714862,1.0
0.5435648548256489,-0.9671906472778363,1.3337540288295184,-0.05237413356628838,0.0
0.5598736414687098,-0.6925156712075844,-1.476991138937893,0.019866843827517532,1.0
-1.7317881811267788,0.05404889050429764,-0.008027898766651515,0.015323010434482434,2.0
-1.7317881815203664,0.05404911896722679,-0.0056394623944927575,0.0818432537672363,2.0
0.6271579202473512,1.6078091394221135,0.1623923858511075,-0.047575884017179625,3.0
0.6271579198260387,1.6078101129033315,0.15794555340211822,-0.02479880666756988,3.0
0.5598736414364995,-0.6925166607548329,-1.4748495806651145,0.03589335494779563,1.0
0.5435648551212691,-0.9671898889347276,1.333835379869808,-6.617866918338047e-06,0.0
0.5435648550212786,-0.9671908083365335,1.3292551957949705,-0.05056755649115243,0.0
-1.7317881816386906,0.05404855958740213,-0.003907737376323815,-0.04320966118777013,2.0
-1.731788182466817,0.05405194756635023,-0.0056706836821789446,-0.025903980356154294,2.0
0.5598736408463799,-0.6925152500650271,-1.4751484562041979,-0.03595296392746238,1.0
0.6271579199657257,1.6078127268199327,0.15916922252296048,0.03320657385815009,3.0
-1.731788181724644,0.054051268311395964,-0.0032190667345191287,-0.019873543275092807,2.0
0.6271579196725144,1.6078123748237243,0.16118165699941395,0.043231404716297404,3.0
-1.7317881816015774,0.054052980917332315,-0.008022091903811819,0.06730216803448183,2.0
-1.7317881815348197,0.05405291571175728,0.0038611701037892547,0.009682553007305627,2.0
0.5598736414774751,-0.6925144952309069,-1.4858726347209632,-0.036692170367377014,1.0
0.6271579199435091,1.6078117339751485,0.15625344724377024,0.01974046151394817,3.0
0.5435648540771295,-0.9671889565968705,1.3305093479396806,0.054525434085101084,0.0
0.5435648536477399,-0.9671918922935667,1.3265376826191886,0.029439435162594427,0.0
0.6271579205356358,1.6078109681522286,0.15537116994576566,0.024515653985859844,3.0
0.6271579191873935,1.6078098282045334,0.15872903282189027,0.02350002127764598,3.0
-1.7317881803712836,0.054050979460587,-0.0038011413990651118,-0.01920433698095861,2.0
-1.7317881822211816,0.054049953795599605,-0.000389462507952173,-0.02980050814082844,2.0
0.5435648543013218,-0.9671903266882691,1.3321752790997432,-0.010462200840078009,0.0
-1.7317881817576724,0.0540514397737323,-0.006493439236732928,-0.00225135695096499,2.0
-1.731788181160997,0.05405046476413411,-0.011317050188020837,-0.021433602682982802,2.0
-1.7317881814874418,0.054051153940934675,-0.006610491978706553,-0.017350627311955014,2.0
0.5435648551628857,-0.9671890360793638,1.3329995701860835,-0.03050407497652397,0.0
-1.7317881817257323,0.05405303055458369,0.0010156798202899102,0.016205645921160423,2.0
0.559873641396962,-0.6925160338141932,-1.4768222884720916,-0.01472291037491496,1.0
-1.7317881809032376,0.054048524926743245,0.00032741470186275644,-0.02244234165115644,2.0
-1.7317881809708722,0.05405479836794672,-0.01213464569557287,-0.027377994869907094,2.0
0.6271579202939954,1.6078094315267084,0.15920046289233386,-0.05040137752995538,3.0
0.6271579202364973,1.607809169729152,0.15506926810691024,0.0412162885292614,3.0
0.5598736419240518,-0.6925147040877223,-1.483940335323121,-0.004719893727938555,1.0
0.5598736419129163,-0.6925155468162731,-1.4806834077234068,-0.027342907110709566,1.0
0.54356485557039,-0.9671881086577792,1.3312001066975672,0.02848518219010395,0.0
0.5435648543445684,-0.9671900849753367,1.3357400387057812,-0.02814489614303783,0.0
-1.7317881812527316,0.054050935480183304,-0.003545940605976908,-0.023250166121611,2.0
0.5598736415394269,-0.6925193635836547,-1.4778414119914982,0.033350716224856275,1.0
0.6271579198497614,1.607812835252704,0.15736544363659574,-0.05460310124277364,3.0
0.5598736422681466,-0.6925132192768525,-1.4775951938814198,0.04300392043990014,1.0
0.5435648545535242,-0.9671923233569717,1.3335177838730707,0.014922395617217867,0.0
0.5435648542626391,-0.9671890949074329,1.332246376976819,0.0537122475291236,0.0
0.5435648550445916,-0.9671879377987265,1.3362413078571325,0.010994844678625328,0.0
0.559873641528431,-0.6925152274668305,-1.484050240474696,0.008807408102638683,1.0
0.5598736412348829,-0.6925167464405206,-1.4763881167416784,0.0019460761877384573,1.0
0.5435648546515748,-0.9671873313448355,1.327400921940397,-0.04864994399146268,0.0
0.5435648553059145,-0.9671904191718943,1.3349453066897794,0.10733220031807951,0.0
0.5435648549220966,-0.967188708963018,1.3347501554990262,0.018934144954458613,0.0
0.5435648552304619,-0.967186612437348,1.3386203700815522,0.0038538737459265014,0.0
0.5435648553455203,-0.9671912608616577,1.3283108576099412,-0.006583193890162096,0.0
-1.7317881818315481,0.0540505645273543,-0.0006769246228466939,-0.03910249435293902,2.0
-1.7317881814062426,0.05404955196101177,-0.006187083671897451,0.03492351285904086,2.0
0.5598736413479456,-0.6925159782746912,-1.4803366284805997,-0.017676634158816335,1.0
0.543564854255961,-0.9671917789664396,1.337390456876261,0.046394050034738954,0.0
0.6271579200039448,1.6078102415308217,0.15874935052315273,0.011513762777894966,3.0
0.5598736416691273,-0.6925171884212967,-1.471332423628318,-0.006965757975494186,1.0
-1.7317881820008487,0.05405098018552692,-0.0010690333211504882,0.024700712394757303,2.0
0.5435648545910275,-0.9671901714011057,1.3296821409238524,0.03819080634979916,0.0
-1.7317881814460863,0.0540466387074729,-0.010835472876561314,0.04338203014517339,2.0
0.6271579203083574,1.6078147264824096,0.16126202880277166,-0.09887409948987172,3.0
0.5598736420045475,-0.6925129779675782,-1.4792781924229172,-0.009487307962464754,1.0
0.627157919181901,1.6078110892375204,0.16168457827763108,0.04940424920316588,3.0
0.5435648545573629,-0.9671896997134143,1.331910400877494,0.06990428877776715,0.0
0.6271579197505311,1.6078097810156382,0.16791572784281567,-0.027098095220258286,3.0
-1.7317881813343265,0.05405094811699996,-0.006892805327576745,-5.46012735008745e-05,2.0
0.6271579202940893,1.6078135249348733,0.15408022578347041,0.006648810203356861,3.0
-1.7317881819542407,0.05405001525821507,-0.005047069855160681,0.018789106191989435,2.0
-1.731788180681918,0.054049797747664864,-0.0014530006493933573,-0.006206388359948753,2.0
0.5598736413707553,-0.6925131921294467,-1.4770744258039108,0.024711711652846073,1.0
0.5598736414880325,-0.6925181304527412,-1.4820838108724634,0.03605522038691349,1.0
-1.7317881818234377,0.05405317162935978,0.0004185301034456456,-0.013105479807043735,2.0
-1.7317881814521034,0.054047566895095975,-0.002244101192674678,-0.018371757827218553,2.0
0.6271579198464333,1.6078121717776266,0.1619860213131866,0.014528450738890144,3.0
0.5598736420686753,-0.6925182244790022,-1.4746243085784494,-0.0762822655491326,1.0
0.5598736413227917,-0.6925147924954209,-1.4761590884119213,0.03360378950362655,1.0
0.5435648555077732,-0.967189967085333,1.3323759775109234,-0.018407159312888374,0.0
0.6271579198859909,1.6078131093597967,0.15344753182404783,-0.06809374372561264,3.0
0.5435648550765848,-0.967189000692367,1.3370491839016603,-0.0005776483190664403,0.0
0.5598736418349743,-0.6925144909762108,-1.4747812881005127,0.021821323925624775,1.0
0.5598736413992998,-0.6925169639431479,-1.4767205914073844,0.00964007108225145,1.0
0.6271579202111128,1.6078127561122015,0.15817585666161887,-0.08000524303948259,3.0
0.5598736412619905,-0.6925152795751367,-1.4824380355191948,-0.001280782375686461,1.0
0.6271579197936645,1.6078107960294012,0.1574192720536023,-0.0033093658718006424,3.0
0.5435648545947194,-0.9671937423776306,1.331987681172988,0.0416200593155832,0.0
0.6271579206183311,1.6078156609263545,0.16026549002896154,0.00045648046399797605,3.0
-1.7317881817908898,0.054052217041243016,-0.001026214021624805,-0.003847979068366595,2.0
0.5598736405338295,-0.6925148695024397,-1.481599870757728,-0.03824435294358617,1.0
0.6271579196584552,1.6078116434416663,0.1638158154905939,-0.02864397707080345,3.0
0.5435648547370862,-0.9671884082431003,1.3276378014082186,-0.0061572927379676306,0.0
0.5598736412278317,-0.692515297075711,-1.4809414331025692,0.023477266031730778,1.0
0.6271579202163623,1.607809784399835,0.1618060627650228,-0.0038180235577060114,3.0
0.6271579199755076,1.607812155414933,0.16105314238026527,-0.02053113600587949,3.0
0.5435648544814514,-0.967190943993774,1.331999840471019,0.017895556284046744,0.0
0.5435648545448213,-0.9671897180427629,1.3317101270347562,-0.015318292530182511,0.0
0.5435648551589337,-0.9671870985393969,1.3362011391289035,-0.019900123619035877,0.0
0.5598736414897344,-0.6925162009906992,-1.473542014891168,-0.03955326250200599,1.0
0.5598736414043501,-0.6925178601076253,-1.4780788601590307,-0.0276678262834317,1.0
0.6271579197436866,1.6078106857514323,0.16398957949864684,0.05348741779923301,3.0
0.6271579202965765,1.6078116798108413,0.15222291515077724,-0.0075561004142591336,3.0
0.5435648541354287,-0.96719089509433,1.3329038369001673,0.00036705326660782723,0.0
-1.7317881814906402,0.054049524901978015,-0.010224167171040365,-0.03450666765484216,2.0
-1.7317881823891892,0.05405008171678023,-0.012180393691721692,-0.010886955130907757,2.0
0.6271579194148212,1.6078124245195167,0.1511972276501214,-0.11652149851383206,3.0
-1.7317881809195024,0.054051223296667734,0.0025000901492548923,0.057239121331778164,2.0
0.5598736413992822,-0.6925157852071068,-1.479850942778514,0.012794053580901394,1.0
0.6271579190362193,1.6078118632568066,0.16108215225298828,0.030150571032297006,3.0
0.5598736415659799,-0.6925166365309648,-1.476471346534251,0.00727042695558084,1.0
0.543564854901519,-0.9671930736456232,1.331796677480069,0.04265690467212136,0.0
0.6271579205430449,1.6078107361885818,0.1549718176740189,0.07026847012661498,3.0
-1.731788181393871,0.054050896877473976,-0.005587855684325555,0.0015762119352288923,2.0
0.6271579198401329,1.6078106228247662,0.1610244666832334,-0.0039289916679390935,3.0
0.5435648542747703,-0.9671912168215306,1.3336811776866575,0.045276676463471534,0.0
0.5435648551753793,-0.9671905727396602,1.3453867823360368,0.016699805698701643,0.0
-1.7317881813156324,0.05405040289460685,0.0019436069651256854,-0.030142586896048585,2.0
0.6271579194728161,1.6078128015752342,0.1593452406587137,0.029828548471741975,3.0
0.6271579195682602,1.6078110714533227,0.15831293969584903,0.028099758876707827,3.0
0.6271579195184042,1.607810575224811,0.16652717809153733,0.07641202534994515,3.0
0.5435648542569089,-0.9671912733377853,1.3257683021259257,-0.02885750655708085,0.0
0.5435648549315089,-0.9671878508518075,1.3297384555472382,0.00500908978402354,0.0
0.6271579197423398,1.6078114395683774,0.16590344098229395,0.017130669344324615,3.0
0.5598736417694596,-0.6925143875402952,-1.4791182811917722,-0.03454486574568332,1.0
0.5598736415663825,-0.6925138309588241,-1.4733407922548767,0.024261019676563137,1.0
0.5598736411302823,-0.6925153685480624,-1.4751384890394397,0.005837018808902456,1.0
0.5435648548262032,-0.9671906666699037,1.3331674454386861,0.009816497509499708,0.0
0.5598736408229184,-0.6925133188257848,-1.4807717008333208,-0.01667134500593156,1.0
0.5435648546844737,-0.9671868927772541,1.3341256708308344,0.011940267917710905,0.0
0.6271579198915183,1.6078125142832635,0.1605709150312448,0.006830190482889555,3.0
0.5435648547429321,-0.9671914973438167,1.3266043643169918,0.009131809248270787,0.0
-1.7317881818852556,0.054049756725677925,-0.0011944147135164464,-0.0006665741047568952,2.0
0.5598736414644923,-0.6925164812338384,-1.4782209868968306,4.1747940887150023e-05,1.0
0.5598736412599147,-0.6925147461729996,-1.4786542773372455,0.01533154126317121,1.0
0.5435648545439042,-0.9671872120748652,1.3285931597637122,0.010849030769330583,0.0
0.6271579199681016,1.6078123463636624,0.16159437234950613,0.02324851338760072,3.0
0.5435648545475881,-0.9671856050055551,1.3337433252176365,-0.002401326472253267,0.0
0.5598736415740088,-0.6925143416424617,-1.489491998129148,-0.0754990488080233,1.0
0.6271579195616304,1.6078102724777485,0.16092777058978802,-0.011002603987244317,3.0
0.5598736413001163,-0.692517791234337,-1.471221932815846,-0.03606331894887006,1.0
0.6271579202919673,1.607809780530741,0.15825420615493177,0.00391188121632002,3.0
0.5435648552484804,-0.9671901770255551,1.3289666591015459,0.0408204083723692,0.0
-1.7317881821262202,0.054048433997587,-0.009792306426856807,-0.022759963840096323,2.0
0.5435648550751843,-0.9671898000307624,1.335825235133678,-0.03908302199652596,0.0
0.6271579199380197,1.6078130971853257,0.1623282342794027,-0.03923899388328737,3.0
0.6271579198043301,1.6078113560362113,0.15531210962639994,0.06548572441047978,3.0
0.6271579197514574,1.607811576328581,0.15710978049740681,-0.016470561855736688,3.0
0.5598736418716882,-0.6925151236906919,-1.4730648654240641,0.006304218415479598,1.0
0.6271579197757223,1.607809752454269,0.15518540656931468,-0.09707465561237366,3.0
0.5435648553174919,-0.9671891999204217,1.331913681058931,0.005849745159346079,0.0
0.5435648546597218,-0.967189963926392,1.3309544916897353,0.01715328595973334,0.0
0.6271579199455617,1.607809252683394,0.16179967978593943,0.02252544023710073,3.0
-1.731788181448046,0.054051211649855935,-0.005412752523991193,-0.03506617081202512,2.0
0.543564854413332,-0.9671938782938433,1.3383693379584143,0.006026515694481598,0.0
0.5598736414884259,-0.6925140161166995,-1.482138973034238,0.02128170657425286,1.0
0.6271579194831768,1.6078092445903502,0.16363781682758408,-0.002367357122925376,3.0
0.6271579196159675,1.6078129937093666,0.15524699970282813,-0.043357486596215015,3.0
0.543564854050137,-0.9671879304517941,1.329726811686647,0.021609479511290122,0.0
0.5598736418377901,-0.6925183231790989,-1.4778843333350902,0.027356513790509605,1.0
0.5435648550000947,-0.9671871171015556,1.3309661470552152,0.05799010189220255,0.0
-1.7317881812650435,0.05405196900579087,-0.004872280179735729,0.0059152581167374796,2.0
-1.7317881802506017,0.05405107872615637,0.00040326468079952084,0.021261149051581836,2.0
0.6271579199919872,1.607812411463421,0.160872943172683,0.017958327297952725,3.0
0.627157920019619,1.6078140666126821,0.1593619876772973,-0.038860302221815295,3.0
0.5598736413238491,-0.6925130986244427,-1.4738440913424913,0.023804182656728463,1.0
0.5435648552641197,-0.9671914132984797,1.3350617682280543,0.04106417930810998,0.0
0.5435648551281089,-0.9671927767925792,1.3419718996790484,0.030203610034651846,0.0
0.5435648548379668,-0.9671865895309986,1.3336408588924276,0.013761905014115101,0.0
0.6271579199575826,1.607811534814976,0.15971059796492904,-0.007037433452842483,3.0
0.5598736422276975,-0.6925184752911173,-1.4828648331478462,0.04392083853092411,1.0
0.6271579196544576,1.6078099851746723,0.15699060922309935,0.049487631656621706,3.0
0.5598736413133011,-0.6925163376006445,-1.4835802119345072,0.05261507069715892,1.0
0.5435648544880457,-0.9671909306842683,1.3321879977232114,0.0473010821172137,0.0
0.6271579197695728,1.607809628559697,0.1549963089554632,0.022220839031364997,3.0
0.5598736411241081,-0.6925157412885586,-1.4728166418796067,0.014504762850030918,1.0
0.5598736415882052,-0.6925155268157582,-1.4779659865562444,-0.009501154236330082,1.0
0.6271579200255519,1.6078118106436148,0.16161940743285075,-0.1035931576473416,3.0
-1.731788181374304,0.05405031217657656,-0.011775472793656889,-0.020364088128491557,2.0
0.6271579202750011,1.6078142750832674,0.16356809648321752,-0.033367184624238835,3.0
0.6271579199070908,1.6078116045109432,0.16386979356132053,0.020136361953088527,3.0
0.5435648548835333,-0.9671913005738723,1.3330680711385874,0.014119610340404454,0.0
0.5598736412842704,-0.692514060533859,-1.4781173135065198,-0.03177324367762847,1.0
0.559873641484681,-0.6925154463882671,-1.4721278614004476,0.06352390622490926,1.0
0.5598736417187518,-0.6925142747618475,-1.4763650268812558,-0.02386731554705254,1.0
-1.7317881822463799,0.054049449571922474,0.0027859083567504453,-0.05888806888501528,2.0
0.5435648553601359,-0.9671898409585585,1.3362079111384733,-0.0214320924417492,0.0
-1.7317881813102112,0.05405430008083294,-0.002735790187544543,0.03450974918903894,2.0
0.5598736421080034,-0.6925199296708813,-1.4829627617876069,0.0430820884739053,1.0
-1.7317881814919271,0.05404937960252678,0.001696238595154662,0.07712644926163688,2.0
0.5598736414645255,-0.6925153305007181,-1.4785646117319522,-0.06284901234682233,1.0
0.627157919995773,1.607813403318362,0.15960714793576686,-0.0245397104556979,3.0
0.5435648547775918,-0.9671882861768005,1.3292747748029339,-0.005951639404957391,0.0
0.6271579200233165,1.6078113962272698,0.16990755615070605,-0.029139278113790846,3.0
0.559873642111248,-0.692515189378166,-1.4833629703060616,-0.05894101273266328,1.0
0.5598736419025904,-0.6925160534914089,-1.4739718119320193,-0.04456903775059488,1.0
0.6271579198849203,1.6078120757635397,0.15577558998685245,0.006765179021664091,3.0
0.5435648547655186,-0.9671892254392602,1.3314849272419762,-0.0031534142406813037,0.0
0.6271579204410883,1.607810837793066,0.15841891075588677,0.001967415217918917,3.0
0.5435648550203945,-0.9671885091558691,1.3349062511488023,0.02782197967634436,0.0
-1.7317881812763152,0.0540488501205148,-0.010569556457646324,-0.0014628143179455648,2.0
0.5598736411336269,-0.6925153557896242,-1.4782043995683083,0.0010200183529102457,1.0
0.5598736418576314,-0.6925132921691687,-1.4769280779317568,-0.003198481503841446,1.0
0.6271579204028549,1.607810979151304,0.16024489460515579,-0.01170619421405092,3.0
0.5435648547505669,-0.9671904565209153,1.3393843988410779,0.006852165981097563,0.0
0.6271579204772474,1.6078111036374931,0.16017488202903699,-0.008334220504062156,3.0
0.5598736418127227,-0.6925140699754191,-1.4783523553426168,-0.029710322426960697,1.0
0.5598736415256139,-0.6925179286315949,-1.4760683278442466,-0.05639556395428707,1.0
0.5598736419644441,-0.6925160262542757,-1.4741142128381468,-0.04322363127233538,1.0
0.5435648551743638,-0.9671864163585198,1.338818398421358,-0.004292366406092967,0.0
0.5435648547586276,-0.9671897306130876,1.3325750007977892,0.04710433199083267,0.0
0.543564854919485,-0.9671888983936753,1.3375814060902438,-0.02887373032204873,0.0
0.6271579201649679,1.6078143396569353,0.1501124525115151,-0.007836996217507186,3.0
0.6271579193909671,1.6078117325065198,0.1547195830361133,-0.00867950353417191,3.0
-1.7317881815672773,0.05405156362436545,-0.009950349544054046,0.09337776129634637,2.0
-1.7317881819425303,0.05404773016794437,-0.00591580890920347,0.04901745062807697,2.0
0.5598736413361679,-0.6925162210502139,-1.4774579879398042,-0.05029411047938069,1.0
0.5435648546492026,-0.9671895197230593,1.3263914749874675,-0.0302501347964874,0.0
-1.7317881813637654,0.05404707403077602,-0.0019739980419148026,0.002707851930714382,2.0
0.5435648547807603,-0.9671878064474771,1.3355436357052797,-0.0048093934821411355,0.0
0.6271579193970587,1.607810101090385,0.16413125161117423,-0.023153637751668527,3.0
0.5598736414833664,-0.6925157045033902,-1.4745508510355316,0.030944856225423856,1.0
-1.7317881811272546,0.054048371000659214,-0.006687567561526015,0.05432659436030264,2.0
0.5598736415375838,-0.6925148383559232,-1.4811118659463773,-0.02164023503804028,1.0
0.6271579201774131,1.607811023499352,0.15641555010565136,0.05576538071055477,3.0
0.5598736413403477,-0.6925142734544986,-1.4837768311831134,-0.024521959647701673,1.0
0.6271579206452379,1.607810459691367,0.15898600315606806,0.016677991484517863,3.0
0.5435648551449522,-0.9671873913904908,1.328145023156847,-0.03333427656979623,0.0
0.6271579198569902,1.607811221293101,0.16657108624600167,0.03266889293445532,3.0
-1.7317881818724798,0.05405214032124165,-0.004632970087426536,-0.03908859602418214,2.0
0.5435648549077682,-0.9671888675265322,1.3280306824816934,0.11903724806805122,0.0
0.5598736420069782,-0.6925191983437357,-1.4830837833724544,0.03665764603966871,1.0
0.543564854783177,-0.9671888947680825,1.3331192836938472,0.000573909695623434,0.0
0.627157919333684,1.6078103765426073,0.16228452958770653,0.02321461995535932,3.0
0.5598736413779245,-0.6925160395907449,-1.478521394560106,-0.06278585036787321,1.0
0.6271579197767922,1.6078123569110359,0.16095412482752325,-0.0018439634446541704,3.0
0.6271579194404606,1.607811929885521,0.16066215289535477,0.06581963273994614,3.0
0.5435648549935879,-0.9671903423153673,1.329402201160841,0.07133304356896054,0.0
0.5435648545584459,-0.9671884829925692,1.3300105390654928,0.015534128501483231,0.0
0.559873641510309,-0.6925184721852404,-1.4781711559003694,0.002431129808248655,1.0
-1.7317881815412863,0.05405143676751233,0.0010024681377217499,0.022953369497735743,2.0
-1.7317881815066116,0.054052927891748474,-0.0033881965264194926,-0.036162601732096664,2.0
0.5435648541720955,-0.9671900478836684,1.335485041134461,0.02651670687875662,0.0
0.5598736418825149,-0.6925160990012664,-1.48154433710502,-0.009244597423135242,1.0
-1.7317881817936969,0.054049625257337724,-0.00998558342916814,-0.026688271415806274,2.0
0.6271579200833837,1.6078084478538393,0.16130769396165254,0.06735768901890431,3.0
0.5598736411011378,-0.692513233249969,-1.47199400720326,-0.025259968238342752,1.0
-1.7317881816436964,0.054048993398471384,-0.003176087653790017,0.024014220402512883,2.0
-1.731788180814418,0.05404971003530778,-0.006286022816655986,-0.03890709456119194,2.0
0.5435648545377861,-0.9671885582204035,1.3336869148933073,0.05831844564644076,0.0
-1.7317881807586673,0.05404984060263445,-0.004854085161444703,-0.011153228287487814,2.0
0.543564855228601,-0.9671895977079796,1.3308324574744994,-0.06179745176154574,0.0
0.6271579200512923,1.6078105223587695,0.1598744075672949,0.04073653569316181,3.0
0.5435648549484926,-0.967191037458537,1.3274930854875338,0.039991521278395316,0.0
0.6271579206948988,1.6078108144366619,0.1620216650933899,0.03849409025349301,3.0
0.543564854550205,-0.9671909948320548,1.3343241470885538,0.0426753147326041,0.0
0.6271579206335383,1.6078120041558346,0.15456584044093175,-0.052715529838310626,3.0
0.6271579197526206,1.607813672819734,0.15019302336327578,0.009303102946505501,3.0
-1.731788181733734,0.054051388988277,-0.008133611677957554,0.032177101099447214,2.0
-1.7317881816448728,0.05405127548858683,-0.005871540032565466,0.014204470048778756,2.0
0.6271579206120926,1.6078115659624874,0.15762328701706757,0.00801533372750247,3.0
0.5598736409103015,-0.6925144213770749,-1.4756674366581826,-0.03455403754284958,1.0
-1.7317881811704396,0.0540488206159549,0.0006174033307042768,-0.024610427192215897,2.0
0.5435648548692601,-0.96719257978955,1.3358214123568284,0.0034937344463189853,0.0
0.6271579202899545,1.607810916992594,0.15677910841993853,-0.004030004691974625,3.0
0.5598736417832465,-0.692513063373446,-1.4715704814512252,0.06939813751836302,1.0
0.5598736410152146,-0.6925176930428667,-1.4788857358743954,-0.021037572405249245,1.0
0.543564854673291,-0.9671888666979036,1.3328857166915362,0.006526830494192811,0.0
0.6271579200556493,1.6078144327769912,0.1703382197536428,0.021664493565790425,3.0
-1.731788181202892,0.05405348933301712,-0.0010513880665518516,0.027088506268976808,2.0
0.6271579194916781,1.607810121457859,0.1608735671411513,0.028452678552044947,3.0
0.6271579195560688,1.6078108210288211,0.15594137087879253,-0.05345777426330948,3.0
0.5435648541816217,-0.9671915486529736,1.3348355964292373,0.02119554407896852,0.0
0.5435648558442587,-0.967191284684217,1.3332826376334022,0.002267668894189296,0.0
0.6271579192225945,1.6078117615409881,0.16036493614160574,-0.01713551166103201,3.0
0.5598736413123733,-0.692514320553061,-1.4724696797052226,-0.018602505974251195,1.0
-1.731788181462469,0.054050177780605044,-0.013339453510457604,0.018377662942701895,2.0
0.6271579204393293,1.607811725576185,0.16371921129131936,-0.05770403411184952,3.0
0.5598736413844777,-0.692517585039832,-1.4742889957157574,0.03709146378473024,1.0
0.6271579196745133,1.607811111849674,0.15414861851653971,0.039317659923615654,3.0
0.5435648545539993,-0.9671917212401255,1.3280152478837104,-0.001010412018597824,0.0
-1.731788181842627,0.054051458412854664,-0.005831678305581439,0.04493236959721636,2.0
0.5435648547830898,-0.9671898141156929,1.3309637865976471,0.012521758323018299,0.0
0.6271579201904175,1.6078128417836268,0.15724158602385374,0.05486370643005054,3.0
-1.7317881812005773,0.05405206040023396,-0.005290077984043435,-0.04716487549285735,2.0
0.6271579199307149,1.6078115989949697,0.16071783560692982,0.019959404674673227,3.0
-1.7317881808758173,0.054048063609153124,-0.0004570734436876131,-0.011316646883748987,2.0
0.6271579200417161,1.6078133162306114,0.15974950813471353,-0.049515934511083215,3.0
0.5435648548832313,-0.9671889015237103,1.3326764192492355,0.02672409512354982,0.0
0.6271579202691132,1.607811255323243,0.16188316317631785,0.013904044607623454,3.0
0.5598736413221842,-0.692515482633692,-1.4728556310135625,-0.021290043647400333,1.0
0.5435648548597382,-0.9671904445051247,1.3300663454143324,0.061175907974064477,0.0
-1.731788182086509,0.05404965195275261,-0.001307165124640681,-0.03656470643458336,2.0
0.559873641664099,-0.692515521358358,-1.4736231540155291,0.05002733166387501,1.0
-1.7317881821448,0.054048470831289934,-8.635317929938573e-05,0.01997894887167353,2.0
0.5435648546069277,-0.9671912254118736,1.3248408446063937,-0.0526672234204879,0.0
0.5435648545836785,-0.9671887439246204,1.3388120523122105,0.003919495586752134,0.0
0.6271579194230046,1.6078091745885752,0.15612938389769304,-0.006754698672312075,3.0
0.6271579198335661,1.6078114382154913,0.15378648227682795,0.030919111526621103,3.0
0.5435648545362898,-0.9671909582773089,1.3296391256727444,0.0632708185321956,0.0
0.5435648548544029,-0.9671925598661975,1.3335360329692696,0.036163585541172556,0.0
0.6271579198011241,1.6078108567206324,0.1636352661359317,-0.013079018187448516,3.0
-1.7317881816580127,0.054047951423861325,0.0002813327015024863,0.014929558208680666,2.0
0.5598736414226662,-0.6925171170842327,-1.476065016053988,-0.011447809990772977,1.0
0.6271579199030568,1.6078115560157693,0.1561377644152248,-0.05565493292048236,3.0
0.6271579203497588,1.6078136752980619,0.15988111358701898,-0.002340862696292182,3.0
0.6271579195823799,1.607811680287772,0.1586953019592014,-0.026275678839044872,3.0
-1.7317881820394507,0.05405274384196413,-0.002483990188667222,0.009925461572197158,2.0
0.5598736415245207,-0.6925182285217942,-1.4783324445818893,-0.010175914574492694,1.0
0.6271579196413873,1.6078120045156474,0.15454352392625972,-0.0724812715945656,3.0
-1.7317881814034304,0.054049070841045314,-0.006404483858587541,-0.025523866276729062,2.0
0.5598736408951616,-0.6925161281042191,-1.4823334512853559,-0.04700836801335288,1.0
0.6271579196907137,1.6078133627568072,0.15547289152147853,-0.019060426308708685,3.0
0.5435648538066389,-0.9671898924916815,1.3321239464852506,0.036651015701490805,0.0
0.5598736410987738,-0.6925164926066341,-1.4746315079213028,0.06824915103163082,1.0
0.6271579205714111,1.607809611935511,0.16448323423050742,-0.01009085916127957,3.0
0.6271579194914289,1.6078100467886616,0.1672933023703384,-0.038050160673460544,3.0
0.5598736415706501,-0.6925150575695145,-1.4845638391164255,0.05771743826338109,1.0
0.5598736413870906,-0.6925134650645836,-1.4796283405769672,-0.03801918285164621,1.0
0.6271579196213075,1.607812280498785,0.15992717529424874,-0.011660415434466317,3.0
0.5435648547518477,-0.96718856823607,1.328093434444505,-0.04484553950637889,0.0
0.6271579203387838,1.607811175757505,0.15879569808328795,-0.005269716918789469,3.0
-1.731788181611728,0.05404831630524344,-0.011289083008567504,-0.016546407247840615,2.0
0.6271579200208102,1.6078143483664258,0.15546841033250203,-0.047794738469550374,3.0
0.5435648553888678,-0.9671912924660927,1.3368466528212564,0.00040096701705683556,0.0
0.5598736413939742,-0.6925158372937648,-1.4808560343805965,0.04937805326329174,1.0
0.5435648548457207,-0.9671882530737528,1.329285062774532,0.015718711555607317,0.0
0.543564855199504,-0.967189033560583,1.3337436188331715,-0.07866204224863889,0.0
0.5598736410939912,-0.6925145816707011,-1.4821969684629364,0.043936698570479694,1.0
0.6271579202279987,1.6078121061612312,0.1600819929720696,-0.009140158715691505,3.0
0.6271579202249882,1.6078107937492985,0.16313047775671105,-0.0824707007606096,3.0
0.6271579195275249,1.6078120789742505,0.15648682984071569,0.025305658103298767,3.0
0.5598736412210968,-0.6925133595539126,-1.482453965169218,-0.03726277359940373,1.0
0.5435648550200516,-0.9671897396182607,1.336210493319583,0.016345854553879203,0.0
-1.7317881812213463,0.0540523492121115,0.0005181046489573422,0.005743670133030078,2.0
0.5598736413653217,-0.6925154024850086,-1.4779264179361342,0.01746462378434775,1.0
0.6271579195080556,1.6078092415484027,0.16134121358850873,0.03588314649796186,3.0
0.6271579197442381,1.6078131133569884,0.16092144958270183,-0.015641126026677835,3.0
0.5598736411629018,-0.6925163190666496,-1.4782171859970359,0.04295937486645137,1.0
0.5598736419333872,-0.6925159377083154,-1.4835241383711106,-0.08014446730041953,1.0
0.5435648545953018,-0.9671903342033448,1.3352599069667679,-0.014991173587292028,0.0
0.6271579200462255,1.607811410136455,0.155167255164268,0.03224233267626691,3.0
-1.7317881822460133,0.05405197249213978,-0.009113352430204558,-0.027188529081922007,2.0
0.627157919735763,1.6078126919976683,0.14974286251648752,-0.03525773841705569,3.0
-1.7317881808356994,0.05404988614507696,-0.003145972065185288,0.01976970433053195,2.0
0.6271579201686915,1.6078113576241817,0.1609067871001834,-0.010257180824977435,3.0
0.6271579200535587,1.6078126033995894,0.16421201312712871,0.007861978880912794,3.0
0.5435648546165284,-0.9671895022912704,1.341695127323557,0.06755797103761245,0.0
0.6271579198737193,1.6078130669000412,0.1629061490086706,0.013194973400914255,3.0
0.5598736407755419,-0.6925189187506849,-1.477330558438727,-0.02557492463225277,1.0
0.5598736413609529,-0.6925160874773433,-1.4759672493158005,0.0052191656492694884,1.0
0.5598736413831552,-0.6925138531030606,-1.4833793280023793,-0.0637135823064047,1.0
0.5435648546377712,-0.9671918328518727,1.329558761874045,0.012901295800273578,0.0
0.6271579191749201,1.6078090870570743,0.16530138671220418,0.007577011331635456,3.0
0.5598736415410223,-0.6925152093834737,-1.4739068657854655,0.01139087834185912,1.0
0.6271579197478906,1.6078115352358853,0.16431395839842566,0.02463782951158046,3.0
0.5435648550749427,-0.9671871314183665,1.3379561467436718,0.02798783676953336,0.0
0.5435648548321959,-0.9671902418481101,1.3323082237979946,0.013345474206652717,0.0
-1.7317881811092153,0.054048009706983376,-0.00996597010346657,-0.053790064154962104,2.0
-1.7317881813907665,0.054049881934733625,-0.006468450224654981,-0.0603053772154835,2.0
0.6271579198534731,1.607811379313325,0.16044732156326433,-0.022787466933761838,3.0
0.559873641950278,-0.6925171997012965,-1.481177303174097,0.024298896835727495,1.0
-1.7317881819631387,0.0540499939960958,-0.006961325503621082,0.020758644367809508,2.0
0.6271579199584421,1.6078115093776606,0.16303293879982028,-0.027749409487994287,3.0
-1.731788181596463,0.054052344949087026,-0.0044754998429160555,0.05372296605506746,2.0
0.6271579194804814,1.6078119047361095,0.1629879038744266,0.033386632509695334,3.0
0.5435648543074116,-0.9671889378394156,1.3359141821784186,0.06381009139660326,0.0
-1.7317881811980158,0.054051674507254226,-0.005146877962632035,0.01419982489846048,2.0
0.5435648549769101,-0.9671917706562788,1.332037645946793,-0.0065163468124474185,0.0
0.6271579199883991,1.6078124715611735,0.1560374296686469,0.018459472604595992,3.0
0.6271579195065378,1.6078088211829302,0.1623277256748625,0.029352797459708126,3.0
0.6271579199925764,1.6078112870936871,0.1599067251203013,0.008995463966718062,3.0
-1.7317881813016704,0.054051005723723254,-0.006132681008695889,0.024303127687153276,2.0
-1.7317881813835176,0.05405260835123434,-0.00667088257487184,0.04515791325846037,2.0
-1.7317881810348745,0.054051572912925186,0.0010973977929428689,0.015516599164964501,2.0
-1.7317881811967766,0.054050203320694996,-0.0039515829008395795,-0.025061164329180867,2.0
0.6271579198582258,1.6078130604775511,0.16130865961744567,0.024204251803841857,3.0
0.5435648548468817,-0.9671899635410786,1.3344463833118323,0.00602265360497282,0.0
0.5598736414077246,-0.6925181938372866,-1.4767574810561686,-0.027864742834651384,1.0
-1.7317881813682783,0.054048907668119886,-0.0007815629220814962,0.026800858382073734,2.0
0.6271579195783276,1.6078101613659503,0.15358903005071253,-0.02171796316107642,3.0
-1.731788181689537,0.05404835274851335,-0.005315949825911535,0.02091695051278162,2.0
0.5598736416213762,-0.6925166205585859,-1.4826079904589984,0.05565154849895768,1.0
0.5435648548969542,-0.9671897924100562,1.3283683171306757,-0.036138637295829605,0.0
0.6271579196285846,1.6078119438388145,0.15289455720255812,0.05091925920221676,3.0
0.5598736416485747,-0.6925126116965401,-1.478089708336199,0.0573446334752572,1.0
0.6271579196605311,1.607810188238932,0.16258474342639628,0.015534106858351831,3.0
0.5598736414802841,-0.6925153778072745,-1.4777676675874682,-0.002651478920516611,1.0
0.5435648550361164,-0.9671884894596225,1.3323912501394246,-0.023972228142388276,0.0
0.5598736415562594,-0.6925165085128753,-1.4704116301186307,-0.0037281506730602455,1.0
-1.7317881810944507,0.05404818904562465,-0.015004277217755647,0.03190158669443129,2.0
0.6271579193980383,1.6078139699703775,0.1629210899864397,0.019509428267817718,3.0
0.627157919779356,1.6078146283158503,0.16209016940063095,-0.008040658562473933,3.0
0.6271579201891443,1.6078123833118687,0.15841516838312777,0.024205394245729733,3.0
0.5598736417350876,-0.6925152819392743,-1.478258584927419,-0.009107049801177153,1.0
0.5435648545670678,-0.9671883079270455,1.3313919517163522,0.040513840414871514,0.0
0.5598736415858973,-0.692514862651721,-1.4790506259913625,-0.025406797707132313,1.0
0.5598736414959693,-0.6925159116129576,-1.4825344864224557,0.025235903434549095,1.0
-1.7317881816560663,0.0540512966513553,-0.002686715729101689,0.043208230131890964,2.0
-1.7317881810997646,0.05404844274823383,-0.0035769081913818225,-0.05134739208882702,2.0
0.627157919657537,1.6078114479607089,0.1547832945254954,-0.017453984635481822,3.0
-1.7317881818125938,0.05405012771187874,-0.0016355749695910614,0.000268569854286908,2.0
0.5598736411656104,-0.6925139111168209,-1.4820471860677118,-0.09402692391608522,1.0
0.6271579199915583,1.6078116717365596,0.1543894317131552,0.08418496232901046,3.0
0.5435648541844257,-0.9671887229058364,1.3295210427678879,-0.07836420563039719,0.0
0.627157920641621,1.6078114365934362,0.16263451163248177,0.019443005039207543,3.0
0.5435648551284643,-0.9671930370585335,1.333454515614917,0.007903388526178157,0.0
0.5435648540581721,-0.9671905707116062,1.328047535981717,-0.0025971872018035777,0.0
0.5598736411747464,-0.6925138309212981,-1.4744061505467823,0.003859775528485891,1.0
0.5598736413522151,-0.6925124937232989,-1.4790435915751035,-0.07543621338639797,1.0
-1.7317881811222406,0.05404895085267451,-0.004556627182001456,0.02383623658481911,2.0
0.5435648546552034,-0.9671900448400366,1.3341616121048132,-0.01893913627010142,0.0
0.627157919646165,1.6078124215866425,0.16160678178724905,0.01658645756910665,3.0
0.6271579200093065,1.6078100971800797,0.16395584797107454,-0.004047670534395497,3.0
-1.7317881818271033,0.05404960554093995,-0.0026810025073940934,-0.03257961412674239,2.0
0.6271579197966433,1.60780982549776,0.158614107737241,0.013022452193440752,3.0
0.543564854173167,-0.9671889833467849,1.331587888318031,0.01289103344801184,0.0
-1.7317881817373628,0.054054090255852213,-0.011725135628146019,0.011822062183450716,2.0
0.6271579195527973,1.6078108308214336,0.15788946591078584,-0.07939492663769354,3.0
0.6271579197254491,1.607811760779014,0.15526126321413003,-0.010745154658484692,3.0
0.5598736412145381,-0.6925156855277496,-1.4772638988591706,0.04918890734976244,1.0
0.5598736423283063,-0.6925165858668334,-1.4815527903500412,0.031115862386764608,1.0
0.5598736416217088,-0.6925167882447179,-1.4753923187782518,-0.05713749907266174,1.0
-1.7317881813145344,0.054051351351589116,-0.004353448956986945,0.06409376034560256,2.0
-1.7317881807689195,0.05405215378183216,-0.006748390005248131,0.012035464286481085,2.0
0.6271579198082438,1.6078104210947588,0.16123269954314082,-0.03544134771221923,3.0
0.6271579202698675,1.6078109016116042,0.15621941388795452,0.03189176451145062,3.0
0.5435648552343901,-0.9671913824260345,1.3303753504120484,0.04100753049911712,0.0
-1.7317881814407103,0.05404949526567518,-0.004673662528361799,0.0019226220258149903,2.0
0.6271579200842875,1.6078103349043391,0.16085612030805926,0.08949310279040842,3.0
-1.7317881806879436,0.05405006547899085,0.00385797653987935,-0.010889568799227853,2.0
-1.7317881813356983,0.05405033086469528,-0.009557133651003006,0.0017683624335705186,2.0
0.5435648545014196,-0.9671899613257686,1.3369082915078836,-0.05222290590955174,0.0
0.5435648550995159,-0.9671912028732295,1.3272052121792148,-0.04882843404104432,0.0
0.5435648549999944,-0.9671898763786281,1.3318796133075248,-0.010278502598790651,0.0
-1.7317881816726322,0.05404731322894025,-0.010262623818768928,-0.03237830748954084,2.0
0.62715791973097,1.607812089590003,0.1539194319718548,0.017397856977738727,3.0
0.5435648545990567,-0.9671910242038168,1.32226169564511,0.004052121977070673,0.0
0.5598736419302354,-0.6925165825169222,-1.4879528849570305,-0.032572760081349336,1.0
0.5435648542671101,-0.9671908208892356,1.33164396797015,-0.012809506962184178,0.0
-1.7317881812803737,0.05404700833321731,-0.008430274646069654,0.04274175777213964,2.0
-1.7317881816389384,0.05405152970543808,-0.005802120438440135,-0.0376200614638062,2.0
0.6271579202443628,1.6078123056625717,0.1562862100880711,-0.006275952015300099,3.0
-1.7317881812706608,0.05404975835067644,-0.004177103161803266,0.014844995162650107,2.0
0.5598736418070271,-0.692514802971601,-1.4739848040652659,-0.013505558090343199,1.0
0.5598736416336296,-0.6925157968430957,-1.4742142537166827,-0.024733992133666116,1.0
-1.731788181582294,0.054052350801642196,-0.010224368277843681,0.013899592346187076,2.0
0.6271579196502222,1.6078132792727102,0.16354827199874006,-0.004216258232653885,3.0
0.5598736408126203,-0.6925153804248756,-1.47759526159857,-0.014668481266647063,1.0
-1.7317881819363783,0.05404952844190482,-0.006509110853585132,0.012463599230357237,2.0
0.6271579196383053,1.6078100123310648,0.1642936036175662,0.003882554440796511,3.0
0.5435648548972221,-0.9671908120457502,1.3335654666854717,0.04001834938995268,0.0
0.6271579201112485,1.6078100098409942,0.16090979477483472,-0.019982382222361,3.0
0.6271579191986177,1.6078107333537432,0.1603299150134994,-0.052253112361588624,3.0
0.5435648547790356,-0.9671904410647674,1.3303115139910104,-0.022858118880840588,0.0
0.5435648550407666,-0.9671921025837347,1.3329073639041757,-0.038387806850337956,0.0
0.6271579199641116,1.6078110284893445,0.16395023976221149,0.0098220100900809,3.0
-1.7317881823242722,0.05404880843211393,-0.004825431481425775,-0.04440155563023953,2.0
0.5435648552099125,-0.9671911254202401,1.3327620468723405,0.03801902857345127,0.0
0.5598736417456808,-0.6925135869414402,-1.4803095309285017,0.005961881626140551,1.0
0.559873640820754,-0.6925161522128633,-1.478350896389033,0.01107120836409187,1.0
0.6271579198636532,1.6078109838233947,0.1616150879323682,0.027680355840247427,3.0
0.6271579199030427,1.6078142354675458,0.16351148625956566,-0.01661522516769715,3.0
-1.7317881810957758,0.0540486138239982,-0.0040572320644907105,0.047379308229687604,2.0
0.5435648547350438,-0.9671895488483041,1.331083451147053,-0.06715290595359873,0.0
-1.731788181587737,0.05404847954093267,-0.00037935659694604567,-0.0048198027856837305,2.0
-1.7317881812887461,0.05404850397668141,-0.0006291587436125079,-0.008318728256771926,2.0
0.5435648553511669,-0.9671895000123568,1.329510603731062,-0.021990462528349988,0.0
0.5435648550988958,-0.9671908949090534,1.3334467615809162,-0.08618957239146875,0.0
0.5435648548556858,-0.967189360857766,1.3258343941883413,0.036603648108184346,0.0
0.5598736423068911,-0.6925151296284525,-1.475352940838877,-0.014556112654411488,1.0
0.6271579206940364,1.6078093168694718,0.15830080756096848,-0.05831227535449651,3.0
-1.7317881810231153,0.05405318460590146,-0.007148426127862256,-0.03454963196407292,2.0
0.543564854921101,-0.9671905015667995,1.332651948933047,-0.02686307630468847,0.0
-1.7317881814227116,0.0540486499459574,-0.011043040551893262,-0.01261350393420753,2.0
0.5435648544044746,-0.9671885512502045,1.3292015792092653,0.053992396861206084,0.0
-1.7317881816969336,0.05404918483985742,-0.0013085554115875619,0.05071076230950542,2.0
0.5435648533769156,-0.9671916157061037,1.3386341565227629,0.033992310005765365,0.0
-1.7317881820723269,0.05405016016987097,0.0013360268006859508,-0.01023930892804151,2.0
0.5598736412347964,-0.6925157520219879,-1.4741599310269395,0.003109539212523757,1.0
0.5435648549328129,-0.9671886531926247,1.3380773235900174,0.039256396961460355,0.0
-1.7317881813710228,0.054053811762128375,-0.0058666771633188635,-0.029028499866500232,2.0
0.5435648547828443,-0.9671905038931355,1.3372886654980116,-0.01035117007015081,0.0
0.543564855244771,-0.9671878192962584,1.3292712131059752,0.031089738965653247,0.0
0.6271579202676677,1.6078130675693272,0.16461083742284233,-0.027581283728145684,3.0
-1.7317881818345442,0.05405166111117423,-0.005162197328648813,0.040071283069848536,2.0
0.6271579195452504,1.6078127144742476,0.15443958709846714,-0.0229108605925521,3.0
0.5598736417827062,-0.6925152830662581,-1.4749732506116657,-0.022775165748956466,1.0
-1.7317881817294674,0.054048660471775464,-0.006761522313129077,-0.05327664346601634,2.0
-1.7317881814275993,0.05405308615573519,-0.009690943732956342,0.015230905089657625,2.0
0.6271579207165479,1.6078101961312186,0.1597677055307126,0.01860279524299202,3.0
0.6271579195329013,1.6078100627871414,0.1623764731725185,-0.02992956137973547,3.0
0.6271579197414718,1.6078143057969019,0.15988132066416028,-0.008619107493251848,3.0
-1.7317881815354306,0.054051157897342064,-0.011539403738573751,0.0076415543012737525,2.0
0.5435648545390664,-0.9671908756123289,1.338174472719745,0.010492212475691707,0.0
0.627157920117615,1.6078137058645832,0.15877811854782162,-0.04936738647493118,3.0
-1.7317881814811467,0.054048390020983675,-0.0059484385771081255,0.03472141743086295,2.0
0.5435648548128502,-0.9671934497812322,1.3329554812539302,-0.013475255087989744,0.0
0.5598736419790993,-0.6925149221290767,-1.4784201792108569,-0.06430449584680917,1.0
-1.7317881817321101,0.05405016223534326,-0.004892941700006062,0.05002354532824603,2.0
-1.7317881821023928,0.05404963975282047,-0.002559797316466551,0.014449775426499351,2.0
0.6271579196809236,1.6078115496405185,0.16316732658643768,0.032592091570279015,3.0
0.5435648545780963,-0.9671918305754028,1.3246435328955974,0.05102633502950233,0.0
-1.7317881821703927,0.054048273970363415,-0.0017063819440877946,0.02858196277194662,2.0
0.6271579199183595,1.6078127657656973,0.1615353011172166,0.003238360084920985,3.0
0.5598736416534146,-0.6925168613883921,-1.4792425587298543,0.04144501552934167,1.0
0.627157920455504,1.6078143939577882,0.16143736198575656,-0.023730741893135388,3.0
0.5598736415102904,-0.6925195181293027,-1.4753892249463352,-0.06122183252392027,1.0
0.5598736418049798,-0.6925169754823314,-1.473070131893606,0.04243808463392245,1.0
-1.7317881815927874,0.05405043019449077,0.003590959846122886,0.05596633309744064,2.0
0.5598736412806082,-0.6925167278588572,-1.4789306916689036,0.005222157913839793,1.0
0.627157919734993,1.607812876589801,0.1548385755489224,0.007165036129309449,3.0
0.627157920121642,1.6078120433441356,0.15389559877350958,-0.0017901261287288784,3.0
0.559873641010048,-0.6925154543188925,-1.4779058224698658,-0.06799216191700103,1.0
-1.7317881810876181,0.05404963065871689,-0.0042389276008125394,-0.10367938142235493,2.0
0.5598736423413423,-0.6925162712230178,-1.4781305869591832,-0.04125765791854368,1.0
0.5435648548768436,-0.9671904241034794,1.3371016392809316,0.011739723959545234,0.0
0.6271579194680699,1.607809700024021,0.161202335038308,-0.03950493723505595,3.0
-1.7317881817220615,0.05405382709622829,-0.005448661225770969,0.028924992560871596,2.0
-1.7317881813602323,0.054048679217030236,-0.008735525806671746,-0.013945634679049324,2.0
0.5598736413372164,-0.6925142274138834,-1.4784072389157161,-0.061254062097752165,1.0
-1.7317881817280165,0.05405022785739304,-0.010056676814370993,0.04060784094435525,2.0
0.5435648549062267,-0.9671917934174326,1.3301972273450122,0.037569486453864646,0.0
0.5598736421027954,-0.6925160051101212,-1.4767779437656572,0.014670010790931807,1.0
0.5435648547610328,-0.9671899319583895,1.321410207564593,0.02513481817952474,0.0
0.5435648545915702,-0.9671887532697718,1.3373873905164118,0.043146015767446415,0.0
0.5598736419064755,-0.6925164331543576,-1.4773833993536503,-0.00042949989729521953,1.0
0.6271579199070648,1.6078117163209957,0.15544579067423273,0.06886396600659031,3.0
-1.7317881816832197,0.054048783427856066,0.0007216152075641741,-0.005159891922466401,2.0
-1.7317881807781776,0.05405083351254179,-0.006181554561793316,-0.08302435897299705,2.0
0.6271579202505465,1.6078131365138395,0.16159216979909172,0.0442809373793749,3.0
-1.7317881821088308,0.05405074923097339,-0.004677456187980662,-0.1064976843546713,2.0
0.6271579199692451,1.6078098611625449,0.1620217514354207,-0.028098772306182504,3.0
-1.7317881813994076,0.054048642668477115,-0.010639810909051516,0.007879914479063197,2.0
-1.73178818164439,0.05405130135912031,-0.006645246450361259,0.0009173767623563916,2.0
0.6271579194125688,1.6078119265546382,0.1657746371715165,0.03769375671336036,3.0
0.5435648540264745,-0.9671897869502608,1.3382742597864579,0.019952706166799984,0.0
0.6271579193519173,1.607810637647639,0.16091745494408904,-0.05071269769440089,3.0
0.5435648551464943,-0.9671899321721065,1.3287456778408056,0.018268938125726414,0.0
0.5435648544540804,-0.9671929750620134,1.3353466243256829,-0.0172872664544444,0.0
0.6271579203363737,1.6078136747541918,0.1566398286931198,0.003539085146625352,3.0
0.6271579193433423,1.6078122135499302,0.1622982419648288,0.008169886341959061,3.0
-1.7317881823327401,0.0540482692012817,-0.002518357311054575,-0.005366908610457424,2.0
0.5598736411099453,-0.6925177174280869,-1.4840280431382231,0.06710101787759873,1.0
0.559873641879269,-0.6925144982582512,-1.4715751489494457,0.017214208232295136,1.0
0.5598736413859691,-0.6925159238023879,-1.4802295907941212,0.0022977162604955878,1.0
0.6271579200602269,1.6078108772110982,0.1591549693023825,0.034112169580918554,3.0
0.5598736418795838,-0.6925146688383512,-1.4752789133568387,0.009186621625969062,1.0
-1.7317881818708538,0.054049842624828655,-0.003889612092222722,0.021852322516852395,2.0
0.627157919876471,1.6078100813064327,0.1640786033639966,0.01511795275758376,3.0
-1.7317881813601779,0.054051046705326795,-0.007830141607467506,-0.03186526190178121,2.0
0.6271579206488712,1.607814226654803,0.16084071419228865,-0.008435071836756956,3.0
0.6271579197619913,1.6078129370836363,0.16318743725440835,0.02988936595829764,3.0
0.6271579202069223,1.6078122365067435,0.15804261192453287,-0.021620716509604003,3.0
0.5435648550980821,-0.9671904192362507,1.3308242826435606,0.05816197382299967,0.0
0.5435648548295607,-0.9671890546443661,1.3285703976153,0.03307636820514724,0.0
0.5435648552078735,-0.9671930559656378,1.3322781241451833,-0.017167596496142457,0.0
0.5435648548714277,-0.9671900680154784,1.338989375208221,-0.000260269024319676,0.0
0.5435648542032572,-0.9671892557850092,1.3372163125543617,-0.015564683818807113,0.0
0.5598736418582457,-0.6925167701058266,-1.47664631095059,0.016010239491645362,1.0
0.5598736411765626,-0.692518623531277,-1.4729083588095626,0.0286906771031115,1.0
-1.7317881814486922,0.05405066495538825,-0.00773539711631919,0.00561733339568394,2.0
0.5598736411870214,-0.6925169363701856,-1.4776051881012267,0.03536923378662465,1.0
0.5435648545754094,-0.9671908472135233,1.33387135170923,-0.03943511039257803,0.0
0.5598736416339386,-0.6925168778987757,-1.4837328362201374,-0.07910695147944584,1.0
0.5435648553850561,-0.9671891343513098,1.3348696860496683,-0.01545244988674725,0.0
0.6271579197735323,1.6078080933410102,0.16507348271638608,0.03670467041033954,3.0
0.543564854886881,-0.9671897638412352,1.3279057528585398,-0.011067655345817428,0.0
-1.7317881816848901,0.054049098988110576,-0.008687858602199134,0.0049282633138513325,2.0
0.6271579200298502,1.6078111428128843,0.16495503474889958,-0.02832994398214684,3.0
0.6271579200648904,1.6078126472642835,0.15943367282734977,-0.02135029718961299,3.0
0.543564855080798,-0.9671892973502975,1.335238556303918,0.01529016423776071,0.0
0.5598736414862309,-0.6925168635636155,-1.4734490970517582,0.045490084691342685,1.0
0.6271579204085813,1.607810714525598,0.16018859211986364,-0.02545724652774275,3.0
0.5598736418595809,-0.6925133991583419,-1.4780613840018169,-0.0053017061112513,1.0
0.5598736415740465,-0.6925159693012473,-1.479072003765001,-0.041008303241192645,1.0
-1.7317881817689091,0.05404909569116877,-0.006370170770242834,0.01530292062140639,2.0
-1.7317881819130434,0.05404985974226311,-0.002183386964198314,0.006011493828402562,2.0
0.5598736419947161,-0.6925151161457842,-1.4847446121237178,-0.047588613288178525,1.0
0.5435648545788533,-0.967190758760683,1.3315701290530322,-0.015002951011551108,0.0
0.5598736418630617,-0.6925159400746783,-1.4829987552974266,-0.039865268828726444,1.0
0.5435648550453143,-0.9671917705301017,1.3322972948405603,-0.0045111736927699745,0.0
0.6271579202308862,1.607813127495482,0.1607950620388064,0.01917787054797082,3.0
-1.7317881817011138,0.054049206493164,-0.002897999449265873,0.06529932966631334,2.0
0.5598736415798249,-0.6925133834866458,-1.4789788656295302,-0.017730415487291415,1.0
-1.7317881813482785,0.05404714386279317,0.0010218334793419754,0.04380097605335839,2.0
0.559873641596009,-0.6925179509454131,-1.47655763508817,-0.023794281606119398,1.0
0.5435648551519024,-0.9671888122893201,1.3319308758441928,0.04924768995133059,0.0
-1.7317881812972253,0.054049486155669006,-0.004366927909945175,0.017565690106375556,2.0
0.5598736418294114,-0.6925161310778921,-1.4845781895902428,-0.0023427994265719605,1.0
0.5598736413825758,-0.6925174037271409,-1.471014621198724,0.013812017058594236,1.0
0.5435648543671676,-0.9671921204769708,1.3255863390679357,-0.0382503960150969,0.0
-1.7317881818237495,0.05404972595342698,-0.004151995776194131,0.03069568343830157,2.0
0.6271579192584466,1.6078124991518414,0.16197685866467254,-0.004001837007238205,3.0
-1.7317881819516263,0.05405034876676521,-0.004070908597018208,-0.05476638079465022,2.0
0.6271579192016975,1.6078106052209762,0.1653880931105211,-0.11716019637001637,3.0
0.6271579202442538,1.6078104304441971,0.162309790036051,-0.02332685059333106,3.0
-1.7317881814923086,0.054049630661531414,-0.010652918167650243,-0.026490362250289,2.0
-1.731788181773433,0.05405285895021711,0.0008072657149108583,0.020248351661399173,2.0
0.543564854286399,-0.967188073171456,1.3332144976596385,0.017654034923522577,0.0
0.5598736410428542,-0.6925137505129928,-1.4738033756920257,0.04648618013723248,1.0
0.6271579196666769,1.6078103530531744,0.16208318523253679,0.0684309466145255,3.0
0.5598736412885024,-0.6925156484535215,-1.480628261726473,0.02161970041395776,1.0
0.6271579201138494,1.6078112353887728,0.16309156250639137,0.016109650682728762,3.0
-1.7317881809021263,0.05404869117907839,-0.011703666344058661,0.015255893544402798,2.0
0.6271579203342159,1.6078139534945082,0.16579305784255693,0.006168245602051516,3.0
0.6271579209117499,1.6078101915674612,0.1546211825323411,0.004820541978951389,3.0
-1.7317881814914626,0.05405049671425223,-0.004194353112139612,-0.012805681825855487,2.0
0.5598736417322465,-0.6925153636457472,-1.4858557405047028,-0.03046577556038076,1.0
0.5598736417934802,-0.6925186694867935,-1.4808301934423078,0.06358931070656762,1.0
0.5598736410562088,-0.6925168417357643,-1.4856499137900177,-0.029230041160852253,1.0
0.6271579199904891,1.6078134113112057,0.16024414084986255,-0.04949541284275548,3.0
0.5435648550734655,-0.9671892704645824,1.3350003593458895,-0.018363229333112106,0.0
0.6271579198556435,1.6078128812183483,0.15318736301219193,0.02748842657731109,3.0
-1.7317881813869032,0.0540484907815031,-0.0020161453690995686,0.03644686432215796,2.0
0.5435648544477377,-0.9671902158766753,1.3287632309876796,-0.034408626760764616,0.0
0.5435648548048425,-0.9671897977555434,1.3257580329132352,0.05243736848278171,0.0
-1.7317881811215694,0.05404995993749938,-0.005852153946059072,-0.03314564811557937,2.0
-1.7317881812029694,0.054050125903176496,-0.011802101352977537,-0.007891733677007755,2.0
0.5435648546668671,-0.9671882000787214,1.3301267811807163,0.033261001105351434,0.0
-1.7317881817460068,0.0540499365546349,-0.0036994734634973694,-0.08247567821562755,2.0
-1.7317881813624543,0.05405123037259326,-0.0001100142399447507,0.02656749524221007,2.0
0.5435648542444017,-0.9671891608832421,1.3392769658276997,0.04263253869611089,0.0
-1.7317881826533554,0.05405272605511997,-0.004360170743861856,-0.010716118394715177,2.0
0.6271579191326848,1.6078077465387546,0.15586007471996,-0.019548182007700282,3.0
0.5435648548340103,-0.9671887698025241,1.3307956718928233,-0.011698404573790977,0.0
-1.7317881814715144,0.05405044102411798,-0.003765040882318033,0.024370673775025723,2.0
0.5598736407794147,-0.6925171234942337,-1.4796447318162884,0.015302534599764397,1.0
-1.7317881816268474,0.05405109213366037,0.005300991748652159,0.04491343276601374,2.0
0.5598736418727517,-0.6925143177303366,-1.4760147692888472,-0.015321069106932345,1.0
-1.7317881811077365,0.05404992457732988,-0.006105789569993227,-0.023851288002597476,2.0
0.6271579197290845,1.607812074392002,0.15688839523959935,-0.06144333283338975,3.0
0.543564854232783,-0.9671894139013282,1.337503279827349,-0.0011942934480361441,0.0
0.559873641537367,-0.6925145017846066,-1.477204575932547,0.008149079425733374,1.0
0.559873641515609,-0.6925130654630229,-1.4779426585028526,-0.008988066776529644,1.0
0.6271579203594214,1.607812358986424,0.16022184334552433,-0.01822896276317355,3.0
-1.7317881809372864,0.05405140346006975,-0.0024380276008887786,0.01934089688245412,2.0
0.6271579198500224,1.607811450585431,0.1583823524505196,-0.02507723590439161,3.0
0.6271579198112541,1.6078119977912362,0.16105131577298948,-0.05587719216065909,3.0
0.5435648554253366,-0.9671893642066756,1.330051684191714,0.00808503880820299,0.0
-1.7317881821459498,0.05405085869046191,-0.00440824960709714,0.020038206768004514,2.0
0.6271579202778266,1.6078133765738194,0.16256881813651472,0.012705913697892625,3.0
-1.7317881816100047,0.05404796579311227,0.001321983701162256,0.031017854200615827,2.0
0.6271579193686494,1.6078119612992852,0.16412167398821062,-0.005081494162705692,3.0
0.5598736417185919,-0.6925160363900754,-1.4837808899563392,0.015431586270326012,1.0
0.5598736412376658,-0.6925163518048347,-1.4838346417739268,0.01094661796311611,1.0
-1.7317881810690434,0.05404834032906378,-0.004410946972976911,-0.04437276321230408,2.0
0.5435648546631938,-0.9671910391537966,1.335871632974386,-0.02248494397086742,0.0
0.5435648546570632,-0.967189559216615,1.3269728815459967,0.03765304429452167,0.0
0.6271579195205057,1.6078111677124518,0.16232661835466264,-0.03624313944569423,3.0
-1.7317881814633842,0.05404934735993537,-0.000865598338378,0.04156866345113077,2.0
-1.7317881813774343,0.054051989833844856,-0.005136894973405787,0.02154940015511309,2.0
0.5435648538780495,-0.9671858030130177,1.3296556743081365,0.05769102366338915,0.0
0.5598736415507392,-0.69251700106042,-1.4779495898614308,-0.0175727612822527,1.0
0.5435648545867224,-0.9671886315615484,1.3296235820931788,-0.049874209801441687,0.0
0.5435648547976428,-0.967190551338548,1.334231946984834,0.0024566773385165776,0.0
0.6271579193370213,1.6078129315125302,0.16155921178972066,-0.024237094779083316,3.0
0.559873641402702,-0.6925187234532008,-1.4820486670992759,0.03905520558352704,1.0
0.5435648542715384,-0.967191056088054,1.3362731196366604,0.025243401489711836,0.0
-1.7317881815101477,0.054051749443800555,-0.0066036458518105474,0.05065429170434147,2.0
0.6271579195402603,1.6078147422169184,0.16082613018692254,-0.07039293865072069,3.0
-1.731788181251589,0.05405189797315225,-0.005711312042493174,-0.029359000132847955,2.0
0.5598736418917827,-0.6925150775569908,-1.4765617973755647,-0.058103503026396365,1.0
0.5598736421334692,-0.6925164304492137,-1.4742558723907293,-0.01887603114007425,1.0
0.5598736416050092,-0.692515409820618,-1.479942902543746,0.007074046200612615,1.0
0.5598736418094032,-0.6925160226190551,-1.4734326178036221,-0.02741520286092574,1.0
0.5598736413494402,-0.6925150811145163,-1.4769047508920292,-0.03133023553144728,1.0
0.6271579197593868,1.6078106905314966,0.16316394754958347,-0.02213064023367974,3.0
0.6271579202877137,1.6078127350655145,0.15777258068841982,0.0441080568573678,3.0
-1.7317881819033327,0.0540527226346869,-0.004721189309929205,0.04081594653812593,2.0
0.5435648543396995,-0.9671892811819828,1.333785825871134,-0.04636502246727803,0.0
-1.7317881817291036,0.054051111256031424,-0.010891364500667926,-0.03116774758432149,2.0
-1.7317881813455969,0.054051607573351,-0.004084445986648743,-0.0047530556003724566,2.0
0.5435648548717267,-0.967190680833246,1.3276775838531225,0.03427718210918466,0.0
0.6271579201950118,1.6078132930447795,0.16211554957310853,0.00566442078976607,3.0
0.5435648543697289,-0.967191364445613,1.3311211600079988,0.04410583310270654,0.0
0.6271579201276111,1.6078103891630255,0.15838059008529942,0.030478403087419934,3.0
-1.7317881813271874,0.05404828351638252,-0.0013549491298869996,0.06728926074490041,2.0
0.5435648549301851,-0.9671885594323554,1.3338575629047598,0.007044412595825951,0.0
0.5598736416098422,-0.6925148291140366,-1.4798135628352698,0.030799274777971133,1.0
0.5435648546860287,-0.967193103807541,1.3308027888974587,-0.005233224354463068,0.0
-1.7317881814304008,0.05405172291702524,-0.00400745481940002,-0.013342311110611363,2.0
-1.7317881815774356,0.054049756309932424,-0.0018545681333954794,0.023641513840325572,2.0
0.6271579197060773,1.6078100008649165,0.16081555191055139,-0.03765948407661656,3.0
-1.7317881826197825,0.05405196187780724,-0.0012666814697094876,0.03084381021262158,2.0
0.5435648542322953,-0.9671915341096173,1.3354288451328142,0.017944737515780584,0.0
-1.7317881804192563,0.05404734483790692,-0.002760299971411818,0.03794802349336059,2.0
0.6271579206026624,1.6078139053339555,0.159359781727408,0.0021050768774354854,3.0
-1.7317881812070761,0.05405019033502468,-0.014773502586072247,0.0036028008515553798,2.0
0.5598736418105945,-0.6925174527191374,-1.4740829394848793,-0.09736095484526593,1.0
0.5435648550349632,-0.9671892468133717,1.3275957489250534,-0.018903707680125156,0.0
0.5598736410675985,-0.6925177071336563,-1.474742524162793,0.00016184800048348467,1.0
0.5435648534672785,-0.9671903819916355,1.3296644251733067,-0.012821356722426897,0.0
-1.7317881812659612,0.05404887245797271,-0.0015643894602538505,0.06845796432978322,2.0
0.6271579192787267,1.6078125863921187,0.1610708867103237,0.07366995815806866,3.0
0.5598736421477355,-0.6925160370536816,-1.4813724603956713,-0.019186554888404348,1.0
-1.7317881815836378,0.054051630249860795,-0.005214878336849389,-0.0006225561158852307,2.0
0.5598736417336981,-0.6925185401601988,-1.4764864097298014,-0.017559571295290864,1.0
0.6271579201065439,1.607809026399353,0.16597314019843326,0.03200789186922132,3.0
0.5598736409461655,-0.6925151572586105,-1.4702222192308803,-0.008057599501180894,1.0
-1.7317881812966582,0.05405152760098732,-0.005976175246392941,0.015235760844412076,2.0
0.5435648539517904,-0.9671877768979286,1.330855367688507,0.0372432771380245,0.0
0.5598736419042226,-0.69251415514468,-1.478764236136416,0.005037276247043703,1.0
0.5435648546239592,-0.9671891679404557,1.3338209016889433,0.08452719060704517,0.0
0.6271579196819597,1.6078115380088018,0.16647704834040533,0.042094953216714956,3.0
-1.7317881814324745,0.054046377459726694,-0.003436315161948348,0.03917284176959711,2.0
0.6271579201806557,1.6078105378245404,0.16062234685925525,-0.011101164432445722,3.0
-1.7317881822849306,0.0540525996281145,-0.006767043580136766,0.00744170171027863,2.0
-1.7317881812598357,0.054051048561417465,-0.012000831498270104,-0.03333139749864267,2.0
-1.7317881811104474,0.05405064345585686,-0.007591012831911352,-0.048322655033292715,2.0
0.5435648550881731,-0.9671920891527879,1.329415604283191,0.09321519968646443,0.0
0.5435648541150826,-0.9671893737690745,1.3273377683435814,0.054320362323416096,0.0
0.5598736410364841,-0.692515936894785,-1.4793138918629483,0.013344533949818318,1.0
0.5598736415424453,-0.6925156064348419,-1.484594735783354,-0.0231676076449114,1.0
-1.7317881810519193,0.0540511070300206,-0.002531905808722219,-0.01777029079754095,2.0
0.5598736416831285,-0.6925190085229199,-1.482598031624338,-0.04535956992082363,1.0
0.5598736403842001,-0.6925161317693878,-1.4672576434668947,-0.012838212449428172,1.0
0.5435648542171019,-0.9671898655550403,1.3305771612623436,-0.04712734590619888,0.0
0.6271579200933869,1.6078116545944547,0.16301674766350485,0.0284238523394015,3.0
0.5598736417900745,-0.6925167491006531,-1.4805842824212643,0.013858370373507338,1.0
0.5598736417921762,-0.6925154651470422,-1.4768303831430059,-0.03410639561134033,1.0
-1.7317881820180752,0.05404956318869573,-0.006588293013019671,0.0014490328448675995,2.0
0.6271579203784668,1.6078089694442095,0.1628671920850169,0.008301810493806494,3.0
0.559873641567134,-0.6925179356277574,-1.480951175902819,-0.04381222291110326,1.0
0.559873641912361,-0.6925164104468376,-1.480444351195647,-0.0454860205948578,1.0
-1.7317881811425002,0.05405196483215724,-0.006975291378710324,-0.032137314277091975,2.0
-1.7317881814995846,0.0540516762138941,-7.480218879092626e-06,0.08534318014667742,2.0
-1.7317881818517649,0.05404920223664325,-0.0018193413862561912,0.01680038401236297,2.0
0.6271579202025129,1.6078130414938563,0.15784802694231695,0.07611951778960238,3.0
0.5435648547518389,-0.9671904209094584,1.3308487634122865,0.03065955925518119,0.0
0.6271579194649782,1.607810853695146,0.15760824877166218,0.003750595331702527,3.0
0.6271579200570092,1.6078083054218535,0.16766732136450885,0.010620527510986364,3.0
-1.7317881808933546,0.054051768314001956,0.00034623998856230914,0.05286066349082718,2.0
0.6271579192983554,1.6078138412593204,0.1571587612295264,0.008933158396723985,3.0
-1.7317881819095833,0.054049513754063465,-0.007708342788720554,-0.04056328373149174,2.0
0.6271579205765074,1.6078126679424902,0.16318630963617758,0.02531025369056464,3.0
-1.7317881820563346,0.054048859117745165,-0.0021893355498538215,-0.03646581513290457,2.0
0.5435648547690097,-0.9671870381453141,1.3311064890909372,-0.03221691058352919,0.0
0.543564854736689,-0.9671875473896698,1.3301629106830104,-0.01206539870301035,0.0
0.5435648549021239,-0.9671881501828195,1.3381020877115914,0.005449399373136554,0.0
-1.7317881811790532,0.05405066825854891,-0.005558770532731887,0.005030074188849965,2.0
-1.7317881808637319,0.05404906368331078,0.0005837720220896242,0.05110895186075203,2.0
0.5598736410387376,-0.6925150519085944,-1.4732651711847233,0.015950199042638495,1.0
-1.7317881816221508,0.0540504244140446,-0.0046498656004997346,0.016953495656332408,2.0
-1.731788180889865,0.05405389361421252,-0.00555963888910351,0.05302667811959557,2.0
-1.7317881815710205,0.05404942817814423,0.001318814680712551,-0.01178405954886492,2.0
0.5435648543461207,-0.9671904958669221,1.3355692993152064,0.036911246697338515,0.0
0.5435648556129039,-0.9671911539075776,1.3343358846962052,-0.03066154215550466,0.0
-1.7317881818502339,0.05405029736924855,-0.0020411342556920144,-7.984154780990159e-05,2.0
-1.731788181445194,0.05404987576203114,-0.004055694139378474,0.028773108455120808,2.0
0.6271579201289141,1.6078124066946855,0.1619568362509033,0.04430638472587292,3.0
-1.731788181503793,0.05405091975834641,-0.005323239155737012,-0.02758188336743909,2.0
0.5598736417896529,-0.6925165718138775,-1.478367311662236,0.0012534280844795293,1.0
-1.7317881811566633,0.05405195742116043,-0.012538616203977223,0.01493770801778631,2.0
-1.7317881816657972,0.05404949298363037,0.001233019144034796,0.04721285816573005,2.0
-1.7317881811542775,0.054049675624468586,-0.005326778737434969,-0.028885348805029527,2.0
0.5435648550232545,-0.9671870647087205,1.3335707641282746,0.054367551939565655,0.0
-1.731788181270749,0.05405071264741407,-0.0037127001556017726,0.03134224103135265,2.0
0.5598736418055325,-0.6925166696416746,-1.4821314223420377,0.0385652423901603,1.0
0.5435648553980591,-0.967192983627623,1.3325406686306847,0.059985730399035445,0.0
0.5598736406550245,-0.6925160051282935,-1.4777697943482389,-0.005513885268050183,1.0
-1.7317881814432472,0.054050395148795484,-0.010492380177761247,0.033707474615984195,2.0
0.5435648544516777,-0.9671890400828002,1.3329993702115175,-0.012621510404691604,0.0
0.559873641272317,-0.692517340459343,-1.474213425995604,0.012701783134111733,1.0
0.6271579201771013,1.6078115511609394,0.16581635066482622,0.0064601234822315055,3.0
0.5435648548055865,-0.9671917078013929,1.333300157120087,0.02051015159344653,0.0
0.5598736410750175,-0.6925152860323802,-1.4730097918334546,-0.04961011218701284,1.0
0.5598736415234754,-0.692514727907887,-1.4821067677360684,0.01470333852204252,1.0
0.5435648547440612,-0.9671875523336853,1.336431756517407,0.009181268373095968,0.0
0.5598736417922637,-0.6925156126667793,-1.4781735860599443,0.049619180468837565,1.0
0.5598736415809905,-0.6925169634408495,-1.4761221131484419,-0.020187251971329926,1.0
0.5598736409182056,-0.6925177680605037,-1.4799292094296785,-0.06694692917145506,1.0
0.559873641288316,-0.6925140155321587,-1.4802663974901096,0.027525635653341842,1.0
0.5598736417821835,-0.6925149378322909,-1.478888073902977,0.013963769653856883,1.0
0.5435648553399398,-0.9671881339387705,1.3303877122405015,-0.014963589778685948,0.0
0.5435648545395294,-0.9671900987409813,1.3318337827604447,-0.008014718298876445,0.0
0.5598736419251926,-0.6925179806688657,-1.475972638550522,0.013644582150065934,1.0
0.5598736412315504,-0.6925179664452977,-1.483983361873276,-0.09048095684886877,1.0
-1.7317881818581644,0.05405077559081666,-0.00429265314874915,0.00661201056825349,2.0
-1.731788180607746,0.05405031118164455,0.0012387183676454674,0.009643600897455062,2.0
0.5435648545724422,-0.9671907436989823,1.3289845646652778,0.04456352527556294,0.0
-1.7317881820866448,0.054050549147112444,-0.004254414538161326,-0.029533374513603446,2.0
0.6271579204259243,1.607811230148508,0.15963601655862647,-0.011890655035560188,3.0
0.543564854961464,-0.967188687625631,1.327301567500225,0.02170767186504351,0.0
0.5598736417080922,-0.6925143280395656,-1.480582490430993,0.05747200101230462,1.0
-1.731788181164487,0.05405225976105212,-0.011135762570065004,0.08815828990822075,2.0
0.6271579204350176,1.6078133284790503,0.15392052772176706,0.038360574273876354,3.0
0.5598736417241587,-0.6925131358798802,-1.4761575656963097,0.04187865079336165,1.0
0.543564855383777,-0.9671888971358722,1.3331530213831455,-0.026863350418501467,0.0
0.5598736417136327,-0.6925149254032156,-1.4762959754276315,-0.05546935183867277,1.0
0.627157920193982,1.6078105712237178,0.15996503601750153,-0.008545200378232256,3.0
0.6271579204902811,1.6078134042076597,0.15048425378130464,8.410536461741404e-05,3.0
0.5598736410774633,-0.6925155473199561,-1.4848284255347706,-0.045969277963557945,1.0
-1.7317881812640992,0.0540538200505195,-0.006708001343450306,-0.008407603819529569,2.0
0.6271579202040682,1.607810569888409,0.16366383938774823,0.03115123163449464,3.0
0.5435648550430526,-0.9671902160073754,1.3360280444853205,0.00016484959192486124,0.0
0.5598736410069878,-0.6925148667770026,-1.4797479955308948,-0.006419460307354952,1.0
0.5598736415064114,-0.6925171379712278,-1.4750091388563318,-0.015443146572007333,1.0
-1.7317881812147013,0.054052479682378085,-0.0008075510642976563,0.00864041040245532,2.0
-1.7317881810201188,0.054052850750524455,-0.003996699742388151,-0.054554129252768487,2.0
0.543564854736757,-0.967191031053543,1.3289055192728532,0.021791487312101992,0.0
0.5435648544926354,-0.9671878370141128,1.3318489036035004,0.05703326561540846,0.0
0.5598736416221031,-0.692516847279237,-1.4851877206896211,0.025565461981515485,1.0
0.5435648539273297,-0.9671880585420346,1.3418456318706713,-0.017951020130128458,0.0
-1.7317881819213532,0.05404983610345868,0.0024573468755584088,0.03206675039571957,2.0
0.6271579200483713,1.6078125977427773,0.16032154581875427,0.019086461514766388,3.0
0.5435648541922689,-0.9671907947597522,1.3343070622969757,-0.015476929108184663,0.0
0.543564854451869,-0.9671880584223734,1.3301081137702746,-0.012452440843184701,0.0
0.6271579207495366,1.6078133884913146,0.16562650913350227,-0.042882265255016816,3.0
-1.731788181357507,0.05405332973399624,-0.009273871079879434,0.03700036548405443,2.0
-1.7317881811418203,0.05405047511678194,-0.008290862115794403,0.03243026279443009,2.0
-1.7317881810618905,0.054051037416039956,-0.0014090991662092363,0.01221708400889085,2.0
-1.7317881816305112,0.05405221975299425,-0.0005869305059867725,-0.014130498386894709,2.0
-1.7317881818011849,0.05405029077535122,-0.0031001112061422795,0.0037146478034000485,2.0
-1.7317881815604155,0.054050532295578484,-0.004584342178922689,-0.019028426839397296,2.0
0.5435648541330566,-0.9671940635004954,1.3309510760760759,0.02411294240791828,0.0
0.5598736410206042,-0.6925116516848814,-1.4810867200664453,0.023859589506110387,1.0
0.5435648542949524,-0.9671895610894243,1.3328497758350575,-0.012002476829629698,0.0
0.543564854534688,-0.9671914811586394,1.3355868150970187,-0.01460793470990753,0.0
0.5435648542528333,-0.9671905326738517,1.3325772550641208,0.04696245186649732,0.0
0.5435648541281409,-0.967189585201149,1.3325771267897486,-0.10809434536197003,0.0
-1.731788181071886,0.054051012917754174,-0.009743784818671079,0.004946520445560031,2.0
0.6271579195110676,1.6078118428029062,0.1665321043647644,0.0035204492189284957,3.0
0.6271579202078827,1.6078110565437043,0.15561805826106354,-0.005361059071224397,3.0
-1.7317881812711236,0.05405000858655912,-0.005325976103851747,-0.08968099386652453,2.0
-1.7317881817598402,0.05404896279239849,-0.01125680907572805,0.07604157888398201,2.0
0.6271579200104349,1.6078106292359924,0.16428290039016072,0.03420747896986022,3.0
-1.7317881816174692,0.054050923797050864,-0.002358012398422789,0.01585001783722915,2.0
0.5435648547819588,-0.9671872166658335,1.3310289234027752,0.005890988442776382,0.0
0.5598736420047471,-0.6925144040755824,-1.4752684821159787,-0.018406627150508656,1.0
0.6271579200560148,1.6078091172221476,0.16361135241680466,-0.04275945086235375,3.0
0.54356485502491,-0.9671882323382314,1.3312219321315915,-0.014116189801626069,0.0
-1.73178818121405,0.054048029513723186,-0.0033131706254363328,0.007100511766290777,2.0
0.627157919571364,1.607813478764185,0.15625621110911964,-0.009409343338163366,3.0
-1.7317881808339128,0.05404916958558045,-0.004190051988317518,-0.01807267263253089,2.0
0.6271579206096031,1.607811114885242,0.16064708156977128,-0.008507572280669975,3.0
0.5435648544141528,-0.9671883175795831,1.3297844051691052,0.07952148824178701,0.0
0.5435648545087552,-0.9671899705395984,1.3411863861351916,-0.0678821029074149,0.0
0.6271579193736075,1.6078099109596728,0.16147790469145396,0.015746982188643677,3.0
-1.7317881816846286,0.05405078553021109,-0.005201324300704559,0.009810627538817496,2.0
0.6271579202515093,1.6078112297461187,0.16888738929482985,0.0081904785950992,3.0
0.5435648544143754,-0.967190622118399,1.3302938344931718,-0.043590835983814774,0.0
0.5598736413090253,-0.6925138579310302,-1.4817532619618319,0.022205715597407947,1.0
0.5435648542718863,-0.967192255229239,1.32841290748463,0.013746181745489135,0.0
0.6271579192253512,1.6078125042400182,0.1619269408063155,0.006804952262335827,3.0
0.5435648547424822,-0.9671919786249712,1.3328162595978075,0.012539781284461825,0.0
0.5598736410911913,-0.6925151951489014,-1.485988258529281,0.019003405934111883,1.0
0.5598736416079604,-0.6925133959969101,-1.4749095856770142,-0.04492389071536905,1.0
-1.7317881816603697,0.05405189785090337,-0.0025643631878277894,-0.013878773137031853,2.0
0.5435648542917498,-0.9671873904764481,1.334161771938904,-0.03516823532902517,0.0
0.6271579197650347,1.6078086840143095,0.1574816208767047,-0.03597764828160926,3.0
0.5598736414102281,-0.692515333372538,-1.4757274529461324,-0.06604368596618165,1.0
-1.7317881811091564,0.05404955883449474,-0.0012197807585742288,-0.018976027753059607,2.0
0.6271579195700043,1.6078132690748346,0.15220076157777074,-0.018671290620326048,3.0
-1.7317881819656733,0.05405107563993141,-0.0030107717969323064,0.024825464268650878,2.0
0.6271579197792689,1.6078144819797788,0.1603356389498583,0.03657193240880769,3.0
0.5435648549988474,-0.9671889110983547,1.3323915343732466,0.02569227591657406,0.0
0.6271579199842372,1.607811260337624,0.15890211616435176,0.035648973683432006,3.0
0.5598736418099259,-0.6925147218795807,-1.477387909692402,-0.07068877290194595,1.0
-1.7317881808500808,0.0540505065221364,-0.009940532899211221,-0.030866167317806236,2.0
0.5435648545658575,-0.9671907039583856,1.3368071991312238,0.0594232447186943,0.0
0.5598736418740198,-0.692515313588188,-1.4826681776358042,-0.039356061362759494,1.0
0.6271579201834503,1.607811932065959,0.16230958964485967,0.051834415536105835,3.0
0.5598736416141885,-0.6925191917672031,-1.472894142707298,0.03286625918290763,1.0
0.6271579200155637,1.607813028560995,0.1635273398042712,-0.0889913820249183,3.0
0.5435648543513519,-0.967189683027988,1.328904103284821,-0.005467614986046975,0.0
-1.7317881812977438,0.054045972632140525,-0.005785036721450894,0.001808807687592287,2.0
0.5435648551223988,-0.9671890470936596,1.3247229188066605,-0.04389231933112863,0.0
-1.7317881811055242,0.05405163497838026,0.00019935418429546125,0.07647263154623157,2.0
0.5435648548336243,-0.9671906674288724,1.33981668772061,0.07457539851915912,0.0
0.6271579196513098,1.607811960532585,0.15899667606010187,0.0437406306697502,3.0
-1.7317881807510038,0.05404950717598158,-0.008583075034212921,0.023296593897874748,2.0
0.5598736415234199,-0.6925141998737314,-1.477174275422877,0.015541815758687084,1.0
0.5598736411090686,-0.6925172960179903,-1.4787119680010299,-0.06932971331558248,1.0
0.5435648549396666,-0.9671913302934699,1.3222866099889512,0.017004862582591297,0.0
0.5598736420094472,-0.6925147852954651,-1.4752299060468368,-0.0004992296363153875,1.0
0.5598736417976745,-0.6925137604257918,-1.4788255689023098,-0.003516163747696924,1.0
0.6271579196114883,1.607813373874861,0.16150943560317058,-0.04844774016042175,3.0
0.543564854982511,-0.9671912510982689,1.3387205502776554,0.0016391697084303443,0.0
-1.731788181883372,0.05405066681125034,-0.010168392786111155,0.022191299297854634,2.0
0.5435648551491484,-0.9671917831387701,1.3361508541301574,-0.048049972441150085,0.0
0.6271579198201312,1.6078129151137264,0.1538197658218342,-0.01690386413213657,3.0
0.5435648542438531,-0.9671927717131229,1.337499900019704,0.05272694883819706,0.0
0.543564855320282,-0.9671883208411953,1.3296350694260946,-0.01979003680063172,0.0
-1.7317881813698939,0.054049453872014624,0.0044885599762161926,0.025170692189218347,2.0
0.5435648542168601,-0.9671918333953903,1.3390494949485554,0.02653503828799658,0.0
0.6271579194427198,1.6078103848178642,0.16391977498031005,-0.029898030721844493,3.0
-1.7317881808928277,0.054048048362790924,-0.006271057861479439,-0.006809786691482421,2.0
-1.7317881817003578,0.0540515644884866,0.002710096732468467,-0.0019559813221836455,2.0
0.5435648545174723,-0.9671876608341939,1.3331501711569889,-0.015648660318837184,0.0
0.5598736416114054,-0.692514093837976,-1.4827782434559287,0.015889889312915406,1.0
-1.7317881815367895,0.054048903392307286,-0.0033073157739701054,0.017103121890133487,2.0
-1.7317881815090304,0.054049384248143616,-0.004327066041392434,0.04534983335751564,2.0
0.5435648546753202,-0.967189777208552,1.3406126820564623,0.005133959691823474,0.0
0.5435648551422799,-0.9671911773437245,1.3383919625460774,-0.01848607840697349,0.0
-1.7317881807837874,0.05405059288409993,-0.0003607694291260773,0.057212147738503735,2.0
-1.7317881810948865,0.054050620246460526,-0.0023738355917448696,0.03732892209930745,2.0
0.6271579198282158,1.6078110003359853,0.15578368468018952,-0.03725214567090224,3.0
0.5598736410127717,-0.6925133904434049,-1.4823953844119102,0.007248017799956018,1.0
0.5598736415608282,-0.6925160976267627,-1.485544948018973,-0.026211740503967445,1.0
-1.7317881814743896,0.054049617765659516,-0.0078872274469151,0.0008883343042881327,2.0
0.5435648542792846,-0.9671896760543693,1.3316849486684994,-0.01339965250543299,0.0
0.6271579199536834,1.6078104218496823,0.16410960775648142,0.02600993801540638,3.0
0.5598736419293274,-0.6925146832839068,-1.479063204259788,-0.0733888090136075,1.0
0.5598736414777603,-0.6925148329262025,-1.4787003823407125,0.032016446609867605,1.0
0.5598736412160651,-0.6925167637111688,-1.4793607574774919,-0.04831699398983098,1.0
-1.731788181491416,0.05404972491889637,-0.002002797360118703,0.03851102520073535,2.0
0.5435648543487662,-0.9671912142791447,1.334069603990136,0.015327388551397527,0.0
0.5598736412196275,-0.6925153905561815,-1.484033267775674,-0.02751311675100764,1.0
0.5435648547356825,-0.9671881859513289,1.335961340629615,0.07041503774511364,0.0
0.543564854823614,-0.9671895714888367,1.3280766614211819,0.0072945686100394916,0.0
0.5435648547111206,-0.9671911263383577,1.3340438908367491,-0.0002216100121448055,0.0
0.5598736413596352,-0.6925185372965654,-1.4743624938190572,-0.059581006096549906,1.0
-1.7317881811055267,0.05404863102158086,-0.0070774848728031425,-0.03325407737353344,2.0
0.543564854769106,-0.9671901641495678,1.3293121998804864,-0.0063675088938211005,0.0
0.5598736420312965,-0.6925136285278204,-1.4788558289182787,-0.04542701351617022,1.0
0.5598736420484641,-0.6925151688695197,-1.4755395465515786,0.027995005738157667,1.0
0.5435648539416439,-0.9671929150359398,1.3263684900555455,-0.06420017166264579,0.0
0.6271579201909033,1.6078132550694142,0.15702351238943021,0.022559267575085817,3.0
-1.7317881811146412,0.05404894823046412,-0.00884303676152608,0.045843620167027185,2.0
0.6271579196753702,1.6078102137947528,0.16635151769407094,0.0030770419091463276,3.0
0.5435648545073478,-0.9671904192833506,1.328751533528617,0.021896477808070917,0.0
-1.731788181143466,0.05404978418654427,0.0024475558441252824,0.056787090551370725,2.0
0.5598736418936155,-0.6925160225261884,-1.4827582678569304,-0.011780555709758729,1.0
0.5598736415697766,-0.6925143759224089,-1.4764687171480155,-0.016735976577512173,1.0
0.5435648544295597,-0.9671912455554255,1.3376139889974816,0.029133918054792294,0.0
-1.7317881818679075,0.054050199334341804,-0.013006105419189666,0.03295137677049145,2.0
0.6271579197997144,1.6078106962110756,0.15839887092323712,-0.0026682640707288343,3.0
-1.7317881813918334,0.054051053770206234,-0.006189386027906442,-0.0011673626164312692,2.0
0.627157920315271,1.607810856037071,0.16053354059227293,-0.022097403269480953,3.0
-1.731788181994244,0.054052603419288886,-0.009930304892417221,0.04478014703902039,2.0
0.5435648544003855,-0.9671904011086696,1.3305116812145057,0.0007956213370128808,0.0
0.5598736411078766,-0.6925160373586439,-1.4816596037784693,0.016400284678797283,1.0
0.5435648546109771,-0.9671882395041942,1.3294596775597802,0.01830743043182265,0.0
0.6271579197406507,1.6078114689848892,0.1603062198708535,0.008601952992110092,3.0
0.5598736418199269,-0.6925158716272162,-1.4728046416578797,-0.00012925435650410635,1.0
0.5598736416137488,-0.6925142562765542,-1.480952601594598,-0.05272905392828755,1.0
0.5435648546235451,-0.9671906330916205,1.332697471870061,0.015155680826391457,0.0
0.5598736415027611,-0.6925175665564164,-1.4759518003743015,-0.025529385082351613,1.0
0.5598736420576753,-0.6925196409740136,-1.482594283838197,0.015443950370852217,1.0
0.55987364157506,-0.6925161753326914,-1.4783779411946152,-0.016374674233814494,1.0
0.5435648546874301,-0.9671909629531942,1.3320743607138779,0.01562498450265491,0.0
0.5435648550316297,-0.9671877777067596,1.3475092222000347,0.03395637467715251,0.0
-1.7317881810841838,0.05404982133942312,-0.0025397874072051957,-0.027970319628246327,2.0
-1.7317881815585003,0.05405046041535627,0.0010997427178683168,-0.002088073447235795,2.0
0.6271579200457864,1.607812083089603,0.16452041910434215,-0.013825216973580108,3.0
0.5435648548990397,-0.9671891389824481,1.3366560836354189,-0.012528381996688572,0.0
0.5435648544623002,-0.9671900720500056,1.3316734108815402,-0.002481228369057963,0.0
0.6271579201915977,1.6078111643206139,0.16653994618784468,-0.009436900885994162,3.0
-1.7317881815169052,0.05405194018577724,-0.000651101490145099,0.033010990015185766,2.0
0.627157920412978,1.6078109597974286,0.16518344573109142,0.017124263632644583,3.0
-1.7317881815077345,0.05405042802876398,-0.005146744157618403,0.011137039286451308,2.0
0.5598736413584428,-0.6925158466754895,-1.4769582698209744,0.0824653472212949,1.0
0.5598736414789189,-0.6925177438714256,-1.4787896679206338,-0.024153468990682228,1.0
0.5435648552267512,-0.967187304805186,1.3354118204380234,0.03565184159295578,0.0
0.6271579198451206,1.6078084451744183,0.15876342688546563,-0.029645563848563986,3.0
0.5598736414832826,-0.6925124765031478,-1.4805023956420782,0.0036452128462552192,1.0
0.559873641701712,-0.6925157835739846,-1.475638518825425,0.03597847072558,1.0
0.5435648551708366,-0.9671893232771381,1.3375362774744528,0.030923972517613273,0.0
0.6271579200385499,1.6078116867040928,0.15935166862393643,0.03558855063139961,3.0
-1.731788181601227,0.054049086691966695,-0.001801283350277506,-0.04756554668796828,2.0
0.5435648543259761,-0.9671918572267932,1.3278965191148089,0.030520797851347235,0.0
-1.7317881810548188,0.054052496670101716,-0.006827451565247484,-0.0008476657864500808,2.0
0.6271579194474423,1.607810396888544,0.15706758827738096,-0.03961347916340363,3.0
-1.7317881813017337,0.054048267749085416,-0.010833688297331862,-0.0012694693701771646,2.0
0.5598736413529801,-0.6925173243376183,-1.4806187607857315,-0.019999502598283633,1.0
-1.731788181758373,0.05404834609137068,-0.004143780541278637,0.05135501769182389,2.0
-1.7317881816279765,0.05405075225979814,-0.006595977213564221,0.040899103405562666,2.0
0.5598736416877607,-0.6925157753264201,-1.4802735078055433,0.005911237673080836,1.0
0.6271579196505761,1.607807755132756,0.15840121217708075,0.006945104227199272,3.0
0.6271579188547595,1.6078105828197646,0.156500252330314,0.0067929524293209075,3.0
-1.731788181064524,0.05404993462621584,-0.006336249390249415,-0.03417103097028527,2.0
0.5435648548954265,-0.967186362376563,1.3284499787212396,-0.05829560669406455,0.0
-1.7317881812235365,0.054051318309519515,0.0005889449548747551,-0.011076822292651516,2.0
0.5435648550099108,-0.967191175718728,1.3340719969816635,-0.00993867723242989,0.0
-1.731788181772383,0.05404971285554601,-0.002833555337805287,-0.07082388980038487,2.0
0.6271579201744776,1.6078111092175065,0.1582835074702077,-0.01928736802527237,3.0
0.5435648546010385,-0.9671902042711708,1.3347715728499672,-0.0006326445248794841,0.0
0.6271579199904841,1.6078113986997018,0.16358135519139116,-0.005924323667548645,3.0
0.5598736417975857,-0.6925171521644767,-1.4772590577188625,0.020131768460743712,1.0
0.6271579200210025,1.6078100862002696,0.1615612270572715,0.01189463776659796,3.0
0.5598736416253377,-0.6925183665392773,-1.4748418536156254,0.08756506824288109,1.0
0.5435648544500453,-0.9671870457989151,1.329046349790051,-0.013838451477469739,0.0
0.6271579196777756,1.6078110046528156,0.15880857190937772,-0.035582588610571494,3.0
0.5598736414377758,-0.6925143094768752,-1.481139499641411,-0.07954853680591124,1.0
-1.7317881812653075,0.054050459892562866,-0.010219986696545006,-0.04010493570436763,2.0
0.5435648543402253,-0.9671905156793419,1.3314501282093643,-0.00011672470333963472,0.0
0.5435648551707782,-0.9671907796982604,1.3350544076304462,0.0789156052333795,0.0
0.559873641605862,-0.6925182032392648,-1.480725327823812,-0.016144508637060052,1.0
-1.731788180710951,0.05404770096830417,-0.0051843566186834215,-0.03426414779319227,2.0
0.559873641252813,-0.692512808822061,-1.4794342456253444,-0.006347059800389529,1.0
0.5435648543065791,-0.9671897557177215,1.328520261842648,-0.002181641211387237,0.0
-1.7317881815070835,0.05404963762152403,-0.00016772127193427448,-0.01293081534859066,2.0
-1.7317881808483677,0.05404929624917045,-0.0011876945850192574,-0.008217553315294921,2.0
-1.7317881816414824,0.05405032025171321,-0.003135217414904078,-0.02619075811500536,2.0
0.5435648543765134,-0.9671904921740957,1.328969630013338,-0.04273491761715805,0.0
0.6271579198102438,1.6078119595402782,0.15992363009412888,-0.004907905155929668,3.0
0.627157919689933,1.6078107125971794,0.17032833479469708,-0.014596827343139945,3.0
-1.7317881820564394,0.05405114474787786,-0.0070887335641745325,-0.04119230276843524,2.0
-1.7317881813705542,0.054048701939198425,-0.012892693206490294,0.037779893147374614,2.0
-1.7317881813196179,0.05404891497777382,0.0009699398021616451,0.012123328448866127,2.0
0.6271579203388142,1.607810565145666,0.16010888132771509,0.03717245656435988,3.0
0.6271579205372849,1.6078093102222946,0.16460178512746387,-0.003590908597360517,3.0
0.5598736422402255,-0.6925186328177405,-1.4713194281416937,0.024145126914553113,1.0
0.5598736411203331,-0.6925169195916807,-1.4807688131417025,0.0024399570398196454,1.0
0.5598736417619475,-0.6925159866099012,-1.472979836201531,-0.005126126655600814,1.0
0.6271579202666149,1.607810942167718,0.16242870959436356,-0.007974864281061587,3.0
-1.7317881815096126,0.05405093815057917,0.0028711811596593955,0.013998446920516315,2.0
-1.7317881810192106,0.05404743568180124,-0.0045105224534912666,-0.042205972029513414,2.0
-1.7317881812417448,0.05404995383471453,-0.006501758219757455,-0.01622372003973589,2.0
0.5435648550257629,-0.9671909931295252,1.3328524461312092,0.0009821623190353643,0.0
0.5435648542745783,-0.9671885615769173,1.335902372251143,0.037352203108510625,0.0
0.5435648551836412,-0.967186420960903,1.3342728108798676,-0.044663122835361876,0.0
0.6271579202398657,1.607814225865402,0.16339018265438948,-0.02966454308672129,3.0
0.6271579198789388,1.60781094435943,0.15461398713007876,-0.01852896550660694,3.0
0.6271579196397649,1.607809772954389,0.16430339181705234,0.003323298288364316,3.0
0.5598736414092558,-0.6925146846786105,-1.4827601975236526,0.018594439410277157,1.0
0.5435648549656205,-0.9671897813063106,1.3409058109998724,0.033121244155317725,0.0
0.5435648542549576,-0.9671897882410215,1.333258741707179,-0.05045409713385678,0.0
0.6271579205595074,1.6078124486296754,0.1639556925485424,0.01030952440751713,3.0
-1.7317881815023448,0.05404702733442494,-0.011896851716815454,-0.06668356839253636,2.0
0.6271579207103876,1.6078097869699228,0.15932825193052633,-0.028920961998578947,3.0
-1.7317881810617672,0.0540505023042197,0.0010740930947812498,0.025727413988001813,2.0
0.6271579203017846,1.6078117660057272,0.16864746670881506,0.012181393655344052,3.0
0.5598736416965631,-0.692517276913376,-1.481861094235719,0.02528856251800086,1.0
0.5598736411220604,-0.6925160159219894,-1.4797259256388458,0.013627174439119961,1.0
0.5598736416510358,-0.6925153691438916,-1.476934989818063,0.0028300333581775514,1.0
0.5435648539835913,-0.9671894674990672,1.335240865374577,0.021046878988524486,0.0
0.6271579204012997,1.6078141449075631,0.16272867138045363,0.058964493276769336,3.0
0.5598736411235361,-0.6925160490154864,-1.481158828097194,-0.014904907298952923,1.0
-1.7317881807388367,0.054051781387710114,-0.00418925887305769,-0.006479823771617642,2.0
0.5435648545942181,-0.9671930282588378,1.3228314457827506,0.03632083352832055,0.0
0.5598736411569392,-0.692516305390465,-1.4842636873587314,-0.0032116065985248587,1.0
0.627157919478454,1.6078112236116502,0.16168449143299193,0.036423801645710796,3.0
-1.7317881818003653,0.05405276991937447,-0.005103127652019889,-0.06572180394134068,2.0
0.5598736413547745,-0.6925156959010528,-1.4728084561439612,-0.025597022049532285,1.0
0.6271579202022122,1.6078120346335318,0.16351080275570393,-0.017623947555573262,3.0
0.6271579206281173,1.6078119600147827,0.1579783273027642,0.0017840917712002638,3.0
0.6271579203587898,1.6078132791939113,0.15922034297501195,0.02459247854472098,3.0
0.5435648543034024,-0.9671877126950673,1.3337126739306662,0.015204641525806604,0.0
0.5598736415543868,-0.6925137815690666,-1.4774466546624285,0.040360272587944626,1.0
0.5435648549028468,-0.9671874214278445,1.33202953299009,0.01939141418068804,0.0
-1.7317881810965163,0.05405118060875859,-0.004579586984732805,0.021539218039207313,2.0
0.6271579198914321,1.6078113456381797,0.16556057405995958,0.04128819743186208,3.0
0.6271579198390893,1.6078107482550832,0.15516540317329788,-0.03854026008001344,3.0
0.5435648543118619,-0.9671883134012343,1.3312000197712854,0.051437072110052544,0.0
0.627157919427314,1.6078126982514866,0.16003098452941633,-0.014840707864812923,3.0
0.5435648551927483,-0.9671847821907376,1.332512732047354,-0.0088857886392735,0.0
0.5598736414932844,-0.6925169830850545,-1.4794133723535852,-0.007651953410977784,1.0
0.559873640940867,-0.6925140087307129,-1.4754603121779277,-0.05523859699439929,1.0
-1.7317881817562102,0.054052919788759694,-0.002654147974487206,-0.03762044955292061,2.0
0.627157919723561,1.6078117130976601,0.15800648936131267,-0.062291860144107196,3.0
0.5435648547970391,-0.967191911344721,1.3342863314504831,0.05621230526949094,0.0
0.627157919825772,1.6078108290196576,0.16118042908173022,0.04326676267069367,3.0
0.627157920339809,1.6078099769683138,0.15655945476581898,0.048615129130483936,3.0
0.6271579198378391,1.6078108990035607,0.16190865726620418,-0.027468047070528412,3.0
0.6271579200194601,1.6078137587933694,0.15892954833314732,0.02538886195114515,3.0
0.5598736415829965,-0.6925143160354625,-1.4758424722433272,-0.0662623794748938,1.0
0.627157919760103,1.607812519706989,0.1556556777737741,-0.004421919573497815,3.0
0.559873640701263,-0.6925178554841278,-1.48447323855582,-0.016174098450011262,1.0
-1.7317881811403222,0.05404879294968888,-0.008290624551487323,0.018467744703258075,2.0
0.6271579203409242,1.607810975945828,0.16299712739722896,0.04584246862579032,3.0
0.5435648544826909,-0.9671917231274941,1.3316336495142835,-0.004338809889746923,0.0
0.6271579195152621,1.6078081845759644,0.1571156340675746,0.010106255387819608,3.0
0.5598736420755874,-0.6925164665831448,-1.4802321814021784,-0.04413038907207641,1.0
0.5598736416660841,-0.6925142475145075,-1.4815350054610077,0.03071623406867961,1.0
-1.731788181998882,0.054051660842839064,0.0002942727710197442,-0.0012807040855800699,2.0
0.5598736410028538,-0.6925172686033241,-1.4789190173930509,-0.050248167904427446,1.0
0.559873641935375,-0.6925170891670425,-1.4781352564728378,0.05517714363322573,1.0
0.543564854286139,-0.9671891455090641,1.3289396317262596,0.01565095597777766,0.0
-1.7317881813037428,0.0540487913247674,0.0004267039927280628,0.003071812605273409,2.0
0.5435648549283937,-0.9671900832703414,1.3342034123834305,-0.043222454339179046,0.0
0.6271579203689965,1.6078088963396007,0.16297387664607366,-0.03292793729671799,3.0
0.5598736416379181,-0.6925136246266632,-1.4716978824996054,0.0416670557234443,1.0
-1.7317881820752135,0.054054203682496485,-0.0018432675519856588,-0.03325272952318695,2.0
0.5435648545681945,-0.9671887985826743,1.332362173355055,0.014160194528822667,0.0
0.6271579201890436,1.6078122608991785,0.16043421093101537,0.014717996958962557,3.0
0.5598736417607463,-0.6925151293449902,-1.4795029797647286,-0.058789756054345124,1.0
-1.731788181545001,0.05405136199019626,-0.004629167709820142,0.027966787035508065,2.0
0.627157919532536,1.6078120783368988,0.15707618749584876,0.02114233646961538,3.0
-1.7317881811880387,0.05405180085633549,-0.008187584235278735,-0.005457714401595712,2.0
0.5598736420002509,-0.6925144576543166,-1.4725475230852383,-0.010231155049836316,1.0
0.5435648544768436,-0.9671908893646339,1.3272983774365381,0.04006144875032998,0.0
0.5435648549211447,-0.9671885744017976,1.3279345454850648,0.030402084886384316,0.0
-1.7317881811743383,0.05404949079507336,-0.011499827649705882,-0.003942137294312654,2.0
-1.7317881817705858,0.05405065560579332,-0.003546132040607789,0.061681734010456964,2.0
0.6271579204272341,1.6078122505060413,0.15455937358226257,0.010554553509568,3.0
0.5435648542509568,-0.9671900938219874,1.3305484774721674,0.0030608453460057223,0.0
0.6271579200378781,1.6078115681403653,0.1700019597525491,0.017122088081079876,3.0
0.6271579203028035,1.6078104036323897,0.1580126906719904,0.0837448355823492,3.0
0.5598736410628641,-0.6925180561696884,-1.4792616769220777,-0.03789440762216391,1.0
0.5435648551701378,-0.967186743993039,1.3291799868834833,0.03407339884942594,0.0
0.627157919729702,1.6078121492486324,0.16412991562036366,0.04562197952895254,3.0
0.6271579201945727,1.6078137032382944,0.1640395746482858,-0.01738174990904358,3.0
0.6271579194427056,1.6078140035681336,0.15909090560437453,0.0064631046099170985,3.0
0.5435648551980411,-0.9671918904659592,1.334684597764197,0.07996216356339061,0.0
0.5598736417385302,-0.6925167894082589,-1.483213557806329,0.03257459187208661,1.0
-1.7317881817768055,0.05405051580229735,-0.002654985688892546,0.02392831099124868,2.0
0.543564854331183,-0.9671923197317772,1.3280817173688912,0.026581114255684386,0.0
-1.7317881816665206,0.05405101203803952,-0.005352977961620039,-0.006906907797162831,2.0
0.54356485539929,-0.9671875772219485,1.3349640826922227,-0.006851325044097312,0.0
0.6271579196616992,1.6078124868397468,0.15822783598830775,0.012096618387315117,3.0
0.6271579200792843,1.607811911158704,0.15561370283090545,-4.38658623809858e-05,3.0
0.5435648549099881,-0.9671905768157102,1.3305150866776536,0.04164464911058064,0.0
0.5598736419921763,-0.6925157944710489,-1.4841170518186158,-0.017249413932525923,1.0
0.6271579195027488,1.6078124378171572,0.1687636339494068,-0.08746933587840404,3.0
-1.7317881814826215,0.05404962546719287,-0.007826017292554152,0.026278112075270657,2.0
0.5598736417886887,-0.6925141475831089,-1.4781779994374453,0.0689491808676207,1.0
-1.7317881810104174,0.05405097998259945,-0.007099003525719024,0.011615751679059285,2.0
-1.731788180995826,0.054051189553142004,-0.0012864013018526227,-0.03769461828497975,2.0
0.5598736412096905,-0.6925181386194698,-1.4786067173882778,0.009800231883380696,1.0
0.5435648547443621,-0.9671911130009703,1.3319038072517073,0.0477942969942145,0.0
0.6271579195324057,1.6078122613535848,0.15497589957716718,0.04099979768236481,3.0
0.5598736409795796,-0.6925169944949461,-1.476697155120921,-0.01969010994766793,1.0
0.6271579196059858,1.6078127717760726,0.1588036885033685,-0.02938116173156367,3.0
0.5598736413733939,-0.6925147119913799,-1.4782320209519193,-0.0245688760403747,1.0
0.5435648552672496,-0.967189970874096,1.3302804826950343,-0.02639707835126226,0.0
0.559873642102268,-0.6925165133936589,-1.4745989548056846,-0.02287315271490936,1.0
0.543564854512791,-0.967186851983947,1.3361600420314272,0.07928029723636085,0.0
-1.7317881816600171,0.054052848238002535,-0.0037230837899127796,0.03822603558774463,2.0
0.5598736414963714,-0.6925141119916097,-1.474198943119564,-0.013889820965490124,1.0
0.6271579196463694,1.6078105433303789,0.15688714855178412,0.07121992927673068,3.0
-1.731788181073928,0.05404956747769439,-0.00246376073348701,-0.02852915986244562,2.0
0.5435648546252444,-0.9671890287574739,1.3264780028257022,0.0037165009409992527,0.0
-1.7317881820731964,0.05404958681720606,-0.007247485532556651,0.03526498885286485,2.0
0.5598736413506066,-0.6925174077045945,-1.4789551195405113,-0.0014739870556819304,1.0
0.543564854218109,-0.967186713171394,1.3327849873310593,-0.05826791590017749,0.0
0.5598736419577259,-0.6925152675906703,-1.4784627416276896,-0.006060162442260733,1.0
0.5598736420134068,-0.6925175462777251,-1.4817066220045576,0.025499729781488817,1.0
0.627157920318834,1.6078114335260996,0.16879391075906575,-0.03636517984190942,3.0
0.6271579196559337,1.6078125026431707,0.16317475604555937,0.03264544551987914,3.0
0.5435648547927254,-0.9671902972688112,1.3373106440858857,0.03559512390503728,0.0
-1.731788180979587,0.05405050407920092,-0.003907863287538939,0.014925184723759522,2.0
0.5598736408681243,-0.6925164989051147,-1.4748167009606084,-0.05672422397282506,1.0
-1.731788182092403,0.05405122058612551,-0.00830475630561511,-0.04024271161678324,2.0
0.5598736419314423,-0.6925137888264298,-1.4786428952323731,-0.04470819117962004,1.0
-1.7317881811600808,0.054049068125015406,-0.008434860262830645,0.06998875635916628,2.0
0.5435648544399637,-0.9671904900410249,1.3300779503504072,-0.022442590817224602,0.0
-1.7317881817116199,0.05405123626402634,-0.010672429878622562,-0.010890810729901277,2.0
0.5598736414266651,-0.6925163565941016,-1.4775200849218935,-0.08532194401789253,1.0
0.5598736420429972,-0.6925167916492965,-1.4775226874874052,-0.07459100143708114,1.0
0.5598736412504396,-0.6925173156506719,-1.4727562209586074,0.05077163102172037,1.0
0.6271579199923086,1.6078106000247538,0.16026209233670785,0.018049393342123358,3.0
0.5435648549897255,-0.9671896020727488,1.3291002031539434,0.03248028445253575,0.0
0.5598736407124698,-0.6925166417931959,-1.4840211643046435,-0.015754321767711937,1.0
0.5435648542509756,-0.9671918372398992,1.3310973244207933,-0.01650321937870799,0.0
0.5435648547048131,-0.9671883439271564,1.3353431643874714,0.0024765000630183483,0.0
0.543564854644143,-0.9671892595367033,1.3351120844140036,0.08425225523148436,0.0
0.5435648543720804,-0.9671869400005558,1.3322724416184097,0.030827212579672796,0.0
0.55987364162608,-0.6925157583623722,-1.476559245554421,0.025969819338550706,1.0
0.5435648551388542,-0.9671883803561828,1.3365285907635664,-0.010913058216366551,0.0
-1.7317881812493054,0.05405176441166169,-0.012772791443955468,-0.04465746134085529,2.0
-1.7317881810916795,0.054049395417872785,-0.003483941905551339,-0.019061680489959855,2.0
0.6271579198188741,1.6078116367247703,0.16654062794757488,0.044518403136905076,3.0
0.5598736412362364,-0.6925152349649527,-1.4836305197700308,-0.0014342647671057218,1.0
0.5598736409727196,-0.6925155412770437,-1.483618224308993,0.03571793197402411,1.0
0.5598736410975956,-0.6925188621508898,-1.4785672398477934,-0.0019140155702920248,1.0
0.5435648553429291,-0.9671880390980906,1.3301165325991604,0.058676204032559104,0.0
-1.7317881816585543,0.05405006476797111,0.0002537968492695424,-0.06000310892459563,2.0
0.6271579193874008,1.6078122290296417,0.15502256044829482,0.00859410079444818,3.0
-1.7317881817213001,0.054049967637345424,-0.0111607277319487,0.029546952509704932,2.0
0.543564854698052,-0.9671904918898638,1.3347262548284968,0.012164346541539552,0.0
0.5598736421799537,-0.6925138835181475,-1.4767619003113088,-0.0493309283027246,1.0
0.5435648542812721,-0.9671934149252128,1.3348961268249078,-0.010092155895346802,0.0
0.5435648550377212,-0.9671901110204393,1.333851598965115,0.04807426668961697,0.0
0.5598736410249519,-0.692517557925893,-1.48107446709057,0.022235096754148437,1.0
-1.731788181541364,0.05405075970259595,-0.0018196168958160635,-0.006921404236716595,2.0
-1.7317881818918874,0.054052002268433826,-0.0078008772116792205,-0.033083909950554824,2.0
0.543564854747796,-0.9671902864862835,1.3316287579675776,0.042782918433703736,0.0
-1.7317881808542899,0.05405262396189983,0.0016775778238104638,-0.006011453099957291,2.0
0.559873641405674,-0.692516990686456,-1.4774577955442632,0.025485704349334653,1.0
-1.731788181695421,0.05404985107289391,0.0007591702081734373,0.02285091556987261,2.0
0.5598736414182552,-0.692517823628936,-1.4793038922571444,0.007365679686764989,1.0
0.5435648546236451,-0.9671886823462799,1.3329705760687984,0.09842018157556753,0.0
-1.731788181833803,0.05405178978234477,-0.003674274814793932,-0.0025734367657507516,2.0
0.6271579201399128,1.6078110670824837,0.16175731117397815,-0.04286250460505989,3.0
0.6271579200520745,1.6078133314812233,0.1573180551068429,-0.03883468201709631,3.0
0.5598736420114273,-0.6925176826061573,-1.483175367663624,0.034306407012469585,1.0
0.5598736415193706,-0.6925167460574353,-1.4789121532248701,-0.0118767873364135,1.0
0.5598736414207588,-0.6925167858152189,-1.488604239884241,0.010843954644416056,1.0
0.5435648549710962,-0.9671910101798603,1.3339735454524848,-0.03990144118383652,0.0
0.6271579193359117,1.6078115024848483,0.16262793924701438,-0.029029507164844117,3.0
0.627157919997406,1.6078105158894294,0.1623943687661967,-0.023078825149627922,3.0
0.5598736412304195,-0.6925142292790344,-1.4745405924742965,0.021245049133327015,1.0
0.6271579198233834,1.6078106344254366,0.15961026177312365,0.025346623577697333,3.0
0.6271579201618397,1.6078146781843512,0.1666488326255165,0.011597790050220718,3.0
0.5435648545521352,-0.9671908448515558,1.3278795160805739,0.021775940266485112,0.0
0.6271579194664118,1.6078130235973067,0.15838134281091637,0.02478503702714881,3.0
0.6271579200275815,1.607812082943843,0.1611836591438083,0.16681862734191197,3.0
0.6271579198501742,1.6078105389973025,0.16153545428839763,0.020466864020922574,3.0
0.5435648549260551,-0.9671899781624365,1.3350600668575152,0.002609148522534858,0.0
0.5435648545311064,-0.9671875293288087,1.3242585240812754,0.01410926948671311,0.0
0.5598736409921018,-0.6925152692081814,-1.4826065667845578,-0.03825029015403544,1.0
-1.7317881812041795,0.05404866807088657,-0.008651067903181698,-0.0002723505409253557,2.0
0.5598736409711575,-0.6925142337295981,-1.4776725944767564,0.012719035841841142,1.0
0.5435648540118327,-0.9671900214918516,1.3326292696701174,0.049444180850882744,0.0
0.5435648552687681,-0.9671902216923499,1.334619810460903,0.021891478532560397,0.0
0.5435648543770426,-0.9671902169817963,1.337615916967393,-0.003505472550997387,0.0
0.5435648548162519,-0.9671905860385336,1.3319086053589413,0.08106035880223955,0.0
0.5435648547283286,-0.9671916675611084,1.3288952126920752,0.01775962019628173,0.0
0.559873641555031,-0.6925174551628753,-1.4805501574459332,-0.03721939333667098,1.0
-1.7317881817707428,0.05405263476880954,-0.0038775830290086336,-0.009748730466697745,2.0
0.559873641527462,-0.6925146317125241,-1.4771852444437306,-0.029958997774617937,1.0
0.5435648552409467,-0.9671923432487168,1.3363032018378802,0.04936957968259589,0.0
0.6271579205117997,1.607808495165504,0.15954319313565102,0.02139750553818889,3.0
0.5435648547411844,-0.9671918274023007,1.328523899198647,0.0029476642272797974,0.0
0.5598736418495199,-0.6925156541549184,-1.4770814234903342,-0.015283607624127418,1.0
-1.7317881810153202,0.05405205347547702,-0.009269062827091898,-0.01379440591052036,2.0
0.5435648553076708,-0.967189323291478,1.3323153228096825,0.056565439661333025,0.0
-1.7317881820285392,0.05405044098711207,-0.0021114968923517676,-0.06651095061117668,2.0
0.6271579195388036,1.607809200389166,0.157397695870312,0.018924426567213957,3.0
0.5598736414007157,-0.6925160088023685,-1.4781890314001218,0.020934579092974373,1.0
0.5598736412662177,-0.6925148047281647,-1.4818597739348742,-0.028451980822642144,1.0
0.5598736418081081,-0.6925191078074364,-1.4851668088175305,0.023483633311779537,1.0
0.6271579203130682,1.607808646026821,0.16706063592258003,-0.020180696108707256,3.0
0.6271579200765716,1.607811662654744,0.16523888848582527,-0.032031572720569064,3.0
0.5435648546246531,-0.967191894714339,1.3309959455224556,0.010260571877143267,0.0
0.5435648548563073,-0.9671879518335245,1.330179657239233,0.011385313530633531,0.0
0.5435648542736939,-0.9671909207581786,1.326718948334079,0.06424541317687521,0.0
0.5435648554056584,-0.9671909102404639,1.332614553648225,0.010051351881354205,0.0
-1.7317881814177145,0.054049363112271855,-0.0009006107626674984,0.05059558246381704,2.0
0.5435648546516365,-0.9671888638434205,1.3309563845191874,0.015089279598409748,0.0
0.5435648544506624,-0.967190954368818,1.331658624168559,0.022049346469723074,0.0
0.559873641580817,-0.6925153100535766,-1.4825266756160467,-0.00507501002742978,1.0
0.5598736412768756,-0.6925163034241119,-1.4819768017631232,0.10364692807694108,1.0
0.6271579204742205,1.60781204898949,0.1566423539779989,-0.04249575484199847,3.0
0.5435648545387162,-0.9671898418504958,1.3288029505319336,0.0026541911306838303,0.0
0.5598736416040679,-0.6925164615920033,-1.480820522381648,0.014738470415387644,1.0
0.5598736419521388,-0.6925157816091064,-1.4776677121991548,-0.003798133662090059,1.0
0.543564854412898,-0.9671898055429987,1.3292336740938246,0.044184651817104285,0.0
0.5435648539282542,-0.9671899443108093,1.330094697926513,-0.01390862593774385,0.0
0.5598736421534294,-0.6925163746103354,-1.4811620748225005,-0.021460463592320463,1.0
0.5435648553323292,-0.9671892981507312,1.328686765275379,0.0026933966729264735,0.0
0.5598736419133103,-0.6925151485616515,-1.483023533337036,0.023614626235347064,1.0
0.5598736410079573,-0.6925179576758668,-1.4748488126313364,-0.0003847063841141709,1.0
0.5435648548692683,-0.967188044157073,1.3278839476175983,0.02464174165964997,0.0
-1.731788181259734,0.05404984525014218,-0.008469842970193937,-0.014920305342453918,2.0
0.6271579201955233,1.607810339410938,0.15908185475816208,-0.006970376963402292,3.0
0.627157920533397,1.6078100413335517,0.1613003327558047,-0.06875399447016976,3.0
-1.7317881812713376,0.05405121742477434,-0.005756228829646349,-0.055810693549674904,2.0
0.5435648548788921,-0.9671898481194656,1.3264935337214367,-0.0011862396285152528,0.0
-1.7317881810941596,0.05405096179280331,-0.007860538465206119,0.04171644873212216,2.0
0.6271579201254688,1.6078072264256746,0.16456877749920912,0.013441953920460438,3.0
0.5435648550632807,-0.9671884455789526,1.3354305862323372,0.02548234077718622,0.0
-1.7317881809442959,0.05404860709177227,-0.01270813331040343,0.02563521045564186,2.0
-1.731788181604333,0.05404750334389426,0.004538461660486815,0.0029334772097599445,2.0
0.5598736412260077,-0.6925182642435656,-1.47592413014776,-0.05324329615159469,1.0
0.5435648546399788,-0.967189500092444,1.3368899876017106,0.030485013762090004,0.0
-1.7317881809966027,0.05405208179428764,-0.0033304996897886097,0.00998178277917926,2.0
0.5598736416144727,-0.6925143154034322,-1.4828398000638527,0.020272461956609394,1.0
0.6271579203521724,1.6078075249085175,0.1551596844174303,-0.042726624106028656,3.0
0.6271579197075362,1.6078092721085258,0.16440957317083277,-0.015645577591969096,3.0
0.6271579200010385,1.6078115844690746,0.16536168739676535,-0.01947637890199238,3.0
0.5435648544645163,-0.9671906162354315,1.3308955455519629,0.028152615692020922,0.0
0.5435648553219073,-0.9671917796089258,1.3365135794750242,0.006291422797641157,0.0
0.543564854488176,-0.9671876644328472,1.3292670881344213,-0.015282291707791844,0.0
0.5435648552213894,-0.9671882105452062,1.3251636484846145,-0.0032634161592633108,0.0
0.5598736420160828,-0.6925159412978853,-1.4718251365404889,0.05522835211966103,1.0
-1.7317881815382705,0.05404917281847404,-0.00034630126895770217,0.016340812631449285,2.0
0.6271579196849134,1.6078079312973588,0.16927803879309514,0.05170714766381697,3.0
-1.7317881818716037,0.05405122901972996,-0.008444759327866489,0.009199886259202724,2.0
0.5598736414760688,-0.6925162412526426,-1.4732126673539399,-0.04782045239624579,1.0
0.6271579202583554,1.6078118824498848,0.15788878820598845,-0.022911375858483022,3.0
0.5598736423472488,-0.6925129801342724,-1.4841422623422769,-0.06988868794016163,1.0
0.6271579195719399,1.607813878641352,0.16711537980123198,0.053739733800976734,3.0
-1.7317881813434515,0.05404751609180758,-0.001356600549497614,-0.00641173394361811,2.0
0.5598736413823228,-0.6925173847241868,-1.475241124775143,-0.0020506445697429645,1.0
0.6271579198304914,1.6078089790763168,0.15911458709322648,-0.006539494049863248,3.0
0.6271579194639928,1.6078129625404802,0.15541013237519855,0.04990260931389201,3.0
-1.7317881817599463,0.054050011711358474,-0.011812490626361636,0.01211417719592568,2.0
-1.7317881816440885,0.05405293356586964,-0.0031640397782600966,0.002951577797320487,2.0
0.5598736418970778,-0.692515793963307,-1.4766245481665294,0.026372243167891083,1.0
-1.7317881810635993,0.05405107865477103,0.0025186092638499295,-0.0034528728751134956,2.0
0.6271579194377708,1.6078119753915847,0.15610682699099207,-0.06180367324579277,3.0
-1.7317881813293634,0.05405186764075189,-0.010829979163497783,-0.023690231851315524,2.0
0.5598736418705038,-0.6925183571034873,-1.4807268543155974,0.008195231413530306,1.0
0.5598736415428777,-0.6925113615893458,-1.4807010904612607,-0.01256292720503016,1.0
0.5435648548666535,-0.9671910246580359,1.3356754520199017,0.059152422047775016,0.0
0.5435648548216014,-0.9671879643049512,1.3258276691599369,0.025259380822484065,0.0
0.5598736409132645,-0.6925152729943913,-1.4805797981598212,-0.03181783197472209,1.0
0.5598736418716472,-0.6925174991158065,-1.4703297816148555,-0.026738420804020238,1.0
0.6271579205755745,1.607813443484946,0.1546100258416663,-0.03622672087391031,3.0
0.5598736416303527,-0.6925160930710922,-1.4763090268161838,0.005800379117646099,1.0
0.5598736420369277,-0.6925161267031568,-1.4787848223549807,-0.012200972913987161,1.0
0.5598736411548192,-0.6925140895416858,-1.4789819637306727,-0.015354369909778601,1.0
-1.7317881811419555,0.05405182966312014,-0.01171633978641391,0.04427202789281337,2.0
0.5435648545346814,-0.9671923124828299,1.3320873687169867,0.026061779253638895,0.0
0.5598736408032324,-0.6925160427657259,-1.4819323421883936,0.00609924970348562,1.0
0.5598736418422121,-0.6925105253843004,-1.478256161431695,0.020153739438122806,1.0
0.6271579199857277,1.6078112490139223,0.1637904620227852,-0.061070911238161,3.0
0.5435648546287827,-0.9671879648755167,1.3361083723565534,-0.053571677585720005,0.0
0.6271579195181793,1.6078106388491984,0.15914015048332758,-0.014273764822096663,3.0
0.6271579193871815,1.607814136860189,0.1632958735035286,0.0069432911973820064,3.0
-1.7317881816901757,0.05405047301719378,-0.006614850965781982,0.0009767513255622357,2.0
0.5598736416200191,-0.6925154852071003,-1.4765089220712662,-0.053494029782376114,1.0
0.6271579196080317,1.607810977954237,0.1579824807724859,0.016139141478463157,3.0
0.6271579204305539,1.6078084394108751,0.1541368066270244,-0.055208578220575545,3.0
-1.7317881808055169,0.05405089680341068,-0.002383096158714976,0.01192497824470919,2.0
-1.7317881814671603,0.05405468020574777,-0.0038542297135537736,-0.03383574192820639,2.0
0.6271579198748375,1.6078109955849311,0.16872418737189593,0.03721260534352712,3.0
0.5598736412936915,-0.6925159620207685,-1.4839570128561954,-0.027319360270938207,1.0
0.543564854623546,-0.9671920917697838,1.334335569797095,-0.04380854518123178,0.0
0.5598736404631837,-0.6925171466263497,-1.4825971126775177,0.0056863238495439734,1.0
0.6271579198926248,1.607813435270426,0.15950334719730605,0.03324450141142409,3.0
-1.7317881817333032,0.05405226936543992,-0.00765096091824092,0.008775463781059405,2.0
0.5598736414611273,-0.6925144367637832,-1.4739342609767045,0.04763340375144022,1.0
0.6271579197720167,1.6078136362068831,0.16202297454632858,0.005496550411973481,3.0
-1.7317881815181726,0.0540505680429991,-0.004439091935818856,-0.024060788869466686,2.0
-1.7317881817110368,0.05404852128160584,-0.0012879807785872567,-0.005765334174832683,2.0
-1.7317881814338996,0.05404954202560577,-0.0025007743579204067,0.015537517345880348,2.0
0.5598736417591719,-0.692516016407907,-1.473795674730054,0.024464882010458572,1.0
0.6271579194996331,1.6078097072359099,0.16148222018600103,-0.015761928585814832,3.0
0.6271579197761135,1.6078113443923883,0.16245866411934484,0.02944988252453357,3.0
0.6271579201707597,1.6078117951862332,0.16043332981927472,0.023236315285499357,3.0
0.5435648550196136,-0.9671892159672532,1.3395221903046879,0.052894449944629315,0.0
0.5435648548280342,-0.9671907688961311,1.3257329212079338,-0.011974673074011542,0.0
-1.7317881810003908,0.054050309873613825,-0.013431583910826281,-0.0058049161352405915,2.0
0.627157919224141,1.6078106911782613,0.15540765019673297,0.0009779793177976618,3.0
-1.7317881816203298,0.05405012194924495,-0.009578020339240781,0.03051544330960998,2.0
0.5598736412141077,-0.6925135175818034,-1.4706610428131686,-0.008233915603084759,1.0
0.543564854999433,-0.9671878541683189,1.3314376337484797,-0.0016536574940073906,0.0
0.5598736417261778,-0.6925138928655242,-1.4781149379633738,-0.044591155986255654,1.0
0.6271579198599085,1.6078150938685425,0.16091279199805672,-0.060125176759309146,3.0
-1.7317881813551799,0.05405077061089269,-0.00612781059528238,0.040756964017300175,2.0
0.5598736412922162,-0.6925165786571704,-1.4729480926347664,-0.026655565657998006,1.0
0.6271579199862185,1.6078097034950443,0.16306772308288423,-0.07267933473598857,3.0
0.543564855058679,-0.9671899383939762,1.331461572869988,0.04521826084741582,0.0
-1.7317881813883138,0.05405002607987418,-0.003993135694639117,0.0071560641165237466,2.0
0.627157919679795,1.6078122103801977,0.1670204569878809,-0.032178792970485606,3.0
0.5435648543338139,-0.9671895265253249,1.336172599420472,0.032556615315894794,0.0
-1.7317881814774128,0.05405162920611721,-0.004046560222822606,-0.011544832845117472,2.0
0.5598736421720762,-0.6925127300838477,-1.478949503248112,-0.0068387467710615745,1.0
0.5435648549383396,-0.9671900632434208,1.3378592036709565,0.03510639923026463,0.0
0.6271579197048871,1.6078119940536564,0.15803915582380632,-0.026143444204572684,3.0
0.5598736414390741,-0.6925197568405894,-1.4714944613487901,-0.050169810796027677,1.0
0.543564854629686,-0.9671891044761757,1.3332003735326645,0.02138242286290534,0.0
-1.7317881812249065,0.05404859705979482,-0.0030379508995274957,-0.038640873791686924,2.0
0.5598736415558494,-0.6925197119459696,-1.4859030696169235,-0.034347791166795004,1.0
0.6271579201885953,1.6078101491130152,0.15761674448177299,0.04539560892186234,3.0
0.6271579200640839,1.607810780210406,0.15559480801240014,0.045501874511204264,3.0
0.6271579199295299,1.6078122582538499,0.16509505790426993,0.03845121900751911,3.0
0.5598736419097267,-0.6925165901771514,-1.4822312963470565,-0.03945457519682338,1.0
0.6271579196496417,1.6078122400961876,0.15779549469382473,0.040438315743193946,3.0
0.5435648554883221,-0.9671910857782501,1.3381588109688765,-0.01624954380952051,0.0
0.627157920075126,1.6078101032840026,0.16680188164026996,0.0282860857339343,3.0
0.5435648551415223,-0.9671914872878155,1.3314848132823278,0.04625712541311669,0.0
0.5435648547797054,-0.9671911482032243,1.3384609858105658,0.030287956385617622,0.0
0.627157920096771,1.6078117259453997,0.16363954432225786,0.02571613835821978,3.0
0.6271579186577607,1.6078104198656675,0.15932014374500192,0.025267121749485585,3.0
0.6271579200152475,1.6078125207523666,0.15968246424692695,0.005876303857383985,3.0
0.5435648541378175,-0.9671895172415539,1.330881964703759,0.047718073897879354,0.0
0.6271579191871147,1.6078105501835858,0.1670314122301311,0.01813645012244118,3.0
0.6271579194721518,1.6078107446119732,0.16160609940326928,0.016460917272802356,3.0
0.5435648552123793,-0.9671889912809065,1.3300478428608318,-0.014360590581165272,0.0
0.5598736410026877,-0.6925146087219615,-1.4810335901056413,-0.02893295551570805,1.0
0.6271579194008048,1.6078126789566523,0.1604249770818073,0.0715436980574813,3.0
0.5598736414744053,-0.692515923814512,-1.4795089190064477,0.02747980207760642,1.0
-1.7317881810537519,0.05405080144366292,-0.010771326596194761,0.04721135702548236,2.0
0.5598736415381423,-0.6925151724436248,-1.475406352635967,-0.002287169949073015,1.0
0.559873641251021,-0.6925185894611883,-1.4702591444119202,-0.0037925554419130396,1.0
0.5435648546123492,-0.9671885577306008,1.3406752363757481,0.02625753832240928,0.0
0.5435648547835752,-0.9671892778538118,1.3422633286547938,0.019947500476443156,0.0
0.6271579198712507,1.6078120474889102,0.16392718522678004,-0.06404227881712991,3.0
0.6271579196152297,1.607809732356363,0.1611111893718901,-0.007545106299181942,3.0
0.5435648551973751,-0.9671948285194838,1.3332303138015285,0.028650774425148736,0.0
-1.731788180705762,0.054049150962726035,-0.003659171309939825,-0.007150501700148367,2.0
0.5435648542729274,-0.9671875012701179,1.336532362284472,-0.018578280235100362,0.0
0.5598736415975175,-0.6925152599886264,-1.4841960783511818,-0.03817564860165915,1.0
0.5435648549000028,-0.9671871664744922,1.3324501700090656,-0.020497689044467336,0.0
0.5435648547693948,-0.9671911142585577,1.3333941075772087,0.0034551335866762974,0.0
0.6271579202503924,1.6078130802699093,0.16078261152645676,0.012865695297545235,3.0
-1.7317881812831624,0.05405130776334009,-0.008949006574997363,0.0009717986871761292,2.0
0.559873642228033,-0.6925146146968543,-1.4766936680623028,-0.019401732296611393,1.0
0.559873641546618,-0.6925131068810202,-1.4763214749310793,-0.06381822859227913,1.0
0.543564854701947,-0.9671890933566112,1.340709940556385,0.048310496498767584,0.0
0.6271579192666034,1.60781177456185,0.15538109384959495,-0.012783939906969816,3.0
0.5435648546426779,-0.9671883183900322,1.3286109088851867,0.028986086952264765,0.0
0.543564854430074,-0.9671882741315783,1.3371653870710165,0.08237225180031699,0.0
0.6271579196528266,1.6078110469498186,0.15230580661611853,0.028275795414482132,3.0
0.5435648549893192,-0.967188264179574,1.3320719914416004,-0.03058217993691341,0.0
0.5435648551931583,-0.9671892366322737,1.333928361978708,0.0798581686533141,0.0
0.6271579194911672,1.607808972569719,0.1623381278069981,0.01914918052522721,3.0
0.5435648546199959,-0.967190614201573,1.3349469577124706,0.03762107782435778,0.0
0.5435648541353592,-0.9671878709195395,1.3312897521842548,0.021045284887490943,0.0
0.6271579196925694,1.6078106274293535,0.1527677778849494,0.03004584458250412,3.0
0.6271579194815224,1.6078109925036859,0.1598356990986076,0.023140129340234163,3.0
0.5435648538999194,-0.9671906116126285,1.3355715277649585,-0.016439625675096145,0.0
0.6271579201155001,1.6078107279721001,0.1617226802335331,0.029249778051333237,3.0
0.559873641254842,-0.692516335635451,-1.4752817107093448,0.01233989630804523,1.0
0.6271579193734842,1.6078110415487068,0.15591341938478295,-0.04028927702675434,3.0
0.6271579198750374,1.6078089239345208,0.16334175226772601,-0.005023188288474047,3.0
-1.7317881819384306,0.054048370132661096,-0.01303742154304981,0.017991351753334144,2.0
0.5435648547236888,-0.9671891989269921,1.3322694328366085,0.011172623087121743,0.0
0.6271579202363866,1.607813011124501,0.15630959556813934,-0.03787712075262453,3.0
0.5598736418205946,-0.6925167496576285,-1.4726257029977385,-0.040531993886138616,1.0
0.5598736412188239,-0.6925169062344696,-1.478145760689189,-0.0019795066434093074,1.0
0.5598736410825067,-0.692516883788828,-1.4829291032250234,-0.04868408001077995,1.0
0.5435648538766998,-0.9671888100721566,1.3288877216111,0.013661694412415337,0.0
0.6271579203718989,1.6078129580718856,0.16584517561656575,0.007828388879414875,3.0
0.5598736415847502,-0.6925147344065118,-1.4773539862863245,0.01784374518824674,1.0
0.6271579195342737,1.6078135427756863,0.15809401493752684,0.034384756130180376,3.0
0.5598736413661098,-0.6925139609785746,-1.4783494615166082,-0.026351771904865474,1.0
0.5435648551347938,-0.9671896026980823,1.3404959830332532,-0.019709385494445366,0.0
0.5598736409141359,-0.6925171679426955,-1.4777986139082282,-0.022252650918225304,1.0
0.6271579203752069,1.6078095617005796,0.1615396082634547,0.028378754539587343,3.0
-1.7317881816038312,0.05404930577186113,-0.009504627519835366,-0.03196693123852258,2.0
0.6271579194586557,1.6078113042430653,0.1558924783309306,0.007108305170288653,3.0
0.6271579198894099,1.6078108357475078,0.16233856497455734,0.038071530325186745,3.0
-1.731788181125122,0.05405035837067352,-0.0035606462706973194,-0.012050294500919838,2.0
0.6271579197439971,1.6078127163547251,0.1556189029229983,-0.04840828125544437,3.0
0.6271579198408372,1.6078127172931411,0.15829791435239626,-0.03956466082757744,3.0
0.5435648546083417,-0.9671872326546653,1.3362248321799475,-0.023970471726640647,0.0
0.5598736414993261,-0.6925162958278338,-1.4804952812001884,-0.001036078941926326,1.0
0.6271579191169505,1.6078115962173518,0.1603556409331307,0.035750976537306065,3.0
0.6271579203251116,1.6078111000210973,0.15757011829722511,-0.018372855840892034,3.0
0.6271579198434527,1.6078113211991705,0.1579752838436779,-0.021483105783473483,3.0
-1.7317881820992873,0.0540483958936399,-0.0012739543643482155,-0.0072213642837367555,2.0
0.5435648542232303,-0.9671905362895421,1.3306437531049629,0.05521347635135774,0.0
0.5598736405191118,-0.6925159068847302,-1.4787066653876662,-0.03348357395551794,1.0
0.6271579194509067,1.6078106753677548,0.1596130417166061,0.028998925157865688,3.0
0.5598736413937669,-0.6925177194271991,-1.4756747791739193,-0.059228723137135404,1.0
-1.7317881812050964,0.05405104290379964,-0.002145034079323402,-0.055203537123008795,2.0
0.5435648548433502,-0.9671885849150008,1.3322090412868075,-0.017520321511318927,0.0
0.5435648549276606,-0.9671877437186454,1.3327589488590608,0.07161454753425911,0.0
0.5598736415990374,-0.6925154774320901,-1.477508139968601,0.017200142923667942,1.0
0.6271579201111135,1.6078110424982286,0.1589010722131901,-0.03753217637645129,3.0
-1.73178818209066,0.05404832254720608,-0.0020442541982009415,-0.04802183812393111,2.0
0.6271579203952444,1.6078093300566396,0.1638012745626135,0.00938298941289285,3.0
0.5435648545941519,-0.9671882631386242,1.3231837662622057,-0.014873667816650412,0.0
0.5435648549889709,-0.9671896489601651,1.3300969857514873,-0.002945619983962357,0.0
0.6271579198791756,1.607812562842166,0.1639503066648998,0.01399031793425421,3.0
0.5598736414778299,-0.6925141064747279,-1.4808368125283118,0.013071960227348975,1.0
0.6271579198970163,1.6078106749484828,0.1588754564389372,-0.05113812422353711,3.0
0.627157919509403,1.6078120734993393,0.1626551619923434,0.04698560066827815,3.0
0.5598736416016039,-0.692515773138547,-1.4796498096125141,0.03477214630027193,1.0
0.5435648547955241,-0.9671906305300788,1.3318001509213384,0.01668935799152778,0.0
0.5435648545330236,-0.9671876932950262,1.3233863496792786,-0.018373840034878904,0.0
0.5435648546425708,-0.9671917264451595,1.3391276030018413,0.017748723056929785,0.0
0.5435648544320739,-0.9671889094229755,1.3288052126014527,0.003588982765818539,0.0
0.6271579200218138,1.6078110357735822,0.15989087964537843,-0.035713086196846926,3.0
0.5435648548837786,-0.9671905497093616,1.335451229015573,0.007560771154008226,0.0
0.5598736414536551,-0.6925141216032149,-1.4767809851562812,0.02827058983994388,1.0
0.6271579199289736,1.6078107074901304,0.16464364469317466,0.04807928823433456,3.0
0.6271579196480186,1.6078134791652157,0.15887992724030028,0.0729317775716938,3.0
0.5435648550145166,-0.9671888949670953,1.3290715996519435,-0.010015519327967003,0.0
-1.731788181101228,0.05405087730086045,-0.005422126678864618,0.009985241832612577,2.0
0.6271579197449307,1.6078116449758204,0.15688761066908172,-0.05466480855873006,3.0
0.5598736419161708,-0.6925176401226422,-1.481267361039471,0.05722452948572263,1.0
0.5435648547779212,-0.9671903805769073,1.3363791982588613,-0.01441191025819006,0.0
0.5435648548497607,-0.9671917023876787,1.3345720885882852,0.006732801013126837,0.0
0.6271579200451736,1.6078108576982835,0.1619319522279885,0.01075743416763699,3.0
-1.7317881811356588,0.05404873727700733,4.6312084536152594e-05,0.005210701941921386,2.0
0.5435648545255388,-0.967188014535109,1.3362200100679764,-0.06642977751764315,0.0
0.6271579200330151,1.6078082315381224,0.1591772603446094,0.008955812288094927,3.0
-1.731788181244011,0.05405196604902167,-0.011177058373489203,-0.09315884142414019,2.0
-1.73178818117061,0.05404857422753347,-0.005564121773512364,0.04725701435593418,2.0
-1.7317881812995561,0.054050419143621596,-0.0025343937357203564,0.035593615566222765,2.0
0.6271579202618194,1.6078117525716398,0.16088427984161163,-0.0014962365076484551,3.0
0.5598736424773719,-0.6925155098030533,-1.4751049219118113,-0.03282642535965523,1.0
0.6271579200672035,1.607811229945402,0.15946818793468878,0.060584331737428526,3.0
0.5598736417390789,-0.6925157020348301,-1.4835751779099078,-0.06810994289639227,1.0
0.559873641509459,-0.6925169163881776,-1.4806559014241736,-0.006009075195973229,1.0
-1.7317881820621548,0.054050272888319775,-0.014874949075371761,-0.054035975018467755,2.0
0.627157919790607,1.6078093682027605,0.1584353351572668,0.06804262204720557,3.0
-1.7317881820894134,0.05405063325163221,0.0016135976526388612,-0.007025546529187506,2.0
0.5598736410329417,-0.6925182336298936,-1.4796591376644803,-0.02545956082039966,1.0
0.5598736420464897,-0.6925184359355322,-1.481570869539069,0.06958360962058403,1.0
0.5435648543111122,-0.9671900098588214,1.332808821398841,0.004569383242938822,0.0
0.6271579205142728,1.6078123286730202,0.15924083077683862,0.013856831136130213,3.0
0.5598736418155826,-0.6925135748237374,-1.4759810409448704,0.0015436894213459284,1.0
0.6271579204455663,1.6078131714758421,0.16265208265412337,-0.02648248882032821,3.0
-1.7317881817551715,0.0540491985299896,-0.008256952402997411,-0.04559401596140233,2.0
0.559873642100288,-0.6925149807372034,-1.4795759755877251,-0.009558624389651348,1.0
0.5598736413213689,-0.6925171153282844,-1.476396889369876,-0.03854195465851599,1.0
0.5598736412656933,-0.6925165055515475,-1.4747006536484293,-0.010448343424875127,1.0
0.6271579191642145,1.6078126695693538,0.1631234459302664,-0.007159669258996904,3.0
0.6271579200395386,1.607808658495087,0.15795535887322393,-0.09990334360821368,3.0
0.6271579207021232,1.60781234439319,0.15463903854665603,-0.022295046706186445,3.0
-1.7317881816778393,0.0540508619826865,0.001533118511682328,0.003414249023029971,2.0
-1.7317881811347606,0.054049215827378136,-0.0037249797216457724,0.026612699786871998,2.0
0.5598736411104303,-0.6925173108905448,-1.4785349678321724,-0.006227741120994835,1.0
0.5598736414609393,-0.6925129306438129,-1.478710328057975,0.006596918669842226,1.0
0.5598736416335691,-0.6925152020627923,-1.488811269645311,0.03890882614495154,1.0
0.5598736416677993,-0.6925162182361714,-1.4791623645263616,-0.03305509487170479,1.0
-1.731788180783728,0.054051282030873525,-0.012458390181318899,-0.0631806993290885,2.0
-1.7317881814063119,0.05404905467696598,-0.007094732088878471,-0.05470886867449796,2.0
-1.7317881820290115,0.05405039793221813,-0.006702198039861065,-0.025967880302119592,2.0
0.5435648547650579,-0.9671881738374043,1.341065371703564,0.052920796778386,0.0
0.5598736414401494,-0.6925137368003055,-1.47777149449014,-0.017122040866350136,1.0
0.5435648549047744,-0.9671884014014318,1.3361230638227766,0.041186783960876425,0.0
0.6271579200746424,1.6078131366132087,0.15808530677835164,-0.014714665393657374,3.0
-1.7317881811435474,0.05405120532444127,-0.007776898752917419,-0.014420505224693035,2.0
0.6271579196701291,1.6078136466387807,0.1617550287574736,-0.0009679948704960048,3.0
0.6271579201808254,1.6078133510251331,0.1651828451342828,-0.00720430899452576,3.0
0.5598736413759821,-0.6925162725420949,-1.4860604918340208,-0.009501872007645672,1.0
-1.731788181201853,0.0540505320642036,-0.006447502872125004,-0.01717789785878398,2.0
-1.7317881814216953,0.054053339528969846,-0.0018595781192046904,-0.0835232148643227,2.0
0.5598736416561391,-0.6925167747846935,-1.4792653960412314,-0.015159854026485817,1.0
0.5435648550621672,-0.967189617092209,1.329055856511515,0.05953224900068613,0.0
0.5435648547724407,-0.9671898276681102,1.3266758608981435,0.006431752645227861,0.0
-1.7317881820991108,0.05404745892523532,-0.004865004606515307,0.0078010853399308015,2.0
0.6271579202492037,1.6078135826840214,0.15932440469316866,0.02091078271604229,3.0
-1.7317881813630636,0.0540497195026757,-0.008159611452026011,0.02176974031185998,2.0
0.5598736420023838,-0.6925151638432201,-1.4762945773742144,0.016313202050312246,1.0
0.559873642242919,-0.6925170968091675,-1.474904302221728,-0.0032720620070881548,1.0
0.5435648544223788,-0.9671905373513917,1.3316030527902714,-0.01724866630812754,0.0
0.627157920239102,1.607812440793316,0.1659345491808264,0.006708275333981734,3.0
-1.7317881811534257,0.05404759655606468,-0.006594011974985708,0.025424397050028705,2.0
0.5598736415045446,-0.6925177482615074,-1.4770030873346869,-0.02451770258471916,1.0
0.5435648549110315,-0.967188980812901,1.332030716455332,-0.01990706714167418,0.0
0.5435648552469018,-0.9671870791029774,1.3350948780622724,-0.0077783135462071076,0.0
0.627157919853089,1.6078117364203848,0.16221490981172315,-0.024837361573884588,3.0
0.6271579200186943,1.6078117474437,0.1646130355217945,-0.009338018294514775,3.0
-1.7317881815938827,0.05404836962366322,0.0028916199487873185,-0.012977507330783768,2.0
0.627157920444044,1.6078113743760531,0.15886572710681646,0.010292868978556453,3.0
0.5598736414425239,-0.692515728738858,-1.4816815080817638,-0.00223043368086894,1.0
0.5435648548152933,-0.9671890438243653,1.3388107437535166,0.00047962434345248775,0.0
0.5598736413215357,-0.6925165767020682,-1.4806214261930817,0.025179995101115814,1.0
-1.7317881822070114,0.05404893481240607,-0.007218685920661851,-0.0001539765678748419,2.0
0.6271579192177327,1.6078113867465265,0.1630283771889749,0.016367191291565476,3.0
0.5435648548190508,-0.9671887380218179,1.337639668572198,0.005095547413193477,0.0
0.627157919582383,1.6078139582153195,0.1616643863859956,0.009186336438227471,3.0
-1.731788181736417,0.0540526744938685,-0.00569806375664599,0.02272319013130906,2.0
0.5435648541957444,-0.9671888007182368,1.3292610906426165,0.0061126179307166035,0.0
-1.7317881816187564,0.054051264202876266,9.235911464108916e-05,-0.05460827501461198,2.0
-1.7317881814456906,0.0540509073274328,-0.005629961003978211,-0.046076582007313224,2.0
0.5435648545856364,-0.9671892482327485,1.327532731160528,-0.014218140950674963,0.0
-1.7317881807799655,0.054049003589260104,-0.0047940153524142935,-0.032982083683847065,2.0
0.5435648557055316,-0.9671889983347192,1.3302135704281284,0.025237758440970686,0.0
-1.7317881814423823,0.05405194911734952,-0.004094749628395379,0.008456235684697923,2.0
-1.731788181174117,0.05405096061484528,-0.008255800761921322,-0.02514367888432108,2.0
0.5598736418486105,-0.6925154013986402,-1.4728163157460692,0.0033401186673988536,1.0
0.5598736410725457,-0.6925196203776115,-1.4747208798083329,0.03868946621091102,1.0
0.5435648546963018,-0.9671885256061593,1.3339752964217986,0.025479346950776898,0.0
0.5435648546467526,-0.967192362990125,1.3286201984629333,-0.025895372322599815,0.0
0.627157919649137,1.6078113738866302,0.16125581189252486,0.04461930737768609,3.0
-1.7317881808484867,0.05405136463003516,-0.007257326154246831,0.0005334022206814696,2.0
0.5435648546186885,-0.9671900621217643,1.3311494834248663,0.04605622682063637,0.0
0.5435648549483829,-0.9671883539565176,1.328710984418634,0.033628534221927235,0.0
0.5598736415850698,-0.6925171461026179,-1.4776610101779715,0.013713058360331683,1.0
0.6271579193591936,1.607811832490843,0.16068885929959137,0.03458976829008449,3.0
0.559873641409952,-0.6925145444491786,-1.477947170544159,0.010278452703499585,1.0
0.5598736415026037,-0.6925138299781476,-1.474894744958843,-0.03439210475811527,1.0
0.5435648548924563,-0.9671892593423271,1.337530700901469,-0.06853496859089986,0.0
0.627157920543459,1.6078100072097987,0.16394341407695873,0.009316282078338506,3.0
0.5435648547999389,-0.9671912461865168,1.3313519132136196,0.02005874451752427,0.0
0.5598736409119169,-0.6925134194361587,-1.4777510695423517,0.011248673664916267,1.0
0.5435648546795777,-0.9671867823375204,1.3344895718066263,-0.010570634861160999,0.0
0.6271579197485667,1.607812903623712,0.16906328432144874,0.053297912734487134,3.0
-1.7317881814604787,0.054050854265371866,-0.0029914641675983164,-0.0007100261202282461,2.0
0.6271579200634434,1.6078119014180308,0.16300736565061286,-0.023696884308207475,3.0
0.5598736411158487,-0.6925171939363862,-1.4764184963881035,-0.012585079939920413,1.0
-1.7317881815059073,0.05405222641355018,-0.004575481103735004,-0.03698528965457468,2.0
0.5435648551214451,-0.967189003370079,1.3345814586232916,0.013562587129278238,0.0
0.543564854858263,-0.9671896437590376,1.3277632763466871,-0.03164112557404614,0.0
-1.7317881821493,0.05405009858696813,-0.011953765310627437,-0.05981476356360589,2.0
-1.731788181104918,0.05404782576120368,-0.00454835879365791,-0.010887385435160551,2.0
0.6271579195261732,1.607807197215401,0.15932956517117464,-0.0009012326705043311,3.0
0.5435648550567022,-0.9671866877520826,1.3315577448982394,-0.0016767076556128244,0.0
0.6271579196701791,1.60781083241355,0.15758667267315613,-0.006882434385345527,3.0
0.6271579203103257,1.6078112850421051,0.16344028843902605,-0.021287656355002012,3.0
-1.7317881812615863,0.0540477617290298,0.0017597416353256079,0.004528681439955903,2.0
-1.731788181229921,0.05404786577359625,-0.004842131524302953,-0.033406338713826145,2.0
0.5435648545377505,-0.9671922988823859,1.3336100767911565,-0.017788490757848094,0.0
0.559873641759468,-0.6925130026950819,-1.4717052795888141,-0.012547730136693294,1.0
0.5598736422782168,-0.6925137819696565,-1.483782489535937,-0.00941737936869408,1.0
0.5435648546396159,-0.9671917711538873,1.332258586074571,-0.0038858224588740344,0.0
0.543564854959207,-0.9671891945167562,1.3262275685848077,0.029988453884003802,0.0
-1.731788181491645,0.05405075097734191,-0.005931236531443225,-0.008281750828036172,2.0
0.5435648547607778,-0.9671915871793892,1.3327430653842027,0.02732145185018611,0.0
-1.731788181868874,0.054049129567464736,-0.00846136840009366,-0.0026693863512608786,2.0
0.543564854956204,-0.9671899931230782,1.3305576630902674,0.05440565460120672,0.0
0.6271579193763913,1.6078128836700463,0.16304106427264922,-0.031222927179441282,3.0
0.5598736418536073,-0.6925154746991234,-1.4809356355307817,-0.005710366206621684,1.0
0.5435648548405988,-0.9671918932428684,1.3326832389907188,0.057340247028312266,0.0
0.5435648547382845,-0.9671895230130034,1.329631161114883,0.030328128762418326,0.0
0.6271579204678981,1.6078121093169444,0.1550947391206315,-0.021393441062999192,3.0
-1.7317881812373632,0.05405115009374579,-0.00696663810817649,0.027781690576778064,2.0
0.6271579201998668,1.6078117634093698,0.15749788993056896,-0.017404143794342332,3.0
-1.7317881814510576,0.05405023247180339,-0.006709344285939785,-0.09701420510962071,2.0
0.6271579202356926,1.607809521573563,0.15891693657613076,0.0404232242342688,3.0
0.5435648547498204,-0.9671879459065384,1.3360385302048494,0.008263546206958365,0.0
0.5435648547990707,-0.9671878833226109,1.3314146617225053,0.008443661185317294,0.0
0.543564854370094,-0.9671883955346516,1.3241008773454288,0.005769517638978666,0.0
0.6271579194206649,1.6078110824462677,0.15755347617949672,0.011809040609616683,3.0
-1.731788181258434,0.05405095734175029,-0.005030234509493077,0.048606423647797346,2.0
-1.731788181179973,0.05405048505944171,-0.0033061710567889213,0.03739041199074406,2.0
0.5598736418682515,-0.6925137156080148,-1.4837925222345585,-0.007651746346927283,1.0
0.5435648549342466,-0.9671911976757342,1.3305003179799058,0.016704420882375608,0.0
0.5435648550669413,-0.9671905382229941,1.3291563857522688,0.01228588644452469,0.0
-1.7317881815853005,0.05405118604774511,-0.011624198680551751,-0.081930405991183,2.0
0.5598736409412762,-0.6925184621265132,-1.4856280389860828,-0.027847909153324683,1.0
0.627157920225759,1.607812297605585,0.15924876794959308,-0.03230312782072811,3.0
0.6271579205856599,1.6078111423752006,0.16015588103058342,0.006620750775551883,3.0
0.5598736412552242,-0.6925150318446792,-1.480083381347541,-0.07417495493305298,1.0
0.6271579199640334,1.607811249170473,0.16034415523723272,-0.006694981256507215,3.0
0.5598736421030029,-0.6925139806830788,-1.4797701607777025,-0.020885717033938385,1.0
0.5435648547146237,-0.967191082696257,1.327578225372015,-0.001279260526150675,0.0
0.5435648543104319,-0.9671898445883247,1.3282260592560102,0.006750725172213485,0.0
0.6271579200905906,1.6078065669384223,0.16353725784754958,0.009877147743668194,3.0
-1.7317881812528004,0.05405197152155914,-0.012561096573504741,0.0419916722295604,2.0
0.6271579197223747,1.6078100723265067,0.16380340709109978,0.010592489357676359,3.0
0.5598736422012044,-0.6925163074802274,-1.4766352488384014,0.020383674954832703,1.0
0.5435648548233454,-0.9671885663136894,1.3280969015309816,0.056495346125107655,0.0
0.5598736417542167,-0.692517549936365,-1.4852251088008737,-0.015410703709444187,1.0
0.5598736422535021,-0.6925154470741095,-1.4843160109777145,-0.06962162383989347,1.0
0.5598736421121224,-0.6925159220843254,-1.4759111191596537,0.04147217517967871,1.0
0.6271579194908838,1.6078105557521802,0.15485638499929053,-0.06335239200416211,3.0
-1.731788181315564,0.054051407430315376,-0.006428449606761695,-0.00413990604407451,2.0
0.627157919549186,1.6078114903968999,0.156211538390962,-0.063829298817846,3.0
0.6271579196748486,1.6078127634925736,0.1631754777251757,0.04055240953299148,3.0
-1.7317881817896965,0.05404804875352332,-0.006259065046837525,0.026680153789609164,2.0
0.6271579201931248,1.607810602627821,0.16265921957081478,-0.01685709594110126,3.0
-1.7317881815422884,0.05405028284931623,0.00018946548214295242,-0.03657507020028982,2.0
0.543564854425666,-0.9671908562138571,1.3319074927242291,-0.025084079171498536,0.0
0.6271579200769237,1.607811808333834,0.1533028777582053,-0.05901022342842448,3.0
0.627157920966085,1.6078120364992274,0.16964702366733111,-0.029997850205770577,3.0
0.627157919169519,1.6078121986018108,0.16430027392441757,-0.004833605794179553,3.0
0.627157919658148,1.6078110134315902,0.15274037946331254,0.04905907971576852,3.0
0.5598736416543022,-0.6925169621240262,-1.4751120828759905,-0.1078797014035579,1.0
0.5598736406256503,-0.6925159864643656,-1.4795186348609304,-0.0465501758646882,1.0
0.6271579204018805,1.6078129779222259,0.16284968252477644,0.020280530102183027,3.0
0.5435648551234344,-0.9671880960519629,1.3412838774793343,0.047006203763465836,0.0
0.6271579192657757,1.607810186706052,0.16112943402850724,0.01858110123420434,3.0
0.5598736414111158,-0.6925141599804172,-1.4806985242751556,0.029197287682991624,1.0
0.5435648551108763,-0.9671886444921453,1.33575961410883,0.004511221165424851,0.0
0.5435648550406347,-0.9671883630233378,1.3362675565879913,-0.04509582582838367,0.0
-1.7317881819716265,0.05405141558750611,-0.007066993460625244,-0.08111584937159988,2.0
0.6271579203022963,1.6078107385114566,0.16024722382765974,0.0501411821797672,3.0
0.5598736411009675,-0.6925150421361317,-1.4834560979854299,-0.03837970172869513,1.0
0.5598736416658856,-0.6925148439676871,-1.474525420881903,-0.07490571018989682,1.0
0.5435648544048411,-0.9671923387823143,1.332613550043845,0.04008605657851256,0.0
-1.73178818056407,0.054048417791384286,0.00046686404901320977,0.01794697266044196,2.0
0.6271579195277701,1.6078114713928937,0.1589231203577194,-0.03129734151205688,3.0
-1.7317881819117877,0.05404896700867499,-0.002621479092456699,0.032071736159705495,2.0
-1.7317881810355902,0.054052557814596204,-0.0037408354032417335,-0.07231708390183493,2.0
0.6271579202983825,1.6078112873057633,0.16293945079341166,-0.015604495203186729,3.0
-1.7317881815301404,0.054049250570466195,-0.004901830510188216,0.00016039703126963687,2.0
0.5598736412778857,-0.6925169988197404,-1.4813533267460106,-0.006371440795850006,1.0
0.6271579190329577,1.6078098422738207,0.15754258322796105,0.02953871715498467,3.0
0.6271579202159513,1.607810994282903,0.15703075750672726,-0.038419765544749115,3.0
-1.7317881806763582,0.05404767680760479,-0.008189018932920476,-0.010020193695289028,2.0
0.559873641597463,-0.6925171503616459,-1.4776511283226985,0.05317280837870175,1.0
0.5435648543729514,-0.9671919104734418,1.3249855868838898,-0.028216153789402766,0.0
0.6271579196966256,1.6078110024083183,0.1612293632397482,0.024730725213351932,3.0
0.6271579197377956,1.607809023855625,0.15448461173467976,-0.02432602256628992,3.0
0.6271579202193982,1.6078096460280604,0.15410854759421388,0.00683892307256502,3.0
0.6271579194476552,1.6078149889634605,0.16300980138803234,0.041293045977886425,3.0
0.5435648547811998,-0.9671918705974347,1.3315957992193592,-0.05249045131478061,0.0
-1.7317881810152769,0.05404889395227123,-0.003899963089451718,0.0017340915717799102,2.0
-1.731788182214512,0.05404807054099171,-0.006277550208403671,-0.011761403046445478,2.0
0.5435648539080385,-0.967191310138722,1.3305061359060217,-0.009170489221662954,0.0
0.6271579192291957,1.6078091204670215,0.15852151382941645,0.002895292653437217,3.0
0.6271579202143817,1.6078115552261272,0.16268169806762217,0.019537914232960134,3.0
-1.7317881819751921,0.05405053322165306,-0.0009088467006615977,-0.014316498084908511,2.0
0.6271579199038315,1.607810448185248,0.15408386850515868,-0.05481876624411897,3.0
0.559873641898839,-0.6925173778298309,-1.4748280855181841,0.005398365454855806,1.0
0.5435648550670833,-0.967191413451512,1.3365986117521262,0.005724569785911752,0.0
-1.7317881820813734,0.05405048609538759,-0.001039557196303725,-0.01758514696607755,2.0
0.6271579198643306,1.607811757222131,0.15986994149702263,0.04854293487041654,3.0
0.5435648549863858,-0.9671874979293266,1.3251619214033106,-0.020502969872918716,0.0
0.6271579203243152,1.6078114630528424,0.16066413647230252,0.01315615338238571,3.0
-1.7317881811999698,0.05404940130218946,-0.0026843267710070047,-0.00532666964319365,2.0
-1.7317881814607088,0.054051711887934735,-0.004784270534361051,0.025216316378385187,2.0
0.5598736415007066,-0.6925157962078138,-1.4804488635966957,-0.029372263963177818,1.0
0.5435648550419067,-0.9671913280720996,1.3348305021929399,-0.007144130125969198,0.0
0.543564855062092,-0.967191555237763,1.3285872251054518,-0.006049378294554164,0.0
0.5598736413068045,-0.6925167742842123,-1.4806585224875126,0.029869786036060195,1.0
0.5598736416540692,-0.6925172301877329,-1.4766403655520692,0.03529354319489319,1.0
0.6271579200134049,1.607810355827251,0.16523752511021556,-0.052886102354855344,3.0
-1.731788181957954,0.05404868656429353,0.0007691195763254894,-0.033467216541289875,2.0
0.6271579192085747,1.6078122395500216,0.16111765597963112,-0.0346388745193569,3.0
0.6271579198221693,1.6078129396777008,0.15440139753933974,-0.03339146372663333,3.0
-1.7317881811534963,0.05405016643273918,-0.003716253412900537,-0.019957046306773262,2.0
0.5598736418001318,-0.6925160055916009,-1.4835601373844938,-0.03645344992533238,1.0
0.5598736418379116,-0.6925156341506224,-1.4747273476402976,0.010176030177999182,1.0
0.5598736410965162,-0.6925159834617209,-1.4753230793337082,-0.03243117621761478,1.0
0.5598736411952295,-0.6925181714627977,-1.4818732071073806,0.017499385905040542,1.0
0.6271579197312087,1.6078078037833454,0.15767670903945916,0.0034127554182527384,3.0
-1.7317881814511764,0.05404960610608883,-0.0029009157241139077,-0.012122825366552613,2.0
-1.7317881814722829,0.05404870469787946,-0.006789842753926825,0.015221230830546259,2.0
0.6271579202509002,1.6078084547499012,0.1655092753221627,0.10046825234869734,3.0
0.5598736413695321,-0.6925166530489503,-1.4768392424503787,-0.049793155066067525,1.0
-1.731788181942977,0.05405060269323388,-0.005671141058366584,0.04171193738916841,2.0
0.6271579195929542,1.6078101942008305,0.16621101901447363,-0.03411464281307964,3.0
0.6271579200266267,1.607812450781233,0.1588691214276019,-0.024067684239059823,3.0
0.6271579200328666,1.6078133094030589,0.16141441575704701,-0.04193005379764023,3.0
0.5435648547580909,-0.9671895944426602,1.331935904825302,0.08227744032444566,0.0
0.627157920093672,1.6078107047949894,0.15720529988405996,0.008957693237925541,3.0
0.5598736414569281,-0.6925180495208451,-1.4775688862038587,-0.07631637279178952,1.0
-1.7317881815791258,0.054050396118875396,-0.010135598757972587,-0.05440112188436093,2.0
-1.7317881817496268,0.05404954808632424,-0.008908682414946939,0.007577638664723856,2.0
0.5435648548760664,-0.9671890138430289,1.33729784615485,-0.005523757510232849,0.0
0.6271579196491309,1.60781294247192,0.1608733980410261,-0.03315167594453008,3.0
0.6271579196431722,1.6078099384525188,0.16445239322986135,-0.03692463098520901,3.0
0.5435648551229306,-0.9671886415079457,1.3309377115875283,-0.058476216574584516,0.0
0.5598736416325877,-0.6925170936016221,-1.473858817233614,-0.035059503224308244,1.0
-1.7317881811750844,0.05404951951092757,-0.005930580992560072,0.03307399476603182,2.0
0.5598736409867744,-0.6925164610866255,-1.4754490935914308,-0.04784349381314833,1.0
0.5598736415341967,-0.6925158992548419,-1.47799785020757,0.013298891191441516,1.0
0.6271579201486419,1.6078124569848447,0.1628120050731334,0.007046872009444592,3.0
0.5435648544259667,-0.9671909904355335,1.3337129632133145,0.04505964933924696,0.0
-1.7317881810616964,0.054049918258628524,-0.003500118358483166,0.0014964104001568199,2.0
0.5435648550995952,-0.9671933979464188,1.3362935811807273,0.08305065929386994,0.0
-1.7317881814192344,0.05405147891739809,-0.010059665745458413,0.0055496976967156315,2.0
0.5598736415189013,-0.6925170074457528,-1.4746065784553126,-0.010565213008535357,1.0
0.5435648551502009,-0.9671886274071729,1.3353315190036898,-0.0185399556754225,0.0
0.5598736413937494,-0.6925188212974123,-1.4747503707611787,0.004182445044636773,1.0
0.5598736423055114,-0.6925169555777451,-1.4833408065669687,-0.10773975077905895,1.0
0.5435648543717393,-0.9671891223468336,1.3323150439029285,-0.04326553917950838,0.0
0.5435648547742414,-0.9671897121061999,1.3318064658065554,-0.03619263697948384,0.0
-1.7317881814075682,0.054050766698341954,-0.0028357753231111646,0.00612542890247037,2.0
-1.7317881808715525,0.05404711675875294,-0.008803945371377258,0.010677145404334249,2.0
0.559873641377217,-0.6925181052972121,-1.4874476923646522,-0.017923018377708398,1.0
-1.7317881819359606,0.05405028592984635,0.0001263824603936804,0.011807516623590614,2.0
0.5598736415764672,-0.6925161068110288,-1.47915492772789,-0.02764477319768986,1.0
0.5435648544401818,-0.9671915470655638,1.3342527368664436,0.03561961541785413,0.0
-1.7317881812722316,0.05404973401987376,-0.00509210931005755,0.03152949877598046,2.0
0.5598736413053311,-0.692517985414404,-1.478710196932066,-0.030404331754772328,1.0
0.5435648555514127,-0.9671909154539674,1.3312770706932253,0.043256105631946755,0.0
0.6271579194085193,1.6078117714152513,0.1624474097530552,-0.026644574485676944,3.0
0.5598736410514233,-0.6925129283986801,-1.4778570754327447,-0.013178639449900954,1.0
0.5598736413562345,-0.6925168755005394,-1.4739355977734292,-0.0021374383600568135,1.0
-1.7317881812231597,0.05404964247766755,-0.004872042443095104,-0.02388989415425863,2.0
0.5435648541884216,-0.9671917918511794,1.3241180272775424,0.03825240968817058,0.0
0.5435648540613783,-0.9671882754726007,1.3326727471761637,0.01610510499501524,0.0
0.5598736422093576,-0.6925169315674709,-1.47236358410943,-0.007251006653338748,1.0
0.5435648538896225,-0.9671882383519842,1.3338377182666532,0.020136419837626873,0.0
0.6271579197410764,1.6078123639883026,0.15940041852241454,-0.031537071286125276,3.0
0.6271579201266223,1.6078107232865457,0.16437821726256374,0.06670500578607814,3.0
-1.7317881808563111,0.05404919412442476,-0.007240973565401262,0.0018838350882643311,2.0
0.6271579205192187,1.6078121767187918,0.16111910718185504,-0.028002468704978762,3.0
0.5435648550425358,-0.967190658126843,1.337301196638797,0.06217410620194207,0.0
0.5435648545963908,-0.9671889246203832,1.3365043536157197,0.012393890903469408,0.0
0.6271579202640243,1.6078110214719314,0.16024779513393156,-0.013635038405585099,3.0
0.627157919740609,1.6078115934733437,0.16299478951812038,-0.0017552614641972062,3.0
0.6271579202428371,1.607811920973381,0.1612384274615559,0.046329163259681144,3.0
0.6271579201100798,1.6078115833516986,0.15808671582412614,0.007098206957432813,3.0
0.6271579204369259,1.6078088180390446,0.16488203923421058,-0.012384555222230663,3.0
0.5435648553249756,-0.967189716877531,1.3315836797078204,0.04752767059030021,0.0
0.5598736414819058,-0.6925169687275947,-1.4818631741618002,-0.05840128985289298,1.0
0.5435648548676295,-0.9671869400081125,1.330593812135546,0.019747103588755855,0.0
0.5598736416271107,-0.6925158402057282,-1.4798083109280107,-0.040196089451235394,1.0
0.5598736418815544,-0.692515766212519,-1.4807984856800662,0.019218392292864327,1.0
0.5435648546537708,-0.9671904961171267,1.3394029157804779,0.015307208337920852,0.0
0.5435648558079157,-0.9671899882004489,1.3321364420229627,0.024248829658425942,0.0
0.627157919678905,1.6078111661544663,0.16362611636580957,0.02896502651876223,3.0
0.6271579191635741,1.607815125276433,0.1621997149050088,0.011458345627674575,3.0
0.5435648541248967,-0.9671921387813049,1.3304884249664424,0.02683358219547893,0.0
-1.7317881816657996,0.05405106606172003,-0.004682412398969402,-0.05336230233115198,2.0
0.5435648547636407,-0.9671902565051704,1.3334767116303414,-0.06795547212742348,0.0
0.559873641686891,-0.692512900048583,-1.4769399764227666,0.019302697789486928,1.0
0.5435648542073271,-0.9671877876216772,1.3359203273901765,0.05068373944201049,0.0
0.5598736416104066,-0.692516161489769,-1.4817850972906148,-0.07071191865737146,1.0
-1.7317881818583256,0.05405108940300199,-0.0040676557489404555,0.09337869013522143,2.0
0.5435648545216295,-0.9671903721528754,1.3322314472784316,-0.030821267011574345,0.0
0.5435648549657158,-0.9671899850625787,1.339810345193673,0.028816082071936595,0.0
0.5435648550028338,-0.9671878234364282,1.3319668401293308,0.07672536568385785,0.0
0.6271579201691823,1.6078090893194703,0.1625138690181819,-0.022838247730587815,3.0
0.6271579196873053,1.6078134852353216,0.16342032451017166,-0.008681199460844176,3.0
-1.7317881813839993,0.0540508923790039,-0.007305808518048117,-0.021769870280265478,2.0
0.5435648548072287,-0.9671889517486313,1.3356625275355254,0.0006817343561417167,0.0
0.5435648549745129,-0.967188872190616,1.3313343236293107,0.021091294668342014,0.0
0.5435648544105561,-0.9671890425484165,1.3353999065145703,0.035040855203563225,0.0
0.6271579192826313,1.6078106410207988,0.1568737501308476,0.008456412427211731,3.0
0.6271579198514164,1.6078101063030747,0.16072816989099292,-0.004340556028774233,3.0
-1.7317881816963712,0.054050732092400716,-0.007325213578129704,-0.03468249570872332,2.0
-1.7317881819454666,0.05404691743007494,-0.00407845922372081,-0.028388945888442176,2.0
-1.73178818190087,0.05404951378287347,-0.005619552396853845,-0.022973938161871384,2.0
0.5435648547786057,-0.9671896586376036,1.333709774963993,0.03451404604968228,0.0
0.5435648552435463,-0.9671893230532232,1.3390116324658743,0.047880655158867226,0.0
0.6271579201102473,1.6078142172016454,0.15981088216420616,0.045793532719862945,3.0
-1.731788181650674,0.054049501444472785,-0.00489463083887044,-0.020789686012613058,2.0
0.6271579196355512,1.6078103902299836,0.16158839748811454,0.010734340483709578,3.0
0.5598736416332671,-0.6925154089551393,-1.474230127693174,-0.059848502419672024,1.0
0.627157920361839,1.6078103443496967,0.1595859208818763,0.002038076377254468,3.0
0.5435648551661934,-0.9671921774454691,1.337054928403441,-0.009953290753554507,0.0
0.5598736418179774,-0.6925146216026832,-1.4786383607383027,-0.018847911788460403,1.0
0.6271579201561236,1.6078109467416692,0.1625599285803272,-0.017785899106525636,3.0
0.5598736409342161,-0.6925155208082242,-1.472911557205007,-0.05249966286597343,1.0
0.5435648543732001,-0.9671906510130591,1.3291981804151387,0.0455937597648094,0.0
-1.7317881811458942,0.05405083239723613,-0.008663847505186692,0.013325183458877647,2.0
0.5435648546396697,-0.9671909739841051,1.3351455714211686,-0.0063385328087556935,0.0
0.5435648544095247,-0.9671893614049937,1.3298545409107498,0.03399708069916078,0.0
-1.7317881816270217,0.05404912888656044,-0.011160154448136252,0.06259115536287574,2.0
-1.7317881811690714,0.054049630069863984,-0.00728902415457895,-0.004946415439732931,2.0
-1.7317881805844204,0.054051012401840785,7.107429042916733e-05,-0.09254414516148211,2.0
0.5435648541932396,-0.9671891037425047,1.3285490300356717,0.04158844932821513,0.0
-1.7317881812131632,0.05405098061083163,-0.0047007954668202056,-0.02228532273688535,2.0
0.6271579193568643,1.6078110076585865,0.16127302679387534,0.018998496138590747,3.0
0.5435648540839996,-0.9671893077023123,1.338324759781415,0.019592642478408424,0.0
-1.731788181486646,0.054044434456152715,-0.00472479361504484,0.019037014450341967,2.0
0.5435648550547569,-0.9671923439970039,1.3317908317449054,0.007287821433226309,0.0
0.5435648545360777,-0.9671870806849475,1.3373486494728755,-0.020206806723921427,0.0
-1.7317881819910081,0.05404972931554042,-0.007786305000864352,-0.025364679141090578,2.0
-1.7317881811931581,0.05404889652039621,-0.01318012281470347,0.013284648223556085,2.0
0.559873642435955,-0.6925141995387472,-1.4752238661996673,-0.0675852990005317,1.0
0.627157919644258,1.6078125965019305,0.15664569592273683,-0.008155280408642013,3.0
0.5598736417654268,-0.6925158157391181,-1.472328636760505,-0.01317486444686154,1.0
0.5435648543870537,-0.9671874760394235,1.3274207161651912,0.06501203197907356,0.0
0.5435648546875937,-0.9671871050430283,1.3326035169226997,0.0061207294571388685,0.0
-1.7317881809991955,0.054051760049358466,-0.0018860520138893944,0.0024942041501803806,2.0
0.5598736421004052,-0.6925194064870326,-1.4757694798773286,0.02121465837029192,1.0
-1.7317881814079945,0.05405021825825026,-0.008978564316498539,-0.0017789061959237842,2.0
-1.7317881810938156,0.05405200193988764,-0.005846487819805529,-0.04052525297442455,2.0
0.5435648544597704,-0.967189337462767,1.330346450900326,0.04021520979904969,0.0
-1.7317881819349095,0.0540489435257639,-0.0037910399681925716,-0.061258280659444705,2.0
0.5435648547889705,-0.9671868683190592,1.3320924432283567,0.009701777589289024,0.0
-1.7317881819398002,0.05404928649109868,-0.0026082734122683444,0.007213056206900281,2.0
0.5435648548452144,-0.967189939538125,1.3409550171079965,-0.03789009661368474,0.0
-1.731788181204586,0.05405181602655852,-0.0037083749761343504,0.09037597748229546,2.0
0.5435648543266367,-0.9671883438985007,1.3301654971826227,0.009944050562816937,0.0
-1.73178818207298,0.05405177663852437,-0.00884191988134715,0.013788618091446,2.0
0.6271579198431605,1.6078130375236306,0.16427148721370105,-0.0185714405971643,3.0
-1.731788182119487,0.054052234622731406,-0.004253134436490169,0.013170916849832282,2.0
0.5598736415948787,-0.6925177693257529,-1.4747154742318223,-0.01722590990017753,1.0
0.5598736421666088,-0.6925161128500102,-1.4767417849659163,-0.09487530958869474,1.0
0.5598736416371951,-0.692514773819933,-1.4765080903320595,0.012915137284771392,1.0
0.6271579197494193,1.6078129164273849,0.1615124994726098,-0.0402940822857049,3.0
-1.7317881811712417,0.054051961435334805,-0.005740296584850883,0.033334208792585314,2.0
0.5435648552950697,-0.9671913901554735,1.3350075192641895,0.009792426189638572,0.0
0.5598736415269443,-0.6925162520204284,-1.4772204816904386,-0.0412399704334379,1.0
0.5598736412893459,-0.6925135690601962,-1.476743750478055,-0.007765385871432676,1.0
0.5598736411541336,-0.6925118408813516,-1.4726449299854967,0.002438621719624426,1.0
-1.7317881810880948,0.05405107828350806,0.0009349008646852163,-0.02898071121479885,2.0
-1.7317881821711276,0.05405240964227111,-0.0038130763421296253,0.010606123326540652,2.0
0.5598736406278239,-0.6925148989149307,-1.4759981755623794,-0.05646689570814376,1.0
0.5435648547768952,-0.9671907202002532,1.3313207583150377,0.06806378977238647,0.0
0.5435648540754172,-0.9671892307520017,1.3357012824753234,0.036514645186212405,0.0
0.6271579195128442,1.6078129686026716,0.1617750036053956,-0.04036488366478567,3.0
0.6271579202712182,1.6078131102898054,0.1619399945193528,0.02634060237823066,3.0
0.5435648550567976,-0.9671908827522264,1.333795059970362,0.019223324584827797,0.0
0.559873641978513,-0.6925179500239204,-1.4811458116967955,-0.014941236311701658,1.0
0.5435648544618982,-0.9671887628814588,1.330577247903857,0.04069338907431427,0.0
0.6271579194950916,1.6078127289900763,0.1614069671899147,0.04364683218947432,3.0
-1.7317881810877858,0.05404795313501485,-0.004006359090683984,-0.030177093479006416,2.0
0.559873641393258,-0.6925150140289287,-1.4748978369008345,-0.01679738782879446,1.0
-1.7317881812690799,0.05405045050584805,-0.007866805874238145,-0.014443574872767541,2.0
0.6271579201450354,1.6078094468654704,0.15560724658243663,-0.005452440730855606,3.0
0.5435648548852425,-0.9671923125695812,1.3326807743373426,0.03039174731043463,0.0
0.6271579196031661,1.6078102159719647,0.16081701079023608,-0.008345646403661693,3.0
0.543564855296506,-0.9671923036250137,1.3309787718376678,0.01518951875893666,0.0
0.5598736412276161,-0.6925155485123236,-1.4769642306135524,-0.0036625246695858307,1.0
0.5435648549627322,-0.9671896070014241,1.3325208344275081,0.016578363584560253,0.0
0.5598736416447934,-0.6925184053876977,-1.4707416833781217,-0.021528311652959493,1.0
-1.731788181010736,0.05404857088203458,-0.008388172355257345,0.000343391482172157,2.0
0.6271579201856503,1.607809733711896,0.1580238015072466,0.04257828526908037,3.0
0.5598736411834843,-0.6925181058822469,-1.4848807632871024,-0.056136342212679526,1.0
0.5435648549111041,-0.9671894310510775,1.327805647238244,-0.0050019416513963876,0.0
0.5598736409973135,-0.6925168400403668,-1.4840362382476602,0.0035570292284409534,1.0
0.6271579204649702,1.607812566368821,0.15751394052971057,0.009830678710506816,3.0
0.5435648543816821,-0.9671857037680351,1.33262929139728,0.0032836028189754496,0.0
0.5598736421282391,-0.6925167915403299,-1.4774477796612135,0.006925325294094188,1.0
0.6271579199208367,1.6078120303850483,0.15753570895020982,0.03778854952911876,3.0
0.6271579193243518,1.6078107177701886,0.16044913880811842,0.07755310499045834,3.0
0.5435648549504603,-0.9671898051156663,1.3299489426840063,-0.056621229673865375,0.0
0.5435648548929929,-0.9671894524113056,1.3380388220877895,-0.010115843471599313,0.0
0.6271579190496511,1.6078133918289819,0.1601582914107945,0.017523383604686124,3.0
0.5435648544692651,-0.9671932175618708,1.3294725025468894,0.01263540396634686,0.0
0.5598736417168124,-0.6925164045443439,-1.4815035002693786,-0.0031831940210940565,1.0
-1.731788181256049,0.05404875236448495,0.0007686211927754793,-0.016315998894491063,2.0
0.5435648551323,-0.9671860697677184,1.3285432759124314,0.07843078199256202,0.0
0.5435648545650175,-0.9671910599897245,1.3378114064244095,-0.03877708911818401,0.0
-1.7317881816647047,0.054050878291543744,0.003159765231258967,0.004720953411036658,2.0
-1.7317881817380851,0.05404960749820193,-0.004870615347811092,0.01729016529210075,2.0
-1.7317881811316889,0.05404840811653245,-0.0009529752567994078,0.034422796678070675,2.0
0.5435648545841631,-0.9671893250311123,1.3321018218001206,0.02567263018096244,0.0
0.6271579197424685,1.6078113597397579,0.16159236584064832,-0.029386132796910214,3.0
-1.7317881817677128,0.0540498532547338,-0.003902968206661792,-0.034933567660257396,2.0
0.6271579192953841,1.607810397101287,0.16782706069331324,0.06686300308614081,3.0
-1.7317881815079623,0.05404893815084825,-0.0029831001222171173,0.022136655222919323,2.0
0.5598736420775611,-0.6925156124525037,-1.4779755082523218,0.06525679930882994,1.0
-1.7317881809865168,0.05405220601565943,0.0028091661679900673,-0.034922272044722105,2.0
-1.7317881808525315,0.05404847042443837,0.0004837716020495461,-0.05514054659611039,2.0
0.6271579200324698,1.6078085333236505,0.16415153781060604,-0.036906048182598544,3.0
0.5598736415641177,-0.6925148911154323,-1.4739627605144612,-0.07343080374666844,1.0
0.5435648551888174,-0.9671895043542423,1.33129171374956,0.0002312017357656653,0.0
-1.7317881807912672,0.05405062066435799,-0.00493766596289049,-0.029239989336847218,2.0
0.5435648551560484,-0.9671925952910182,1.3386811704975403,0.018799497879780823,0.0
0.6271579197992893,1.6078084996659485,0.16360004864456795,0.041250849858844654,3.0
0.5598736418026925,-0.6925177124998975,-1.4788928242733437,-0.05038326780093982,1.0
0.6271579207251956,1.6078136327926236,0.16514576979567008,0.014837700299259973,3.0
0.5598736415784944,-0.6925178546920226,-1.4828844228659634,-0.014829980228900736,1.0
-1.7317881816533516,0.05405111072773796,-0.01205438355824799,-0.04115662054936903,2.0
0.5435648544067877,-0.9671892364024705,1.3330276116348774,0.020714846917342124,0.0
0.5598736421067243,-0.6925155321785377,-1.4796953940252928,-0.05837928996046531,1.0
0.5435648550629155,-0.9671899051392522,1.3346404514033214,-0.029369248099216157,0.0
0.5598736414677451,-0.6925162004761045,-1.4803144673732085,-0.03154685403377193,1.0
-1.7317881815708271,0.05405033876397378,-0.011668213947102138,0.004497614326546414,2.0
0.5435648550528109,-0.9671861656445176,1.3358236936053,0.07305102619801354,0.0
0.5435648550603852,-0.967187995578608,1.3376393446089847,-0.01601551074641584,0.0
-1.7317881819141934,0.05405203402067026,-0.005694243972811144,-0.00433658845749573,2.0
-1.7317881812703264,0.054050256664859374,0.003498588751683045,0.01105982579731024,2.0
0.5435648542143979,-0.9671896701444581,1.3319882299822658,0.00821450647554565,0.0
0.6271579202954395,1.6078108949836136,0.15310995971774102,-0.0005360713638959228,3.0
0.5598736418302525,-0.6925138636602464,-1.472328024394288,0.05765277416085962,1.0
0.5598736414442335,-0.692514133234336,-1.4766084234460248,-0.021784559143541316,1.0
0.6271579195701864,1.6078141411276468,0.15968666451948393,0.01755541693141365,3.0
0.5598736409309218,-0.6925137865869596,-1.4844147966840158,0.013943994892540692,1.0
-1.731788181274926,0.05404747489752216,-0.0040393629053357746,0.0006034562800683314,2.0
0.6271579192399247,1.6078125590702628,0.16314943665084192,-0.031235729546648043,3.0
0.5598736414851506,-0.6925153719567632,-1.4755691592670463,0.0029936998117049874,1.0
0.5598736414996124,-0.69251515391115,-1.4753344904916383,-0.011048895995591397,1.0
0.5598736407668319,-0.6925156455873759,-1.478373421932716,-0.02795499537609006,1.0
0.5598736415881248,-0.6925177432908219,-1.4801827138129564,-0.03493579546287526,1.0
0.6271579204104422,1.6078129546663207,0.16260367983015847,-0.04316255877636547,3.0
-1.7317881814657317,0.054048514591374636,-0.0033028565890909755,-0.013485334773376415,2.0
0.5435648548276352,-0.9671878126283797,1.3280040608192791,0.044308573305871284,0.0
0.6271579198136897,1.6078119897111398,0.16394087518849437,-0.006043067461892211,3.0
0.5435648548447798,-0.9671901776987051,1.3354002201966277,-0.013053883474642125,0.0
0.6271579196422304,1.607809998703825,0.1561216116022816,0.024345618203908632,3.0
-1.731788180924472,0.054051680316481616,-0.004573119027259237,0.047785845264812665,2.0
0.5435648540260758,-0.9671915836978885,1.3347479381427423,0.038856325453107556,0.0
0.5598736420340525,-0.6925169500410752,-1.474736027265859,0.030223143047388233,1.0
0.5598736416413396,-0.6925169049654731,-1.4881571522995398,-0.04974987498119864,1.0
-1.731788181643389,0.05404967121877087,-0.007615847555137645,-0.04011688702267819,2.0
0.6271579196783477,1.6078096421604866,0.1644239486949317,-0.035502170921005556,3.0
0.5598736418282395,-0.6925151684382821,-1.4791097690619126,0.03357087287657513,1.0
0.5435648555066694,-0.9671883646416541,1.3292705155932865,-0.06456449018399604,0.0
0.5435648542094309,-0.9671869294329618,1.329775699215511,0.018761769437309443,0.0
0.5435648546383833,-0.9671894311152266,1.3315368173576931,-0.02169021831879764,0.0
0.5598736418853614,-0.6925169578973939,-1.4782850853030634,0.004419802503488491,1.0
0.5598736418595154,-0.6925155702503345,-1.4791679994224354,-0.05326024934928745,1.0
0.5435648552093651,-0.9671909462973315,1.3347370179699782,-0.04194875035248089,0.0
-1.73178818160733,0.05405026543148228,-0.0066299230912777495,0.05744669859640527,2.0
-1.7317881820958039,0.05404783427601312,-0.005823906423713516,0.028313033994956816,2.0
-1.731788181188141,0.05404970811477087,-0.011277309821536241,0.006676297662667537,2.0
0.6271579195700621,1.6078123109707538,0.15666473403184714,-0.0392361921141288,3.0
-1.7317881813581941,0.05404971468439419,-0.00039870857132837556,-0.010763834062600747,2.0
0.6271579196771565,1.607813477285698,0.15738154780090471,-0.04005172310377827,3.0
0.6271579200881846,1.607811509184924,0.16179998242230373,-0.004673206884967995,3.0
0.5435648545377811,-0.9671901494094138,1.3368502603871064,-0.03869434797092892,0.0
0.5598736408539715,-0.6925153146690003,-1.4855716887517556,0.0025535507145514457,1.0
-1.7317881810788156,0.05405056332375189,-8.133227059997312e-05,0.027953676766068417,2.0
0.6271579195612349,1.607812109035631,0.16032749619401918,0.034249458813771234,3.0
0.6271579208444638,1.6078122116270008,0.1601601660961128,0.04011779434938766,3.0
-1.7317881812059592,0.05405036253421752,-0.002898367560016332,0.08920244865397317,2.0
0.5435648551090903,-0.9671913231736566,1.3314217293585155,0.05074491854908951,0.0
-1.73178818127733,0.05404897983185184,-0.00400870482014402,-0.07494839800714848,2.0
0.5598736410812911,-0.6925149709571196,-1.4751321922134257,-0.044510446620640874,1.0
0.5598736413601809,-0.6925159799784332,-1.4836506947159154,-0.08902833351022992,1.0
0.5435648543778572,-0.9671941950820026,1.3304705637658825,-0.03172567321131748,0.0
-1.7317881813742904,0.05404905970238517,-0.0042201987066838725,0.050077991935315494,2.0
0.6271579198695318,1.6078120084081726,0.16159711369194654,0.0012628453604027552,3.0
0.5435648549338282,-0.9671880323020574,1.3337674432022193,0.05500210685147125,0.0
0.6271579200648078,1.6078084171501321,0.16117111537552994,0.005489351119198441,3.0
0.6271579195949798,1.6078134209334163,0.16035632874044395,-0.031456578269601514,3.0
0.5435648545798505,-0.9671903818206244,1.3304918252542572,-0.006808292337653887,0.0
0.5435648554456817,-0.9671880885081792,1.3320395307770123,-0.0792639337421214,0.0
0.543564855164273,-0.9671899443610411,1.3323265128973443,0.06414803403074572,0.0
0.6271579193412609,1.6078120843239123,0.1563643826907494,-0.02671508746387867,3.0
0.5598736421175554,-0.6925177505950713,-1.473253779842958,-0.07897742569734437,1.0
0.5435648544186206,-0.9671919053756044,1.3298699369717852,0.0011423679118002978,0.0
0.5598736410228046,-0.6925135756098352,-1.4756325990184598,0.010703686787718655,1.0
0.5598736413479235,-0.6925183610584345,-1.4783650907793466,-0.02797325633465438,1.0
0.6271579196888538,1.6078126322611535,0.15873719152040514,-0.06561001124579174,3.0
-1.731788180953628,0.05405044327958354,-0.013475214166423383,0.03396150778211895,2.0
-1.7317881810390847,0.05404918865709193,-0.006644063867093465,0.0007855366973194117,2.0
-1.731788180906961,0.05404922111201119,-0.007524742966973926,0.03814977868380822,2.0
0.5435648543795221,-0.9671889055048941,1.3319951030268657,-0.0186081937807629,0.0
0.6271579199476349,1.6078113631502333,0.1592366275852422,-0.01603498935223926,3.0
0.6271579204606528,1.6078094634210158,0.15521334175652976,-0.0015890380359331615,3.0
0.5598736411385914,-0.692515883505677,-1.4800105679821234,0.00644826127146794,1.0
0.543564854775213,-0.9671895334436788,1.3326914097266576,-0.0018575826023705115,0.0
0.5435648543259081,-0.9671887569857057,1.32873488330831,-0.05041420035607973,0.0
-1.7317881818913985,0.054053660234754546,-0.006907942342290518,-0.02294461233504471,2.0
0.5435648544411092,-0.9671882158173813,1.3356928346836718,-0.03149717961384346,0.0
0.6271579193299758,1.607815012838661,0.16858632934700785,0.08584145281966651,3.0
0.543564854777476,-0.9671899253603361,1.3329372967274116,0.004829605974316691,0.0
0.5435648546529928,-0.9671894256457813,1.3330045002744595,-0.023735125453550332,0.0
0.6271579195457015,1.6078138118380623,0.15553220651768346,0.06332625228762935,3.0
-1.7317881813079665,0.054052258610643784,-0.006598717559419466,0.020124184013051095,2.0
0.5435648541112631,-0.9671912396146993,1.3281373967502574,0.02661734447928792,0.0
0.5598736412497001,-0.6925171394964994,-1.4823063716226614,0.02791345354954951,1.0
0.5598736415925555,-0.6925144358638715,-1.4752654781526717,-0.031236418643799738,1.0
-1.731788181403487,0.05404984519585176,-0.005995863374292692,-0.01352547213094027,2.0
0.5435648535764485,-0.9671915867288604,1.3348875208548423,-0.060013703650923,0.0
-1.7317881809366342,0.0540508140453891,-0.004347107993399295,0.02872782158289839,2.0
0.5598736408082821,-0.6925156457425471,-1.474698765260615,-0.035269916105025015,1.0
0.5435648542720682,-0.9671914025608664,1.3349736825912588,0.04408596113418583,0.0
0.5598736416824748,-0.6925180004807469,-1.4759262891516483,-0.023236246531515146,1.0
0.5598736410041638,-0.6925181568255545,-1.479979925384304,-0.08252757601602799,1.0
0.543564854909739,-0.9671891956314066,1.3317141350409698,-0.009167458424717825,0.0
0.5598736417340244,-0.6925169914200626,-1.4774091508219807,0.03539508731757796,1.0
0.5435648548832865,-0.9671920737544761,1.3329329792804099,0.047638872866103354,0.0
0.5435648550704524,-0.9671909538168112,1.3283170438001688,-0.024276549745069053,0.0
-1.7317881812133709,0.054053623408410335,-0.006845876833974591,-0.07360157137695761,2.0
0.6271579195870755,1.607810141110235,0.16322132912019333,0.0039723869095207,3.0
0.5598736409346526,-0.6925164011471999,-1.4835942131895765,-0.04419809386017974,1.0
-1.73178818053528,0.05404911574287523,-0.009596660649688591,-0.1000640765947334,2.0
-1.73178818201104,0.05404837478301985,-0.006570391521195328,-0.021187446154359368,2.0
0.5598736414392214,-0.692516531263713,-1.4858110149067356,0.028935884926818093,1.0
0.559873641260012,-0.6925144130993686,-1.4775653326174494,0.004394833934326945,1.0
0.5435648545745692,-0.9671896228861876,1.330963752661376,0.06373783573674759,0.0
-1.7317881814800447,0.05405046318975081,-0.007644753592759379,-0.05081088953844192,2.0
-1.7317881811769207,0.05404960846554628,-0.005408328069679923,0.03437296530811899,2.0
0.54356485471693,-0.9671904923876732,1.33305174932388,-0.05049220207975856,0.0
0.5435648550656902,-0.9671918791114379,1.3295264537300142,-0.03758552499897125,0.0
0.5435648546007569,-0.9671889191895714,1.3365946039782748,0.013176068422739065,0.0
0.5435648544722875,-0.9671874387967166,1.3309894655826937,-0.01692784947217382,0.0
0.5435648546359463,-0.9671895338662616,1.3289679664124379,-0.0432442139746911,0.0
0.6271579197244465,1.6078103364193972,0.15905724432864912,0.004673016002707075,3.0
-1.7317881813521219,0.05405148091939914,0.0023783989671916183,0.0497864316204207,2.0
0.6271579204152536,1.6078134743905967,0.16075908660768487,-0.011701861421357072,3.0
0.5435648550264507,-0.9671873831383601,1.3342945415703646,0.039513711491764365,0.0
0.5435648541634112,-0.9671891634468663,1.3372270493900522,-0.02406648550874268,0.0
0.5435648552657937,-0.9671923392406989,1.3318463308161064,0.011124687417845634,0.0
0.5435648549016039,-0.9671881716764301,1.3303752489276077,0.050186116844668775,0.0
-1.73178818131616,0.054049417845098764,0.0011352417199097383,0.014881378058631156,2.0
0.5435648547308505,-0.9671895125257921,1.3355939159518617,-0.029391474064831606,0.0
-1.7317881810995697,0.05405027158316841,-0.003036385502103142,-0.026918251175351057,2.0
0.5435648544506808,-0.9671879506629777,1.331857903241514,-0.007619898116734753,0.0
0.5598736415399334,-0.692519756846719,-1.4804423296350036,-0.02371076131045555,1.0
0.6271579194792589,1.6078100566378868,0.1618132025690145,0.051268462694559314,3.0
-1.7317881815280973,0.0540506599831624,-0.013249398021216462,-0.01571249220044563,2.0
0.5598736417434452,-0.6925200197382136,-1.4808907115096632,0.040687761141538284,1.0
-1.7317881818270966,0.05405068054116605,-0.0009965065399279594,0.015337344840655383,2.0
0.6271579199219844,1.6078110880877234,0.1619033972904577,0.013999476346434662,3.0
0.5598736412379074,-0.6925195837501444,-1.477508936110808,-0.018440229655045277,1.0
0.5435648552046991,-0.9671897340597913,1.3332496435969643,0.025425840663149853,0.0
0.5598736413918824,-0.6925162772862588,-1.4785284033846169,-0.0030782754602086894,1.0
-1.7317881815733671,0.05405140142372261,-0.0005962007385827499,0.03339617875030961,2.0
-1.731788182152105,0.05405079560188969,-0.009760271496154748,0.0036934442070577084,2.0
0.5435648547128242,-0.9671914375772281,1.3232791211631743,0.08347715140312367,0.0
0.5598736412721144,-0.6925170560900092,-1.4803860879649413,-0.03944091426562862,1.0
-1.7317881807959246,0.05405016027888133,-0.006011421817820357,0.005062778336041697,2.0
0.5598736413943157,-0.6925171997530065,-1.4806670821331895,0.004608075835847544,1.0
0.5435648548227232,-0.9671906047715981,1.3300449843891748,0.07582430181274126,0.0
0.6271579201916525,1.6078106554223168,0.1584199053253787,-0.025452822328100328,3.0
0.6271579207552234,1.607810242919266,0.1541360026917213,0.011050540590451007,3.0
0.6271579203156079,1.6078096029483355,0.16086317527911875,-0.00601149063055593,3.0
0.6271579198074793,1.607812281487331,0.15941678294270412,-0.05115041433361292,3.0
0.5598736411969691,-0.6925148535412704,-1.4808098224190456,0.01723568051117319,1.0
0.5598736419297693,-0.6925147156571505,-1.4814642083950527,0.02185469438163222,1.0
-1.7317881810423066,0.0540485001248133,0.0020440291109045214,0.02228707132995772,2.0
0.5598736415373364,-0.692514804586229,-1.476094290370003,-0.017539875494667668,1.0
0.5435648548977476,-0.9671923221125814,1.3324457603054545,-0.06550541311642757,0.0
0.6271579199384825,1.6078112744801265,0.16019383787753025,0.030409054702923925,3.0
0.5435648542496502,-0.9671918573057311,1.3336524827891134,-0.00039048476311314225,0.0
0.5598736415143368,-0.6925182835107905,-1.4745193580322475,0.06733177015495499,1.0
-1.731788181393358,0.05404955388100674,0.00034125668626895205,-0.01109640016050739,2.0
0.5598736409340792,-0.692518909008049,-1.4808701183617508,-0.03250483796187114,1.0
-1.7317881816515923,0.05405136221595251,-0.006689394790212013,0.027925008387821176,2.0
0.5598736410018489,-0.6925147995698714,-1.4834585642442397,-0.022911261629676542,1.0
0.6271579196028974,1.607808378767401,0.1648606527132938,-0.051878942757334005,3.0
0.6271579199714157,1.6078106358445468,0.15765618862555555,-0.015977273725876047,3.0
-1.7317881810715707,0.05405003862827428,-0.008993915201739047,-0.005211368865573521,2.0
0.6271579199362701,1.607811318407631,0.1619006304905433,0.05029222197792116,3.0
0.6271579197635733,1.6078106459280592,0.15420111383066593,-0.00469374882793285,3.0
-1.731788182182852,0.054048642897164004,-0.010760442867223738,-0.017458542096977957,2.0
0.5435648547469687,-0.9671886629099837,1.3300983188741,-0.04776472678223622,0.0
-1.7317881813520597,0.05405256864049108,-0.010400973822291777,-0.055635035517770444,2.0
0.5435648539351841,-0.9671871209625573,1.333793833824657,-0.005741413326503179,0.0
0.6271579200015406,1.607812030222602,0.1637169581508284,0.0034081699576771385,3.0
0.6271579204913968,1.607811806977378,0.15955874511181609,-0.01784418948235461,3.0
-1.7317881820065206,0.054051135524825086,-0.00029741980098252807,0.009840786742752041,2.0
-1.7317881804735331,0.05405113836638929,-0.010527277004723215,-0.02881885180774526,2.0
0.5435648548232327,-0.9671921915763241,1.3259517811881478,0.016544402329742438,0.0
-1.7317881817188492,0.054049295782385584,-0.014956973262429117,0.03503979220248349,2.0
0.5598736419968956,-0.6925154254400226,-1.476686603980224,0.002025630916513564,1.0
0.6271579196913789,1.6078095085574065,0.15746775479046818,0.040698879250664136,3.0
0.5435648540912318,-0.9671899505841668,1.332685005010656,0.009301966006790141,0.0
0.6271579201562147,1.6078111331660956,0.15348888746782674,0.005561423858532462,3.0
0.6271579194462108,1.6078156842691163,0.16334670289801642,-0.02167329160643042,3.0
-1.7317881815400604,0.05404641333326161,-0.003330979809007077,-0.02091573754125672,2.0
0.6271579196158771,1.6078115389283736,0.16001453974804247,0.01355481407492293,3.0
-1.7317881816795988,0.054049915113958284,0.005972501806470324,0.05026781783108116,2.0
0.6271579194028366,1.6078122285078764,0.15373802884167423,0.012639662286774184,3.0
0.5435648546760659,-0.9671921592650449,1.3237854396011024,0.023276049328949572,0.0
0.6271579192091216,1.6078116311931394,0.16181110959840736,-0.03233027442235527,3.0
0.5435648546714122,-0.9671885993485282,1.329454533366705,0.01683654829110124,0.0
-1.7317881815559377,0.05404744842540598,-0.006519192084166529,0.04004603218891417,2.0
0.5598736414100343,-0.6925139927399244,-1.4811644595581512,0.015259225835970914,1.0
0.6271579196635355,1.6078131412067822,0.161260448104902,0.013361328040373915,3.0
-1.7317881814902523,0.054050474587548324,-5.144920025371686e-05,-0.018929906152810462,2.0
0.6271579200088123,1.6078105608604303,0.1585112486840776,-0.024024403745652314,3.0
0.5435648549084036,-0.9671882755133878,1.3337122167963298,0.019358286812442872,0.0
-1.731788181210966,0.05404915334081953,-0.004314937119832469,-0.019244725905724683,2.0
0.6271579192692185,1.6078125986869072,0.16283586248595847,-0.06754946689976864,3.0
0.5435648550985318,-0.9671904988077306,1.3329057244752804,0.00023599477817499537,0.0
0.6271579204696524,1.6078124300131094,0.16725226657839126,0.057085643500167774,3.0
0.5598736417329803,-0.6925164878165971,-1.4772266618557806,0.01656270012500743,1.0
0.5598736408685016,-0.6925131273104056,-1.4869202197775657,-0.04459877733711623,1.0
-1.7317881812599483,0.054049090646341905,0.0034916162960498326,0.0010299351488871529,2.0
0.5435648543021927,-0.967189383851824,1.337331921514189,-0.0064538682547627185,0.0
-1.7317881813175735,0.05405159107577984,-0.007366164122232648,-0.07803151153519532,2.0
0.5598736414129571,-0.6925163915530617,-1.4848312845968414,0.029217793808529912,1.0
0.627157919219003,1.6078132034339816,0.15963970839380223,0.009381551118536858,3.0
-1.731788181416614,0.05405070777846686,-0.0006687093149747731,0.016842769672099082,2.0
-1.7317881817146805,0.05404796791233983,-0.009930386542445845,0.013137332594298843,2.0
0.5598736410855212,-0.6925140553743656,-1.4856478781749103,0.03317998978015789,1.0
0.5435648544954464,-0.9671870084842656,1.33288811356452,0.06395171275078983,0.0
0.5598736408747678,-0.692516049282738,-1.4748960211255977,-0.02471520359813683,1.0
-1.731788181533843,0.05405028156620581,-0.009392739765459682,0.010165975631614053,2.0
0.6271579196437952,1.607813256862151,0.16258424671128074,-0.003313119518213148,3.0
-1.7317881814237988,0.054049379987412514,-0.0059575338348819545,-0.006001321341307713,2.0
0.5435648542096759,-0.9671926659871203,1.3341478602607846,-0.020884356268911195,0.0
0.6271579202044756,1.6078107276105709,0.1592821129163221,0.015577451931769211,3.0
-1.7317881813932965,0.05404827946020576,-0.004219389395955131,-0.0011087795076235992,2.0
0.6271579196878551,1.6078137110427744,0.16716721643201676,0.07656338866510096,3.0
0.5435648547742263,-0.9671929125958897,1.327966607003996,0.06626962783692039,0.0
-1.731788181809303,0.05405104350700343,-0.003975315892260586,0.012445491804948017,2.0
0.559873641264913,-0.6925165806363757,-1.480669654049007,0.04561239111736989,1.0
0.6271579197511115,1.6078144135148937,0.15974138554603737,-0.0758714537603955,3.0
-1.7317881814499358,0.05404899988853893,-0.003236489628187876,0.001540650652464589,2.0
-1.731788181298333,0.05405122298493366,-0.005040549984609554,0.00022080064305714543,2.0
0.5435648550270716,-0.9671939517818589,1.3365360657512886,-0.017098771822810624,0.0
0.5435648553431737,-0.9671898617474495,1.3329250564156412,-0.0411338414194622,0.0
0.5598736413848245,-0.6925167317917093,-1.4740887476691467,0.0388570123382797,1.0
0.5435648548988408,-0.9671887516153606,1.3325554546128575,0.026079107115167838,0.0
0.543564854566194,-0.967190096938446,1.3358657022945697,-0.0031098121289969377,0.0
0.5435648551269553,-0.9671892326157163,1.3321780943206714,0.03772036329910666,0.0
0.5435648547101296,-0.967190395885418,1.3312320126821406,-0.04480226679649196,0.0
-1.7317881811636082,0.054051050048737344,-0.009164156128078131,-0.018687938179154387,2.0
0.5435648546945704,-0.9671898173208787,1.3366208139878288,-0.010068147243466836,0.0
0.543564854652636,-0.9671896269788555,1.3317136435783832,-0.06687333283333677,0.0
0.5598736415301695,-0.6925140644195091,-1.4795811288712875,0.00942329778030925,1.0
0.5598736414707528,-0.6925179519455222,-1.4757134355138817,0.024785459576776147,1.0
0.6271579205847881,1.6078091753112773,0.16541656320951176,0.008231948858331756,3.0
-1.731788182260797,0.054049023913124536,-0.010318557547350185,0.0018741829455304684,2.0
-1.731788181114255,0.054049210553062776,-0.008546945227653459,-0.09065534584893027,2.0
0.5598736418021798,-0.6925144480461088,-1.4735648461021698,-0.011358164685147026,1.0
0.6271579205152645,1.6078119374723399,0.15604542053256393,-0.00427375643317145,3.0
-1.7317881816876275,0.05405122922815182,-0.010232225012943175,-0.034532122940592054,2.0
0.5598736411775639,-0.6925156647221,-1.4745039959031931,-0.07242014333729972,1.0
0.5598736414721959,-0.6925165874999314,-1.475079325736062,-0.01048959761261644,1.0
0.6271579199384222,1.6078119406763036,0.16457188065071926,0.010675872014941483,3.0
0.5598736417038918,-0.6925188919634329,-1.4850513923669726,-0.020759626028902203,1.0
0.5435648552260545,-0.9671912691631118,1.3413646617706265,0.005537689933700977,0.0
0.6271579199302332,1.607811037577141,0.16188771785537928,-0.03212342890073801,3.0
-1.7317881821617642,0.054049046454045346,-0.009616064146788077,-0.029668595999916145,2.0
0.5598736419321025,-0.6925138351407759,-1.4784219934760754,-0.09139700244830981,1.0
0.5435648546401441,-0.9671900219210661,1.3300033350639855,0.07558212388086338,0.0
0.5435648544036606,-0.9671891509597654,1.3323154689878807,0.03767236616880435,0.0
0.5598736415598852,-0.6925174271369404,-1.4757380117236314,-0.05200812904944925,1.0
0.6271579201608662,1.6078135264737805,0.1563870046017889,-0.03712318269722932,3.0
0.5598736412581957,-0.6925149437045252,-1.486908272937931,-0.08244638056088001,1.0
0.627157920347022,1.6078125382005657,0.15324199297578064,-0.0042395756938962675,3.0
0.6271579190372164,1.607811600875597,0.1614360730713206,-0.01169544367756642,3.0
-1.7317881815715994,0.05405072868095735,-0.00404834640358996,0.045286506870923414,2.0
0.6271579198227658,1.6078116227183605,0.15907533557605466,0.04203825851082011,3.0
0.6271579195988362,1.6078118196085895,0.16108661759323603,0.05251542972996035,3.0
0.5598736410925671,-0.6925174908117497,-1.480611940097318,-0.004269310511165507,1.0
0.6271579202148788,1.6078110376755614,0.16663919168518243,0.00532426092118082,3.0
0.6271579200508115,1.6078148151285452,0.15178113981655952,-0.004260746667659711,3.0
-1.731788181469227,0.05404903061098987,-0.001030671776095654,-0.024104992267917052,2.0
0.5598736415293502,-0.6925153150775986,-1.4857137296152412,-0.02214219394553272,1.0
0.5435648549355383,-0.9671919952196403,1.3348100282868933,-0.052771131773380435,0.0
0.627157920205122,1.607810969520314,0.16114461212494163,-0.059319782346442404,3.0
0.5598736415805189,-0.6925154571242129,-1.4768136984757974,-0.01842739002671374,1.0
0.6271579198002036,1.6078114872699378,0.16605033852545018,0.04638603568072335,3.0
-1.7317881815007976,0.054052910881909264,-0.0034004956399692463,-0.013470979490497213,2.0
0.5598736408325927,-0.6925166943124416,-1.4798003231866825,-0.01758676797542566,1.0
0.5598736416695466,-0.6925141750881447,-1.4703423532381716,0.03776780978687483,1.0
-1.7317881816825498,0.0540489185868641,0.001685932634719931,-0.03246402888970928,2.0
0.5598736413296571,-0.6925157521920479,-1.4812743623855285,-0.06435373499928412,1.0
0.5598736409945843,-0.6925127510547033,-1.477032315815321,0.054866610109140186,1.0
0.6271579197432164,1.6078106121080278,0.1608765255519124,0.013438252183844462,3.0
0.627157919838891,1.6078133092756142,0.15958403184191103,-0.007754596609970213,3.0
0.5435648554578787,-0.9671888977891717,1.3328171039327763,-0.011433235138243718,0.0
-1.7317881821163064,0.054051454925285757,0.0007242319333010698,0.0034688270061834876,2.0
0.5435648549932536,-0.9671885364416506,1.3353539686807696,-0.02245115797597627,0.0
0.5435648549620886,-0.9671901381226894,1.333913581928639,-0.008299763804186566,0.0
0.5598736410201895,-0.6925167734325882,-1.471871642062608,-0.008199024587190303,1.0
0.5598736416820695,-0.6925153466113236,-1.47486506570388,0.0031639595941832634,1.0
0.5435648545612729,-0.9671911069761895,1.3316581603969853,-0.02276591669225774,0.0
0.6271579199784508,1.607813588040867,0.15318023516307902,-0.031300337986057615,3.0
0.543564854903124,-0.9671895151548503,1.3323660227537508,0.031834160029250415,0.0
-1.7317881819250573,0.054054150451866984,-0.002700693861998737,0.025238592040193165,2.0
0.6271579194686147,1.60781069089189,0.16410280926029544,-0.026098751946748128,3.0
0.543564855429748,-0.9671924494780274,1.3318758799507286,-0.015267315668923235,0.0
0.5598736418133685,-0.6925168076968234,-1.476570056383699,0.009544168402002458,1.0
0.5435648549379763,-0.9671914284812665,1.3352179578086179,0.06024554419198844,0.0
0.6271579202113475,1.6078100355500098,0.1616081504760673,-0.08811715191920266,3.0
-1.7317881815547638,0.054049445376900054,-0.005378963528460311,-0.031021151775470053,2.0
-1.7317881821543553,0.05404895410117758,0.0013706309865591493,0.039579727800261214,2.0
0.5598736418435727,-0.6925168078779158,-1.4800353357381464,0.042617928302334365,1.0
0.627157919491862,1.6078130704925997,0.1538923015006206,0.02200361504602815,3.0
0.5598736414528809,-0.6925151773073549,-1.480806485542032,0.009050685395802914,1.0
0.5598736416078465,-0.692517605207904,-1.4839025823134182,-0.01636314884680164,1.0
0.5598736414404291,-0.6925135413317793,-1.4782608337066019,0.09004246867734322,1.0
0.559873641263074,-0.6925144247854814,-1.4813113635273794,-0.01294408581111542,1.0
0.5598736410693794,-0.6925161169281782,-1.4815125982300321,-0.005558053819438287,1.0
0.6271579198468351,1.6078119533910717,0.1570525431064712,0.02859702859701442,3.0
0.5435648550074871,-0.9671887919056573,1.332038747673312,0.02704353961298925,0.0
0.5435648535934975,-0.9671900619759695,1.3363520404876823,0.021715741788329163,0.0
0.5435648553016722,-0.9671912861351083,1.3339947814221722,0.010147933815073179,0.0
0.5435648544998095,-0.9671910458644571,1.33404829671753,-0.003430354666678938,0.0
0.5435648552288467,-0.9671925313848678,1.3278265300253254,-0.006325913771029882,0.0
0.6271579199578058,1.607811186140896,0.15569287068484478,0.011381315216331987,3.0
0.559873641155176,-0.6925153758800504,-1.4827555071992742,-0.04886218133716107,1.0
0.5598736416506477,-0.692515743154545,-1.4761572379878651,0.012569742132143189,1.0
0.559873641771562,-0.6925152404386007,-1.4816353122242505,-0.0853415165159474,1.0
0.5598736412017933,-0.6925172580547055,-1.4805271049005717,-0.057716569967254085,1.0
0.5435648540641835,-0.9671878484538879,1.3298509405813053,-0.03923352884005732,0.0
0.543564854198573,-0.9671865610550654,1.3333262489079938,0.019451144727728756,0.0
0.6271579199804989,1.6078114217231536,0.15462070411310416,-0.011193215761527342,3.0
0.5598736419825712,-0.6925162590081992,-1.472980165501939,-0.007872246014480574,1.0
-1.7317881813120442,0.05404792716391939,-0.007173773912749062,0.07054048145042344,2.0
0.5435648550069799,-0.9671858270175762,1.3315327799151568,0.003643738539650443,0.0
0.5435648541847251,-0.9671879610725961,1.3308228062584064,-0.01054213040831043,0.0
0.5598736424928424,-0.692512684863424,-1.477419180705394,-0.06577926957430859,1.0
0.627157919708738,1.6078126374672916,0.15818953576517508,-0.030961146637053457,3.0
-1.7317881818682022,0.05404914330797303,-0.007364924966907369,-0.05516624924869327,2.0
-1.7317881813350307,0.05405339481217703,-0.004299574862683221,-0.027687037935671416,2.0
0.5598736412681601,-0.6925150959025104,-1.4784642644819754,-0.04871069673338401,1.0
0.5435648548001442,-0.9671896510307195,1.338125441650572,-0.0198435775571818,0.0
0.6271579201714865,1.6078132184264227,0.1598032148634897,-0.036642954178344435,3.0
0.6271579195962111,1.6078105710294304,0.15615805868108532,-0.004048807819206538,3.0
0.5435648548925732,-0.9671892327280291,1.3324952401118784,0.053716445796437126,0.0
0.6271579194049597,1.6078127179962582,0.16023721567786658,-0.03041969355787932,3.0
0.5435648543166464,-0.967190648569953,1.3323083281821093,0.03477568047396717,0.0
0.5435648554078766,-0.9671896980702023,1.3310158916333554,-0.027977297614907814,0.0
0.5435648544675353,-0.9671916075178364,1.328718331470042,0.042813107823531434,0.0
-1.7317881817856007,0.05404907368476226,0.00023468608448780654,0.009509382018527319,2.0
0.6271579191582631,1.6078147227674093,0.16298482039975876,-0.0245061733752936,3.0
0.5598736415403303,-0.6925191400098731,-1.4793506059417794,-0.02290350577497072,1.0
0.5435648550364025,-0.9671870286614741,1.3329624150777155,0.040018860210223925,0.0
-1.7317881814724,0.0540490570168566,-0.005352713566178584,-0.04400520994642647,2.0
0.6271579199754054,1.6078103323591197,0.16296724838620194,0.05452954887142504,3.0
0.5435648546896904,-0.9671918729713462,1.3304691868906904,0.04400925893306928,0.0
-1.731788181675822,0.0540490247683443,-0.006618582680876533,0.005440218943709205,2.0
0.5435648545753532,-0.9671896556734929,1.3345009528590248,0.04140683546921093,0.0
0.6271579198888284,1.6078093588994,0.1699909802422946,-0.03004264971194397,3.0
0.5435648543810608,-0.9671902441659561,1.3334055776416331,0.02777233702670672,0.0
0.5435648552085413,-0.9671898230476104,1.339611995179391,0.016350158395133225,0.0
0.5435648541731055,-0.9671890418319693,1.3352272071649731,-0.0034455777667160006,0.0
0.5435648544661233,-0.9671927413442319,1.3354276218396102,0.07446157778215291,0.0
0.627157919638057,1.6078098295785925,0.15363943976606909,0.023285725783906603,3.0
0.6271579207603016,1.607814296937041,0.15841586846431865,0.0600431337919176,3.0
0.5435648549265969,-0.9671859293132739,1.3364421357323217,-0.04601349375779709,0.0
0.6271579195403779,1.6078086648824923,0.1617354282593964,0.005984047680658135,3.0
-1.7317881813020326,0.054049793214571346,-0.005356474101940801,-0.012414666569970343,2.0
0.5598736422902582,-0.6925133780332826,-1.482695923996022,-0.02255401711115179,1.0
0.5598736414263745,-0.6925151172131288,-1.4746730035942626,-0.015904443751221388,1.0
0.5598736418458903,-0.6925119164782778,-1.4749494820389022,-0.004366769171466928,1.0
-1.7317881812396156,0.05405121475566455,-0.008156318488710117,-0.02076261039824694,2.0
0.5598736417130297,-0.69251806720563,-1.4787198343475318,-0.026653480832371682,1.0
0.5598736415009559,-0.6925132251584626,-1.480823640361641,0.0601023720107681,1.0
0.6271579201606851,1.6078128014170143,0.16259780517237973,0.024288351883900026,3.0
0.6271579199724644,1.6078133784865185,0.16118566516725968,-0.011655150669422505,3.0
0.5435648543820101,-0.9671917913306634,1.3362030829408729,-0.035983058912923395,0.0
0.6271579201568208,1.607814376095682,0.15208185028076235,0.03453256874764366,3.0
0.5435648547968244,-0.967191677220951,1.3366317787152964,0.020448386983085622,0.0
-1.7317881818825995,0.05404884497355975,-0.005160426534325292,-0.010708908703423904,2.0
0.5598736409369681,-0.6925162402926995,-1.4769272924501882,-0.00579533363092372,1.0
-1.7317881809741908,0.05405337392993768,-0.00819061762012114,-0.0012190714997056412,2.0
0.6271579205095306,1.607810486033099,0.15660234852682794,-0.033684534042065124,3.0
0.627157919361957,1.6078127858734987,0.16491634673966138,-0.016310686546034674,3.0
-1.7317881807393447,0.05405110623534669,-0.012047884371164472,-0.010005270017804033,2.0
0.5598736425773265,-0.692517130252831,-1.483154304285213,0.025792929362952428,1.0
0.6271579197545636,1.6078116061148353,0.159937237709902,0.04815813078499897,3.0
0.5435648551160578,-0.9671888790838796,1.3356017351310958,0.019540225886590924,0.0
0.5435648541411258,-0.967188191811759,1.339525267337235,-0.046352123116046653,0.0
0.5435648549069321,-0.9671891639191994,1.3304405451076278,-0.0011279889559610515,0.0
-1.7317881818697638,0.05404842606529626,0.0004961567774586191,0.003253779636095844,2.0
-1.7317881815176885,0.05404751925256751,-0.007838744730763243,-0.03624156532935887,2.0
-1.73178818115555,0.054052369650842584,-0.01109657529352451,0.002162857464140824,2.0
0.543564855267665,-0.9671900200066985,1.328192757050495,0.02290665165618449,0.0
0.543564854743925,-0.9671886460493312,1.3292469668313434,0.004750688968094688,0.0
0.5598736409209949,-0.6925157156831289,-1.4785303403825563,-0.03258380306441873,1.0
0.5598736407079319,-0.6925166528040716,-1.4816717657811695,-0.023464888279412507,1.0
0.5598736414376211,-0.6925170082591313,-1.4848943698710106,0.03653723815799767,1.0
-1.7317881812928464,0.05405004263415212,-0.005587766224147556,-0.01905390426927688,2.0
0.5435648550279977,-0.9671888731665425,1.3316676564921248,0.038266965787402796,0.0
0.6271579199353453,1.6078096729360485,0.16357398391831549,-0.047417742057391916,3.0
0.5598736413430628,-0.6925144492960758,-1.4838992883728133,-0.04168189764909223,1.0
0.6271579211970888,1.6078127194539087,0.15968087293250108,-0.034039004221319016,3.0
-1.7317881812015774,0.054048763758698715,-0.0035158953370052707,-0.009033761259600249,2.0
0.6271579203221576,1.6078105183466467,0.16174215766469893,0.010385794642546894,3.0
0.5435648545213693,-0.9671920440246465,1.3289741638968886,0.037089812546756765,0.0
-1.731788181209294,0.05404911130349775,0.003538696527098309,-0.09757023189681359,2.0
0.5435648544055047,-0.9671885340411698,1.33733060037446,0.04689134260498049,0.0
0.5598736416532069,-0.6925157047505831,-1.4764912311866778,0.015515244829009385,1.0
0.5435648545598317,-0.9671875569535939,1.3357143494602455,-0.0131737888114488,0.0
0.6271579195339836,1.60780942784299,0.15873980141195046,-0.010328724013311072,3.0
0.543564855066149,-0.9671894868401776,1.340950056051382,-0.004022808964391046,0.0
0.5598736414740147,-0.6925173424693031,-1.4820591047631035,-0.014954940831505054,1.0
0.6271579200650155,1.6078132056953678,0.16526154529895545,0.007902920387673018,3.0
0.6271579198144284,1.6078122580139538,0.16017636995611503,-0.02234919759170697,3.0
-1.731788181447219,0.05405594628689404,-0.007631825417403656,-0.03495987853282512,2.0
0.627157919656293,1.607810052938137,0.16208364547726056,-0.00022610001237855046,3.0
0.5598736418923738,-0.69251557483377,-1.4824028700681224,0.029780578766023035,1.0
0.543564854888653,-0.9671902926481624,1.3275405670145468,0.03726378220075535,0.0
0.559873642387343,-0.6925172059624175,-1.475226926933287,-0.008587702821561006,1.0
0.5435648551058654,-0.9671878707159512,1.3337832873601962,0.05197315790337807,0.0
-1.731788181525153,0.05404978225114484,0.0023167877598247954,0.01898346577839958,2.0
0.6271579198285466,1.607807202712172,0.16515132189950868,0.012547314868071714,3.0
0.5435648545040125,-0.9671886622982907,1.3316769138620053,0.019273884008365185,0.0
0.543564854504731,-0.9671888974401371,1.3334902335859664,-0.022826641247858232,0.0
-1.731788180846984,0.0540503002774838,-0.00304641893660834,-0.058452980786161395,2.0
0.6271579196492909,1.6078103207732242,0.1655549885611774,0.04692719662348344,3.0
0.5435648545817332,-0.9671912489685158,1.3333401118895478,0.033229634710170326,0.0
-1.7317881813328126,0.05405185467420186,-0.0026272718230037208,-0.003173077909494057,2.0
0.5598736415316846,-0.6925149923313839,-1.4788035257669696,-0.003411176427674488,1.0
0.5435648539446809,-0.9671876111762188,1.333924536086478,0.04196241279568926,0.0
0.6271579201024582,1.6078079771199514,0.16335557389041674,0.01468168781406037,3.0
0.5598736413551184,-0.6925146013380599,-1.4875672141349228,-0.02451990477967616,1.0
0.5598736416410274,-0.692514331677291,-1.4785803323082587,-0.07913390329377784,1.0
0.5435648548833011,-0.9671892319066413,1.3310272821013416,0.0013286905727221093,0.0
-1.731788181390296,0.054050534033014734,-0.00741823262449606,-0.01612010132926802,2.0
-1.731788181514981,0.05405097544052126,-0.006185713767388153,-0.013682523119993862,2.0
-1.731788181049627,0.054052201616049234,-0.008625274357677352,0.006254721615797551,2.0
-1.7317881809130924,0.05404996440516242,-0.005849069936121701,0.03155299610908293,2.0
0.55987364155009,-0.6925186119687831,-1.4738157155752152,-0.027625870504451224,1.0
-1.7317881808968982,0.05405115184841155,-0.004867728041206634,0.00042285659129980235,2.0
0.6271579201803588,1.6078103987413281,0.15744806525073343,0.015373519232584086,3.0
0.5598736410388396,-0.6925187085685945,-1.4803517808049582,-0.016289445888628407,1.0
0.5435648544183406,-0.9671893152242633,1.3339892323705456,0.052391795291016605,0.0
0.5598736418834702,-0.6925167522504864,-1.4755747434516577,-0.08003904387674736,1.0
0.5598736407630085,-0.6925177803865349,-1.4790522231698038,-0.006436547846427361,1.0
0.6271579199003613,1.6078140450688727,0.16171729894621434,-0.028335107165640475,3.0
0.5435648548885172,-0.967189316392788,1.331667208149124,-0.010884467636178776,0.0
0.6271579203139945,1.607810298200654,0.1553364445252533,-0.0709753533003247,3.0
0.559873641711134,-0.6925163945070343,-1.4786793358445913,-0.07970639126938625,1.0
0.5598736419001864,-0.6925180597304298,-1.4771506752698305,-0.010424060155939994,1.0
0.6271579196544954,1.6078123107449545,0.15815773689898596,0.003766469881292902,3.0
-1.7317881814722136,0.05405041242326513,-0.0043527243844155945,0.047216001094405886,2.0
0.5435648549603429,-0.9671904289877206,1.3357775918394796,-0.017159048319969648,0.0
0.5598736412663233,-0.6925160505707092,-1.4758336105925927,-0.01657032883275357,1.0
0.5598736410581229,-0.6925151345906639,-1.4774421832153275,0.021303487936871174,1.0
0.5435648552807164,-0.9671905955213504,1.3319693287176926,-0.04120191698842329,0.0
0.5435648548938458,-0.9671883858229282,1.331055140777065,-0.010163827546576415,0.0
0.559873641135899,-0.6925171571819945,-1.4784968088509827,-0.03282436726381047,1.0
0.5435648541971341,-0.9671912734003478,1.3270904900786522,0.0720975306441328,0.0
0.6271579201488657,1.6078130866618863,0.16032143249160638,-0.026544484820088816,3.0
-1.7317881820311403,0.05404952802216617,-0.009110516257604126,0.002308829871304539,2.0
0.5435648546440343,-0.9671917056147286,1.3314024073880986,0.05842558869494503,0.0
0.5598736419770404,-0.6925150385867227,-1.4810526464511176,0.04819867129476079,1.0
-1.7317881817773662,0.05405083486195718,-0.005976124363931956,-0.020277124158935695,2.0
0.6271579203741685,1.6078133181077208,0.15931299016705508,-0.01980699092452156,3.0
0.627157919748985,1.6078124687145994,0.16106195244378718,-0.04124320031429563,3.0
-1.7317881810067894,0.054049846996918706,-0.0025201925355991966,0.04978488736403012,2.0
0.6271579196851802,1.6078119396619974,0.16099208222447778,0.03712683151128075,3.0
0.5598736411342532,-0.6925165662064099,-1.4814073475492142,0.023545018240202456,1.0
0.6271579196412265,1.6078098084825878,0.16491633422954655,-0.005613843141964084,3.0
0.6271579198936033,1.607810759909828,0.1616734392671658,-0.0004438286813572811,3.0
0.6271579198128215,1.6078139038621069,0.15878302826636942,0.002932116702509584,3.0
0.5435648548394403,-0.967191443780918,1.3343170868030134,-0.025955012929234453,0.0
0.5598736414478749,-0.6925175541148306,-1.4808214825309627,-0.04759960975150556,1.0
0.5435648546666951,-0.9671880126873673,1.3340432930077606,0.03425848057500284,0.0
0.543564854767382,-0.9671916873940539,1.3317723965334296,-0.03499909318380092,0.0
0.5435648547146839,-0.9671888915527612,1.3334800459206133,0.027530751063448194,0.0
-1.7317881813958584,0.05404921149151758,0.0025925559169362646,-0.03847283168818922,2.0
0.6271579198760185,1.607811648207633,0.16496990496056654,-0.033501557653944296,3.0
0.5598736420302856,-0.6925177630392735,-1.4799784620315324,-0.01236396672617928,1.0
0.5598736413670297,-0.6925151897659062,-1.4765335435773432,-0.04332717743317713,1.0
0.543564854343002,-0.9671890431001052,1.3319779034489783,-0.0072498735937848394,0.0
0.6271579195222549,1.6078119904509884,0.1591474474532255,-0.026462082353066192,3.0
-1.731788181362028,0.054049785290712686,-0.0011599912218071046,0.004897315668073377,2.0
0.6271579202251256,1.607809322510054,0.16634424015676985,0.028920637141853354,3.0
0.5598736412628286,-0.6925150425197132,-1.480617465832076,-0.02198662315948673,1.0
0.5598736406317683,-0.6925149175474485,-1.4751231022391262,-0.024755253537814333,1.0
0.627157919903234,1.6078100915481037,0.15252020045048886,0.01462446483022401,3.0
0.5435648548393905,-0.967189954466116,1.3321194278141681,0.024482925999029036,0.0
0.5435648544839803,-0.9671875017977969,1.3269500396127365,0.0012416848911087901,0.0
-1.7317881813960936,0.05405259817429499,-0.006189126089591608,-0.10433015655719005,2.0
0.6271579194166034,1.6078133570538133,0.16065255054044003,-0.02646742097938374,3.0
0.6271579197134841,1.607812016493806,0.1567382335109451,-0.009072420863001857,3.0
0.5435648546439789,-0.9671908067785973,1.3319961562965015,0.018755552500641006,0.0
-1.731788181642947,0.054049494761365544,-0.0021615488527839564,0.0009694746515466659,2.0
0.5598736414673118,-0.6925137158127533,-1.479986212019468,0.007927669906122134,1.0
0.5435648545576046,-0.9671885762209147,1.3304530251697309,-0.013424432985753808,0.0
0.5598736413010841,-0.6925150376955465,-1.4835537089101098,-0.05313960497148586,1.0
-1.7317881812946323,0.05404747430955862,-0.009783799821676289,-0.029841385191505147,2.0
0.5598736411049005,-0.6925157490952476,-1.47592112588537,0.017642048556873905,1.0
0.5435648543211969,-0.9671927073384678,1.3375459094768858,-0.020284508569633816,0.0
0.5598736418356327,-0.6925159650568409,-1.4861796380023495,0.019201993232063813,1.0
-1.731788181661386,0.05405072743597318,-0.009470884617165666,0.01890562735413587,2.0
0.5598736409367063,-0.6925169496411934,-1.475408792464655,-0.03529560319906428,1.0
-1.7317881812756488,0.05405237779511555,-0.005886655888237467,-0.03639867752839512,2.0
-1.7317881812583855,0.054050457669957426,-0.003927804476039942,0.009954398513105782,2.0
0.5598736410605183,-0.6925189909433932,-1.4839078977700295,0.01968375702174834,1.0
0.5598736414767477,-0.6925153125604298,-1.4778691507023114,-0.04466722047999783,1.0
-1.7317881813486753,0.05405183702209942,-0.004124279043429936,0.014503639029697403,2.0
0.5598736420843096,-0.6925159108128575,-1.4832738072648681,-0.015909229432124982,1.0
-1.7317881813878688,0.05404922071884003,-0.0015384396972202875,-0.01698944042519334,2.0
0.5598736406006666,-0.6925147415445425,-1.4768381042420204,0.04541401899749705,1.0
0.543564854469141,-0.9671879148412816,1.3399866994074756,-0.023666428898937057,0.0
0.5435648541117343,-0.9671907694658207,1.3302424956783585,-0.001507134642553898,0.0
0.5435648555258263,-0.967189410541386,1.3281574343615383,0.02932873657069627,0.0
-1.7317881811060167,0.05404978419903678,-0.00867925945905836,0.08865828414511488,2.0
-1.731788181128293,0.05405324897808592,-0.00455843000771165,0.05635816930149725,2.0
0.5598736413615082,-0.6925153463164619,-1.478649823329713,0.050168442312853216,1.0
-1.7317881818677214,0.05405279788487028,-0.0034191288036659498,0.021829078464821218,2.0
0.5598736416357684,-0.6925153123597994,-1.491378755242546,-0.014328500404589306,1.0
-1.7317881809894744,0.05404889386395962,-0.010631234569257889,-0.05490418902185928,2.0
-1.731788181232061,0.0540531818022425,-0.005593863543839,-0.027488045475440235,2.0
0.6271579201980642,1.6078112016100987,0.15930406410063716,-0.0646620041267788,3.0
0.5598736407697926,-0.6925133063455939,-1.4799060921667107,-0.07308492073417985,1.0
-1.7317881810242037,0.05404763062030211,0.003248925136964591,0.03152670826411258,2.0
0.5598736420502122,-0.692515455305647,-1.4852511679092326,0.00012687861846179567,1.0
0.5435648545147342,-0.9671904309847024,1.3344457835045518,-0.002287200294625815,0.0
0.5598736424488284,-0.6925128748617149,-1.482290431449585,0.0027632660933219807,1.0
0.6271579195091714,1.6078088863022026,0.15894283647895927,-0.01258741419959799,3.0
0.5435648546365641,-0.9671894018820197,1.3371851972772033,0.0459021755697763,0.0
-1.7317881819223293,0.05405024955226286,-0.0050342585247840415,0.09274049696179261,2.0
-1.7317881818774374,0.05404893309697709,-0.00232035587719031,-0.011939439375670548,2.0
0.5598736418191852,-0.6925168800056091,-1.4839605578994737,-0.032219380338503606,1.0
0.559873641399188,-0.6925147755668621,-1.4743202457637044,-0.04668150031890254,1.0
0.5598736417910637,-0.6925161138995294,-1.4731333191133877,-0.026580041577730616,1.0
0.5598736414941256,-0.6925156724509361,-1.4832700722799481,0.01807174939491745,1.0
0.559873641730529,-0.692517199793828,-1.476665734486387,-0.04415083626250204,1.0
-1.7317881817286587,0.054048380311844724,-0.0008875104414142603,-0.013126252578176222,2.0
0.6271579200681475,1.6078087538483223,0.1584107442220948,-0.028693331316160486,3.0
-1.7317881818123124,0.054052018965675755,-0.00017087293504885868,-0.037240378334983254,2.0
-1.7317881814438119,0.05405146522060064,0.0023712244174176863,-0.012423858454194426,2.0
0.6271579203853785,1.6078111636364718,0.16007772234962286,0.024741447383082392,3.0
0.5598736418263616,-0.6925157961033278,-1.478123911260731,-0.018666959467663048,1.0
0.5435648553202912,-0.9671894927196293,1.3301200284777492,0.0037154444025081514,0.0
0.5598736414507328,-0.6925159622011771,-1.4748940275286535,-0.013172492265353114,1.0
-1.7317881813981502,0.05404526084709128,-0.0033855883936329515,0.021421342080984028,2.0
0.543564854629123,-0.9671884647708822,1.328101815421084,0.04358265223817338,0.0
0.5435648546166181,-0.9671883661916227,1.3337676393422206,-0.0014705321630772018,0.0
0.6271579198254351,1.6078117245698447,0.1654293154152146,-0.034101884977259626,3.0
-1.7317881814819853,0.054049048964420934,-0.004844390577538302,-0.0221839133114149,2.0
0.5435648551019865,-0.9671920717704865,1.3296368593795047,-0.023755750407057182,0.0
0.627157919062996,1.6078139215095084,0.16674809169907023,-0.04203986347140434,3.0
0.6271579195237478,1.60780950247569,0.15648818144801863,0.006717827068243118,3.0
0.559873642016023,-0.6925145390494851,-1.4774289902605418,-0.007802293326791181,1.0
0.6271579196810282,1.6078103361759826,0.16164824394585728,0.016715075226364243,3.0
0.6271579196648072,1.60781162416404,0.16579280353635056,0.007577879460903535,3.0
0.6271579194377884,1.6078129736550764,0.16246367411058404,-0.006231349586279388,3.0
0.5598736419578013,-0.6925160098471678,-1.4749944719797103,0.009802284652759233,1.0
0.6271579198183966,1.607811598616504,0.16887129809446783,-0.004983345564358982,3.0
-1.7317881817664103,0.05405180304291918,-0.00469110567741529,0.024321833676665558,2.0
-1.731788181338545,0.05404934696432363,-0.006506193487011001,-0.03768846820310713,2.0
-1.7317881814559994,0.05404972090978884,-0.0047919234532938,-0.05204573193307758,2.0
-1.7317881811415083,0.054050805078950624,-0.0028156147883059294,-0.0741087581793323,2.0
0.5598736416465351,-0.6925174138712585,-1.4795405728285853,-0.025695357319840375,1.0
0.5598736418797395,-0.692513811815047,-1.4815387391596484,-0.09251048485338594,1.0
0.5598736415679838,-0.6925165000696543,-1.4812846785922174,-0.010693642611998061,1.0
0.543564854624173,-0.9671921645893975,1.3333602870048584,0.010713481280409306,0.0
-1.7317881818214336,0.05405345340268145,-0.002622020618055049,-0.04186929068307956,2.0
-1.7317881813851097,0.054052431026736444,-0.0027728945887033406,0.0036908636900926457,2.0
0.5598736419307269,-0.6925155567499471,-1.472899390863937,0.025124110957818052,1.0
0.5598736413263492,-0.6925143068846392,-1.474250173674374,0.039703817187976526,1.0
0.6271579192624035,1.6078102954772906,0.16010923774380734,-0.018915660254445243,3.0
0.5598736417665114,-0.6925159109374232,-1.4739877737804632,-0.07733275999778712,1.0
0.5435648555546665,-0.9671910159701348,1.3338319420658529,0.03414758160309645,0.0
0.6271579205820977,1.6078127257923396,0.1677411640581867,-0.039558972691011655,3.0
0.5598736417837941,-0.6925186731389883,-1.4809391033745585,0.040746360773160246,1.0
0.6271579193215333,1.6078150235702195,0.15992909315944587,0.007018613491359402,3.0
0.5435648543704734,-0.9671887040981056,1.3346439538767114,-0.06803606637742571,0.0
0.5435648545195179,-0.9671904926516014,1.327957184643834,0.009512393770969367,0.0
-1.7317881816319152,0.05405241290764301,-0.005457528653829703,0.00379147247506302,2.0
0.6271579194577344,1.6078103652359692,0.16241964445108753,-0.014902920628749214,3.0
0.6271579195734643,1.6078122745422483,0.17036472778097148,0.05875198590738311,3.0
0.6271579191720761,1.6078122200000342,0.16293564694329596,-0.017919491415019948,3.0
-1.7317881819487229,0.05404943153932416,-0.007157625099834144,-0.0663220743022135,2.0
0.6271579199098217,1.607808828302335,0.15963323833280144,-0.08971175722864974,3.0
0.5598736414563112,-0.6925172966369461,-1.4833704079828707,-0.0344476842020524,1.0
0.5435648550756259,-0.9671888864131174,1.334606310964908,0.005753208764225178,0.0
0.5598736410799419,-0.6925178048436932,-1.4766485272514522,-0.021166531826182874,1.0
0.5598736415098716,-0.6925146396014686,-1.4751744614766131,-0.007998091736608213,1.0
0.5598736414424381,-0.6925145287126151,-1.4821966071632668,-0.025061168346322393,1.0
-1.7317881814808302,0.054051819294817186,3.113442642282015e-05,-0.03204472729501624,2.0
0.5435648548084204,-0.967190845740126,1.3357522172169416,0.031540241342383174,0.0
-1.7317881815302558,0.0540493161034277,-0.006340767081401641,0.029088392805863384,2.0
0.5435648548854655,-0.9671905358118545,1.3327184232442122,0.03538518660339771,0.0
0.6271579203371288,1.6078067143787538,0.16271069839841443,0.03735526852544098,3.0
-1.731788182207955,0.054050829712929814,-0.005491768988702744,-0.011966500617979806,2.0
0.543564854863099,-0.9671865380257723,1.3340356263670996,0.031129048860679066,0.0
0.6271579197628013,1.6078123535876852,0.16215577797203226,0.02105093974280604,3.0
0.559873641542602,-0.6925167547034699,-1.476022929258383,0.040998776232351174,1.0
0.5598736416586171,-0.692516186470621,-1.4787584910893796,-0.019393142563579928,1.0
0.6271579194519752,1.60780860149921,0.1541350577678924,-0.02978098881412228,3.0
0.5435648545906127,-0.9671906572296106,1.3313523566132608,-3.410636801951988e-05,0.0
0.5435648542645201,-0.967192031941669,1.3353446839013572,-0.032743427902152025,0.0
-1.7317881816849372,0.05405111389583816,-0.004708261256534007,0.05501674074103147,2.0
0.6271579197776324,1.607813324856069,0.16671179240330933,0.018153750788922566,3.0
-1.7317881815871667,0.054052756592633845,0.0026707573080489116,-0.015106153635857468,2.0
0.5435648553349771,-0.9671909641557163,1.3331232868592293,-0.020247780373648185,0.0
0.5435648549816177,-0.9671914587037277,1.3379497730266485,0.03729533963634776,0.0
0.6271579196890704,1.607812883974202,0.1609189012588691,-0.004330677143522088,3.0
0.5435648545346173,-0.9671895425309889,1.33128779423025,-0.07005808090135718,0.0
0.5598736419832041,-0.692517171196866,-1.4732035009739697,-0.028603694919305592,1.0
0.5435648552740628,-0.967188661560115,1.3359973792188156,-0.06396633477063396,0.0
0.5598736410392564,-0.6925154900083853,-1.4769757129957892,-0.0013232012705733883,1.0
0.6271579194113373,1.6078122487060156,0.15588251778885817,0.02945972707715533,3.0
0.5435648555433523,-0.9671886336421999,1.3281965688115998,0.02648950204358647,0.0
-1.7317881809125304,0.054050840995940215,-0.005331804215650021,-0.0126221044149205,2.0
0.5435648546390012,-0.9671912971897666,1.3321566070206121,0.03506193684852082,0.0
0.5598736413579879,-0.6925188190336462,-1.4800900773522536,-0.0037821028741352072,1.0
0.5435648549893245,-0.9671936230710485,1.3391449262914439,-0.02513648388570045,0.0
0.5598736411262752,-0.6925138546922274,-1.475280992693492,0.012908041185899562,1.0
0.627157919957926,1.6078094240458314,0.16045353093828946,-0.023234651472219835,3.0
0.6271579204822818,1.607808730887646,0.15924487675546772,-0.04360039804851608,3.0
0.6271579201241883,1.6078076108377235,0.15977653414987134,-0.01347594671300002,3.0
0.6271579195264837,1.6078100604938153,0.16502718739264075,-0.03130960181453734,3.0
0.559873641378174,-0.692516939331317,-1.4731568681951797,0.0006762636866681299,1.0
0.5435648548829708,-0.9671899378565885,1.3348544672004674,0.024868368762157426,0.0
0.6271579195201139,1.6078134948528857,0.16426942539688932,-0.05794546606750503,3.0
0.5598736414742744,-0.6925199511562697,-1.4814956438741416,-0.00942322424778769,1.0
0.5435648547030537,-0.9671903670451246,1.327322708209348,0.03402777614909821,0.0
-1.7317881814030938,0.054050220432994955,-0.007694953901432409,-0.01462823184388293,2.0
-1.7317881818352834,0.05404701417622765,0.004077445112064275,0.029700236405376973,2.0
0.6271579197156631,1.6078100815335754,0.15691409635252299,0.03761921658123356,3.0
0.5435648547435422,-0.9671917586230268,1.3314828741947795,0.024984668370649672,0.0
0.6271579196378955,1.6078097653281784,0.16686877926809426,-0.09457340716101229,3.0
0.6271579202181188,1.6078101375322151,0.1625347864969216,0.004145970140909467,3.0
0.5435648553782799,-0.9671902404086087,1.3367865177075673,-0.017736149480062986,0.0
0.6271579197858135,1.6078116887880185,0.16677151381813216,0.011981365019003928,3.0
-1.7317881815424119,0.05405204858827632,-0.0010007094361082916,0.04361189044143484,2.0
0.5598736411976311,-0.6925156640577553,-1.4815631557269195,-0.0228594566517912,1.0
0.5435648542771583,-0.9671888645831407,1.3342956126672145,0.05919543503517205,0.0
0.5598736413409473,-0.6925196180842013,-1.4832144451228173,-0.039633599381469174,1.0
0.5435648549411667,-0.9671881797242087,1.3296855342504579,-0.032521892157811434,0.0
0.5435648548978493,-0.9671862325717244,1.336467445979842,0.0431379969378227,0.0
0.5435648548752656,-0.967188716528228,1.3286145526406419,-0.014889485055681332,0.0
-1.731788181423496,0.05404981775271977,-0.004883203214631432,0.02008494820907997,2.0
0.5598736409369515,-0.6925165108432331,-1.4825252984214632,-0.08065480376099567,1.0
-1.7317881812839675,0.05405205080332472,-0.0034148513827294918,-0.020635380279483813,2.0
0.5435648546127165,-0.9671901136053959,1.3330612387551892,-0.035993414668091396,0.0
-1.731788181339002,0.054050408612460916,-0.007686982732780497,-0.055902484184460186,2.0
0.6271579199244454,1.6078134663879402,0.15866606744224918,0.03385248303732858,3.0
0.627157919494261,1.6078092055269697,0.16403350363634697,-0.06637067705419959,3.0
-1.7317881808107944,0.05404963670040541,-0.00399785354301958,-0.031869575307069964,2.0
0.5598736417384559,-0.6925180402311926,-1.4715226184605072,0.06853678846505475,1.0
0.5435648549541252,-0.9671877092234763,1.332443938050882,0.04009026900113748,0.0
0.6271579202198668,1.607811759080109,0.15979569312243225,-0.039866661085594716,3.0
0.543564854218844,-0.9671906717732507,1.3332682622246914,0.06862734177075157,0.0
0.5598736413068791,-0.6925138673140195,-1.4763164170321188,-0.04172938531481999,1.0
0.5598736413458025,-0.692514997716727,-1.4814592666721904,-0.04046872777956768,1.0
0.5598736420565058,-0.692516179393865,-1.4819172970534629,-0.04404867247882195,1.0
0.6271579204143027,1.6078110278869024,0.1598560645795961,0.01494829814967916,3.0
-1.73178818172893,0.05404980389599895,-0.0036743191743558536,-0.0056686927707036,2.0
0.6271579203600746,1.6078127546428815,0.1616730758320448,0.005026974990738835,3.0
0.6271579199206467,1.6078102658652749,0.15910362646871995,-0.02762984656381337,3.0
0.5435648545205726,-0.967187325819679,1.331292863338828,-0.0323961716591505,0.0
0.6271579191627489,1.6078103977182547,0.15747684585484129,-0.04422736253552692,3.0
0.5435648547475461,-0.9671905085006126,1.3277394564424503,0.05154545284809237,0.0
0.6271579199149513,1.6078114740823866,0.15263464413551453,-0.011920979757685317,3.0
0.6271579195766205,1.6078124375443457,0.1625260541804672,0.04292019227513981,3.0
-1.7317881815086904,0.054050524450624596,-0.007354225763089841,-0.010384673346288998,2.0
0.5598736420901977,-0.6925115437680337,-1.484225680819796,-0.037872981805183656,1.0
-1.7317881810271574,0.05405046496618349,0.002871689768440386,-0.00620259284906271,2.0
0.6271579195784301,1.6078122272426782,0.1666973718868437,-0.04902674447921741,3.0
-1.7317881814489982,0.05404925321304479,-0.002621973006510521,-0.04237804455306454,2.0
0.6271579195880511,1.6078113671945484,0.15731569629128322,0.023862160786907193,3.0
0.5435648545645773,-0.9671894824081317,1.3281992726906333,0.040631789031241004,0.0
0.6271579197110299,1.60781227184011,0.15916263773004335,0.026190655936726585,3.0
0.5435648546680752,-0.9671884811729147,1.3308924230160937,-0.029706397808324143,0.0
0.5435648548307691,-0.9671899689908271,1.3296943075547585,0.04900298678156932,0.0
0.5598736413280105,-0.6925154916888827,-1.475809550947725,0.011298361940142039,1.0
0.5435648554460857,-0.9671897167839294,1.3263933474542524,-9.332238211132753e-06,0.0
-1.7317881814833598,0.05405181278012162,-0.002091119421431774,0.022335701593056926,2.0
0.5598736418242639,-0.6925155860143146,-1.4789886270109558,-0.09648831168771381,1.0
0.5435648550574808,-0.9671917008289043,1.336621415340911,-0.03348243476338354,0.0
0.6271579189970243,1.6078121467082809,0.16440467595877567,-0.00850334951533483,3.0
0.5435648544791624,-0.967191237774934,1.3342459468903987,-0.015582919726144813,0.0
0.5598736414283728,-0.6925164810252308,-1.4696692144644776,0.014341132753203817,1.0
0.5435648547143044,-0.9671898918639048,1.3319197012561166,-0.03054765114799168,0.0
0.6271579196434529,1.6078092463530118,0.15746910338045136,-0.004336748560891247,3.0
0.543564855286574,-0.9671886175683855,1.3288675158670344,0.022445890219030522,0.0
0.5435648544930064,-0.9671889892099943,1.3346788577343902,0.04462383359265579,0.0
0.5598736407748482,-0.6925143848832062,-1.4760435152746343,0.038717742230200365,1.0
0.5435648549869772,-0.9671904494267796,1.331017826097119,-0.014274204285576022,0.0
0.5598736412746288,-0.6925175718499738,-1.4773061063202717,0.011040695430974556,1.0
0.5598736418390226,-0.6925180897539572,-1.4745569104644594,-0.022386197597808345,1.0
0.5435648549472267,-0.9671922569937649,1.328456281192133,0.07318940465716975,0.0
0.5598736412601959,-0.6925153542082711,-1.4802072345310953,-0.010188895519797174,1.0
0.6271579204993093,1.6078093417564423,0.16938412566644093,-0.041528040458689235,3.0
0.6271579199983686,1.6078116465615744,0.1625260135240321,0.000674861564323758,3.0
0.5598736417322081,-0.6925177044166428,-1.4822486749076735,-0.06287844734033965,1.0
-1.7317881818734955,0.0540488754979439,-0.006426832692175562,-0.07127853545094728,2.0
0.5435648543808712,-0.9671919317552456,1.3308306243613934,0.01652885032675492,0.0
0.6271579196516505,1.6078129815648412,0.15513947248996723,0.0347022702329844,3.0
0.5598736419604019,-0.6925154437826633,-1.4750666874952787,-0.010517062448363177,1.0
0.5435648542226166,-0.967189404467277,1.3330066258447792,0.09169242686084628,0.0
-1.731788180811358,0.0540499728764034,-0.006099281666275843,0.004843093209062214,2.0
0.6271579199133438,1.6078106507835943,0.16232900319802476,0.00658975494136694,3.0
0.5598736419065623,-0.6925153863114547,-1.4803540754255213,-0.04844771975546223,1.0
0.6271579202922029,1.607810916011181,0.16153375365177514,-0.03775628359967861,3.0
0.5435648550026305,-0.9671892171165208,1.3205041518194307,-0.05147143176045907,0.0
0.5435648545501811,-0.9671888977420008,1.3345628368261062,0.04403989771773542,0.0
0.5435648551607738,-0.9671889368902709,1.3306289047554782,0.02490042831269404,0.0
-1.731788181147901,0.054049830985676166,-0.002808343539219586,-0.02430847839972281,2.0
0.5598736411893046,-0.6925149037508658,-1.4805206799805777,-0.0001561621347551942,1.0
0.5435648541686833,-0.9671922479898479,1.3269774815350817,-0.012259810679488775,0.0
0.5598736415136374,-0.6925146752681074,-1.474968148327071,-0.0054083194259967595,1.0
-1.7317881813792422,0.05405051327135758,-0.007788486830738773,-0.05765305834580196,2.0
-1.7317881818864653,0.054046904274237,-0.004832550049614042,-0.05656844967846587,2.0
0.6271579198413653,1.6078122273751956,0.16829426668357012,0.034902551791701,3.0
0.5598736419832958,-0.6925175676689547,-1.4745183356001148,-0.06760922145787036,1.0
-1.731788181670115,0.05405165869185918,-0.0011168704265867267,0.017470826142430937,2.0
0.6271579195886275,1.6078116489335896,0.16197143629622593,0.022152802392450797,3.0
0.6271579196871481,1.6078103459547246,0.15901699975165254,0.05096378806027649,3.0
0.5598736412212902,-0.6925156547388013,-1.4697324297209378,-0.008623710116427716,1.0
0.6271579202088122,1.6078129062596378,0.15787084830645157,0.007244519972791937,3.0
0.5435648548166425,-0.967188902256888,1.3334753266888633,0.005318762646571476,0.0
0.5598736413513623,-0.6925157790919535,-1.4748216240924394,-0.07422827826819271,1.0
0.5435648546981937,-0.9671881185843573,1.3405013730075077,-0.03842109598668493,0.0
0.543564855208731,-0.9671908257963803,1.3305699497247123,-0.022974415039295672,0.0
0.6271579200964239,1.607811496860403,0.16524494608187276,-0.012260436865470745,3.0
-1.7317881817029106,0.054050062954098435,-0.0007759457252861248,-0.05150482224716077,2.0
0.5435648545096076,-0.9671922655979561,1.3321034877469924,0.003415173350611078,0.0
-1.7317881814381082,0.05405091279625557,-0.0027701163624861904,-0.03723783679925518,2.0
0.5598736413728586,-0.6925167551333016,-1.4796038381240526,0.025703661284742368,1.0
0.5435648548036623,-0.9671908426521915,1.3349401600086441,0.010531818190260193,0.0
0.5598736423109671,-0.6925156145535436,-1.4818196466213045,-0.04554723982193878,1.0
0.5598736412263199,-0.6925120258031066,-1.4739220260870356,-0.03349471830660129,1.0
0.5598736410138284,-0.6925164231724125,-1.476880298578617,-0.04623938749794464,1.0
0.6271579198446241,1.6078098784405161,0.16207948768798358,0.028650392296384063,3.0
0.6271579202720751,1.6078116646344964,0.16144671610671774,0.001157508936529122,3.0
-1.7317881819223333,0.05405102946997964,-0.004038301751921191,-0.08836898467299749,2.0
0.5435648547055536,-0.9671883861033687,1.333833100863926,0.03755094844150878,0.0
-1.7317881816171348,0.054049625104794365,-0.00468691937478672,0.005147388953658098,2.0
0.5598736410178565,-0.6925154615520858,-1.4821970148588606,-0.003179003131120528,1.0
0.6271579198629964,1.607810993140408,0.16086448092666036,0.05516190833325284,3.0
-1.7317881816711935,0.05404603032799564,-0.009542654597484568,0.0050466611570911075,2.0
0.5598736414013079,-0.6925192367433415,-1.4763758008333074,-0.0022148024514480535,1.0
0.5598736414371779,-0.692515266507381,-1.485641614084154,0.032671839637734526,1.0
0.6271579201204192,1.6078079931844642,0.15651026138131155,-0.032992354117653847,3.0
-1.7317881813205886,0.054053133395747986,-0.0047543525804698734,-0.003937623817933608,2.0
-1.7317881810639586,0.05404932900257582,-0.001243099537643258,-0.01196864186289163,2.0
0.6271579193021996,1.6078112769559092,0.16077457665653933,-0.002703558495014236,3.0
0.6271579201422198,1.6078124691505746,0.15676504931753346,-0.02756419457798469,3.0
0.5435648541727212,-0.9671888347078856,1.3397564321229447,0.02502533403977551,0.0
0.6271579199391545,1.6078126125949828,0.15691816314536094,0.0066459347167423955,3.0
0.5435648551432681,-0.967188509834812,1.33912394245499,-0.021131464594028485,0.0
-1.731788181001828,0.054049530989323545,-0.0043797706636134175,0.04357345001590449,2.0
-1.7317881815814007,0.05405217574381378,-0.013404062207487995,-0.03956426976916522,2.0
0.5598736410552179,-0.6925182342829117,-1.479124092470191,-0.03217700067471232,1.0
0.543564854349249,-0.9671884108633514,1.3313542763884454,0.03730638908096945,0.0
0.6271579195795325,1.6078124586276308,0.16149731913975388,-0.0003422108379790762,3.0
0.5598736412131419,-0.692515513043976,-1.4792088446327896,0.05682725501091336,1.0
-1.7317881814006755,0.05405525420526426,-0.003486096717305395,-0.0018772606512585006,2.0
0.5435648551475227,-0.9671871738334951,1.3303606543205728,0.09728704927846309,0.0
0.5598736414214792,-0.6925111685104781,-1.474682315590382,-0.010501529736436723,1.0
0.6271579196547931,1.6078107108796418,0.16318757830780573,0.009734853446469235,3.0
0.5435648550045731,-0.967186539768882,1.3329691716328467,-0.015952786500794836,0.0
0.5598736410976194,-0.6925149980070676,-1.4795185952719734,-0.011358711951313836,1.0
0.5598736420805309,-0.6925142184380575,-1.4798803597033794,-0.0769491540409544,1.0
0.6271579203954364,1.607810709673886,0.1590025204928597,-0.014517931110050347,3.0
-1.731788181342787,0.05404772639986977,-0.008166948309385016,-0.023972815874023654,2.0
-1.731788181613964,0.05405120212561714,-0.01183755783530071,-0.0047347877809761525,2.0
0.543564854851056,-0.967190991869489,1.3328038362760868,0.016694192182879063,0.0
0.5435648545989675,-0.9671886184840517,1.3387003959788912,0.04673924026357354,0.0
-1.7317881818878509,0.054049580103917326,-0.004895283056923834,-0.019852730051545874,2.0
0.5435648544244543,-0.9671888745530153,1.3348730945286822,-0.008897234973360525,0.0
0.6271579193745792,1.607810753206118,0.16218092132552728,-0.015480205278642821,3.0
-1.7317881813854832,0.054046799658282886,-0.009737275559006567,0.04489062049249799,2.0
0.5598736408223077,-0.6925156905455456,-1.4743693633386445,-0.010769705435983004,1.0
-1.7317881810481877,0.05404840705536718,-0.009924166007951764,0.006301506574952648,2.0
-1.7317881815947531,0.054051436064740714,-0.006073184330834646,-0.05036272713761818,2.0
0.6271579198320176,1.6078119225011074,0.16096908702268212,0.009027784896734139,3.0
-1.731788181481864,0.05405151282114626,-0.0016014033856008246,-0.030646231226383297,2.0
0.5435648554638973,-0.967188034415257,1.3277895243116797,0.0567475791988341,0.0
0.6271579196023478,1.6078111837765177,0.16299206324545187,-5.7560239091770556e-05,3.0
0.5598736415172867,-0.692514564922336,-1.4758523268183572,0.027021654816615785,1.0
-1.7317881821921475,0.05404964939549892,-0.0008253012036848606,0.02157517325021692,2.0
0.5435648539811399,-0.9671895511488154,1.3375898133233426,-0.0027894588946405195,0.0
-1.7317881813815301,0.054051251161439315,-0.002446339143168,0.009238431366203326,2.0
-1.7317881815129406,0.054052725062337936,-0.006840819213227093,0.008558573838536998,2.0
0.6271579202134502,1.6078118018790764,0.16632711922840127,-0.015353124445515936,3.0
-1.7317881807866635,0.054048731911715525,-0.0030889678301570566,0.06420882321051706,2.0
0.5435648547699956,-0.9671899877679583,1.33248311307812,0.021242183392668867,0.0
0.5435648545031797,-0.9671901156451858,1.328142281177709,0.021358859258397145,0.0
0.5435648545170649,-0.9671871595675742,1.3293405456871272,1.0178443262835092e-06,0.0
0.5598736411262332,-0.6925157380545667,-1.4781937049897065,0.01414880230454009,1.0
0.5598736410247044,-0.692513893108667,-1.4798526600007913,0.03756454625362685,1.0
0.559873640827029,-0.6925169263874537,-1.485461773395593,0.027390251449938126,1.0
-1.7317881811251252,0.054053761073083496,-0.00022632457778865166,0.04475807832804262,2.0
0.6271579189290701,1.607810839731904,0.1609261821802262,-0.006939649824979708,3.0
0.5598736413888175,-0.6925178046226343,-1.483131405005186,-0.014238756024016145,1.0
0.5435648550996873,-0.9671882129783506,1.3334985258919403,0.0020828483571992216,0.0
-1.731788181419269,0.054046831521268664,-0.005252889771261399,-0.055500992635510005,2.0
0.6271579192951349,1.6078119358038123,0.16079768912603043,-0.03331286718745483,3.0
0.6271579197786832,1.6078111315147632,0.1625203270079457,0.05927130735212884,3.0
0.62715791953271,1.6078115184914974,0.1614589467736637,0.002306799682735329,3.0
0.6271579196361707,1.6078128791125668,0.161823566157935,0.04825406217622365,3.0
0.6271579204037835,1.607811219612688,0.16189677959770227,0.08543060267637248,3.0
0.6271579192122879,1.6078115217992492,0.15887997261286563,0.005772373235579616,3.0
0.6271579202679083,1.6078096650185982,0.15550461531184423,-0.04922322535003719,3.0
0.5435648546906943,-0.9671861018868089,1.3381690015616277,-0.03317009563880271,0.0
0.5435648552387882,-0.9671885776728104,1.3324452916636056,0.06094623240370573,0.0
-1.731788182157332,0.05405133750285678,0.001810975929384634,-0.005494805977179526,2.0
0.5598736418578238,-0.6925160634843487,-1.4732706916662455,0.030592932579377303,1.0
-1.7317881818540208,0.054049388636951586,-0.004220924388160624,0.010510780948055996,2.0
0.559873641267108,-0.6925173746284684,-1.472649496194031,0.022939746956592653,1.0
-1.7317881817334346,0.05404932800548442,-0.012159243166539194,-0.02360111420939007,2.0
0.6271579196340986,1.6078117530126796,0.15573009650704187,-0.02530172740577063,3.0
0.5435648553346926,-0.9671900958849365,1.3395218932836053,0.04361541089345662,0.0
-1.7317881815965286,0.05405143114370598,-0.0014046077709026748,0.011925669209085402,2.0
0.5598736414596619,-0.6925183537995997,-1.4783189761687066,-0.015511604593881134,1.0
0.6271579199445061,1.607810709052161,0.1595598493735295,-0.02752447154027815,3.0
0.5435648548051892,-0.9671906437797723,1.3339489245649836,0.04325928065029729,0.0
0.6271579197342859,1.6078107179828478,0.16329375628305476,-0.015164064271600695,3.0
0.5435648536402693,-0.967189042989612,1.339436821565875,0.01735550095006571,0.0
0.5435648546699429,-0.967189552532314,1.3374420085114127,0.004720960835165207,0.0
0.5598736416099637,-0.69251676071562,-1.4772703688120283,-0.02389451433969269,1.0
0.5435648546880767,-0.9671903383273838,1.3331078630695454,0.059198399194427556,0.0
0.5435648543406735,-0.9671912200842644,1.3313468953538772,0.0012559708840809542,0.0
0.6271579198426627,1.6078135371654756,0.16623443811258481,0.04083069145864661,3.0
0.5598736414044179,-0.6925149299493608,-1.4813583285874623,-0.05821695441242929,1.0
0.543564854346835,-0.96718900796439,1.3317662114536668,0.08695793843111607,0.0
0.5435648554196314,-0.9671882003409524,1.3314353396026037,0.03840512341118389,0.0
0.5598736405743664,-0.6925158798703102,-1.478929320764522,-0.05580755630343699,1.0
0.5435648545432041,-0.9671928108842833,1.3297280468632804,-0.03432138593149489,0.0
0.5598736411358717,-0.692517331732743,-1.4819171454888487,-0.010641328771856987,1.0
-1.73178818144655,0.054053179617971535,-0.006375159133198216,-0.01057511535237716,2.0
0.5598736415966069,-0.6925157094055111,-1.4759127170274893,-0.02131537876314502,1.0
0.6271579192987018,1.6078089190580935,0.15932806403006156,-0.0885315914190845,3.0
0.6271579198772941,1.6078118543773716,0.15998751270323894,0.01211384526971539,3.0
-1.7317881815705845,0.05404992484093405,-0.002029940930003978,0.012747749184315276,2.0
-1.7317881815408458,0.05405246312689719,-0.008011603669705188,-0.02582380989808095,2.0
-1.7317881810136464,0.05404981768021101,-0.0025795103945678837,-0.019773261720884443,2.0
-1.7317881815937641,0.05405058955721966,-0.006184114427924784,0.03969374154408112,2.0
0.6271579202040305,1.6078126674476623,0.16638767120084608,0.018246442840718573,3.0
0.627157920269086,1.6078098457256775,0.1686878732488254,-0.06621236077225896,3.0
0.5435648548542363,-0.9671910787017394,1.3315144347514947,0.0369562595737446,0.0
0.6271579199444745,1.6078119180389094,0.16578097477949832,0.011821178129648476,3.0
0.6271579198959258,1.6078141569687538,0.1621792184700095,-0.05279052056194269,3.0
-1.731788181566024,0.054052484643196834,-0.0020064544632748395,-0.008606858141960948,2.0
0.6271579195426138,1.6078100238142774,0.16109338876767534,0.018602078471789768,3.0
0.5435648551213149,-0.9671896884322851,1.3252505951703242,-0.0017004395123141145,0.0
-1.7317881812950422,0.054047280856027995,0.0017783994662274314,-0.006765287297322478,2.0
0.6271579198623108,1.6078102343530214,0.15910834663963866,-0.0015987769316246306,3.0
0.6271579198948753,1.6078122348462343,0.16723679348463366,-0.008774652032607686,3.0
0.5435648550205738,-0.9671912794377707,1.33098579239173,-0.044213861778600184,0.0
0.6271579197141167,1.6078127144281695,0.15677161033743575,-0.06245566947278839,3.0
0.54356485476953,-0.9671892852775258,1.335339959719746,0.013727864545438144,0.0
0.5598736410490803,-0.6925179618641522,-1.4839176923895485,0.029377561311255105,1.0
0.5435648550864433,-0.967188140766132,1.3285684870605463,-0.00046065377374252523,0.0
0.5435648543246399,-0.9671912768637569,1.326740322902624,0.06290716300346444,0.0
-1.731788181429673,0.054050220636139866,-0.00858921167481726,-0.004712151019752664,2.0
0.5435648552091309,-0.9671915246973741,1.3298730319183178,0.013475568340417918,0.0
0.5598736419382574,-0.6925150737161003,-1.4772169202837375,-0.05850171952047085,1.0
0.543564854899596,-0.9671887133396646,1.3253721305977595,0.010692938196379367,0.0
0.5435648554107492,-0.9671931452870512,1.3339413559707591,0.05423196442032209,0.0
0.6271579197393118,1.6078113589693035,0.16117918457464497,0.051628366818946045,3.0
0.6271579202858732,1.6078113451954756,0.1544298232393723,-0.025561100727208366,3.0
0.559873641239562,-0.6925149980629592,-1.479851615680127,-0.05828718538080048,1.0
0.5598736406188008,-0.6925174610778256,-1.4881691854145556,-0.02128357018419046,1.0
0.5435648547527338,-0.9671900265529649,1.3370500502634286,0.01394610755478695,0.0
-1.7317881812595446,0.0540492169236439,-0.005727028265633311,0.02122084772765868,2.0
0.627157919452793,1.6078083284983884,0.1660377152383534,0.056238087304609885,3.0
0.6271579200122556,1.6078110781680544,0.1615259143870843,-0.022105309206922535,3.0
0.5435648545677005,-0.9671884694049759,1.329644610308578,-0.023713747545201454,0.0
-1.7317881819083554,0.054046944183411716,-0.013382327461438944,-0.03807502251400056,2.0
0.6271579205944093,1.6078105435938916,0.16513798091203113,0.05660822737018014,3.0
0.6271579195886464,1.607811471225419,0.16147342939518475,-0.0014890571794144616,3.0
-1.7317881813790208,0.05404820966961456,-0.0026514630092734945,0.002393023313326289,2.0
0.5598736413114863,-0.692516914229498,-1.4750371150697423,0.055706007636883985,1.0
0.5435648545322046,-0.9671913722240011,1.3275728602398793,0.03722340237761378,0.0
-1.7317881821342158,0.054050045563963776,-0.0049727304874938654,-0.023164244519473985,2.0
0.5435648544230864,-0.9671894063184601,1.336122330469165,0.04959271240018587,0.0
0.5598736411396901,-0.6925152860939474,-1.4788270434475548,-0.017760035964053754,1.0
-1.7317881812461073,0.054049333790434737,-0.0026948473533094357,-0.03413558773239471,2.0
-1.7317881814812048,0.05405101685743981,-0.005362920859080638,-0.028428774249265626,2.0
0.5435648547917931,-0.9671920757769539,1.3288312357526735,-0.013687145607156522,0.0
0.5435648551771322,-0.9671884460887701,1.3266470994207344,-0.012767802185963718,0.0
-1.7317881817721414,0.05404871392105901,0.0027065526163510658,0.021370317234937774,2.0
-1.731788181477654,0.05405267385228252,0.0006635834955232137,-0.0025957473431388964,2.0
0.5435648542922246,-0.9671900695308625,1.3327832111466065,0.015368098176506964,0.0
0.5435648543821804,-0.9671893092659121,1.3318451326647247,0.015251694474621543,0.0
-1.7317881816771201,0.05404928002124172,4.711869025704922e-05,0.030971196476601896,2.0
0.5598736418112757,-0.6925133391641971,-1.479903052383897,-0.015065283112108438,1.0
0.5435648548829094,-0.9671909376003832,1.3357126719910988,0.025492010365047776,0.0
-1.7317881814433345,0.054048606789742305,0.0016206398042788426,0.008185812358024342,2.0
0.6271579199787684,1.6078134407024516,0.16077886358672275,-0.00922292654918106,3.0
0.6271579202827493,1.6078120487594834,0.16232761522326195,-0.01680531075732483,3.0
0.5598736418993709,-0.6925171698967897,-1.4825425020005587,0.011318927888636749,1.0
0.6271579197518887,1.6078088881092825,0.16349479098103126,-0.001455567856390826,3.0
0.6271579199069858,1.607812431253298,0.16514400334582083,0.06135883759095111,3.0
0.6271579194685215,1.6078117818306787,0.15610896897885948,0.05993874392558453,3.0
-1.7317881808797022,0.05404979296062237,-0.0038678643301951468,-0.026392000731437434,2.0
0.5435648547147006,-0.9671906499309418,1.3310164584858162,0.015141004290902094,0.0
0.6271579193269866,1.6078121816420248,0.15446954615438227,0.0012352610605854129,3.0
0.6271579196262319,1.6078141409863183,0.1621011588830393,-0.057654970414242425,3.0
-1.7317881826480703,0.05405082653171604,-0.00819632233940544,-0.0656817255266721,2.0
-1.731788181519642,0.05404631820329775,-0.004657669141569491,-0.03905220964830541,2.0
0.5435648547392821,-0.9671903165776234,1.3376047090857428,0.022970300328337988,0.0
0.5435648543024801,-0.9671891660351561,1.3392650592177162,0.013592702593729874,0.0
0.5598736420995999,-0.6925139029934343,-1.4751865898948167,0.0033896358631598676,1.0
-1.7317881820975871,0.05405159625177189,-0.0023402499335048728,0.05403204908693377,2.0
0.5598736416785405,-0.6925180146208405,-1.4770189678637549,-0.03021211707678213,1.0
-1.7317881818463061,0.05404982392966902,-0.005746911456629708,0.009379699457318586,2.0
0.5598736414859252,-0.6925160317003165,-1.4828528164675188,0.024113231725375578,1.0
0.5598736414918097,-0.6925141644798086,-1.4697820612497388,-0.0041210088183990705,1.0
0.6271579190704791,1.607810324911923,0.15933314902766904,-0.07842057452409461,3.0
-1.731788181629694,0.054050286669533834,-0.008494959042824449,-0.00932983057142262,2.0
-1.731788180767806,0.05405298716628815,-0.004902795451343556,-0.004561405811173991,2.0
0.5598736408210191,-0.6925169816058419,-1.4795604341128807,0.0038502997444404023,1.0
0.5598736417094327,-0.6925158289885227,-1.4751434916862756,-0.04744500879360058,1.0
0.627157919952386,1.6078101098673716,0.16366703901777985,0.015125696817598327,3.0
-1.73178818178641,0.05405202902859978,-0.00759289972240625,-0.007885218728648351,2.0
0.5435648549286822,-0.9671903071544651,1.3249300024552166,0.04937933074506212,0.0
-1.7317881808704108,0.054051194563997665,-0.002170888543688995,0.009104497822283628,2.0
0.5435648550356458,-0.9671921577155813,1.3308808101214191,-0.04162182559437697,0.0
0.6271579198852167,1.6078129518423356,0.16283194555149003,-0.014152075883795398,3.0
-1.7317881817301592,0.054048289325953104,-0.007798836214070197,-0.03940838668797733,2.0
0.6271579197418017,1.6078113079646332,0.16338258606380687,0.036459970258110375,3.0
0.5435648546716131,-0.9671907857239034,1.3374190714918355,-0.027581482587459787,0.0
0.5435648543014777,-0.9671903382950227,1.3345470465983693,0.0322499211207617,0.0
0.5435648541332374,-0.9671907792880131,1.3349427673568155,-0.01825027231179047,0.0
0.5598736420350372,-0.6925176196268009,-1.4840491595594434,-0.0413846434783754,1.0
0.6271579199557133,1.6078128833526921,0.15942191526302782,-0.052420296959371025,3.0
-1.7317881812318572,0.05405156197721753,-0.002608663312341649,0.02995337271039434,2.0
0.5435648545337721,-0.9671886339918344,1.3284623573061143,0.04110869977724761,0.0
0.5435648549541247,-0.967189243900521,1.3323740718892312,-0.0034930577277818677,0.0
-1.731788181267823,0.05404804545512694,-0.008054512807136234,-0.06260666100992317,2.0
0.627157919901093,1.6078098992648777,0.15537713639545872,-0.04547466962487206,3.0
-1.7317881813751463,0.05405004248339576,-0.003084418177647224,-0.026337514196498806,2.0
0.5435648548891584,-0.9671902930504233,1.3302761714701934,0.013115475567443791,0.0
0.5435648546792543,-0.9671896008946627,1.333898933967568,0.00859809793942295,0.0
0.5598736418285535,-0.6925166846023854,-1.4814645517341103,0.005970810914632484,1.0
0.5435648546630883,-0.9671884008255579,1.33361410013994,0.03704494559143102,0.0
0.627157920084653,1.6078105660746431,0.1640996999297713,-0.00019835117574199963,3.0
-1.7317881812837626,0.05405177286119419,0.0031486759108482506,-0.0029318779547571716,2.0
-1.7317881810017137,0.05405000511015736,-0.0048539120186597935,-0.02042128007308291,2.0
-1.7317881818788055,0.0540534070388095,-0.008150142406621366,0.012758129714565159,2.0
-1.7317881814732878,0.05405109687335347,-0.0029192664316125844,-0.014663551662669526,2.0
0.5598736403564395,-0.6925129996234781,-1.4769037456653362,-0.04484973135782042,1.0
-1.7317881811492655,0.05404726850974739,0.002573116803786562,-0.0021096349594911436,2.0
-1.7317881812754392,0.05404946680755689,-0.0022530180500614557,0.009015813787255503,2.0
-1.7317881813339704,0.054050072030544516,-0.0012134679710497397,-0.013283557690993165,2.0
-1.7317881809544136,0.05405103603948663,-0.0011321368311825687,-0.0033384552625026786,2.0
0.6271579194251714,1.6078096854716473,0.1595942278388387,-0.03097612369836215,3.0
0.5598736416297608,-0.6925145824217355,-1.476148855344093,-0.04642053965881911,1.0
0.627157919821087,1.6078117072058327,0.15736951294069274,0.03021596968283183,3.0
-1.7317881810622333,0.05404863222558062,-0.006611914467004733,0.0019663015717398735,2.0
-1.731788180797706,0.05405162345623662,-0.006448104975571125,-0.0012333407689098953,2.0
-1.731788181258475,0.054049226693823,-0.0028661090361257317,-0.03030242289076214,2.0
0.559873642156933,-0.6925157483003475,-1.4789122588726855,-0.053431387056518696,1.0
0.543564854806784,-0.9671899512821706,1.336736383243364,0.006044846259813875,0.0
0.6271579193166646,1.6078126691652532,0.15930810002322157,0.0682578127404114,3.0
0.5435648546891862,-0.9671918377509048,1.3339935772948732,0.03077507622938635,0.0
0.5598736412342289,-0.6925173971533861,-1.4753088512184527,0.03463588155108169,1.0
-1.7317881808853648,0.05404910105503445,0.002648106683267324,0.014892427925939596,2.0
0.559873641498237,-0.6925165463246503,-1.4787421964392802,0.02736424135574336,1.0
-1.731788181655946,0.05404885518383166,-0.0022726885552623957,-0.007160601391756786,2.0
0.6271579194160279,1.6078092830452158,0.1614319294952509,0.011778808035192496,3.0
0.6271579202953522,1.6078095453837997,0.1595345264130774,0.020721222138378452,3.0
-1.7317881809625757,0.05405043528182195,-0.005307105800526403,0.010425096360390445,2.0
0.5435648538716495,-0.9671894975935674,1.333122262687965,0.004430415405025255,0.0
0.5598736411372595,-0.6925150435381859,-1.4770620481734207,-0.04256575824342143,1.0
0.6271579203207845,1.6078104932129695,0.15939015078852797,0.03391246730662146,3.0
-1.7317881814031673,0.05405253422127599,-0.005618869921803952,0.038904891837815606,2.0
-1.7317881815123741,0.05404873316394166,-0.001740177478054323,-0.012010168616716662,2.0
0.6271579200697793,1.6078107037545162,0.1582232833203372,-0.06052009101803197,3.0
0.6271579200200317,1.6078136758581136,0.16053948021235595,-0.0012081191464692548,3.0
0.5435648548760821,-0.967188933011341,1.3343260246115054,-0.0007904834284935006,0.0
0.6271579198824414,1.6078108019115815,0.16411052532562367,0.0075138315914363,3.0
0.6271579194872474,1.6078126007203104,0.1550284609771636,-0.04046200293966441,3.0
0.5435648552674798,-0.9671902772560784,1.328495451372813,0.00565195989004127,0.0
-1.731788181332121,0.054050713871229464,-0.008650781374885707,-0.06510056895312975,2.0
0.5598736413295979,-0.6925178612708945,-1.4814274805973413,-0.0061696891347482975,1.0
-1.7317881820498748,0.05404631896433201,-0.007494469639254089,0.07229599360508325,2.0
-1.731788181700941,0.054051075347113654,-0.0036563026006603636,0.0478014485023691,2.0
-1.7317881814006075,0.05404911119796584,-0.0021468213888578063,0.015999191010331086,2.0
0.5598736412455547,-0.6925183316800956,-1.4743178494136897,-0.03136987809076064,1.0
0.5598736414571804,-0.6925166942493837,-1.4782077217377034,0.01881749519936452,1.0
0.55987364128742,-0.6925161146073526,-1.4751707585978084,-0.028731779886215416,1.0
0.6271579202097957,1.6078118307446125,0.16084652904410385,0.018618060942451796,3.0
0.6271579192381393,1.607809090518602,0.1617793411108167,0.0021614195494603643,3.0
0.5598736408960462,-0.6925174928925014,-1.474039027770646,0.011681143749388244,1.0
-1.7317881815571525,0.05405232015586892,-0.00425666858647976,0.020521010524773762,2.0
0.5435648550771492,-0.9671906618005432,1.3273650666560424,0.03460730586882552,0.0
0.6271579198502863,1.6078124846712267,0.16034364272161725,0.01678811987161899,3.0
0.627157919646895,1.607813032557776,0.1626250104404208,0.003474634557929252,3.0
0.5435648544462497,-0.9671869235463504,1.3372832690381102,0.020781398893660312,0.0
-1.7317881809180817,0.05405108064099902,-0.004589619173754262,-0.009294736261947148,2.0
0.5435648541014529,-0.9671872428863015,1.3278904154324573,-0.03091367590188289,0.0
0.5598736422241142,-0.6925140714015621,-1.4733247807942662,-0.013868625045314942,1.0
0.5435648547166134,-0.9671907278075018,1.3278098701031427,0.0020209844703715095,0.0
0.559873641714461,-0.6925149577185438,-1.474622213056557,-0.054941306186648546,1.0
0.5435648546000027,-0.967189328868539,1.332800472023735,0.03393588858107432,0.0
0.6271579194997786,1.6078078260158994,0.1708695107776763,-0.014495447592897438,3.0
-1.7317881817772636,0.05405132769281077,-0.008040523784641481,0.002761694781932361,2.0
0.5435648546182482,-0.9671915789914335,1.333820671415476,-0.04787674344814988,0.0
0.5598736414724597,-0.6925196682562592,-1.486334559437761,-0.004068853547243672,1.0
0.5435648546363416,-0.967189968015707,1.3309501020435264,-0.011572475205720426,0.0
0.627157919539985,1.6078117433131307,0.15834454527409456,0.04162051556339553,3.0
0.6271579201954476,1.6078131474046027,0.15838078341903025,0.05451064817580732,3.0
0.6271579201182363,1.607812240528372,0.15426101951516277,-0.009457162613069276,3.0
-1.7317881817225604,0.05405274062112093,-0.011477329449554005,-0.022089732617567748,2.0
-1.7317881814432823,0.05404993365602548,-0.0037341636095424608,0.010994675511046844,2.0
0.5435648547495397,-0.9671910642657896,1.3355531387568322,0.003648754632811138,0.0
0.6271579200081706,1.6078073249132683,0.15887783056014082,0.04542065072499872,3.0
0.5435648551932218,-0.9671884626529202,1.3337573302962964,-0.008097395877150249,0.0
-1.7317881819340963,0.05405070470464888,-0.006598389399100437,0.011301155044632636,2.0
0.5435648554659368,-0.9671903961584779,1.3360342619284657,0.08671873104142809,0.0
0.5435648547638006,-0.967188632386766,1.3347627557259056,0.01917870372102613,0.0
-1.7317881808705151,0.054051544171202955,-0.005574230950091613,-0.002079190322159223,2.0
0.5598736414035919,-0.6925172127490133,-1.4763958906746135,-0.021499960718752976,1.0
0.5598736411739722,-0.6925162180654573,-1.474322138907092,-0.007363286987092554,1.0
-1.7317881807693232,0.05405155003698674,0.0007687941130914125,0.03981728555856138,2.0
-1.7317881810575375,0.05404900361688668,-0.0034375942776388624,0.031422886496593395,2.0
0.6271579194480121,1.6078119562067628,0.16290327297724785,-0.054197834417594036,3.0
0.559873641222095,-0.6925163414662163,-1.481738979283896,-0.04284496602920089,1.0
0.5435648545993533,-0.9671880870182354,1.3387474692788097,-0.03895834743210732,0.0
0.6271579198344657,1.607812861639193,0.16237239823584626,-0.009606862920284317,3.0
0.5598736413251869,-0.6925132648518149,-1.4805533253753953,0.0014549989909154904,1.0
0.5435648552481197,-0.9671901776530561,1.3346287661858758,-0.03098369269099809,0.0
-1.7317881819971361,0.054051103902146014,-0.015023773117942715,-0.020079284842599916,2.0
0.5598736417700511,-0.6925147249242815,-1.473155531192127,0.015332923580183897,1.0
-1.7317881815232126,0.05404881151185432,-0.00636381782110862,-0.014499924395956496,2.0
-1.731788181867604,0.05405201247634355,-0.006861622932032554,-0.06410337810601638,2.0
0.5435648554504343,-0.9671881161003619,1.330283055153489,0.039858022224469346,0.0
0.5435648546432201,-0.9671906495296178,1.327181786994552,0.06667359873201757,0.0
-1.731788181293653,0.054051387537829634,-0.005559558396073302,-0.009178648616188808,2.0
-1.7317881810183615,0.05405102294566736,-0.004228532648485606,0.029161540751723322,2.0
0.6271579196070294,1.607812128270789,0.16361945914729714,-0.050235092440347524,3.0
0.6271579192922857,1.6078119150710348,0.16082262830584593,0.0017209044064711312,3.0
0.6271579204485854,1.6078145098867174,0.15144721560118787,-0.07015714023181077,3.0
0.6271579201975988,1.6078137821887923,0.1642773969221216,-0.05243786488273573,3.0
0.5598736403418316,-0.6925172081935443,-1.4827427342793755,-0.003944300930198167,1.0
0.5435648548487768,-0.9671904239127774,1.3368655107725629,7.506578579278701e-05,0.0
0.5435648549768214,-0.9671911079181275,1.3317341230597532,0.03221440619211079,0.0
0.5435648550073731,-0.9671896495416814,1.3336657079292624,0.010648153221315473,0.0
0.5435648546372288,-0.9671911617429535,1.3313013609115882,0.022500368981543832,0.0
0.6271579198930923,1.607812212490746,0.14761258003466682,-0.05360544429573278,3.0
0.543564854593873,-0.9671893241043843,1.3361749939591843,0.03896291219939554,0.0
0.5435648545555573,-0.9671896099634593,1.3277907349222293,-0.016292421538683186,0.0
-1.7317881819161878,0.05404996947266593,-0.008117331933992203,-0.062348235132150084,2.0
0.6271579201768835,1.6078114755735233,0.16140440222588767,-0.0009139142422629697,3.0
-1.7317881814359317,0.054052094111584154,-0.0033960221405215196,0.01878017517192751,2.0
0.5598736403757528,-0.6925158180277541,-1.481224266598831,0.011996653790013596,1.0
0.6271579194409175,1.6078109406527128,0.1610354036660105,0.019826092294277772,3.0
-1.7317881819911083,0.05405218980863705,-0.010489743135558338,0.06160224384109146,2.0
0.5435648545408381,-0.9671896018245829,1.3376346830310273,-0.00834050743345614,0.0
-1.7317881813653553,0.054049588337710494,-0.0025245173912797807,0.001093558033001487,2.0
-1.731788181642319,0.05404807140704794,-0.007042562451984189,0.00988835978898919,2.0
0.5598736421202497,-0.6925141255710978,-1.4789738142921605,-0.058653222828769086,1.0
-1.7317881808478006,0.05404929579222486,-0.004140251664976576,0.009922505445950924,2.0
0.5598736421153954,-0.6925132965690229,-1.481016492891767,-0.04214528477461587,1.0
0.5435648551457517,-0.9671892894855567,1.330362967016134,0.0061843615435025305,0.0
0.5598736417519594,-0.6925138382828143,-1.4827271190228133,-0.031031810196551626,1.0
0.5598736414972506,-0.6925145807019327,-1.48007184517884,-0.04659824186732887,1.0
0.5598736410634776,-0.6925183267243938,-1.4759180434619812,0.01711190271839165,1.0
0.6271579203221935,1.6078114728294282,0.15542304356294434,0.051894208290777635,3.0
0.6271579198531447,1.6078133347298738,0.15725499554240305,0.010044640206238393,3.0
0.5598736411994378,-0.6925170273740163,-1.4760249773281242,-0.037598140542770185,1.0
0.62715792065149,1.607809275325345,0.16178642219023165,-0.02325935066316419,3.0
0.5435648545421108,-0.9671867444012637,1.3341807876893446,0.027485975023019898,0.0
0.5435648548883403,-0.9671885977834432,1.3336103628361313,-0.00535706164216862,0.0
0.627157919599377,1.6078118116733011,0.16647955751846458,0.006023199290461296,3.0
0.543564854545478,-0.9671896172520499,1.3299065813642608,-0.04337721869931333,0.0
0.5598736408672411,-0.6925144747444836,-1.4799276871946299,-0.012418714503100026,1.0
0.6271579201848856,1.607812512020591,0.16078584897187653,-0.04047019817498504,3.0
0.6271579202754984,1.6078125387883313,0.16349688072603133,0.03271113821913593,3.0
0.6271579202794099,1.6078109979096895,0.16248825938523503,0.009878696808132246,3.0
0.5598736411568179,-0.6925154099668741,-1.4766549389016603,-0.027113002117233068,1.0
0.5598736403941161,-0.6925170959193898,-1.479316609686306,-0.0014860911145371226,1.0
0.5435648548813892,-0.9671902486956181,1.3339170586793878,-0.023288152021129768,0.0
0.5598736411442942,-0.6925161146631938,-1.479174134638205,0.03962771568374188,1.0
0.5598736412981361,-0.6925150543659337,-1.4791843610725683,-0.03242658605807246,1.0
0.5598736411101571,-0.6925173533094774,-1.4776877502674577,-0.06443042546464914,1.0
0.6271579196711768,1.6078115263968804,0.15848187341415668,0.05766841674717959,3.0
0.5598736416866529,-0.6925162375053969,-1.4791076065851025,-0.05723419730953079,1.0
-1.731788180684567,0.05405004125867599,-0.008241734044999564,0.04170346055756993,2.0
0.559873641932325,-0.6925171430214058,-1.4811489698754634,-0.026646187240537474,1.0
0.5598736410191054,-0.6925164592659209,-1.4796205963550155,0.09535241190173821,1.0
-1.731788181139144,0.054049374038984056,-0.010013141733563087,0.036782632693827214,2.0
0.5435648539603444,-0.967190396216954,1.3411120789832396,-0.019302621817540444,0.0
0.5598736412580898,-0.6925172951273002,-1.4800025279173157,-0.0334948353129646,1.0
0.6271579201791092,1.6078109391822897,0.15483014474449075,-0.029156566085289725,3.0
0.5435648553130806,-0.9671886495413095,1.3372110559295054,-0.014752848624435003,0.0
0.5598736412849414,-0.6925143839517013,-1.4715623536357578,-0.06842871812779956,1.0
0.5598736412714823,-0.692514760101958,-1.47556695834372,-0.04333749496907793,1.0
-1.7317881812174916,0.05404910181171345,0.0008875407446218015,0.014352351883635862,2.0
-1.7317881803073567,0.05405116748634205,-0.004821166096831536,-0.061878596261483246,2.0
0.6271579201580383,1.607810170361559,0.16123896846447097,-0.039493057323957706,3.0
0.5598736414952807,-0.6925130051496515,-1.4816019499289157,-0.008353961141046735,1.0
0.5435648545005559,-0.9671904126126379,1.3403436966210416,-0.020668613754461974,0.0
-1.7317881816188316,0.054050131783585725,-0.007059713762427105,-0.0826670678653425,2.0
0.627157919754492,1.6078127471590977,0.15251520850836794,0.017240292072068966,3.0
-1.7317881811064642,0.05405337747777322,-0.0065439952163572745,0.022176353504716088,2.0
0.6271579198613554,1.6078129705548416,0.16163416496005537,0.025498300145725277,3.0
0.6271579201380066,1.6078127954425938,0.16119514299129656,-0.039129851356136926,3.0
0.5435648550949431,-0.967188165892901,1.3361482633611486,0.00904404668213056,0.0
0.5435648547371366,-0.9671875047174103,1.328928915965552,0.03855419973807879,0.0
0.5435648547159138,-0.9671880379177241,1.3312019763478904,0.006638902336285724,0.0
0.5435648551781421,-0.9671857439499145,1.3279622184434716,-0.032768838006511106,0.0
-1.7317881815970713,0.054050947713459384,-0.005139166174484479,-0.01935930155134327,2.0
-1.7317881819652152,0.05404818342124399,-0.001060735283516151,0.012207996321249467,2.0
0.5435648552679605,-0.9671897120908853,1.332861515832331,0.06652158481894596,0.0
0.6271579197966971,1.6078126502341192,0.1595360165505891,0.047430927577966894,3.0
-1.7317881814396254,0.05405076382142779,-0.003267969171785867,-0.03389918277802023,2.0
0.5598736406707978,-0.6925161178571492,-1.4761034711673275,-0.049439430860615405,1.0
0.5435648540134147,-0.9671912359687389,1.3326558358673979,0.007186511215817232,0.0
0.5435648547030035,-0.9671891473065863,1.3344971919609525,0.06623993011959904,0.0
0.5435648554281982,-0.9671891182779587,1.331871425652341,-0.05853630827531866,0.0
0.6271579199213425,1.6078098458452195,0.1587810645257759,0.026772547531695487,3.0
0.5435648550371512,-0.9671879175574275,1.3317241321178108,-0.08607063207255372,0.0
0.5435648552639366,-0.9671890503602129,1.3372835113906003,0.08670536629499868,0.0
-1.7317881820676386,0.05404916377750575,-0.004309357040755908,0.014510811101498752,2.0
-1.7317881811829776,0.054052010734301506,-0.004919126930939238,0.017772804980556958,2.0
0.5598736411352927,-0.6925169053849201,-1.4846790059030275,-0.030650193721763277,1.0
0.5598736416354572,-0.6925167238273869,-1.477315357959858,0.080464564915814,1.0
0.5598736414909261,-0.6925168628349819,-1.4812316484861436,0.018415165986970204,1.0
0.559873641798882,-0.6925185894080158,-1.4834210280817173,-0.06445617745079177,1.0
0.5435648555875457,-0.9671890161106056,1.3340797725501978,0.07734915963653977,0.0
0.6271579198656213,1.607810658366146,0.1604057462953224,-1.6024311737410704e-05,3.0
0.5598736404295516,-0.6925163462622748,-1.4728356844350767,0.027572084083630693,1.0
0.5435648541643839,-0.967186846900822,1.3366676580096406,-0.013192220307427642,0.0
0.5435648546420715,-0.9671897004665045,1.3400446214715738,-0.004992498865879668,0.0
0.6271579192182366,1.6078091712537352,0.162646285195201,-0.026192609408188187,3.0
0.543564855312473,-0.9671913552475312,1.335841150299908,0.021735327157512963,0.0
-1.731788181194142,0.05404785361959421,-0.002624633275844458,-0.015178414353963396,2.0
0.5435648549767601,-0.9671895135612564,1.3400952498416474,0.05946236404876247,0.0
0.5598736415301593,-0.692516450508759,-1.4782290992057867,-0.0338094813812268,1.0
0.5598736416069671,-0.692513330477189,-1.477945296528134,0.0222056352238918,1.0
0.6271579201069266,1.607809809117222,0.1581291007288943,0.060251153601304126,3.0
-1.7317881813990352,0.0540497273457709,-0.013323259548819778,0.0038337945872937056,2.0
0.5435648546012831,-0.9671894931569124,1.333342216434552,-0.01769185508426087,0.0
0.5435648539320243,-0.9671873355128482,1.3375646482834211,0.01204381351604433,0.0
0.5435648545328764,-0.9671891617994295,1.3273826036113012,-0.01041429332445553,0.0
-1.7317881813793317,0.05404933728007443,-0.004906019152463153,-0.01144782147236059,2.0
0.627157920409992,1.6078118097478824,0.1524138081624307,0.07452465677856684,3.0
0.6271579201522361,1.6078092023381934,0.16685677529580753,0.03464124762679149,3.0
0.5435648546761536,-0.9671920660725358,1.3352898551376735,0.0017586397471232346,0.0
0.6271579189809657,1.6078125581439218,0.1635689755703109,-0.003648452735883438,3.0
0.6271579199587712,1.6078129486027268,0.16556932232052315,0.010042585169006666,3.0
0.6271579194935601,1.6078142423684199,0.16187811695640253,0.07377961259944937,3.0
-1.7317881814870515,0.05404768217913684,-0.005243842806272699,-0.020846438746935602,2.0
0.6271579204254348,1.6078150801835636,0.1590873738861733,-0.024235571339446437,3.0
-1.7317881816093528,0.05405186448049921,-0.0037069795371944773,0.03369847325906893,2.0
0.5598736411471291,-0.6925168021982798,-1.4839868052011005,0.01671185151184745,1.0
0.543564854902293,-0.9671905988368621,1.3314476346825201,0.05856587072758441,0.0
0.6271579202096618,1.6078125532036442,0.16755185313558396,-0.02321863174494727,3.0
0.6271579192248624,1.6078101419168662,0.15496285362017315,-0.03616854871121354,3.0
0.6271579200100422,1.6078122080788284,0.16275269566150832,-0.006994334414106687,3.0
-1.7317881811758662,0.054047844321609154,-0.002951489426739404,0.043214281913853576,2.0
0.5598736408740737,-0.6925173848399386,-1.471732184017134,0.009834419531141525,1.0
0.5435648550645238,-0.9671903902755251,1.327986294540707,-0.0022727720842539837,0.0
-1.7317881810996958,0.05405011814467559,-0.004503780997031213,0.0008205814283871204,2.0
0.5435648551806969,-0.9671893268700107,1.339746818293624,0.03001780544612727,0.0
0.5598736415904966,-0.6925161635733362,-1.4802060740693035,-0.011386642732817037,1.0
-1.731788181333414,0.054051667309270295,-0.0009536403359766442,0.03097452554424923,2.0
0.5598736405856864,-0.692516924798982,-1.476681324189705,0.004362144090862991,1.0
0.5435648545108995,-0.9671890009090536,1.333664630152054,0.015530351060174315,0.0
-1.7317881817900422,0.05405194887319808,-0.006811424146103244,0.02735985772956151,2.0
-1.7317881805893942,0.05404864927202407,-0.005079844388171828,0.06180895656743819,2.0
0.5435648547707597,-0.9671872445514048,1.336138196982475,0.020833946892958286,0.0
0.6271579193146747,1.6078152736369185,0.15669502502086569,0.004650786797699858,3.0
0.5435648546470446,-0.967190108792579,1.328583556631018,0.0572610631471659,0.0
0.5598736408590517,-0.6925146389373243,-1.4773293955572213,-0.0033459210772181433,1.0
-1.7317881814232587,0.05405017160514566,-0.00677823905112647,0.031372381766814575,2.0
0.5598736416314717,-0.6925177509767959,-1.4801062049384435,0.03819220394793921,1.0
0.6271579198994248,1.6078119288911594,0.16005289805966336,0.06696455702023855,3.0
0.6271579199161925,1.60780960253244,0.16183595622767638,0.04014959444118646,3.0
-1.7317881815874967,0.0540509226427316,-0.0037137630471890453,-0.02393703694494907,2.0
0.5435648548738181,-0.9671896407844431,1.3372068594268158,0.042817219380572494,0.0
-1.7317881807540114,0.054050403572913554,-0.0008264791369078458,0.009182421570472495,2.0
0.627157920199376,1.6078089715870518,0.15528542562117792,-0.006443096863878406,3.0
0.5598736419207242,-0.6925155646841435,-1.4785086254218038,-0.06344375096485631,1.0
-1.7317881822361934,0.054050341297005776,-0.0023964871506989777,-0.02393481798085026,2.0
-1.731788181328086,0.05404940267640481,-0.0031786557461377725,-0.06038221020409979,2.0
0.627157920414751,1.607812618709453,0.16499767110998925,0.0018491396712764874,3.0
0.6271579189273851,1.6078107474170127,0.164303027002027,0.04807005668204488,3.0
0.5598736403204463,-0.6925179337533071,-1.4717625787270867,-0.04523554512280965,1.0
0.5598736415112816,-0.6925188824985031,-1.479348274345151,0.004044641346576061,1.0
-1.7317881818718694,0.05404955565165565,-0.006551209651616989,-0.04070364603506621,2.0
-1.7317881811199578,0.05405251887720455,-0.0018903684004063339,0.017345153663983443,2.0
0.6271579195885596,1.6078096080887874,0.1618745377777616,0.02227199469457308,3.0
0.6271579192091499,1.6078101533964595,0.16047711042093898,0.06607011286309042,3.0
0.5598736410454604,-0.6925185724149034,-1.4749409858514317,0.032949724004906145,1.0
-1.7317881821736445,0.05404995458197426,-0.009235477704725032,0.06366133850088163,2.0
-1.7317881812050904,0.05404905961216037,-0.0028148365688630728,0.013326759733660274,2.0
-1.7317881820108434,0.054053204837348295,-0.006988471437031915,-0.02926812530850753,2.0
0.6271579201376138,1.6078111095804186,0.15715899184987372,-0.022217024668059582,3.0
0.5435648549610369,-0.9671914176784617,1.3339383324161889,0.06315615747651333,0.0
0.5598736417069201,-0.692516214199329,-1.4744463323222832,0.025203753407535577,1.0
0.5598736421625671,-0.6925173406576332,-1.4744808039134767,0.0012686314364054707,1.0
0.5598736410977572,-0.6925149331597719,-1.4784082323002221,0.0038696692992207706,1.0
-1.7317881814737284,0.054051108802089666,-0.004365642662441928,-0.01268609684751736,2.0
-1.7317881815915492,0.054049617701754885,-0.007916199013492914,-0.003083905800286755,2.0
0.5598736407904857,-0.6925141782866389,-1.481464797193055,-0.01837627743938577,1.0
0.5598736410605478,-0.6925169223824851,-1.4797017305272755,-0.025462564641473652,1.0
0.5598736408178274,-0.6925167723300825,-1.4751757575015787,-0.03707837557010561,1.0
0.5598736415242586,-0.6925176462268228,-1.480526754029068,-0.06557317519615669,1.0
-1.7317881817664211,0.0540503405985323,-0.006719460910304332,-0.036218145341923136,2.0
0.5435648547229434,-0.9671870121623833,1.3360646308842645,0.039305008720881156,0.0
0.6271579202082397,1.607810984248849,0.16488881602044198,-0.0019459654874231693,3.0
-1.7317881821569119,0.05405210892749315,0.00010208826502237572,0.022652377550535993,2.0
0.559873641571192,-0.6925205933141079,-1.4775369104189804,0.03773708860695859,1.0
0.543564854715439,-0.9671871490379136,1.3335449804569774,-0.04565198491530961,0.0
0.6271579204058448,1.60781272705363,0.1614849034328552,0.02956689196062631,3.0
0.559873641304888,-0.6925144545800018,-1.4849511386673842,0.03785776841071599,1.0
0.543564854720096,-0.9671873090973523,1.3363608740886777,-0.031066568757346404,0.0
0.559873641972755,-0.6925158909966204,-1.472771060407506,-0.012624955658183296,1.0
0.5435648545662337,-0.9671915119439699,1.3312198309849288,0.004513132183359765,0.0
0.543564854984312,-0.9671890255760999,1.3365858193167952,-0.010870119542535648,0.0
-1.7317881812203444,0.05405372813062312,-0.004838638266335009,0.03013235315946677,2.0
-1.7317881809600948,0.054049306624418966,-0.0028797525421337218,0.048518118577719385,2.0
0.627157920295049,1.6078120535139235,0.1616754512456143,-0.037831961097040866,3.0
0.5598736416222104,-0.6925182137173475,-1.4809347213932718,-0.02407401755826104,1.0
0.5598736415667969,-0.692515371358951,-1.48320310431327,-0.037063234956861424,1.0
0.5435648541754222,-0.967190249156165,1.3298183458387671,0.04468834968835172,0.0
0.5435648546123285,-0.9671908073714601,1.3317445417886533,0.045024220210650175,0.0
-1.7317881815683138,0.05405085592274679,-0.004474441641394286,-0.024403309996796036,2.0
-1.7317881819803473,0.05405017428623148,-0.0019408107266581233,-0.005266519028552264,2.0
-1.7317881817621419,0.054049041338132896,-0.012049695029208897,0.01751321585616548,2.0
0.5435648547557058,-0.9671887048486818,1.3322087310914406,-0.024633830868192354,0.0
0.5598736412598386,-0.6925186205795931,-1.4780773359488573,-0.03511991064833254,1.0
0.5435648546415348,-0.9671912434302429,1.3288387040879366,-0.025733345596228276,0.0
0.5598736414989319,-0.6925162706930904,-1.4767285776252244,0.010226501845053056,1.0
0.6271579200918117,1.6078136592820125,0.1594507633166421,0.042340732293548206,3.0
0.6271579199610327,1.6078121355623085,0.15773250681725406,0.0029587979326472368,3.0
0.559873641901384,-0.6925165062176641,-1.4795265373987911,0.006732633359926459,1.0
-1.7317881812873026,0.054049757842041135,-0.008851873969580301,0.014894154293414525,2.0
0.6271579196688669,1.6078121751240029,0.15460947782328976,0.0713568109430751,3.0
-1.7317881816216674,0.05404929578990497,-0.005194254432178237,-0.01671046821866613,2.0
0.5435648548696448,-0.9671882642845399,1.3348762958999336,0.013401416185978957,0.0
0.559873641240233,-0.6925130725138121,-1.4737960794109632,-0.07118754371694405,1.0
-1.731788181152567,0.05404796776668367,-0.0051649581367094344,-0.0362247631495522,2.0
0.543564854560182,-0.9671914160325256,1.3367365229691581,-0.0538824332822784,0.0
0.5435648544275163,-0.9671901512950901,1.3325540704259793,0.015361888097325456,0.0
0.6271579206692693,1.6078103577544776,0.16410714721268377,0.03833752966931302,3.0
0.5435648548739231,-0.9671869030318647,1.3385485204011027,0.06067579683780967,0.0
-1.7317881810599585,0.05404884307913966,-2.375586243315657e-07,-0.026876998769018955,2.0
0.5435648541178449,-0.9671916221823703,1.3288207094805626,-0.0506184029402713,0.0
0.6271579196871656,1.607810048375379,0.16034248466095966,0.04500749821738774,3.0
0.559873642096548,-0.6925139558177844,-1.4738283663751768,0.028930589188289117,1.0
0.5435648550644597,-0.9671879169712471,1.3343778635577572,0.02517601885575406,0.0
0.5435648546496948,-0.9671886150939352,1.3288682564425416,0.023378117423393362,0.0
0.5598736414680392,-0.6925173549231615,-1.477436126516984,-0.0011783217917582362,1.0
-1.7317881815812817,0.05405231697442155,0.0028453995765303506,0.022925352006328267,2.0
0.5435648547240569,-0.9671904160803777,1.3316788684675658,0.03887158636677297,0.0
0.5435648550198324,-0.9671894894494913,1.3381535112106882,0.03571575148906352,0.0
-1.7317881812903284,0.054051089830415275,-0.008955894699775828,0.004275168283188584,2.0
0.5435648548593991,-0.9671893584552069,1.3287570887093734,0.02268857242001533,0.0
-1.7317881815036613,0.054050544544187194,-0.007591178007493368,0.0015279376848109628,2.0
0.5598736412421377,-0.6925155574988714,-1.4785797522304045,-0.03681625819001726,1.0
0.5435648550217581,-0.9671887078905201,1.329986362785923,-0.013436064952739888,0.0
-1.7317881818873664,0.05404967609782754,-0.0029778637232593286,-0.0311644639834991,2.0
-1.731788181550758,0.05405250124783109,-0.007197556633657609,-0.03970779618676787,2.0
0.5598736414383803,-0.69251573101193,-1.477604483833769,-0.013219394426441562,1.0
-1.731788181543537,0.054048289481567174,-0.00811039390372526,0.005597254863667737,2.0
0.6271579197951518,1.6078134067200425,0.1588832956490728,0.03845405102996579,3.0
0.6271579200307374,1.6078106868612514,0.15758343676722963,0.04070377847584585,3.0
0.5598736421967722,-0.6925152259395991,-1.4743633457836613,0.0009556627928877403,1.0
-1.7317881818840857,0.054048986219893284,-0.00388788050478422,-0.0001943521295636452,2.0
0.6271579197380491,1.6078084831934674,0.15687961177895737,-0.009617644284833075,3.0
0.5435648542828745,-0.9671871853447009,1.3321507836885946,0.05984810034660908,0.0
0.6271579207048067,1.6078075438647195,0.16170738689711162,-0.0013525673614700425,3.0
0.5598736420467703,-0.6925154514793197,-1.4784722602420917,0.08947204828525056,1.0
0.6271579200831476,1.6078123804236535,0.16327035472655013,0.022511414495929912,3.0
0.6271579194130108,1.607811373215729,0.16359284111912772,0.0023060887046397,3.0
0.5598736410469789,-0.6925176928130169,-1.4800410005646953,-0.052771707332511214,1.0
-1.7317881810433848,0.05405045400291925,-5.201386212207276e-05,-0.01077453231832955,2.0
0.5435648545448682,-0.967190600588766,1.3384144125839328,0.01610427238404163,0.0
0.5598736411991584,-0.6925129607045355,-1.482767913778725,0.009141243124559783,1.0
0.627157920004918,1.6078148852246468,0.16558421928960498,0.0053412870817810335,3.0
0.6271579196054342,1.6078118750340313,0.1584123921688863,0.0290351970479371,3.0
0.543564854706561,-0.9671919762472619,1.3324350551142905,0.034020152095237066,0.0
-1.7317881819923717,0.0540525024575909,-0.0015069257907211295,-0.019965489414671418,2.0
0.5435648549528814,-0.9671895443899556,1.3317905592458745,0.015323988335223603,0.0
0.6271579200060571,1.6078115930773536,0.15914945832924324,-0.03446633006445289,3.0
0.5435648549462819,-0.9671889495938536,1.3358511184076378,0.020424708463681596,0.0
0.5598736413484586,-0.6925163085286107,-1.4812133397520715,0.0017855323161297379,1.0
0.6271579201106564,1.6078123851711972,0.16016260819383651,-0.011897966777971534,3.0
0.6271579199798212,1.6078113857367533,0.16418452260223876,0.009968780633298192,3.0
0.6271579199956077,1.6078122040008953,0.16135281044626892,-0.0354853934025368,3.0
-1.7317881815193399,0.054050492170398444,-0.004472045831481548,-0.01726779354452498,2.0
-1.7317881820617151,0.054048161386309176,-0.005029485792533539,0.1146255862218512,2.0
0.5435648547427492,-0.9671922594313963,1.3321787385905086,-0.003315238673949285,0.0
-1.7317881821983259,0.054048928590344,0.0009951524014820958,0.06065482238754677,2.0
-1.7317881812421003,0.05405258945931218,-0.0030032626451121894,-0.0035750806315149593,2.0
0.6271579205801363,1.6078114336655154,0.14779601125208386,-0.03636954446467452,3.0
-1.7317881808174562,0.05404949939024241,-0.005450627517046,-0.018591372602341918,2.0
0.627157919627066,1.6078091962258314,0.16542758520614506,0.05773654261316338,3.0
-1.7317881818314786,0.054050611198439895,-0.005114894959446951,0.02572424646196295,2.0
0.6271579203416456,1.6078110132022376,0.16358866168552522,0.027527849738520134,3.0
0.5435648545066176,-0.9671884037000843,1.3351560038979002,0.002608535561643334,0.0
-1.731788181757001,0.05405126221099428,-0.004903244005821478,0.008263130953601618,2.0
0.5435648550231329,-0.9671879632482586,1.3320209802600644,0.07151529113597672,0.0
-1.7317881808660767,0.05405070019943497,-0.004936499480191047,-0.04589609845566971,2.0
0.559873641147884,-0.6925147561219996,-1.4818807812699122,-0.016407336357479974,1.0
-1.7317881811220852,0.05404885709339271,0.0005321791556034954,0.004929717836376832,2.0
0.5435648545761396,-0.9671894152683537,1.3357555785961281,-0.071760869769839,0.0
-1.7317881816198302,0.054052393146835166,0.0006043842068359039,-0.044587769283743396,2.0
0.5598736420179211,-0.6925165198096492,-1.4840480355054801,0.01870034277827676,1.0
-1.7317881812881222,0.054052361691663255,-0.010691891107877577,-0.0022031856784381623,2.0
0.5435648543087298,-0.9671929188124023,1.329046924829187,-0.020783753406716628,0.0
0.5435648553649578,-0.9671901234550703,1.3419933302472358,-0.004989515384519014,0.0
0.5435648549784865,-0.9671899284884264,1.3325566953335322,0.06166084900437425,0.0
0.6271579195128781,1.6078098282094742,0.1542617850248986,0.03686243647426762,3.0
0.5598736410592539,-0.6925142404522596,-1.478251741993468,-0.014374172617031323,1.0
0.6271579200724686,1.6078098446926483,0.16074440967473289,0.04598115329933541,3.0
-1.731788181655163,0.05404818578163453,-0.009945379264886735,-0.024898423915396716,2.0
0.5598736414186604,-0.6925174603537969,-1.4793592878600288,0.02686217078513879,1.0
0.6271579205085352,1.6078118987614547,0.15766335732370318,-0.022166899581758572,3.0
-1.731788181261332,0.05404832098554387,-0.006213933372379174,-0.012540980139986077,2.0
-1.7317881809589157,0.0540506433254297,-0.013249149378234905,0.064285183463599,2.0
-1.7317881813064697,0.05404636085403558,0.00018554741472775048,0.018176994144931662,2.0
-1.7317881814700922,0.05404811169236433,-0.010759227530787644,0.015119176599465468,2.0
0.6271579192435843,1.6078099170689197,0.16022833797163705,-0.017618188131608606,3.0
0.5435648547594804,-0.9671905069688105,1.329138329526266,0.06430683758457978,0.0
0.6271579196279196,1.6078112908514706,0.15593690361670454,0.00010112801828307632,3.0
0.627157920154526,1.6078144695714063,0.1586095704065373,-0.044061713539576663,3.0
0.5598736421553365,-0.6925150674919859,-1.4811588172744732,-0.05656159548008214,1.0
0.6271579197070276,1.6078120039199133,0.16396723441015773,0.014607344972239887,3.0
0.627157920204442,1.6078122492300653,0.16517104611275005,-0.011335590644457216,3.0
0.559873641965808,-0.6925133936965678,-1.4790925485008457,0.004022541235556678,1.0
-1.731788181150091,0.05404845815787768,0.002625487430877373,-0.003985694755284536,2.0
-1.7317881808635547,0.0540514171004577,-0.002784855213073833,0.001235308005327979,2.0
0.5435648548519995,-0.9671914156409112,1.3301714146649672,0.027801244776749834,0.0
0.5598736417545946,-0.6925140814219725,-1.4731884680389686,0.03607094251637503,1.0
0.6271579197375808,1.607813662485751,0.15967503426877677,-0.01376013329802514,3.0
-1.7317881808946163,0.0540530864530511,-0.008621683288625337,0.010079437927574595,2.0
0.5435648549818414,-0.9671892061725765,1.3347739917655321,-0.010119896916254994,0.0
0.5435648540428364,-0.9671899129856822,1.3330021458678254,0.0032926202140572333,0.0
-1.7317881816195941,0.05404899755151517,-0.006207343045451842,0.04160011070487981,2.0
0.6271579204557026,1.607812188259142,0.16209592319517527,-0.00968118380746013,3.0
0.627157920258558,1.607814384305896,0.15412074520541233,0.02146622867723962,3.0
0.5435648551291776,-0.9671906125835463,1.3424429791593995,0.018581368846587086,0.0
0.6271579196133547,1.6078098913544405,0.16449071174392377,0.029435407918951943,3.0
-1.7317881808832292,0.054049956147836906,-0.005478370632451957,0.05167887100056558,2.0
0.559873641714017,-0.6925148940335363,-1.4811498753181889,-0.011067859388520292,1.0
0.5435648546806552,-0.9671922813002224,1.331501728476447,-0.022351040751361195,0.0
0.6271579195453385,1.6078153563625175,0.15664950984712622,-0.025116451502843567,3.0
0.6271579194955519,1.6078111327954159,0.15851787446359752,0.011306846930639393,3.0
-1.7317881824283616,0.054049286693239475,-0.0019453338423395762,-0.020678952865350562,2.0
-1.731788181413501,0.054048458733834986,-0.0056349838957517545,0.042443095209072655,2.0
0.559873641547358,-0.6925164379469554,-1.4757308802035005,0.0411569177088417,1.0
0.559873641104385,-0.6925177473097865,-1.4816662678007386,-0.06113318405798073,1.0
0.6271579203031512,1.607812017242575,0.15919561547667574,0.03607305911015391,3.0
0.5435648542504058,-0.9671892080436728,1.3367998210612473,-0.032016880067084426,0.0
-1.7317881811151026,0.05404977358910817,-0.008818757362416921,0.0039032512956402067,2.0
0.5435648551266569,-0.9671881763238575,1.3335083886808148,-0.008564092314212157,0.0
0.543564854999998,-0.9671868792939778,1.3261344178871846,0.029754939482560427,0.0
0.5598736417906292,-0.6925156968498263,-1.4801614470134132,-0.02684290058390193,1.0
0.6271579195347844,1.6078119800332578,0.15990065021117578,-0.01120985057353071,3.0
0.6271579196442638,1.607812773096592,0.16493050822919011,-0.0031931418703231907,3.0
-1.7317881810391142,0.05404781231882508,0.001010447015764163,0.01035958358319391,2.0
0.5435648548312225,-0.9671923420041676,1.3342335150111615,0.04578891556948738,0.0
0.5435648549497647,-0.9671912089931963,1.3328928000513485,0.005639420733927091,0.0
0.5598736415081029,-0.6925164865070377,-1.4793695589543407,-0.03356593204668082,1.0
0.5435648551505037,-0.9671893209781107,1.332185025602421,-0.02897764376665705,0.0
0.5435648548299586,-0.9671901571892899,1.3341963582874148,0.031207350511898626,0.0
-1.7317881817140626,0.05404852781886713,-0.003896712778467238,-0.02482788491693443,2.0
0.5435648554453716,-0.967189304227193,1.3371732071037574,0.02898621891617826,0.0
0.6271579198619032,1.6078091855358358,0.1580475966384617,0.024469549264142305,3.0
0.5435648541692014,-0.9671903067636002,1.3288839149687057,0.05832324193893159,0.0
0.6271579200157158,1.607809347127889,0.16052077173539686,-0.0326670966335345,3.0
0.5598736410475831,-0.6925158696355722,-1.4797003058739775,-0.002947259736096702,1.0
0.5435648548424258,-0.9671877185008783,1.3365718554739938,-0.04761313345427885,0.0
0.5435648543819831,-0.9671897071554195,1.3337374531225792,0.024606979843498203,0.0
0.5598736419039371,-0.6925156534666577,-1.4770239361108923,-0.016104492111363704,1.0
0.5598736415556649,-0.6925147086226228,-1.4786124556116529,-0.013011908038013664,1.0
0.5598736405193598,-0.6925157221084164,-1.482946513951977,-0.014276900972109393,1.0
0.6271579200926414,1.6078110551060592,0.15352616616717715,0.07744376380663211,3.0
0.5598736414448463,-0.6925171646486615,-1.4838441303228784,-0.01689735598418728,1.0
0.6271579197344287,1.6078080294792272,0.1616463695310201,0.057292395702798024,3.0
0.5598736412038746,-0.6925163104359823,-1.480270319126523,-0.0335375790719667,1.0
0.5435648548176013,-0.9671897881299282,1.333434659688583,0.024163547262942245,0.0
0.543564855082231,-0.9671914893638615,1.3374313387637862,0.005117829274490815,0.0
-1.731788182311604,0.054050722091508546,-0.00039266836936142083,-0.03705278419227819,2.0
0.5598736412236631,-0.6925158213652747,-1.480342929433508,-0.05397276056171584,1.0
0.5435648547611429,-0.9671883984885111,1.3297252007039548,0.02526380265848812,0.0
0.5435648547451908,-0.9671908642124123,1.3345773214250631,-0.021070846663172715,0.0
0.6271579204815451,1.6078113787592647,0.16460705721432806,-0.05393682477136148,3.0
0.5435648543604219,-0.9671873355130836,1.3290964158150793,-0.032333502431693396,0.0
0.5598736414020433,-0.6925140854052603,-1.4795693128865692,0.034146376474462156,1.0
0.6271579202145885,1.6078122562392088,0.15959428374256016,-0.01635341868051543,3.0
-1.731788181034712,0.05404827274118186,-0.004704994897053568,0.014549019476849884,2.0
0.6271579203431704,1.6078131647637077,0.16252223171587565,-0.003987888140020335,3.0
-1.731788181196641,0.05404980454577428,-0.0036941720301207044,-0.0660064544969165,2.0
0.6271579198805819,1.6078119183006994,0.15859988846499645,0.051869342353678946,3.0
0.627157919824635,1.6078121559343836,0.16304926604144676,-0.03240539831471791,3.0
0.559873641983329,-0.6925134950681523,-1.4798566445573962,0.008911665936384039,1.0
-1.731788180762769,0.05404986443301238,-0.004009728530541619,-0.005669920087363672,2.0
0.5435648540498991,-0.9671908923034208,1.341805794378137,0.06438037852376631,0.0
0.6271579197022499,1.607810670631227,0.15652793199713325,-0.040734726626151525,3.0
-1.731788182064527,0.05404904905090904,-0.007388924143622626,-0.01486519225351297,2.0
-1.7317881815500797,0.054051546730385286,-0.005786569731393795,-0.013891882696851833,2.0
0.5598736415337171,-0.6925165438395823,-1.4800047903504685,-0.10516371145113855,1.0
0.543564854259868,-0.9671927795897404,1.3380826006720676,0.007585645029786592,0.0
0.5598736419302245,-0.6925142524489423,-1.4845969222418844,-0.02684914858304239,1.0
0.6271579201711102,1.6078132189719636,0.15830787875519864,-0.007092883178959967,3.0
0.5598736413507595,-0.6925159478386914,-1.4799177195053363,-0.006768265531371083,1.0
0.5598736416754013,-0.6925158361941531,-1.4787580893968937,-0.06042742214030278,1.0
0.6271579202431019,1.6078103760623803,0.15421291829049721,-0.011417779887986694,3.0
0.6271579197131357,1.6078096432467128,0.15876004425673163,0.014428071306615296,3.0
0.5435648541007679,-0.9671906299088031,1.3315985339335719,0.03596411039326033,0.0
0.6271579197564052,1.6078096508622268,0.15707623064332565,-0.048831094503962225,3.0
0.5435648542163503,-0.9671906155641552,1.3316483628803215,-0.006302207653587186,0.0
0.6271579194480423,1.6078128694867002,0.1564986968218638,-0.06170751831872281,3.0
0.5598736410950512,-0.692515057056222,-1.4828576632134882,-0.06081188405627114,1.0
0.6271579201091175,1.6078145244005582,0.16380774097763035,0.02189051376061963,3.0
-1.7317881814265115,0.054050594417653385,-0.0063845549735436795,-0.07032697190573522,2.0
0.5598736409997198,-0.6925163953063035,-1.4783888643500103,-0.054780966017648924,1.0
0.627157920305281,1.6078121371251568,0.15687572616897635,-0.016044878723371837,3.0
0.6271579196493061,1.6078119278188467,0.1552740283233547,-0.02068035980206188,3.0
0.5435648548952496,-0.9671893439579717,1.3238149959319276,-0.02948913345118442,0.0
0.6271579193540279,1.6078128872890465,0.1655836397823125,-0.0014966560682407627,3.0
-1.7317881810732298,0.0540478135540472,-0.0042881181001012654,-0.013144928578521417,2.0
0.5598736415236449,-0.692516529323951,-1.4755300698234182,-0.036267539401941974,1.0
0.5598736414513259,-0.6925152352233914,-1.47567015767882,0.04179711051777686,1.0
0.6271579204277565,1.6078090496836228,0.16061817470928696,-0.04857265090937783,3.0
-1.7317881811806881,0.0540494005295655,-0.005746234250097003,0.06003882141472681,2.0
0.6271579196591073,1.60781325306913,0.16499517882504033,0.046456610133335886,3.0
0.5435648539679352,-0.9671880357428978,1.331500522783256,0.05964529685332631,0.0
0.6271579198931014,1.6078129517198116,0.16858103517006087,-0.04670834206764674,3.0
0.5435648545401714,-0.9671895270401338,1.3370555243055773,-0.005437452167672008,0.0
-1.7317881814087464,0.05405223304394084,0.0007184185395604775,-0.009419294802828396,2.0
0.6271579200685229,1.6078145488824855,0.15309170789908805,0.0017794835555097525,3.0
0.543564854907356,-0.9671893813365813,1.328870352137107,0.05325187680968231,0.0
-1.73178818159901,0.05405087542200916,-0.00807789165695488,-0.02934305295494798,2.0
0.5598736414368365,-0.6925160163797455,-1.4824294263107745,0.055615147162471054,1.0
-1.731788181793828,0.05405001242656616,-0.006549791831980582,0.04224266168401666,2.0
0.627157920042361,1.6078142581641302,0.15843063157501008,0.05651593253887741,3.0
0.6271579192066162,1.6078120699751846,0.1624463001466331,-0.00843016896594426,3.0
0.5598736416259937,-0.6925187311000615,-1.4789459884519063,0.011611100759672878,1.0
0.62715791987816,1.607811994696336,0.16498621867226887,-0.00478806751502985,3.0
-1.7317881810779112,0.05405092259531106,-0.003940080381815226,-0.0049341500513517015,2.0
0.627157920219322,1.60781045710095,0.16100958249696196,-0.0075771283138903744,3.0
0.5435648545696765,-0.9671899756908168,1.3338273931952895,0.03889799055979634,0.0
0.62715791970661,1.6078109671440288,0.16089962814716885,0.002209975019744554,3.0
0.6271579196252163,1.60780970591811,0.1625284999787006,0.018070433349197848,3.0
-1.7317881812756246,0.05405043942550348,0.007124814427173042,-0.010364571379822874,2.0
-1.7317881811993168,0.05404973995567357,-0.012020712716585186,-0.03223367849991623,2.0
0.6271579201158355,1.607811469308178,0.15762217902055095,-0.005065883317160086,3.0
0.5435648548307476,-0.967190589602523,1.3350252864896632,0.10902141744708951,0.0
-1.7317881809678326,0.054046991213577235,-0.005151240991042978,0.01965130238338503,2.0
0.5598736418930031,-0.6925145549095101,-1.4799158015834761,0.01719393253130015,1.0
0.6271579203680238,1.607811548207955,0.1578870984959252,0.017666245121056735,3.0
0.5435648547765504,-0.9671902028116193,1.331121118053572,0.08326612631342159,0.0
0.627157919985238,1.6078105626479273,0.1601998110956249,0.0011057245589220655,3.0
0.5598736413022725,-0.6925160244281346,-1.4736777832066799,-0.008928300850870504,1.0
0.5435648546088466,-0.9671890302596652,1.340471557592252,0.045405551987414104,0.0
0.6271579199571885,1.6078110707374191,0.16153436146492686,0.024445138499055084,3.0
0.5435648550319476,-0.9671900026129862,1.331523799530535,-0.003533865120819941,0.0
0.5435648548051922,-0.9671891901702908,1.3277425654990782,0.01229962471056701,0.0
0.5598736413686345,-0.6925160985762786,-1.4792538831115518,-0.07499570597521675,1.0
0.6271579205882613,1.6078116835518435,0.1558890108436121,0.010961788970361512,3.0
0.559873641505399,-0.6925121240604156,-1.4806212110723076,-0.051855717050449376,1.0
0.5598736415094248,-0.6925157805680171,-1.4746330267674161,0.057470533945380584,1.0
0.5598736415923387,-0.692516240754602,-1.4739520430397794,0.00418213849864321,1.0
0.5598736420573885,-0.6925131537475991,-1.4850304457499186,-0.00903558226998233,1.0
-1.7317881818324867,0.054049182528629225,-0.00154061836753765,0.037700168754118996,2.0
0.6271579198983769,1.6078143320868494,0.16228648874378193,-0.051475806803262636,3.0
0.5435648547511112,-0.9671896291702914,1.3322273609213118,0.04080374218380773,0.0
-1.7317881809545606,0.05405240055907368,-0.0044693967555202154,-0.007129004132751216,2.0
0.6271579203423874,1.607813909881489,0.16067741344166744,-0.05426067396874631,3.0
0.5598736413257751,-0.6925169369424868,-1.4877572806470354,0.0016836453638448292,1.0
0.5598736418438042,-0.692517454076952,-1.4755106059298304,-0.038489613795636736,1.0
0.627157920011566,1.6078087933277743,0.16563071181051447,0.046236570912351664,3.0
0.5598736414871623,-0.6925165991394876,-1.4783090709361177,-0.03989785507991274,1.0
0.5598736414910156,-0.6925152848212738,-1.4743416931567221,-0.03996187812934298,1.0
-1.7317881813652076,0.054049089746246406,-0.0025228550194774852,-0.0069835782698389505,2.0
-1.7317881809781273,0.054051262988735915,-0.009822858039672297,-0.03529762793521927,2.0
-1.7317881815336063,0.05404758122126783,-0.002611261465533786,0.010565539987837153,2.0
-1.731788181517979,0.05405191488525164,0.005302356931739317,-0.034598511728680316,2.0
0.6271579195715686,1.6078097498170099,0.1541951784055105,0.023184149580590997,3.0
0.5598736412759557,-0.6925170061379721,-1.4777089382552406,-0.09621147322756968,1.0
0.6271579197361518,1.6078101886407061,0.16524226936839864,-0.013710426617176199,3.0
0.5598736415002087,-0.6925156968902696,-1.4792348581516388,0.048869341838338874,1.0
-1.7317881816105443,0.054047815184024996,-0.00107955001184036,0.0012453055902461013,2.0
0.5435648547845044,-0.9671885890884446,1.3304703859107554,0.033931787003586046,0.0
0.627157919571005,1.6078095331591733,0.16171009354277563,0.010341652984038363,3.0
0.5435648545662571,-0.9671907105176986,1.331199629840482,0.006847049290728538,0.0
0.5435648550981883,-0.9671912468439172,1.3272128539697403,0.06075449193507134,0.0
0.5598736413394698,-0.6925134762377496,-1.4817284211217667,-0.03681779650655324,1.0
0.5598736409103265,-0.6925132530028558,-1.472594214535115,0.024491773553874528,1.0
0.6271579195284133,1.6078083141060626,0.1604055901880339,0.008771218049453054,3.0
0.6271579191220441,1.6078097628662507,0.16240565417919003,0.02288583303879802,3.0
0.5598736412553016,-0.692514768263267,-1.4761954879336237,0.004468161021240991,1.0
0.5598736413562714,-0.6925178261383129,-1.4827454289673603,0.01232921899276909,1.0
0.5598736415162785,-0.6925152392913573,-1.481107115641962,0.008966501368094305,1.0
-1.7317881820127312,0.054050742927720566,-0.008455476119841876,0.01600695798586688,2.0
0.6271579206389852,1.6078100993439985,0.16401982307570473,0.015304596149325984,3.0
0.5598736414297376,-0.6925152749975663,-1.4783912530781522,-0.06498688519883282,1.0
0.6271579202944179,1.6078101354711989,0.16875995115071601,-0.027583674015788748,3.0
0.5435648543654074,-0.9671897550138723,1.330969391815765,-0.020087103924448693,0.0
0.5435648542592167,-0.9671891805282842,1.336626586822435,-0.003985592101345037,0.0
0.5435648546221387,-0.967191766984033,1.3313088094210646,0.02275646075157451,0.0
0.5598736411093532,-0.6925174733964297,-1.4746593163767678,-0.004115873011868122,1.0
0.5598736416444419,-0.6925157456976455,-1.4725191465080563,0.039187706309698325,1.0
0.5598736414175589,-0.6925176972847675,-1.4830983328097243,0.02795702664376705,1.0
0.5598736421743659,-0.6925152807615403,-1.4847524298119366,-0.035423944970200454,1.0
0.5598736420632517,-0.6925154744014367,-1.483456490717415,0.02133503159936726,1.0
0.5598736411945933,-0.6925159673744237,-1.4768162396271656,-4.4125705699623983e-05,1.0
0.5435648543850344,-0.9671899748200644,1.328270012482543,0.004400113704232105,0.0
0.6271579198332125,1.6078106580716398,0.16087950352880673,0.01550111956704093,3.0
0.62715792049064,1.6078117938341945,0.16317701660519848,0.01909160720182972,3.0
-1.7317881812511435,0.054050273795266286,-0.0048151464171657015,0.010423844538571916,2.0
-1.7317881814309308,0.054052407533186415,-0.0027932634526483197,-0.008005605800972057,2.0
0.5435648549342371,-0.9671887353430176,1.3406841527942766,0.05233907737892619,0.0
0.543564855421049,-0.9671891936737376,1.3300175438547808,-0.01377049346262524,0.0
0.5598736410418783,-0.6925128607095601,-1.4758171982120907,-0.008137334466244232,1.0
0.5598736410799473,-0.6925163699462586,-1.475747313408339,-0.01667876736618874,1.0
-1.731788181156598,0.05405151596146447,-0.008549533434086973,0.03141149028231568,2.0
0.5435648547838557,-0.9671916019577442,1.3389938313591263,-0.005799507210143924,0.0
0.5598736416317761,-0.6925170002578206,-1.4730535443982111,-0.013944122956306088,1.0
0.5598736416559414,-0.6925172791185489,-1.4811496518883644,-0.06825968957013086,1.0
0.6271579193084382,1.6078114959862246,0.15672363807534856,-0.023179482288589254,3.0
-1.7317881811873677,0.05405038337426518,-0.004604391602181717,-0.0434419320609532,2.0
0.5598736415415899,-0.6925169898652709,-1.4786203808936378,0.0019431592500546884,1.0
0.543564853910413,-0.9671897887749139,1.3318908766973885,0.011210732721100736,0.0
0.559873641668305,-0.6925168144503948,-1.4787920946700668,0.024123927018969177,1.0
-1.7317881813707883,0.054047942780102554,0.002416565977270122,0.018792831326434466,2.0
0.5435648546471746,-0.9671886525133343,1.3336987604094175,0.053013451883294344,0.0
-1.7317881814527156,0.054050525988735144,-0.007111912828863837,0.04177784787768248,2.0
0.627157919870407,1.6078133058810173,0.16646972978991675,0.011856976367925954,3.0
0.5435648547330694,-0.967190251954688,1.336670694280072,0.018211722278377654,0.0
-1.731788181792054,0.054051091989519934,-0.0011384750418789067,-0.0471595143209251,2.0
0.62715791968856,1.6078096970286857,0.1687336486475136,-0.02945664887966547,3.0
-1.7317881815657588,0.05405132976620333,-0.010151616222051983,0.046063754255572666,2.0
0.5598736420468327,-0.6925185265613859,-1.4777852297694767,-0.005076136405782863,1.0
-1.7317881813753515,0.054051594619194364,-0.008878587081731445,-0.025401230493070893,2.0
-1.7317881816771823,0.05404941069428638,-0.015929620628157865,-0.03301409475694627,2.0
0.5598736413286255,-0.6925166762298017,-1.4866631311742537,0.011310949278300928,1.0
0.5435648550854081,-0.9671902053621027,1.3304617244804522,-0.033369562938821554,0.0
0.5598736415166725,-0.6925170596206413,-1.4838182515038805,-0.025524056150429554,1.0
0.5435648546524018,-0.96719141316618,1.3304775868469259,-0.0007620160092017532,0.0
0.5435648549771734,-0.9671894609107113,1.3293328563604796,0.010718376232558542,0.0
-1.7317881812808105,0.05404977249022441,-0.01239407012766412,0.012155145985914653,2.0
0.5598736418681016,-0.6925166386025414,-1.4733759233051575,-0.04166916606844138,1.0
-1.7317881817870522,0.05405133874120882,0.0034354538665451427,0.023460158650118246,2.0
0.5435648545316579,-0.9671893137954195,1.3369920833791802,-0.04287063001201196,0.0
0.627157919546,1.6078082868878611,0.1606135062478338,-0.03725081767739935,3.0
-1.7317881815095744,0.054051333181887824,-0.010619540993541914,0.033192502914845635,2.0
0.5435648541959249,-0.9671921007675537,1.33721463914801,0.03636986881112763,0.0
0.6271579202172686,1.6078108813130467,0.16355515294049813,0.04584356112881587,3.0
0.6271579198813606,1.6078113317242937,0.15869535037416924,-0.009063970911298888,3.0
-1.7317881813351466,0.054048383366639155,-0.006238035814497937,0.005005448894688958,2.0
0.543564854545316,-0.9671906436774695,1.333939454671528,0.03244661685031444,0.0
0.5598736417533946,-0.6925171516960958,-1.4753344151164922,0.012242711751498919,1.0
0.6271579196279158,1.607811903835933,0.15941105725929236,-0.001939092425182324,3.0
0.5435648553921614,-0.9671880973159293,1.3306559610511168,-0.015603677030731313,0.0
0.5598736414317256,-0.6925163526747576,-1.4762773895355077,0.03111756659864631,1.0
0.5598736411259794,-0.692520000537075,-1.4777757267230707,0.0007573853702097478,1.0
0.5435648547190731,-0.9671862802774915,1.3261420693782267,0.00499380980765238,0.0
0.559873640941119,-0.6925181778439266,-1.4828632608390306,-0.05687430197835074,1.0
0.5598736412888015,-0.6925155315268662,-1.4808472347843171,0.019587256351609062,1.0
0.5435648542923519,-0.9671900339756729,1.3329611631724123,-0.021143318984228877,0.0
0.5598736410951324,-0.6925142601462632,-1.475247414792989,0.02376659654624195,1.0
-1.7317881823273642,0.05404828681579715,-0.006853363389205745,-0.022101125151657346,2.0
0.5598736412676741,-0.6925141522925198,-1.4797521114663095,-0.007642228462687516,1.0
0.5598736416619775,-0.6925180316557036,-1.4781834432520116,0.03909813332895305,1.0
0.5598736416738347,-0.6925152623191041,-1.4779931629035294,0.012809797020867628,1.0
0.6271579199841001,1.607811757526103,0.16295774492615409,0.026526355827218448,3.0
0.5598736414723685,-0.6925145867330865,-1.480438248014671,-0.021633493900634834,1.0
0.543564854036384,-0.9671896190837692,1.3373452981642604,0.03337538004731792,0.0
0.54356485515854,-0.9671896793104318,1.336109536617913,-0.013015392012122129,0.0
0.5598736415066695,-0.6925194091420869,-1.4816194556991953,-0.026744906702087526,1.0
0.6271579199543899,1.607810906719556,0.1564101695464563,0.0075251482197748135,3.0
-1.7317881818596537,0.05405105364236022,-0.008775693836560823,-0.029082929693083223,2.0
-1.7317881818243506,0.05405252471609084,-0.0022064587554670645,-0.05513166126034162,2.0
-1.7317881814231304,0.05404998468706967,-0.005360512770884889,0.011555385478370945,2.0
-1.731788181884278,0.05405058200686825,0.0033280130866799144,0.01687072110658656,2.0
0.559873642135647,-0.6925151251208173,-1.4804847056511594,-0.03555129115908944,1.0
-1.731788181216967,0.05405291246379846,-0.004193099177436442,-0.003513745377105038,2.0
0.5598736418577629,-0.6925166032547065,-1.4856213027621874,-0.05783850555389278,1.0
0.6271579194686142,1.6078109126273354,0.15696021958800574,0.021842473277661468,3.0
-1.7317881814101834,0.05405166085912556,-0.004248701130167274,-0.08066690217219384,2.0
0.6271579198164928,1.6078110017795546,0.1583785887390304,-0.06714772445524338,3.0
0.543564854429431,-0.9671869621295015,1.337371806059109,-0.020102711056394322,0.0
-1.731788181545468,0.05405228771289205,-0.00669049786401616,-0.013406873203227048,2.0
0.6271579204272663,1.6078120520402999,0.1604558148777234,0.036118262878762686,3.0
0.5598736421937108,-0.6925159087472703,-1.4737066935374148,-0.006876280859370613,1.0
0.543564854898291,-0.9671873801618688,1.3322634816106926,0.0008582649592418208,0.0
0.627157920506218,1.607814488210452,0.16034131532827736,-0.005493657975635459,3.0
0.5598736414600798,-0.6925153764186799,-1.4825035074050577,-0.05032095311515535,1.0
0.5598736418047653,-0.6925157001634896,-1.4790225111710489,0.011898535521842887,1.0
0.5598736410944228,-0.6925169740292858,-1.476384079995293,-0.03771172154899233,1.0
-1.731788181675608,0.05405173551895184,-0.00828169997679821,-0.04833838724371162,2.0
0.6271579198334488,1.6078098710646462,0.1524983840187918,0.027097043923326312,3.0
0.6271579193332572,1.6078099920795605,0.15480142721542733,0.021189858210019105,3.0
0.5598736413567306,-0.692513691081892,-1.481526649098446,-0.042377956221782274,1.0
-1.7317881810525708,0.05404918585547865,-0.00018397137814084397,0.024596535444682457,2.0
-1.7317881818961134,0.05404681423339392,-0.010632353581175995,0.010738024451325536,2.0
0.6271579201436156,1.6078128318110407,0.15846340747180063,0.034247207031651766,3.0
-1.731788181594682,0.054048109449836915,-0.004999898870842606,-0.026365263768446712,2.0
-1.7317881820775878,0.05404935259678638,-0.0064320801133183145,0.04337186941560881,2.0
0.559873642189166,-0.6925186145648524,-1.472178580945774,0.0001800819789034738,1.0
-1.7317881811065434,0.05405399893748005,-0.007189047315625339,0.0253053751083503,2.0
0.627157919576753,1.6078124476568825,0.15955195044072606,-0.017985586421744533,3.0
0.6271579202157855,1.6078143234797502,0.16394425285526013,-0.07023173640166543,3.0
0.6271579199219134,1.607811519321625,0.16452669096143172,-0.051342518635257794,3.0
0.5598736416811735,-0.6925147150101443,-1.4820497623660327,0.010377002243888708,1.0
-1.7317881816002767,0.054050482911316554,-0.006394358105999263,-0.026288922307176055,2.0
0.6271579198898499,1.6078107996940139,0.16408808289496926,0.05419264952017796,3.0
0.5598736416036435,-0.6925176078128366,-1.4787425302401658,-0.06133621634063847,1.0
-1.731788181207581,0.05404986045298705,6.41654931871779e-05,0.010167091112766124,2.0
-1.7317881818897225,0.054050912274169846,-0.00810110968865494,0.017096462539069896,2.0
0.627157919933264,1.6078120070255897,0.15551629365432804,-0.0011787715917741812,3.0
0.6271579195315636,1.607814964626263,0.16187920876462977,-0.0424017911935376,3.0
0.5435648545320009,-0.9671884393647286,1.334194850682617,0.027632453855748203,0.0
0.6271579202458042,1.6078146847879144,0.16036792218786905,-0.04114961053093948,3.0
0.5598736415506623,-0.6925163047914145,-1.4696685420459705,-0.044516921443958066,1.0
0.5598736416055521,-0.6925154662973546,-1.4780367194197013,-0.020879380332322162,1.0
0.5435648546532297,-0.967190642291984,1.3302288710630013,-0.03377550782452485,0.0
0.6271579200719781,1.6078095514616355,0.15389932203147605,0.024414076474597115,3.0
0.5435648547707841,-0.9671892352589634,1.3293015322449495,-0.015372750169127732,0.0
0.5435648548033352,-0.9671895644339467,1.3326625242814045,-0.026570220631159772,0.0
0.5598736414791717,-0.6925157866859355,-1.479099649300228,-0.020511592901743057,1.0
0.6271579196707224,1.6078095961406003,0.15499598165592693,-0.033545239228925085,3.0
0.5435648552592114,-0.9671895409188317,1.3323575391490985,0.003350673845842689,0.0
0.6271579203105033,1.6078112504453816,0.16281101143313279,-0.031130831981969573,3.0
0.6271579203621029,1.6078116740306954,0.1591673930983601,0.025187374701102886,3.0
-1.731788181942038,0.05405121308651301,-0.006889288219707977,-0.050246408489520736,2.0
0.5598736411270057,-0.6925137186391521,-1.4841990432178533,-0.029519778545248284,1.0
0.5435648551085659,-0.9671926247253598,1.3325179234532136,-0.035641020250908546,0.0
-1.7317881815254579,0.054050835806356515,0.0004902393879917293,0.0012378722090528348,2.0
0.6271579201983527,1.6078103646519484,0.15532574710179084,-0.008621325481156508,3.0
-1.7317881806386803,0.054049153976457494,-0.004421593550523461,-0.012153220672486666,2.0
0.5598736415148029,-0.6925167458489853,-1.4791737812425159,-0.06539163493966202,1.0
0.6271579195929871,1.6078128374113163,0.15891169105771688,0.04887182486420892,3.0
0.6271579201152317,1.6078100749937385,0.15570091663740465,-0.028988205666926017,3.0
0.5435648549911428,-0.9671883196439598,1.3296796251441567,0.018742188995092193,0.0
-1.731788180297334,0.05405065449645601,-0.0033720001172171457,0.023252978399547576,2.0
0.5598736408755606,-0.6925135814430967,-1.4758296515720983,-0.05646279180058035,1.0
0.6271579197747644,1.607811526417799,0.16169521524949668,-0.0038505753987212983,3.0
-1.7317881812167752,0.05404988000429697,-0.005169640852652556,-0.005621986144488818,2.0
-1.7317881814655693,0.05405134657392678,-0.008141587110671764,-0.009138476774990434,2.0
0.6271579195150863,1.6078126224594425,0.155778171704088,0.02329747899780406,3.0
0.5435648543067977,-0.9671877005829018,1.3398055195947147,0.07283007439425543,0.0
-1.7317881812379543,0.054052436777690234,-0.011052596794019464,-0.05660558376166506,2.0
0.5435648549634454,-0.9671901129441688,1.3359828434175556,-0.056420949342261856,0.0
0.5435648549295675,-0.9671902324325574,1.3308499485463845,-0.049743490703791755,0.0
0.5598736414173845,-0.6925132069138645,-1.4777169450271903,0.019607907531020666,1.0
0.6271579192736554,1.6078091337767395,0.15783638235346212,-0.017076518107383212,3.0
0.5435648535046494,-0.967191812040102,1.3311527900378688,0.06215473675055501,0.0
-1.7317881821901653,0.05405301372713103,0.00016248661259989186,0.02740198433951891,2.0
0.6271579204863178,1.6078129716392358,0.16320454786150185,0.018974291225241635,3.0
0.6271579206131354,1.6078095757602968,0.15749952027281242,0.03777389680197263,3.0
0.5435648548361471,-0.9671867583182387,1.3218435478239654,-0.017361512321451587,0.0
0.6271579191724527,1.607809334373466,0.1623559578130873,0.004748289091238866,3.0
-1.7317881811157454,0.05404903473338894,-0.010135544339711193,0.025074329267015503,2.0
0.5435648550583113,-0.9671856649603663,1.3304726312722772,-0.027865207344824765,0.0
0.6271579198575126,1.6078107295710058,0.16520650817066523,-0.03840938429641411,3.0
0.5598736421767602,-0.6925173750763959,-1.472964519270138,-0.014908937500649103,1.0
0.5598736414912634,-0.6925147681280062,-1.4747479281028866,-0.026109182990202418,1.0
0.5598736412043241,-0.6925151109361333,-1.4774857548082136,-0.04600631311428907,1.0
0.5598736419059636,-0.6925144098039897,-1.481825714576475,0.02505421501449467,1.0
0.5435648544508999,-0.9671887089515601,1.330181654916165,-0.0016791510028113998,0.0
0.5598736415346843,-0.6925145909750333,-1.4796853859642625,-0.05530586321254666,1.0
0.5598736419803712,-0.6925189735731405,-1.4787652629685186,-0.020615919680241967,1.0
0.6271579194581038,1.6078112795762687,0.16217524733987831,-0.03944650344110046,3.0
0.5435648545141688,-0.9671902092222485,1.3355274919045172,-0.011863747136233966,0.0
0.6271579195258091,1.6078120646265248,0.1619967260263844,-0.033119147614896406,3.0
-1.731788181511647,0.05405011297427911,-0.006978945666873913,0.04782995154969889,2.0
0.5598736414306998,-0.692515130947613,-1.4808566527218228,0.015623243294654513,1.0
0.5598736410300541,-0.6925165118949669,-1.4832515831419806,0.03795881765420029,1.0
-1.7317881818140566,0.05405273681216995,-0.005257805579908806,-0.017337157536336436,2.0
0.5598736411803111,-0.6925168670247949,-1.484280648367798,0.011109430612224774,1.0
0.5435648543946152,-0.9671895958739093,1.3271124227608038,0.03829716488676843,0.0
-1.731788181755213,0.05404877958235607,-0.0047238631047924135,0.02612444528235038,2.0
-1.7317881808843751,0.05405071719447341,-0.0010438596689744978,-0.03401136754846315,2.0
-1.7317881818153238,0.054051782992093546,-0.0019894612607352204,0.02979598968804303,2.0
0.5435648550653333,-0.9671922170560308,1.3314977886067234,0.06077791660083493,0.0
-1.7317881810452374,0.05404975954022127,-0.007255817909444538,-0.0043267750269805946,2.0
0.5598736417043526,-0.6925151810718522,-1.4773092735528965,-0.02298475667101789,1.0
-1.7317881812237228,0.05404904017937239,-0.0065735246945100925,-0.017902840787418554,2.0
0.559873641664203,-0.692516526769622,-1.4731678761952456,-0.033110396674811006,1.0
0.6271579193327679,1.6078097436843892,0.16824756263408894,0.054648100648643526,3.0
0.5435648547337993,-0.9671911256709318,1.3328566490985096,0.0012682113206802115,0.0
0.5598736416132997,-0.6925150997805644,-1.4785017836820002,-0.06170157288400212,1.0
0.5435648551241345,-0.9671895026497093,1.3286410273782554,-0.028932103394011262,0.0
0.627157919692775,1.6078132688171627,0.16048255439441186,-0.007869222939938166,3.0
0.6271579201478473,1.6078097654488128,0.15702275037610525,-0.06368500655937347,3.0
0.559873641322319,-0.692516204174972,-1.4847452232457252,-0.005463931736506221,1.0
0.6271579203115133,1.6078147705661197,0.15973100674649648,-0.004815972107405632,3.0
0.55987364139262,-0.6925165733366911,-1.4822496916586256,-0.01861258311066925,1.0
0.6271579192741795,1.6078111096243939,0.16383202878363864,0.019814681058916466,3.0
-1.7317881814080867,0.054052163595869764,-0.006598937831539743,-0.02940022079069579,2.0
0.5435648548482166,-0.9671917283383182,1.3341654252586534,0.06547357639537747,0.0
0.5598736415149602,-0.6925164936306802,-1.4790481656722134,-0.01935075459954021,1.0
0.5435648543511435,-0.967188649890145,1.3362798666014097,-0.005589250234082845,0.0
0.5435648546120384,-0.9671904282334555,1.3343649741374122,0.010548253006547081,0.0
-1.7317881816349228,0.054049488281343955,-0.0020473895697995393,-0.057832640083766124,2.0
0.5598736415844722,-0.6925149241111505,-1.4766285669693069,0.015341734090710811,1.0
-1.7317881806736484,0.05405031188417406,-0.005132808673915476,-0.05036116177136805,2.0
0.5435648545665182,-0.967190740980999,1.3335005019041208,0.0689134890066595,0.0
0.5435648547910945,-0.9671925822599827,1.3266361823642354,0.03162684088638236,0.0
-1.731788181724827,0.054051145898657255,-7.604716418328658e-05,-0.017306529418240468,2.0
-1.7317881808234297,0.054048995645155404,-0.007209179288576011,0.007823511133613553,2.0
0.6271579196415407,1.607811459176696,0.16452580143581674,0.012172272789228661,3.0
0.5435648541838953,-0.9671898436693058,1.335224938171369,-0.0368559056097386,0.0
0.5435648552649258,-0.9671905917548669,1.3324446782685357,0.07483864009415626,0.0
-1.7317881814294707,0.054048585220037505,-0.0001527041749886993,0.02086998292837625,2.0
0.5435648553089757,-0.9671884600296732,1.3270255835072906,0.009263927943261236,0.0
-1.7317881816704794,0.05404935117592195,-0.002589149766016294,0.003937459853227442,2.0
-1.7317881817498768,0.0540513253134187,-0.009003329559502437,-0.03537331316605084,2.0
0.5598736409863512,-0.6925139403329753,-1.4714852378978904,-0.07045398420200367,1.0
-1.731788182023054,0.05405188327226991,-0.0004773916403945497,0.04906923410300752,2.0
0.6271579190611403,1.6078080770936367,0.15954778199140532,-0.02276268436412741,3.0
0.5435648545570233,-0.9671896307996872,1.3282496272330622,-0.038352500687862334,0.0
0.6271579200857906,1.6078103993535926,0.1615599747808544,-0.007226216712357171,3.0
0.6271579194878538,1.6078111250208713,0.1610786554319486,0.011261760694386183,3.0
0.6271579202205319,1.6078097237441507,0.16046954745674166,0.02387174925368297,3.0
0.5435648544397662,-0.9671906880495347,1.330094598574046,0.03698476881608873,0.0
-1.7317881814768028,0.05405151579046751,-0.006995580362038119,0.027335919900454208,2.0
-1.731788181211918,0.054049849132003724,0.0007198794183017274,0.039510484265826804,2.0
0.6271579198987851,1.6078142955401138,0.16368169018846807,-0.029520184024274303,3.0
0.5435648545821528,-0.9671907127954055,1.3270737429777602,0.0020338886843531833,0.0
-1.7317881811911513,0.05405008290907275,-0.0021820104049920224,-0.04288318830430547,2.0
0.5598736422199312,-0.692514261659521,-1.478199528011674,-0.02877690128921621,1.0
0.5435648546723819,-0.9671894413469012,1.3260539564533844,0.006784249572828383,0.0
0.6271579197599316,1.6078104087588616,0.16082887227883316,0.006068656106340458,3.0
0.627157919916513,1.607809002692135,0.159962213167623,-0.03903306040495724,3.0
0.5598736417396061,-0.6925160174672886,-1.4817659594728494,0.04844443506205212,1.0
0.5598736411002861,-0.692514577903404,-1.474370975930619,-0.027093077272709282,1.0
0.5435648548034407,-0.9671864449935681,1.3332530907450728,-0.09559433059193405,0.0
0.5435648542127283,-0.9671896508013503,1.3361143073672235,0.004584220242544967,0.0
0.5435648548477208,-0.9671921310696363,1.3327963192684036,0.03564510751749228,0.0
0.6271579204815021,1.6078126421332721,0.15976564895657983,-0.004351757562340879,3.0
0.5435648550690957,-0.9671920438799166,1.3357547424726837,-0.02908569372069277,0.0
0.559873641099814,-0.6925164999444876,-1.480291637011572,0.01290871434929207,1.0
0.5435648546320285,-0.9671920095778096,1.3273797599950703,0.016297623140959543,0.0
0.559873641582009,-0.6925167349282004,-1.478428331893379,-0.0369964680716363,1.0
-1.731788182497636,0.054047354600476064,-0.0047508014401781975,-0.022150129988359864,2.0
0.5598736415854286,-0.6925155627305063,-1.4791068197136887,-0.005639086329770462,1.0
0.6271579193167879,1.6078133109548693,0.1607265097699199,0.06473858812271252,3.0
0.5598736413073728,-0.6925146995794206,-1.4791129971136394,0.03217990708884281,1.0
0.5598736415876823,-0.6925143800653846,-1.4797455780275335,-0.002270034131369893,1.0
-1.7317881813521465,0.054051105939690744,-0.003501452547904541,-0.044341592646854666,2.0
0.627157919992337,1.607809385235219,0.15592721431260922,0.0288264078590155,3.0
-1.7317881815375922,0.054049929944087985,0.001681687037440477,0.011038757721043652,2.0
0.5435648548012404,-0.9671891090021689,1.3326197628478196,-0.04302864981470672,0.0
0.543564854511831,-0.9671892838465835,1.3352297533670494,0.0319729792965441,0.0
0.5598736416865298,-0.6925138127294487,-1.4841063775448333,-0.013206608102818845,1.0
0.5598736418297816,-0.6925148566176312,-1.4761175424475383,0.07624586179109634,1.0
0.5598736409748083,-0.6925146068186956,-1.4777501394425463,-0.01305264155564664,1.0
-1.731788181587611,0.054049442130512354,-0.005284394840972842,-0.031650879144401116,2.0
0.6271579197976863,1.6078098069891504,0.1627587463313454,-0.037937755161210576,3.0
-1.7317881816672804,0.05404935833160916,-0.009067927226116136,0.012146967812022071,2.0
-1.7317881819817733,0.054052802951096456,-0.005939205634013972,-0.015342219789722937,2.0
0.5598736413692013,-0.6925139473392712,-1.4793336044169336,-0.027137814350424512,1.0
0.5435648544693827,-0.9671907197655617,1.3340596208965578,0.003497671719533771,0.0
0.5435648549091171,-0.9671916086383182,1.3315897271321702,-0.02955828756690608,0.0
-1.7317881814972422,0.05405131588612244,-0.004048640489615188,-0.020755893593692985,2.0
0.5435648542018979,-0.9671913412947567,1.3323460019535607,-0.04123529575490037,0.0
0.6271579196663731,1.6078104798325559,0.1577013149981923,0.016907426322936635,3.0
0.6271579205787026,1.6078093369431912,0.16233791816644114,-0.017293193316688528,3.0
0.627157919660919,1.6078141349587147,0.1597965668619017,0.08743049159592108,3.0
0.5598736408534182,-0.6925173827934672,-1.472424611465722,0.0039573301720735934,1.0
0.5598736419137778,-0.6925143937226799,-1.4796608123990056,0.018333537042684908,1.0
0.5435648548386918,-0.967190222157097,1.3352754911547056,-0.01313430609544507,0.0
0.5598736420179835,-0.692516874497166,-1.476694014102028,-0.006616432947556508,1.0
0.5435648546608096,-0.9671912771949455,1.3271171828236035,0.014764659609715583,0.0
-1.7317881810407485,0.05404860203946505,-0.005283093260282238,0.003912031644611959,2.0
0.6271579202667343,1.6078139191963563,0.16246514431548015,-0.00838464765430366,3.0
0.6271579193146505,1.607811918624788,0.16706017973716486,-0.04777880116095206,3.0
0.5598736420490592,-0.6925160630113398,-1.4795066026245292,-0.006906138638816344,1.0
0.6271579199934022,1.6078121521553757,0.16161075228194777,-0.01266583402424456,3.0
0.5435648547637665,-0.9671884663857605,1.334298920733407,0.03041128679069754,0.0
0.5598736417640227,-0.6925182148152023,-1.4750049476132934,-0.07276942003239806,1.0
0.5598736411489224,-0.6925161178481685,-1.47718746207334,0.0014883357818321504,1.0
0.6271579202711471,1.607811040374973,0.16117636784993028,-0.02310000412601267,3.0
-1.7317881810777702,0.05405113325458171,-0.007957937326304607,0.002634254406723992,2.0
-1.7317881814435205,0.054050941137176046,-0.0006402890848709421,-0.017706364371579113,2.0
0.6271579204294068,1.6078115397158865,0.16337220724617704,0.010986809646775864,3.0
0.5598736417626868,-0.6925182069106983,-1.483003388375052,-0.06545088736327002,1.0
0.5435648540655427,-0.9671894978882389,1.3314910738207417,-0.001247328826456801,0.0
0.6271579190863763,1.6078101273145866,0.16359608533382547,0.06020970356450026,3.0
-1.7317881812621263,0.0540527451822391,-0.0017001237875804327,0.05055613691043671,2.0
-1.7317881804774742,0.05405057291654243,-0.005837333057940111,0.04310448863140609,2.0
0.5435648545665787,-0.9671900736993724,1.3283054972203798,0.10197849679457072,0.0
0.5435648550323663,-0.9671891625796586,1.3295760356257595,-0.02323488258784014,0.0
-1.7317881817459522,0.05405323106783507,-0.004094503136063016,-0.03572446073960376,2.0
0.627157920212112,1.6078129320622516,0.16206868296216353,0.017726985486964622,3.0
-1.7317881815012353,0.054051527082310494,-0.009906157085222644,-0.018004975447911634,2.0
0.5598736420786234,-0.6925162570971131,-1.4778991033599966,-0.0042960584756065396,1.0
-1.7317881814138547,0.05405090783482768,-0.006565487956154999,-0.05675356301750521,2.0
0.5435648542645963,-0.9671905962412728,1.3338419454575772,0.0532005310560766,0.0
0.627157919921556,1.6078092778352036,0.1575232690449083,0.023266612117639463,3.0
0.5435648547971661,-0.9671877400484605,1.3392259335879142,-0.020260403436973592,0.0
0.6271579199121841,1.6078151140683141,0.16235928645918837,0.008133741811753026,3.0
0.543564854669948,-0.9671884589398029,1.330411295751925,0.00551793951300318,0.0
0.5598736409387819,-0.6925185682761449,-1.47559189503086,0.05246991872577712,1.0
-1.731788181465169,0.054050343836335515,-0.005327643305333312,-0.025134109491391818,2.0
0.6271579202491749,1.6078112822138126,0.16642655653375063,-0.09236772098770518,3.0
0.6271579200345447,1.607812199904364,0.16165945478128937,-0.01858083625787022,3.0
0.5598736413524005,-0.6925188430042575,-1.4779839786034725,-0.000336778388475433,1.0
0.5435648549377283,-0.9671879380387854,1.3283664421207662,0.019054891174182454,0.0
0.5598736418738138,-0.692517015915269,-1.476775655808423,-0.020036839980449576,1.0
0.5598736422843179,-0.6925185153239616,-1.480259662936104,0.015914842340167202,1.0
0.5435648547095864,-0.9671895278962358,1.3343702472646752,0.0027179562467636014,0.0
0.6271579201441558,1.6078126586235315,0.1603604700754403,-0.002555409794837887,3.0
0.6271579196244466,1.607809215301789,0.15284938691023361,-0.05429336426896571,3.0
-1.731788181546915,0.05404880687900765,-0.004891607936294685,0.051890787300983905,2.0
-1.7317881818858947,0.05404834196784135,-0.008064136235841951,0.0037335435582597993,2.0
0.6271579198599215,1.6078110850650185,0.16194547587185038,-0.0068040175525847435,3.0
-1.7317881810584967,0.05405163931061077,-0.010364309651193174,0.04592699469941671,2.0
-1.7317881810085938,0.05404964798871278,-0.004145931686741493,0.014351517800100142,2.0
0.627157920415003,1.607811766133537,0.16807961151423276,0.009685617028740797,3.0
-1.731788181465267,0.054048809535250944,-0.007901408618207975,0.02336733537073058,2.0
0.5598736419669441,-0.6925151171370468,-1.4807224765544522,-0.03139379608633789,1.0
0.5598736412971933,-0.6925147952677772,-1.4811676985284838,0.0435483620848117,1.0
-1.7317881816459053,0.05404914017766605,-0.005140307793710549,-0.023107017439564358,2.0
-1.7317881821057377,0.054049145942252554,-0.005931313349137657,0.02590349610899224,2.0
0.627157920566146,1.6078110248141995,0.16533152215400965,0.05457298130367569,3.0
0.627157919853661,1.6078112098148492,0.16316283771001033,0.0033945561659984584,3.0
-1.7317881813633345,0.05404852270156626,0.0004283561139219618,-0.019051021526336497,2.0
0.5435648549939341,-0.9671908955927867,1.3340462591753735,-0.010073887785834427,0.0
0.5435648543290179,-0.9671882583020558,1.3320760492873414,-0.005164269185708073,0.0
0.5598736423793916,-0.6925150059347411,-1.4777570740437957,0.02829280418108425,1.0
-1.7317881815023077,0.054048932510666434,-0.009571978179291644,0.007743249608171341,2.0
0.5598736415385536,-0.6925163077219597,-1.4717015197843577,-0.05003447871920297,1.0
0.543564854377851,-0.9671884529679359,1.3261958561222127,-0.03774233991689389,0.0
0.5598736411522263,-0.692513285635249,-1.4723461433925014,0.045713265161329134,1.0
0.6271579195780236,1.6078110986438174,0.1627437383466206,0.04932802122152969,3.0
0.5598736411621866,-0.6925168099241253,-1.4756738814907366,-0.04828657635560324,1.0
0.6271579200930048,1.6078079853462455,0.1661058982752933,0.006868870079858266,3.0
0.5598736414958185,-0.6925155568085296,-1.4755723359221777,0.028562870622730406,1.0
0.5598736421378058,-0.6925163134096035,-1.4765805386855717,-0.008239541238395397,1.0
-1.7317881815943996,0.05404951695342864,-0.00794904416239747,-0.034631761071417765,2.0
-1.7317881814164937,0.054049050751619976,-0.005672208828714542,-0.002824954705528532,2.0
0.6271579196602769,1.6078113857025842,0.1557553328733459,-0.050199815147545894,3.0
0.6271579202043857,1.6078111937271102,0.15402566306234147,0.024696889394706947,3.0
0.627157919862383,1.607813281995198,0.15965182103432907,0.03248945399543814,3.0
-1.7317881818463479,0.05405324206180341,-0.010161496552175102,0.07103290860268176,2.0
-1.7317881819991034,0.0540496949704787,-0.009015110274322,-0.06454563223244422,2.0
-1.7317881814450324,0.05405035805581009,-0.007989292879967618,0.009190771378280125,2.0
0.5598736413904869,-0.6925157778509746,-1.478749901423437,-0.04004735603987285,1.0
0.5598736413429636,-0.6925160843698495,-1.475166495314404,-0.042750044274570784,1.0
-1.7317881808785986,0.05404812803980414,-0.0023176194652707615,0.054089315696700765,2.0
0.5598736416441522,-0.6925154538253395,-1.487016551580538,0.04182442839818865,1.0
0.6271579200686119,1.6078118801501562,0.16002292180542194,-0.01780072741907405,3.0
0.5435648543877121,-0.9671895900737192,1.337538201012133,0.02629466752047469,0.0
0.5598736414177546,-0.692513296657041,-1.4795294025209953,-0.02055597612769538,1.0
0.5435648546891744,-0.9671896241240906,1.3359387855771951,0.034528419864370455,0.0
-1.7317881816518677,0.05404941302872103,-0.004861480441344437,0.08143275711216441,2.0
-1.7317881821238574,0.05405022757311368,-0.0004233100922107387,-0.027568499336906246,2.0
0.559873641796836,-0.6925172118570532,-1.480460196031971,-0.05473134504364318,1.0
-1.731788181486675,0.054046677239414226,-0.006604171476080072,0.024402244743297902,2.0
0.559873641043229,-0.6925157704054038,-1.4790619297271435,-0.013042985152527171,1.0
0.5598736414532095,-0.6925154268221512,-1.477743623855409,-0.006170078290094042,1.0
0.5598736413186585,-0.692517039791729,-1.4752562203932895,0.07741010796016284,1.0
0.5598736417042359,-0.6925181980999038,-1.4823182674975266,0.005202253124366686,1.0
0.5435648543431225,-0.9671898117580673,1.337474308622411,0.006889781504866269,0.0
0.6271579195266772,1.6078103250474511,0.1575187775217813,0.040855904417743914,3.0
0.627157920106468,1.6078125435202466,0.1580385304140089,-0.08369070361561587,3.0
0.5435648549637248,-0.9671890975269789,1.3237343349987511,-0.04633330847612746,0.0
0.543564854081105,-0.9671882974331645,1.3389536611896455,0.0068550323383282825,0.0
0.5598736416396402,-0.692515950042185,-1.4774791698148777,0.0024855560909915414,1.0
0.5435648545283585,-0.9671885984011119,1.3319916695359433,0.03889752777079666,0.0
0.5435648551521705,-0.9671887412537603,1.3376324743721968,-0.011570712967990247,0.0
0.5435648552243076,-0.9671904092507033,1.3196034847958462,-0.013505880046002797,0.0
0.5435648545603994,-0.9671902151263031,1.3278183045009386,0.023828384907668285,0.0
0.5598736419539506,-0.6925149962763447,-1.4758173108264145,-0.02627419980532929,1.0
-1.7317881810807219,0.05404861383013206,-0.004267501161863775,-0.010547938402166638,2.0
0.5598736413789352,-0.6925164803782808,-1.4752865859288233,-0.0030435618820731946,1.0
0.627157919927885,1.607811081773001,0.16431232326876563,0.009459090280865678,3.0
0.5435648550431299,-0.9671883378209931,1.3361791338961044,0.013728895232276219,0.0
0.5598736410933123,-0.6925154278637378,-1.4762419173922858,-0.053927906597331224,1.0
0.5435648544506139,-0.9671880590541347,1.3337582689468863,0.016827026196482686,0.0
0.6271579199233852,1.6078091095506493,0.15881967589125395,-0.03211745265802548,3.0
0.5598736420081508,-0.6925155060377811,-1.4699596983503616,-0.010326068180754135,1.0
0.6271579197505447,1.607813347979376,0.16248546940175973,-0.04956275379114799,3.0
0.6271579203484866,1.6078126502129781,0.15749526326807392,-0.042681596293093496,3.0
0.5598736420215025,-0.6925141867480742,-1.475771088873606,-0.040703766097598175,1.0
0.5435648539190089,-0.9671916990882651,1.3330838426270109,0.03135685745729599,0.0
-1.7317881806350552,0.05404775980487654,-0.0022331926425945706,-0.05720412461523255,2.0
0.5435648541235245,-0.9671848376183007,1.337698567664706,0.020910293221195995,0.0
0.6271579200070533,1.6078097199975356,0.15572793239616212,0.004663735012906408,3.0
0.6271579198297227,1.6078108669526525,0.16074887557266476,-0.026593362131027833,3.0
0.6271579197872612,1.607811934500446,0.15728102587803147,-0.03264097873531168,3.0
0.5435648545585714,-0.9671899472433068,1.33287073795784,0.0819439616828883,0.0
-1.731788181389781,0.05405260404638979,-0.005244196788935188,0.047974397310088596,2.0
0.6271579194770132,1.6078113111360122,0.1601181318107718,0.025748253346681446,3.0
-1.7317881817881942,0.054050052251828316,-0.009199503895444548,-0.01900290451976773,2.0
0.5435648552624766,-0.9671876395297884,1.3320719910444259,0.012277792281995168,0.0
0.5435648546218409,-0.9671878677567362,1.337348730964793,0.018396450769590626,0.0
0.6271579198259438,1.6078118567478794,0.1610627924836865,-0.005452766227628342,3.0
0.5435648548976054,-0.9671874951213657,1.3292502656332628,0.009270052244117692,0.0
0.6271579196578383,1.607810971284642,0.1591807516296238,-0.038779597267512185,3.0
-1.7317881809424867,0.054051916815642594,-0.011241766178794186,-0.07401526109739193,2.0
-1.7317881821069203,0.05404790477943551,-9.24873551616374e-05,0.011080481494775625,2.0
0.6271579197352358,1.6078107417237661,0.16055756755208583,0.0671568142718689,3.0
0.5435648551516647,-0.9671906714509318,1.33012031106813,-0.011745878591889714,0.0
-1.731788181131707,0.05404957851666549,-0.005193956398990071,-0.012806974240064196,2.0
0.6271579196608076,1.6078107178187535,0.15985734909631255,-0.000947714319329361,3.0
0.5598736416522397,-0.6925148783156757,-1.4743420166806303,0.02595542359102675,1.0
0.5598736411477409,-0.6925146769260525,-1.4806743638565338,0.021373806904918073,1.0
0.5598736410176854,-0.6925178053697044,-1.4799400297868708,-0.041295087268686734,1.0
-1.7317881817108078,0.05405105677056017,-0.0010975206957978317,0.004389470448095571,2.0
0.5435648554456355,-0.96718950033727,1.3321476655582842,0.04465544466717312,0.0
-1.7317881821605288,0.05405134221240675,-0.009817827735860624,0.024306825052712144,2.0
0.6271579195448421,1.6078152258271428,0.16626541016608498,-0.052637663325578114,3.0
0.543564854684357,-0.9671909364984033,1.3273135003758574,0.06327619697051973,0.0
0.5435648549523631,-0.9671911100879695,1.3393985370447778,0.07689433331367923,0.0
-1.7317881815039127,0.0540481287358676,-0.0057868627207268795,-0.005559002555682304,2.0
0.6271579196956083,1.6078114546385718,0.16202850883201966,0.008025776591933882,3.0
0.5435648551099709,-0.9671890884626873,1.3363890845780726,0.03282140252432109,0.0
0.5435648549518471,-0.9671913558470395,1.3200159492422778,0.024631779919106978,0.0
0.6271579200210203,1.6078140117154576,0.16231799524694965,0.000615992555689902,3.0
0.5598736415322212,-0.6925153336662547,-1.4747274995940638,-0.03859603592813766,1.0
0.5435648551224912,-0.9671896658860261,1.3337396981683052,0.05520954699045788,0.0
0.6271579197310527,1.6078135945724954,0.1600799821590833,0.010664997965843062,3.0
-1.7317881813926843,0.05404912424852508,-0.003019240864992231,-0.01091352272407833,2.0
0.6271579198405912,1.6078117425842713,0.1608612789754826,0.012308483905240322,3.0
-1.7317881813147844,0.0540490914242754,0.004691519386614313,-0.035869980061006494,2.0
0.5435648547320547,-0.9671908707128863,1.3269815745797378,0.006797308623609987,0.0
0.5435648541352296,-0.9671887929711556,1.3297526490910558,0.06733646003979718,0.0
-1.7317881816508156,0.05405064181758238,-0.007161131014290625,0.02414792418753659,2.0
0.5435648549412344,-0.9671898039841164,1.332250774662601,0.06795538741455305,0.0
0.559873641081403,-0.6925140766659684,-1.4751676838851546,0.04213079814575799,1.0
-1.7317881815888494,0.05405163452864431,-0.0095163776597511,-0.03811317911184064,2.0
-1.7317881801565846,0.05405089041121237,-0.006577180438527367,0.057689641315010004,2.0
-1.731788181302711,0.054049941952990774,-0.0032745827217593977,0.012260270353835362,2.0
0.5435648545573085,-0.9671880759978569,1.3367187688716986,0.017467217671355912,0.0
-1.7317881812475058,0.054049746628067386,-0.007340230570498823,0.0031764600414218667,2.0
0.5435648549276775,-0.9671882762947693,1.3291817243891655,0.030435795432112465,0.0
0.5598736414909375,-0.6925187242605201,-1.4866941549038506,0.0370285951736077,1.0
0.5435648546520053,-0.9671865646085905,1.3317422686801061,-0.012486482733405486,0.0
-1.731788180783676,0.0540476685179496,-0.010537276686146976,0.0010748573220716328,2.0
-1.7317881818582832,0.05405080615544448,-0.0012509316257538281,-0.03773705625619474,2.0
-1.7317881816936844,0.05405261843473212,-0.0072677050890468595,0.05263893306638043,2.0
0.5598736413806134,-0.692515031335866,-1.4791634042847754,-0.019679725529173898,1.0
0.627157919672967,1.6078110310774867,0.16624356287325362,-0.02607021548757137,3.0
0.6271579206486678,1.607811247213704,0.16230959494202293,-0.014752400828976005,3.0
0.5598736417541389,-0.692515826257492,-1.4770143428649243,-0.022812343536294508,1.0
-1.731788181125896,0.054050299540647294,-0.00448778537530058,-0.0721849259118771,2.0
0.5598736417217011,-0.6925149043008682,-1.4775877059705909,0.04096884538679115,1.0
-1.7317881818135583,0.05405075899444058,-0.0023742272201688884,-0.0354852232020402,2.0
0.5598736412750117,-0.6925132431877321,-1.4807363761913308,0.039675555495946556,1.0
0.5435648543839735,-0.96718773495867,1.3252468551540395,-0.01974863160914526,0.0
0.6271579201853721,1.6078119598572096,0.1609426401266828,0.0018310631286423671,3.0
0.543564855236461,-0.967189407027231,1.3342985621945016,0.024851698288769063,0.0
0.5598736411056146,-0.6925155835862508,-1.4797451577985214,0.005704063008927916,1.0
-1.73178818128825,0.05404939727125277,-0.0040935634924247595,0.020845350072987365,2.0
-1.731788181701807,0.05404990568011792,-0.0026616200447397344,-0.008826785604368542,2.0
0.6271579194107002,1.6078101283275634,0.15858990138094298,0.017443707249720494,3.0
0.6271579200565351,1.6078113044117865,0.1622691038700051,-4.806650408517979e-05,3.0
0.5598736418056921,-0.6925145353123183,-1.4880933630432198,0.0014282575354978638,1.0
0.5435648552302897,-0.9671909367103343,1.3306468624399157,0.1004229871370147,0.0
-1.7317881806368773,0.05404958097519447,-0.007248126675982556,-0.029100739821195806,2.0
0.5435648538866892,-0.9671914117576744,1.33693792505593,0.014946247493043489,0.0
0.6271579203297659,1.6078101868020462,0.15911974720946354,0.04779445812690179,3.0
0.5598736414948631,-0.6925145844820008,-1.4778336415137079,-0.041077240991345375,1.0
-1.7317881819868515,0.0540493809074958,-0.0038601984497160014,0.02738462575639494,2.0
-1.73178818148488,0.05404796339082175,-0.003338624868395222,0.023358831854925103,2.0
0.6271579203201967,1.607810961980056,0.1568754275724825,-0.012752491254961553,3.0
-1.7317881813581295,0.054045954741112616,-0.0009051884018729421,0.017259633165486996,2.0
-1.7317881810572737,0.05405047150079027,-0.003812210159927513,-0.01056587204363428,2.0
0.5435648548982768,-0.9671890550562257,1.3343493991597128,-0.012771405114890154,0.0
0.5598736413744448,-0.6925175717458666,-1.4810891482214519,-0.005758314072480805,1.0
0.559873641814553,-0.6925141789940883,-1.482594443204607,-0.05922331728139467,1.0
-1.7317881815130856,0.05405275276273969,-0.0033257806772084286,0.006670097452671485,2.0
-1.7317881815862195,0.0540479856966419,-0.0073985936473767834,-0.035114086627969804,2.0
0.5598736405651916,-0.692519037891518,-1.4767884752287412,-0.06916059243881324,1.0
0.5598736420303966,-0.6925169723824709,-1.4785855134062844,0.052935580732117224,1.0
0.5435648548971119,-0.9671916467890507,1.334989970534961,-0.0017115331206665045,0.0
0.5435648548274714,-0.9671907156261105,1.3290836497246958,0.03159379441371099,0.0
0.5598736414977027,-0.6925153939525295,-1.4778533507099538,-0.028728512286181812,1.0
0.5435648553356751,-0.9671904779981725,1.3416240596211415,-0.03157444168610767,0.0
-1.7317881815475555,0.05405193972604484,-0.004882685604182305,0.06907484995746062,2.0
0.5598736409008487,-0.6925153022400888,-1.474122556865726,-0.03374973317214304,1.0
0.5598736409388714,-0.6925139016514371,-1.4751935849526012,0.00610946540413073,1.0
0.6271579203204247,1.6078098798224236,0.16131973593483118,0.06776669425985055,3.0
0.5598736406238699,-0.6925150515137681,-1.478782666509332,-0.010574136544123916,1.0
0.5598736414216863,-0.6925147308061333,-1.4713669905110927,-0.04289876520833173,1.0
0.5598736414203133,-0.6925141559465967,-1.4780574251048058,-0.03516773119751427,1.0
0.5598736412747382,-0.6925188578827038,-1.473415003120293,0.018249652470394777,1.0
-1.7317881812448268,0.0540473405699165,-0.01245051156017956,-0.041696094422111384,2.0
0.5435648545989648,-0.967187078449473,1.33119787598134,-0.004968532103780206,0.0
0.5598736416650224,-0.6925150547118016,-1.4832213099642524,-0.050327784544998866,1.0
0.5598736414599372,-0.6925188241072259,-1.4743202091053336,0.024966824210968675,1.0
0.6271579192000405,1.6078124283847552,0.16203250220137774,0.006416191304416866,3.0
-1.7317881815506533,0.05404975735889827,-0.0037202466504511083,0.016936033104740292,2.0
0.5435648541196882,-0.9671883038073484,1.3333007526164649,0.026714081845221286,0.0
0.54356485476393,-0.9671887030696646,1.326659609073553,0.017954701489391624,0.0
0.5435648544826683,-0.9671932292150116,1.3301650039452297,-0.02519166874343981,0.0
-1.7317881813460072,0.05405105864491683,-0.0034355141477018943,-0.021446228375796714,2.0
0.5598736416713249,-0.6925179107219799,-1.4782619573274218,-0.05447689780538251,1.0
0.5435648544144146,-0.9671906625672851,1.3338325545260465,0.03648926026753874,0.0
0.5435648542182238,-0.9671885525020947,1.330102183315999,0.058828408918263755,0.0
0.6271579195313737,1.607811188765861,0.16188240685578253,-0.033241832125166335,3.0
0.5598736417681307,-0.6925176076254583,-1.4783822836405076,-0.04521312825539775,1.0
-1.7317881815860703,0.054053135454677256,0.0034176119325353975,0.028434308441513366,2.0
0.5435648545497392,-0.9671874046867159,1.3299567838515725,-0.0016130348108062656,0.0
0.5598736418468035,-0.6925150924653606,-1.4794768514766823,-0.002002427450807805,1.0
0.6271579197009253,1.607813819711349,0.15897891857252913,-0.029813311154480524,3.0
0.5598736414371681,-0.6925158679737853,-1.4789824146845683,-0.020656973846465646,1.0
0.543564854463908,-0.9671873927681944,1.3279905250335868,0.01500187506169025,0.0
0.5598736419035882,-0.6925159606592876,-1.4820979302998236,-0.011007336291251888,1.0
0.5435648545844506,-0.9671898345683133,1.3311220043083825,0.05268184611649412,0.0
0.5435648547247589,-0.9671872113913851,1.3306205547435872,0.0054255345507391445,0.0
-1.7317881814986633,0.05405305998090025,6.0804990529190994e-05,-0.022639952540978076,2.0
0.543564855169534,-0.9671913142696594,1.3384062525453115,0.02620234044816617,0.0
0.627157920175917,1.6078129773204866,0.1609793782664768,-0.012720477658668404,3.0
0.5598736415292848,-0.6925145649559931,-1.4797578099295925,0.007904660334790337,1.0
0.5435648547228323,-0.967187238214314,1.3341786563526152,0.0627729572316576,0.0
0.5435648552626344,-0.9671903598250826,1.3384507980507534,-0.0306412836069907,0.0
0.5435648545788092,-0.9671893064348913,1.3314329722151632,0.013583268698153423,0.0
0.5598736418744948,-0.6925154734567794,-1.477142750313237,0.02033653398837126,1.0
0.5435648553560692,-0.967190412233055,1.3305336971832664,0.004573487918315331,0.0
-1.7317881817700165,0.05404982964232597,-0.006063551664627306,-0.032690878484666855,2.0
-1.7317881812665998,0.054052222747502474,-0.00729661071827176,0.09424849102989866,2.0
0.559873641058805,-0.6925189450267691,-1.4770022589266172,-0.0371149614786922,1.0
0.5598736418184005,-0.6925133177801526,-1.4747082863976433,0.04215698389990448,1.0
0.5598736412780986,-0.6925157186556056,-1.4816982165623886,-0.0272781036654884,1.0
-1.7317881819444754,0.05404868845442818,-0.00659017398069127,0.02898501017914503,2.0
0.5598736414692863,-0.6925150451557517,-1.4778140791284466,0.010367567816069822,1.0
0.5598736412287642,-0.6925168561902968,-1.4855734813000676,0.002198609965123105,1.0
0.6271579198127738,1.6078096739870884,0.15835168573278613,0.028364608711825126,3.0
-1.731788181002654,0.05405047132615858,-0.005872895089927905,0.017727666920862997,2.0
0.5435648546766371,-0.9671892387667799,1.332039577775677,0.016161029059791894,0.0
0.5435648553590522,-0.9671881363054933,1.3271786131347394,0.035785575112816055,0.0
0.543564854842676,-0.9671907965891042,1.33297235415066,-0.05378895960621228,0.0
0.5435648545863321,-0.9671892257008875,1.3406062542806656,0.03124629195131518,0.0
0.543564854560443,-0.9671923881535703,1.338030657909449,0.04994254793887379,0.0
0.6271579199872597,1.6078082284190427,0.15842574730669337,-0.017108119501434767,3.0
0.559873641774328,-0.6925148062985389,-1.4775096581547378,-0.049725338301992106,1.0
0.5435648543872306,-0.967191237817152,1.3314711236326735,0.0380759191226393,0.0
0.5598736413935822,-0.6925132004236947,-1.4809460431823966,-0.016691958542889365,1.0
-1.7317881822139083,0.05404845887149919,-0.004737990726004301,-0.053924836119877764,2.0
0.5435648541694145,-0.9671905109304906,1.3279154116294685,0.021705953994008376,0.0
-1.7317881821550332,0.054049881030816274,-0.009216767102458983,-0.023708265559786494,2.0
-1.7317881809800204,0.054051899924661,-0.006133622853794538,-0.01679313987632814,2.0
0.5598736409227125,-0.6925159129551345,-1.4812207599486702,0.010316040443753413,1.0
0.5435648548091434,-0.9671906986013189,1.3371394830765546,-0.02511614079341056,0.0
0.6271579195275883,1.6078098131535958,0.16264355633994626,0.020005534248488978,3.0
0.6271579205961899,1.6078120740421982,0.16689932838992982,-0.05313448566010403,3.0
0.5435648547556042,-0.9671906012524031,1.3307156301760796,0.07619219317748559,0.0
-1.7317881814168403,0.05405017781335475,-0.0029848028837135216,-0.010493122258015884,2.0
0.5435648547265438,-0.9671942443212228,1.3381691025760603,0.04558447461636896,0.0
0.559873640993168,-0.6925157639311703,-1.4803894477690105,0.04320265050266907,1.0
0.5598736411553388,-0.6925142318391172,-1.478736794732402,-0.0863610641494917,1.0
-1.73178818062735,0.05405026292630683,-0.010711262838477719,-0.03169143690099113,2.0
0.5435648548648827,-0.9671913728947608,1.330315571633764,0.034544161674590144,0.0
-1.7317881814534468,0.05405111101859935,-0.0034597324161716983,0.03374431994518635,2.0
-1.7317881819924026,0.05405295351582739,-0.005100440861964772,0.029725754075194587,2.0
0.5598736413579593,-0.6925162707220384,-1.4774860735876116,0.08034903238816238,1.0
0.6271579194514219,1.607813690461468,0.16331337154794473,-0.033169207614543596,3.0
0.627157919385876,1.6078111817624225,0.1623711286336787,0.010084363462039425,3.0
0.5435648545515375,-0.9671857784979362,1.33520741049494,0.007847464349936741,0.0
0.6271579195432733,1.6078109069690927,0.1581704920370006,0.04011986143724881,3.0
0.5598736414690563,-0.6925161663503624,-1.4820050331993107,0.01970262497330636,1.0
0.6271579203012138,1.6078147647695427,0.1570636269197527,-0.035547610113105026,3.0
0.6271579196414337,1.6078108739854082,0.16327669905316694,0.012513751397256976,3.0
0.627157919335018,1.607809212032576,0.16550488730890298,0.04269762860644527,3.0
0.5598736422369189,-0.6925175013543025,-1.4779955673429233,-0.01922473194403,1.0
0.5598736416572678,-0.6925165347947657,-1.4769299276762804,-0.059514263001868406,1.0
0.6271579196014533,1.6078097179531448,0.16453415247585929,0.0609410705771918,3.0
0.6271579195164475,1.607811515604624,0.15856601382970584,-0.0022706317503347903,3.0
0.5435648545518643,-0.9671869420153963,1.338574431164039,0.0341573934138981,0.0
0.6271579206426067,1.6078073638532118,0.16022853127187414,0.007808853650046332,3.0
0.6271579205449757,1.607814289129556,0.15540974799573318,-0.0005779767136742721,3.0
0.627157919627618,1.6078115534057775,0.16307644750495884,-0.004730442523244704,3.0
0.5598736418398926,-0.6925177629135753,-1.481480897448571,-0.013215903278074382,1.0
0.5435648542732754,-0.9671896826482279,1.3291155537951207,0.026282549549807153,0.0
0.627157920129408,1.6078133742747847,0.15886505161136194,-0.005970385385778639,3.0
0.543564854776846,-0.9671900219581381,1.332700171863922,-0.010774029293930338,0.0
-1.7317881820066408,0.05404853845485619,-0.0092294182400227,0.05245046446588396,2.0
0.627157919790111,1.6078114302900068,0.16097729137020284,0.0024797648261106506,3.0
0.6271579203489827,1.6078098225964068,0.16253842722605716,0.025034781791447993,3.0
0.6271579199849934,1.6078116595199758,0.16067697634304784,0.009524568230492792,3.0
0.5435648551443674,-0.9671882702164353,1.327599114341686,0.040431413617759974,0.0
0.6271579196778435,1.6078144946458541,0.1609791118794772,0.009803212108417027,3.0
0.5598736418617296,-0.6925182466703251,-1.4792301502069716,-0.008668730760822627,1.0
0.5435648549409913,-0.9671897439826643,1.3380275215019315,0.0022900058064652504,0.0
0.5435648543064023,-0.967189990960448,1.3247296418398642,0.010063097802881255,0.0
0.5598736416748638,-0.6925183045052049,-1.4801321377016707,-0.06012116704132732,1.0
0.5598736421074606,-0.6925155104821358,-1.481242655291118,-0.034876819077179606,1.0
0.5598736409017081,-0.6925160981424139,-1.4750965055845537,-0.05863007782416365,1.0
0.5435648544618187,-0.9671911008401454,1.3382965885750109,0.04052632706852526,0.0
-1.7317881808647888,0.05405071512396349,-0.0037361114964087963,-0.001852921893689895,2.0
0.6271579198669298,1.6078110685274072,0.156004681116487,-0.013468836903525664,3.0
0.5435648549037116,-0.9671891692498661,1.334405311721244,0.03523922831180283,0.0
0.543564854485307,-0.9671891454201702,1.3335081329882335,0.06525856199469704,0.0
0.6271579196467527,1.6078125795063094,0.16177425363174933,-0.0262210037828498,3.0
0.5598736418175898,-0.6925170021643836,-1.482839359409226,-0.03104466065327697,1.0
-1.7317881810276332,0.054047257380524454,-0.0032951911016926368,-0.020332781020623615,2.0
0.5435648552484217,-0.9671908222774717,1.3339773317733328,-0.0036939945783823766,0.0
0.5435648550053452,-0.9671896777159918,1.3331686564878173,0.06300310717778046,0.0
0.5435648543769865,-0.9671904219591068,1.3261530283211396,0.008764648918439914,0.0
-1.7317881807457645,0.054050679146549346,-0.00822279654707059,-0.004009256543202711,2.0
0.5435648550383856,-0.9671878785556846,1.329487811771784,0.004601237341931977,0.0
-1.7317881817820604,0.05404976758636681,0.0007938077734662605,-0.0460678216638366,2.0
0.5435648544588328,-0.9671916888240417,1.3321409145099479,-0.017982616707797355,0.0
-1.7317881814509164,0.054047790086361465,-0.004495913077564205,-0.0318325077068907,2.0
0.5435648540003407,-0.967192056532331,1.3308232072181172,-0.007915540542254467,0.0
0.543564854549885,-0.9671907626269972,1.3381691903488215,-0.006646691836989886,0.0
0.6271579194896673,1.6078114522609293,0.16089376843614345,0.039551068714375526,3.0
-1.7317881815980758,0.05405099825424354,-0.0023085968786750776,-0.038522769012693775,2.0
0.5435648549080103,-0.9671895392865456,1.3303034165531396,0.03536168466273041,0.0
0.5435648545694001,-0.9671910662571991,1.3333022874087221,-0.009113545803118078,0.0
0.5598736409882246,-0.6925158014758419,-1.4778667165530728,0.004074917681399442,1.0
0.6271579201344277,1.607810015179505,0.15849501966133,-0.07406042036667623,3.0
-1.7317881812356477,0.05404958544707803,-0.011787958543689366,0.003230717022766572,2.0
0.5598736411880446,-0.6925143669029223,-1.48058563332138,-0.056532422886601305,1.0
0.5435648543917191,-0.9671903954028548,1.3334028415294126,0.027974997066662507,0.0
0.6271579200718747,1.6078098756717543,0.1609651707151136,-0.0030534057147298442,3.0
0.5598736417512848,-0.6925165066695682,-1.4759213844215535,0.022881414270994604,1.0
0.6271579201702732,1.6078119559433819,0.1628296013337611,-0.02916920642079219,3.0
-1.7317881814485174,0.054052296306680084,-0.011553283076802824,-0.0571041072695157,2.0
0.5598736422432949,-0.6925172732978512,-1.4821999117769311,-0.0814778812573137,1.0
0.5598736415375827,-0.6925170418335763,-1.4810952415666934,0.03706529652597413,1.0
-1.7317881813651033,0.054051919030818296,0.0007203734301562542,0.024188233295245474,2.0
0.5435648546545538,-0.9671883378023226,1.3354241201585093,0.08107656470290815,0.0
0.5435648546861538,-0.9671921526678622,1.333016957369515,-0.029400439176421433,0.0
-1.7317881812669809,0.05405425891077943,-0.007427808674602706,0.009201642231248813,2.0
0.5435648549885039,-0.9671872686977077,1.3299745772571934,0.011992383113024188,0.0
0.5598736422406895,-0.6925147105180981,-1.4750706637626434,-0.04316549425383057,1.0
-1.7317881820916983,0.0540519633245561,-0.0019007419554811457,0.043355066090135105,2.0
0.6271579198198602,1.6078102282515216,0.16513276950588932,-0.022478609440571097,3.0
0.5598736415537807,-0.6925162362455664,-1.4827929458468678,-0.030884838098817088,1.0
0.5598736412763172,-0.6925156210384975,-1.4798604842911933,-0.01604801574256223,1.0
0.559873640867673,-0.692515127599108,-1.478820188868553,-0.03434185127841853,1.0
-1.7317881816512848,0.0540510998479918,-0.006932317203520803,0.004693015248481161,2.0
0.6271579199172032,1.6078121315443794,0.16280031662263283,0.016622707150507357,3.0
-1.7317881819426364,0.054047679872209646,-0.003250306552440213,-0.030251485438857195,2.0
0.6271579192035878,1.607811713690607,0.16690795184117155,0.018031088571500296,3.0
0.5598736415105764,-0.6925156169105678,-1.4802299191667907,-0.004979736343317274,1.0
0.5435648544814531,-0.9671891372287283,1.3308087205329222,0.016697507379114806,0.0
-1.7317881813118816,0.054051702436103036,-0.006425762225647512,0.06426366917967552,2.0
0.5598736416273249,-0.6925204927051274,-1.484652522330939,0.03388065343262347,1.0
0.5435648550674791,-0.9671893943510295,1.334037337710371,-0.03551051433135552,0.0
0.5435648546002116,-0.9671909922754809,1.3277885079602374,-0.05706625186022634,0.0
0.5598736413675226,-0.6925178136498449,-1.4735873466539668,0.004207256539673294,1.0
0.5598736414893632,-0.6925143114355007,-1.4806055918331515,0.013974495465870696,1.0
0.5435648544999596,-0.9671876882264709,1.3294805541929986,-0.03614050956934255,0.0
-1.731788181595657,0.054047836479387594,-0.0004619204967530349,-0.006441881972782833,2.0
0.6271579201782006,1.6078110686272855,0.15906172232330257,-0.07737236354973247,3.0
0.627157919536911,1.6078127522772891,0.15769795256748959,0.03500289119124501,3.0
0.5598736416854871,-0.6925141894485788,-1.4774077314309892,0.0022036140707992593,1.0
-1.7317881817618874,0.054052693004655664,0.0008609003316533743,-0.03696892428524539,2.0
0.5435648542654686,-0.967190437988322,1.3288848000567495,-0.08573600263197732,0.0
0.5598736415703924,-0.6925167971438941,-1.4827426070395966,-0.12967442764696646,1.0
0.5435648541348415,-0.9671914895722634,1.3346591805257177,-0.0037351531362216283,0.0
-1.7317881813862626,0.05404931546863316,-5.4878795580851394e-05,-0.015580786088726827,2.0
0.5598736407264158,-0.6925163341929027,-1.4802482429631052,0.011242362861440957,1.0
-1.7317881810509876,0.05405155092382987,-0.009204486076652156,0.012497396679231726,2.0
0.5598736417237179,-0.6925187539321209,-1.482997276950748,0.03156725603899359,1.0
0.5435648544124156,-0.9671924247182604,1.3341289296747538,0.0731324921353595,0.0
0.5435648543896889,-0.967190947504683,1.3392877111980788,0.008510728095835477,0.0
0.559873641265184,-0.6925147131833828,-1.4772933829777533,0.014057202874385307,1.0
0.6271579196096229,1.6078105919520655,0.15151116221215039,0.01750301717606122,3.0
0.559873640835405,-0.6925164659642956,-1.4792358070763438,-0.04397848031994143,1.0
-1.7317881808164823,0.05404740720201746,-0.006844240854997749,-0.022822810574591443,2.0
-1.7317881811019207,0.054051408565763015,-0.004699812302400936,0.037617969920425334,2.0
-1.731788181202898,0.05404892530545535,-0.004652732301441622,-0.026226470219922415,2.0
0.55987364121662,-0.6925155273603917,-1.4767414357606923,-0.00010341491741839128,1.0
0.5598736409203507,-0.6925156231207847,-1.4807265490685908,-0.0476142031787469,1.0
0.6271579202135387,1.6078117491902095,0.16437793077874768,0.030500729626282638,3.0
0.5435648548086773,-0.9671887821773547,1.3289885745724992,0.04445846235385327,0.0
0.6271579202399276,1.6078128954264463,0.16528727523711675,-0.0452259735771233,3.0
0.5435648549212359,-0.9671897129991259,1.338497992089751,0.04516341200671496,0.0
-1.7317881816216592,0.05405055585217038,-0.006660573384923642,0.04207908700538052,2.0
0.5435648547988672,-0.9671902884335087,1.3278387787676014,0.025844100627169374,0.0
0.6271579194801403,1.6078120032270669,0.16480636409388957,-0.02237195345592489,3.0
-1.731788181008923,0.05405096673867403,-0.004727079014614968,0.004343084321143449,2.0
0.6271579197877648,1.6078107489321205,0.15686190152501062,0.011900515904119065,3.0
-1.7317881815600822,0.05404851214396012,-0.012126032676611907,-0.0009217754098970419,2.0
0.5435648549420208,-0.9671880071360958,1.3376303407642316,-0.021732609596750645,0.0
0.5435648539606055,-0.9671908674398939,1.32550760981137,0.014868918666403773,0.0
-1.731788181287515,0.05404818625588299,-0.008759045151759681,0.05333518652107549,2.0
0.5435648540963187,-0.9671895999537755,1.3218435966239295,-0.006352813574288483,0.0
0.543564854543507,-0.967190281685076,1.3301342831049636,-0.0001529304608285096,0.0
0.5435648551389094,-0.9671907806888569,1.3346459506703132,0.04457018465989449,0.0
-1.7317881813177063,0.054051176327358834,-0.004795184106681867,0.0766597991774319,2.0
0.6271579204198173,1.6078095931291303,0.16039547333446336,0.027757746416748143,3.0
0.6271579193970516,1.6078093724355265,0.1685784643442973,-0.026650394213687152,3.0
0.5598736418820719,-0.6925167828641058,-1.4773554579066368,-0.06504319562140919,1.0
0.5598736422359676,-0.6925181868504631,-1.4766700788373188,-0.0524175801903639,1.0
0.6271579198605113,1.6078109561203613,0.15877981483912865,-0.03322957434104673,3.0
0.5435648544381418,-0.967190244842484,1.3329244937482596,0.07536538939162289,0.0
0.5598736410112104,-0.6925166226772654,-1.4764824843302207,0.004885139087678732,1.0
0.5435648547695846,-0.9671876384398786,1.331221054306237,0.019724309663087435,0.0
0.5435648548224078,-0.9671895779390767,1.3313366524054167,0.027709175249084825,0.0
0.5435648544927041,-0.9671900560916064,1.3309831684427462,0.02295861031984703,0.0
-1.731788181559815,0.054050227972668015,-0.008199033998452624,0.043495042590171125,2.0
0.6271579195010119,1.6078112263855273,0.1559681903730396,-0.003465261927380148,3.0
0.5598736411115581,-0.6925163267645221,-1.4807876748690894,-0.02722178620891696,1.0
0.5598736413887095,-0.6925151660743797,-1.475019385642328,0.029225434094213253,1.0
-1.7317881812349578,0.05405032609609056,-0.007997671914480852,0.002411677761632772,2.0
0.5435648550337693,-0.9671918587868163,1.3299798941603378,0.05472270847638505,0.0
-1.7317881808151816,0.054051141913824964,-0.008860689035322434,0.025563213077670118,2.0
0.6271579202467824,1.6078122317840053,0.1558311832240341,0.01985937140777257,3.0
0.5435648545958778,-0.9671888294577298,1.338492085238577,0.10066034442605137,0.0
-1.731788181593878,0.054054364685453785,-0.0008257423752426831,-0.0017489106796074777,2.0
-1.7317881815112508,0.054052702585225716,-0.003110407510737252,0.032074260229224764,2.0
0.5598736409436285,-0.6925147081103352,-1.4753884134964155,-0.046507083348439324,1.0
0.5435648545597975,-0.9671891420519079,1.3201911453342403,0.026174441976408128,0.0
0.5435648547063455,-0.967189451027221,1.3302304400229878,0.09537236403747056,0.0
-1.7317881818265315,0.05404857183742465,-0.011553549541297094,0.011561314990251263,2.0
-1.7317881806428799,0.05404875347653668,-0.007461906021360467,-0.019026772677721623,2.0
0.5435648544043731,-0.9671881643409359,1.3351822716519794,0.09605418882148244,0.0
0.627157920136375,1.6078129504660756,0.16722925361248567,-0.014673126018976104,3.0
-1.731788181420916,0.05404996037722223,-0.009795145795521461,-0.0006273170776705235,2.0
0.5598736417702899,-0.6925164136841906,-1.4729902879527894,0.010350322689795776,1.0
0.6271579198560988,1.6078103631553264,0.16411835254003887,0.014406076978042857,3.0
0.6271579196086456,1.6078112150140234,0.1632634243985959,0.024072038025972773,3.0
0.6271579199230333,1.6078107831017496,0.16686676462877467,-0.02833504623558006,3.0
0.6271579198775666,1.6078136620227779,0.16303138090084246,-0.013757496550913167,3.0
0.6271579196130118,1.6078105079101874,0.1586087573655875,-0.041582659919591654,3.0
-1.7317881816634026,0.05405263331548508,-0.005175804831200943,0.04198912299012781,2.0
0.5598736420690162,-0.6925153237425701,-1.474339853574996,-0.01728056758192703,1.0
0.5435648544190337,-0.9671903522798053,1.3424453819006776,0.034108658443427864,0.0
0.6271579203184429,1.6078111160283999,0.1629748677018649,0.00033597943258130636,3.0
0.6271579198875675,1.607807414369765,0.16528733916619534,-0.03635669478260693,3.0
0.5598736411804045,-0.692515927440552,-1.4798297437371977,-0.013688679894791202,1.0
0.5435648544538402,-0.9671868208924936,1.3329912443358372,0.04387938009632057,0.0
-1.7317881814089355,0.05404890072276079,-0.003955792777312357,-0.02043633768718363,2.0
-1.7317881811489617,0.054049394612841285,-0.014551776329786836,0.031640333697080365,2.0
0.6271579203796057,1.6078124649822745,0.16285123250634997,0.04904345482579228,3.0
0.559873641196615,-0.6925172106968582,-1.4842318209355803,0.036677443249914635,1.0
-1.73178818191419,0.05404987533559096,-0.002116867036720066,0.09454503296463822,2.0
0.6271579199766606,1.6078139100795308,0.16597906332203063,-0.0032856171167262387,3.0
0.5435648551961415,-0.9671891765721015,1.3305161746510243,-0.004438118526882615,0.0
0.6271579195119205,1.6078122975924392,0.16560699916966057,-0.00830420735232486,3.0
0.559873641436603,-0.6925162533449009,-1.4830449823674492,0.011516771957083234,1.0
-1.7317881817373624,0.05404752333947855,-0.002087775713959272,-0.03660951501271351,2.0
0.5598736417244523,-0.6925143157988415,-1.478705390885909,0.06566706293234326,1.0
0.6271579196943176,1.6078093644886005,0.158389716538914,0.016894040383849184,3.0
0.5598736415478048,-0.6925167902668636,-1.4759722730379676,0.018481030613048094,1.0
0.5435648554199716,-0.9671876444561721,1.3336956018359785,0.01071093835280242,0.0
0.5598736414705126,-0.6925146758889097,-1.475678676648389,0.02606260337235016,1.0
-1.7317881812975668,0.05405067164926535,-0.0016109218164431362,0.024827926582357038,2.0
0.5435648549949968,-0.9671883926072425,1.3338988923402022,-0.0061902870179384815,0.0
-1.7317881811827482,0.054049091026864074,-0.006156544042924285,0.007076173120638824,2.0
-1.7317881814060343,0.054051039871476914,-0.012880273314750655,-0.006536273969113253,2.0
0.5598736416831305,-0.6925137868529981,-1.4804945474406226,-0.015271877951234084,1.0
0.5598736413239657,-0.6925187466410799,-1.4837145383191044,-0.07982513201638462,1.0
0.6271579200317474,1.6078096476492072,0.1582475239391448,-0.014603477569000718,3.0
0.5435648548196852,-0.9671893243622843,1.3396148424870065,0.020403030529003583,0.0
0.5598736414158288,-0.6925142707703731,-1.480282042602331,-0.05553236419965096,1.0
0.6271579199213585,1.6078145912785906,0.16414254940526798,-0.03289323545752377,3.0
0.6271579192391612,1.6078129854513108,0.159601014040674,-0.022956159658094808,3.0
0.6271579202548354,1.607810949499758,0.16080401166588923,-0.024427572150498372,3.0
0.6271579195805379,1.6078129908535272,0.15945832945523897,0.04281377978985535,3.0
0.5435648553133883,-0.9671923778389061,1.333468957021054,-0.017768846688400355,0.0
0.6271579199578794,1.60781089759962,0.16060864779937045,-0.05233621577972836,3.0
0.6271579200316673,1.607810939955107,0.16204171461611638,0.0016055471339835473,3.0
0.5435648547908146,-0.9671886077898714,1.3337543264730654,-0.04327900339070918,0.0
0.6271579200859736,1.6078096246032163,0.15380589587312074,0.06120311878611765,3.0
0.5435648540425715,-0.9671865782967803,1.3293652334779469,-0.02866083187891757,0.0
0.5435648549333547,-0.9671860716311406,1.3326434738767878,-0.015294434694574578,0.0
0.543564854554139,-0.9671889905369615,1.327222041895044,-0.043088412369893817,0.0
0.6271579198294016,1.6078099302084718,0.15996440503355702,0.015794620565399292,3.0
0.5435648544827646,-0.9671881495243592,1.336686477140541,-0.006684631024130824,0.0
0.6271579192069429,1.6078156371472438,0.16086844832440914,-0.05440932800451469,3.0
-1.731788181239152,0.054049914737822155,0.0031256605298007386,0.025696312600464805,2.0
0.6271579199199434,1.607812227477182,0.15889511418193994,-0.08376767566600875,3.0
0.6271579199800562,1.6078098720059928,0.15803814427798088,0.026057674970152704,3.0
0.627157919729144,1.6078101212887783,0.15359784409153288,-0.05286252040539442,3.0
0.5435648552334499,-0.9671907472101597,1.3269135281172981,-0.0018346597258274147,0.0
0.5435648554544498,-0.967189540671058,1.3308138606704614,-0.016426298539264948,0.0
-1.7317881818773047,0.05405228909869445,-0.008764298334165458,-0.02837243893552141,2.0
-1.7317881808808995,0.054050683559901974,-0.00715535361030835,0.016534081924242477,2.0
0.559873641904735,-0.6925168254645605,-1.4785340133571594,0.01322044861692337,1.0
-1.7317881813425067,0.05405203722928127,-0.004709467330305449,-0.024879362985601707,2.0
0.5435648541921445,-0.9671889360661515,1.3307139337737621,-0.009479577586089966,0.0
0.5435648548369,-0.9671895268283714,1.3309235944876752,-0.03464159126136698,0.0
0.5435648546455545,-0.9671914092523802,1.3307315256265635,-0.043680537853142506,0.0
0.5598736414796716,-0.6925166056402067,-1.481642339585053,0.043973642729282975,1.0
0.5435648546408599,-0.9671908763830069,1.3286323705718688,-0.03420947285145591,0.0
0.6271579205930254,1.6078103670842117,0.1668830654624943,0.043453711869182676,3.0
0.5435648550095377,-0.9671891994973688,1.337288369791017,0.05390746813384172,0.0
0.6271579193708109,1.6078094792775388,0.1555148044054441,-0.025674730911940884,3.0
0.543564854648426,-0.9671891663808133,1.3375899366057826,0.03416003186461345,0.0
0.5598736409547248,-0.6925143843876883,-1.479459182364211,-0.020624105766970085,1.0
0.6271579202628074,1.6078108334922434,0.15900005756702645,-0.006032995483141971,3.0
0.5598736413606085,-0.6925136977859845,-1.4788881223594732,-0.04655981487410671,1.0
0.5435648552070208,-0.9671891400208283,1.3256376652696384,-0.022280101549708834,0.0
0.5598736411212287,-0.6925146431529476,-1.4736260495479234,-0.07157155719454658,1.0
0.5435648543065407,-0.967186539710419,1.3247381378141965,0.04186568720867332,0.0
-1.7317881811612152,0.0540499823185044,-0.0007081767603883406,0.06501124813458727,2.0
0.5598736410479417,-0.6925171231739747,-1.4788828638363973,-0.024171206715205954,1.0
0.5435648547548343,-0.9671899925202291,1.3346326972748668,0.042958914911663516,0.0
0.6271579206538797,1.6078112748460323,0.16444233939182218,0.042568330701659135,3.0
0.5598736415647299,-0.692517965153369,-1.478272969517193,0.004413193448245306,1.0
0.5598736413612712,-0.6925181808224117,-1.476376512484606,-0.02640693490713603,1.0
0.6271579198956684,1.6078144438371471,0.15994595607668374,-0.008253971896408595,3.0
0.6271579199886274,1.6078104497467673,0.15809401886898847,-0.028066338880627345,3.0
-1.731788181177896,0.054052033274006796,-0.002881825427086978,0.036657422603782915,2.0
0.6271579198223693,1.6078125020439336,0.16021518719634278,-0.0021042068378541077,3.0
0.5435648541235735,-0.9671894505879538,1.3354602160303233,0.0009256928829061103,0.0
0.5435648547151165,-0.9671903633337514,1.3398639537342916,-0.015057971026375676,0.0
0.627157919966924,1.607810668571948,0.15718792627609215,0.05485487090144825,3.0
0.6271579199408802,1.607812237815183,0.16544289460303443,-0.05487238130253528,3.0
0.6271579205144237,1.6078099041614244,0.16052215779028764,0.024252536830365712,3.0
0.5435648546428286,-0.9671888721498961,1.3272157965927416,-0.06520395172444472,0.0
0.5435648542029166,-0.9671902479620283,1.3330646687518315,0.08646023400364725,0.0
0.5598736417414115,-0.6925155187329607,-1.4771282222675328,-0.018819653142836876,1.0
0.5435648548574598,-0.9671916032587285,1.3299857430510236,-0.05728889816586683,0.0
0.5598736408346213,-0.6925137981903415,-1.4826794933367111,-0.0021437016819409105,1.0
0.5598736413903007,-0.6925147783833803,-1.483818396764854,-0.014473091395637865,1.0
0.5598736415202086,-0.6925137969541796,-1.4796606022276682,-0.024818146001149358,1.0
0.6271579200030222,1.6078124248056818,0.16065989768315214,0.03245303239514294,3.0
0.559873641710859,-0.6925174772260896,-1.47833478221769,-0.06488541402451638,1.0
0.5435648545637718,-0.9671928200611472,1.3318390584279685,-0.007825936558220038,0.0
0.6271579193068204,1.6078105721967006,0.15652540829660147,0.01115129605814632,3.0
-1.7317881815893106,0.05404961067003621,0.0019846920772544742,-0.005648601324588977,2.0
0.6271579193745237,1.6078129921834723,0.15352312545543828,0.01571151998066726,3.0
0.5598736413707299,-0.6925154358230391,-1.4769790106641227,0.0013585332723857104,1.0
0.5598736409335066,-0.6925189214343016,-1.4715308071658382,-0.02675762845663896,1.0
-1.7317881812465237,0.05405280976972515,0.00044483850258791315,-0.021412935736756414,2.0
0.5435648551939202,-0.967189966936092,1.3287618208052503,0.018343491905582158,0.0
-1.7317881816734013,0.05404793076679838,-0.0074192395177062435,-0.061923980918819614,2.0
0.6271579195980744,1.607812755161164,0.16241806921912003,-0.0027939271665444023,3.0
0.559873641211557,-0.6925151978606889,-1.4767148474798777,0.009705905567208462,1.0
0.5598736416419074,-0.6925157023961088,-1.4821352387291913,-0.0368161997705394,1.0
-1.7317881811928137,0.054049812533792756,-0.0007516460108483996,0.040073637686181086,2.0
-1.7317881814145355,0.05404964354060477,-0.008500162962892764,0.06795344647280065,2.0
0.5435648543206816,-0.9671909595540409,1.3405649526797527,0.06351317057499338,0.0
0.5435648545300598,-0.967192866442469,1.3368102082466276,0.07546392854637068,0.0
-1.731788181412661,0.0540512216615932,-0.0058930062627221055,0.029925559056282587,2.0
-1.731788181804059,0.05405120923911731,0.007650385334294163,0.03490517291514773,2.0
0.5435648548532515,-0.967187407329256,1.3312380300778903,0.005905602705753298,0.0
0.5598736412814823,-0.6925177868721567,-1.4796676302552816,-0.03656989054214377,1.0
0.5598736414751123,-0.6925157740005023,-1.4729661338795672,-0.006129486975083505,1.0
-1.731788182151136,0.0540496743860148,0.003633299511776777,-0.022838635287213208,2.0
0.6271579194009307,1.607812000801923,0.1477206449502062,-0.07693521359788758,3.0
-1.7317881813725802,0.05404940558640974,-0.005156796993305404,0.04822075804504027,2.0
0.5598736411132617,-0.6925166300164518,-1.474334951861032,0.002663301620272431,1.0
0.6271579202077702,1.6078118998285187,0.15376349268101652,0.009876076721053078,3.0
-1.7317881807716922,0.054049029642875404,-0.011626378536997562,-0.0005795597737725356,2.0
-1.7317881809607951,0.05405071118105552,-0.006997118286647756,-0.052443324619519546,2.0
-1.7317881815003722,0.05404827970778462,-0.0028397249527550884,0.011511585451391608,2.0
-1.7317881811156604,0.05405351634500743,-0.006060127270541897,0.026231180113416314,2.0
0.543564855213373,-0.9671880456940145,1.333759500770279,0.04805213251645604,0.0
0.5598736422120424,-0.6925166662813836,-1.4801003092828533,8.137226131182891e-05,1.0
0.5598736414356874,-0.692514922697613,-1.4817319689056543,0.015901249354988413,1.0
0.6271579203093083,1.6078137106872763,0.16543795076540793,0.005229586960479747,3.0
-1.7317881811029645,0.054051953490809296,-0.006004724574406129,-0.022166207754336066,2.0
0.5598736414732155,-0.6925170466902589,-1.473292536052062,0.019170174000033097,1.0
-1.7317881810951847,0.0540483218366277,-0.0017395474068907925,0.004137451213246932,2.0
0.6271579205534411,1.607811178502218,0.1594545610463927,0.025003043718304255,3.0
0.5435648542516552,-0.9671884449964416,1.3307528143327283,-0.01379735229386833,0.0
-1.7317881811736149,0.05404928381112188,-0.00485349181270306,0.03739321637827954,2.0
0.627157920116554,1.6078105888211742,0.16435949502765004,0.05400902007288717,3.0
0.5598736420148321,-0.6925133345669795,-1.4788138240991606,0.08057764805729006,1.0
0.6271579209935128,1.6078150608971549,0.1638054630039893,0.007538091912566895,3.0
-1.7317881815305582,0.05405253987982086,-0.008943390408510716,0.007014435384083367,2.0
0.6271579202371885,1.6078105274052965,0.15529606509702978,0.03738051456975765,3.0
0.5598736418323487,-0.6925159724566271,-1.47823418917656,-0.039664829371167075,1.0
-1.7317881815221825,0.05405325096117571,-0.0026333599092919612,-0.03163306580949835,2.0
0.5435648550150177,-0.9671899741168191,1.3337966467548512,0.05181610556681175,0.0
-1.7317881813459999,0.05405039345142599,-0.003202287720605236,0.009838125171325365,2.0
-1.7317881810942164,0.05404751718855386,-0.003369243554424941,-0.01726186107359002,2.0
0.6271579194270026,1.6078101505672142,0.15556332649437193,0.024829485347324563,3.0
-1.7317881811259077,0.0540523125949648,-0.006576007843880693,0.015270292756156429,2.0
0.5435648549589783,-0.9671905772787935,1.3241032419035526,0.03627634783706806,0.0
-1.7317881813130813,0.05405124016018658,-0.005672554216461621,-0.038022841851970884,2.0
0.5435648548461424,-0.967192264664685,1.3293173112307193,0.03254922922369116,0.0
0.6271579199450186,1.6078096082137565,0.16312258825484155,0.053495864293753415,3.0
0.6271579198400928,1.6078123799844675,0.15899555244015387,-0.017783952889005663,3.0
0.5598736415241101,-0.692513807332661,-1.4781843300663948,-0.051022853595549714,1.0
0.6271579200627837,1.607814401157153,0.16091336959751815,-0.012156246996554026,3.0
0.6271579198954901,1.6078102686588764,0.16083627904732015,-0.005423167915917719,3.0
0.5598736411916221,-0.6925142392930145,-1.4764011304169813,0.0113534812322171,1.0
0.5435648553978025,-0.9671911459655992,1.3362233960669672,0.008946254232290398,0.0
-1.7317881813994325,0.05405138342829855,-0.00772078736794244,0.025432142577875343,2.0
-1.7317881814495502,0.05405324849959269,-0.007729430182031092,0.001340414210174267,2.0
0.5435648543591795,-0.9671902225391246,1.3341504279825556,-0.028381290306043142,0.0
0.559873641803648,-0.6925165393898561,-1.4803695855832448,0.04427926990191693,1.0
-1.731788181321962,0.054050058827048865,-0.0016363152900336886,0.03957540781124523,2.0
0.5435648545630964,-0.9671894884205205,1.3330944076754534,-0.06104955391835095,0.0
0.6271579200994394,1.6078128250561323,0.162776310035048,-0.07433170291310753,3.0
0.6271579204136883,1.6078119358794059,0.16402659785740908,-0.036972157533471,3.0
0.6271579195098135,1.6078123132212419,0.16438286918565242,0.008123916665692833,3.0
0.559873641274201,-0.6925149498412901,-1.4775753401849818,-0.04236330270669358,1.0
0.6271579199839301,1.6078103972328306,0.15870319502303004,-0.035064866539781823,3.0
0.5435648552922062,-0.9671882291327009,1.329334628620695,0.02427419665552617,0.0
0.5435648549483416,-0.9671905946567434,1.3278263618564492,-0.0053164665565317345,0.0
0.6271579199739546,1.6078118441413911,0.15683712889667828,0.03690480621180644,3.0
0.6271579198748499,1.6078133356529207,0.1604190306461492,-0.036176736123790305,3.0
0.5598736414458034,-0.6925129019383736,-1.4735219558031534,-0.01764643662240915,1.0
0.5435648553623939,-0.9671883534333445,1.333193763870298,-0.012305949955332747,0.0
0.627157919560809,1.6078146606997465,0.17007164090592322,0.029713427598726038,3.0
-1.7317881818764047,0.054050238668100374,-0.002676988804745093,-0.0066275783455438525,2.0
-1.731788181976919,0.05405040721759519,-0.009688913006294542,0.008374705654984002,2.0
0.6271579202921878,1.6078109699157648,0.15347167763004044,0.05270278818166835,3.0
0.6271579199052996,1.6078134041406003,0.16363717228618063,0.011392024385674033,3.0
-1.7317881818271752,0.0540506778963247,-0.005072777238428439,-0.042264207369288875,2.0
0.5598736422410134,-0.6925131668447762,-1.4775415765296918,-0.07491106462377499,1.0
-1.7317881812168747,0.05405081494457203,-0.007048156924964855,0.03930134330198651,2.0
0.5598736421655505,-0.6925181671407608,-1.4853606899533611,-0.0351452033164628,1.0
0.5435648547145452,-0.9671891973214566,1.3307006351611674,0.007259758999281856,0.0
0.6271579190561878,1.6078104912053435,0.1625588661610353,-0.009400604071731763,3.0
0.5435648545664871,-0.9671909115163446,1.3320716050390322,0.016202806721683782,0.0
-1.731788180736007,0.054049607099159055,-0.0022569902413403153,-0.04920461017461753,2.0
0.5598736415608901,-0.6925158199917945,-1.4814584733525518,-0.05117292332324584,1.0
0.5435648544066954,-0.967190232926882,1.3287064974997538,0.02416658569633458,0.0
0.5435648542964159,-0.9671898711161735,1.337009201863594,-0.019676109071194405,0.0
0.543564854590673,-0.9671905845471532,1.3358943780229005,-0.05315689369729745,0.0
-1.7317881818271312,0.05404915183520637,-0.008036880002684613,0.004711910079584775,2.0
0.6271579201751935,1.6078116290587878,0.1561613695768723,0.034550545294237574,3.0
0.5435648548872982,-0.9671902855585446,1.3235294749672017,0.048466467487803325,0.0
-1.731788181569278,0.05405165182124179,-0.0003612401266558503,0.01510394669468184,2.0
0.5435648547415952,-0.9671899252326932,1.3304300275477405,-0.009645907039015486,0.0
0.6271579194037866,1.607810760121315,0.1611732501670497,0.00980629966819141,3.0
-1.7317881816482974,0.054047959614089806,-0.005274783541881068,-0.014936475903867047,2.0
-1.7317881814295686,0.05405039612290761,-0.0032434658833204546,0.03255230721273959,2.0
0.5435648548676096,-0.9671896704060545,1.3363233681083841,0.0671193001912243,0.0
0.54356485404801,-0.9671883768922053,1.3293591523682555,-0.023233669520365523,0.0
0.543564854421013,-0.9671907860658192,1.3339640483985913,-0.011687201065941597,0.0
0.5598736406746047,-0.692517353440368,-1.4781721063727586,0.018579534232751924,1.0
0.5598736420151903,-0.692513946665042,-1.4769572118706118,-0.08904627666335643,1.0
0.5598736415554432,-0.6925154997268895,-1.481295310740074,-0.003186633236473993,1.0
0.5598736418814919,-0.6925144699000171,-1.478346977584967,-0.001615832858773815,1.0
0.6271579193087672,1.607810533481828,0.15889211962506963,0.009932293293764879,3.0
0.5435648541283894,-0.9671922875890087,1.3305673290491173,-0.0034831179641731263,0.0
0.5435648544848681,-0.9671919653279677,1.329566098843897,0.018908278441464345,0.0
0.5598736415298906,-0.69251797813255,-1.4798015395214938,0.007880573628510053,1.0
0.5435648548927561,-0.967189976845446,1.3342914611597936,-0.026416089985056946,0.0
0.6271579199850287,1.607811540799891,0.15843026199001112,-0.019456441576794634,3.0
-1.7317881817752363,0.05405305216326478,-0.002304093138200637,-0.005823717703236697,2.0
0.6271579195085659,1.6078094671835648,0.16061245730615237,0.04058504285129837,3.0
-1.7317881815950096,0.05405074091492583,-0.0024768944985052626,-0.00907383631292446,2.0
0.6271579201883628,1.6078108595587868,0.15910763895926938,-0.01577157810190234,3.0
0.5598736412860522,-0.6925158349246288,-1.4821769724346923,-0.031874188988947214,1.0
-1.731788182041631,0.054049595713407714,0.001129634059126334,0.018832478725023267,2.0
0.5435648541346185,-0.9671883872792078,1.3366009717342129,0.009374692026480414,0.0
-1.731788181501704,0.05404720864422185,0.0013312322154895183,0.020224798712928607,2.0
0.6271579200605167,1.6078081316644957,0.16256405478823885,0.041421897969578896,3.0
-1.7317881819864136,0.0540498191026477,-0.005778121994491178,0.011762352070475065,2.0
-1.7317881815300096,0.05405197470157833,-0.0035818962103849727,0.003252078543798703,2.0
0.5598736415511055,-0.6925140097502575,-1.4753450753888582,0.01611590973005461,1.0
0.5598736415344507,-0.6925142679114018,-1.478223406191426,-0.0070983907631891295,1.0
0.5598736401602515,-0.6925155645871469,-1.4752832437351122,-0.016426173955373668,1.0
-1.7317881818217946,0.05405008330883652,-0.0030497527626501524,-0.019784604961994634,2.0
0.6271579202303076,1.607811121018773,0.1512302175721259,0.09326405788826418,3.0
-1.7317881810419402,0.05405003326910252,-0.005617355831765178,0.03574933951215084,2.0
0.5435648551762383,-0.9671884620941684,1.3451506675401408,-0.030559077978939676,0.0
0.5435648548857879,-0.9671904757923299,1.3301443692796473,0.03588533660613696,0.0
0.6271579198939184,1.6078090945933632,0.16010719374219246,0.04517138737980199,3.0
0.627157919504578,1.6078112398717903,0.16259742725062104,0.030595798133758786,3.0
0.5598736415931105,-0.6925178635737138,-1.4764216827843233,-0.025945278811099627,1.0
0.5435648547968215,-0.9671928541136594,1.3300212650933532,0.0538778894553935,0.0
-1.7317881810282758,0.05404972202187676,0.00037004613368959023,-0.019010810393540425,2.0
0.5435648543240954,-0.9671907277161184,1.3374298219465683,0.06054647713639302,0.0
-1.7317881808024902,0.05405097918289686,-0.007208360614203014,-0.009366685316134568,2.0
0.6271579193865733,1.6078125476625025,0.16701855836817214,0.0282076702888816,3.0
0.5598736415302928,-0.6925174557201075,-1.4844410894035789,-0.02234223431660174,1.0
0.6271579201781943,1.6078135066229835,0.1579246573075418,-0.036850001417274236,3.0
0.6271579201040027,1.6078122097899539,0.15555596916220207,-0.0009789287956719949,3.0
0.543564854573514,-0.9671872417178916,1.3325441163942697,0.0027659951614349984,0.0
0.5598736418246979,-0.6925189515211523,-1.4753429540903706,0.032912913819584944,1.0
0.5435648545974412,-0.9671917146466442,1.3322008472379872,-0.010386004522011787,0.0
0.5598736418054803,-0.6925138811497412,-1.482167717941462,-0.06061428912004304,1.0
0.627157919356316,1.6078105185732312,0.15391820103809362,0.008295192549641239,3.0
0.6271579202044231,1.6078093216097555,0.15994016706412836,0.02279724483381009,3.0
0.6271579201474768,1.6078108497986636,0.15937639729401482,-0.02411086149734688,3.0
0.5598736425229941,-0.6925177870568032,-1.4782214487912742,-0.040108639865974446,1.0
0.6271579193175816,1.6078086374767016,0.1618531711575074,-0.03176539350499386,3.0
0.559873641247645,-0.69251622866604,-1.4769519569091984,-0.028034181444547352,1.0
0.5598736416597593,-0.6925180266609278,-1.4750632495936797,-0.024681176261072406,1.0
-1.7317881817563243,0.05405177769677543,-0.003319087317864742,0.05179706077919643,2.0
0.5435648547788862,-0.9671919362114275,1.3296267213424184,0.08368215318027748,0.0
0.5598736412832813,-0.692514565851193,-1.4857732969843966,0.004804120679386085,1.0
0.5598736418807466,-0.6925164674786825,-1.477063745424795,-0.0009571990268972213,1.0
0.543564854201852,-0.9671882498581316,1.3371854826250067,-0.0130542175792856,0.0
0.5598736410526228,-0.6925173615204979,-1.4823760491907831,0.010316190076029717,1.0
-1.7317881821657726,0.05405119784463478,-0.007024379630920737,-0.05323484023753319,2.0
0.5598736414167031,-0.6925153060957231,-1.4828555551822606,-0.021435854433665816,1.0
0.5598736413703655,-0.6925139612099074,-1.471024970157481,0.006581052446254649,1.0
-1.7317881818827388,0.054048038593651516,-0.005408275979862528,0.08900159994658846,2.0
0.5435648547115207,-0.9671866551427051,1.3390816952445483,0.02061060356729821,0.0
0.5598736413918243,-0.6925160170123917,-1.4818580455336121,0.02936555940772614,1.0
-1.7317881813501343,0.05405107440862535,-0.006992988973373584,-0.0371184993552929,2.0
0.6271579198726865,1.6078118181985395,0.15858373230949038,-0.015692902958275204,3.0
0.5598736408723307,-0.6925137564619455,-1.4804170930413012,-0.04656189252616362,1.0
-1.7317881813096394,0.05404952635126319,-0.012370706092813282,-0.024653850759298105,2.0
-1.7317881814880407,0.05405001095789434,-0.007412110219971097,-0.02405418547936874,2.0
0.543564854663348,-0.9671897308029718,1.3379706926435877,-0.020424764004926,0.0
0.5598736420291538,-0.6925143067846405,-1.481744201921752,0.013983961016294883,1.0
0.5598736410724551,-0.692516895129333,-1.4905055758505383,-0.01324490601138588,1.0
0.62715792080538,1.6078098106664576,0.16447184550236224,0.004551576220546317,3.0
0.6271579196046786,1.6078092719519421,0.16214945308719367,0.010707007548876301,3.0
0.5435648550913025,-0.9671894726226099,1.335682294485724,0.014486303839100365,0.0
0.6271579195122419,1.607811805121004,0.16110957145891713,0.032730075519520056,3.0
0.6271579197108458,1.6078071698058707,0.15734042114502544,0.001734223980595197,3.0
0.6271579202438987,1.6078106518296875,0.15604944414634203,0.030950270660719283,3.0
-1.7317881821184922,0.05405076363554579,0.00032576349555634516,-0.02286667443582824,2.0
0.5598736411039988,-0.6925156020388952,-1.486749695899185,-0.005171428502057156,1.0
0.5598736414815356,-0.6925153073001883,-1.4798934334238456,-0.10875247479426642,1.0
0.5598736415863714,-0.6925164377573839,-1.472407907026465,0.02993749022943466,1.0
0.6271579202150122,1.6078138049836619,0.16021668132311395,0.017885188994325386,3.0
0.5435648550455565,-0.9671900443259871,1.3345258258912174,-0.06620840818604266,0.0
0.6271579199115501,1.6078125200076931,0.1614791251505008,-0.0031510116777793856,3.0
0.5435648547615133,-0.96718929685759,1.3321976636921953,0.05945442222670499,0.0
0.627157920315871,1.6078138399785276,0.15314105315014634,0.005991954956592654,3.0
0.5435648548424667,-0.9671910080795251,1.3325307043306016,0.029084234772387647,0.0
0.5598736416857202,-0.6925185396159188,-1.479018044404772,0.048361368510277204,1.0
0.5435648546837498,-0.9671874099812197,1.337205679387853,0.007054430050764371,0.0
0.627157919939092,1.6078126507210186,0.1565992062088282,-0.08353808291104906,3.0
0.6271579199967485,1.6078110502988832,0.16134437128762197,0.04714238045416899,3.0
0.5598736417896818,-0.6925156456320193,-1.4836849458095105,-0.005653715177440336,1.0
0.5435648547347209,-0.9671906468406353,1.3355044865990167,0.009101196924748207,0.0
-1.7317881810440248,0.05404923615814037,-0.007018986480585178,-0.02032022637870944,2.0
-1.731788181466167,0.054050882926223294,-0.008257000808727894,-0.045908430594376375,2.0
0.5435648548115005,-0.967187493549735,1.3313396518085583,-0.003777819151423472,0.0
-1.731788182045163,0.054047005513861976,-0.011631835498893642,0.01780760087125368,2.0
-1.7317881813651284,0.054050905086445465,-0.012471417946693451,0.009974575015258842,2.0
-1.731788181596389,0.05405011935116629,-0.007178553561521452,-0.0019184978593769822,2.0
0.5598736410367555,-0.692514559544154,-1.4761781083944947,0.01488671169207935,1.0
0.5598736415290216,-0.6925150764853496,-1.4823351034909054,-0.03890077153166425,1.0
0.5598736413226568,-0.692513238358596,-1.4760595515813109,0.05181432228801005,1.0
0.5435648547159719,-0.9671895327870543,1.3348921419273272,-0.008563440080602112,0.0
0.6271579192780025,1.607810698871464,0.16045614518560256,-0.015147868050697929,3.0
0.6271579198348376,1.6078123816117627,0.15648305849944213,-0.039671224351470996,3.0
0.6271579202529043,1.6078133635607788,0.15801713430454042,0.006835569163447141,3.0
0.5435648555428007,-0.9671873604114558,1.3351579250824748,-0.053248794614531476,0.0
-1.7317881808553504,0.05404741714638262,-0.010041058601704213,-0.05257057384728808,2.0
0.5435648544572538,-0.9671877360038369,1.3328403426762476,0.030935138208226402,0.0
0.6271579200511586,1.6078106730047865,0.16328740467910444,-0.02085646224838981,3.0
0.5435648541605035,-0.9671921191468402,1.3296052584107205,0.1207929322193179,0.0
0.5435648550252945,-0.9671918975130943,1.3292905257615666,-0.003298101058423798,0.0
0.5598736416145834,-0.692514749132923,-1.4816251298611467,-0.014723261774698187,1.0
0.5435648553054221,-0.9671901810605235,1.3349912730334814,-0.028078565408983215,0.0
-1.7317881815173715,0.05405053188462313,-0.005567789029758068,0.04996910351875056,2.0
-1.7317881810499012,0.054048106886355085,-9.135721559222432e-05,0.04186692208246726,2.0
-1.7317881814143719,0.0540511032602706,-0.008638880857266235,0.026597611393738018,2.0
-1.731788181384045,0.05405120128869344,-0.008682923784252831,0.005945239062837551,2.0
-1.7317881811631317,0.05404931845279799,-0.0037629833099685297,-0.01289650930088107,2.0
0.5598736417422663,-0.6925150044964025,-1.47542603181091,-0.03536413427185995,1.0
0.6271579198231901,1.6078104138088491,0.1622937244620228,0.034881386788924856,3.0
0.559873641308372,-0.692520542106691,-1.4729074424524606,0.04506417271758999,1.0
-1.7317881812779365,0.05404881249042932,-0.003034034063734458,-0.03428522659281425,2.0
0.6271579198535724,1.6078088994268276,0.1683818769644454,-0.047233875225151045,3.0
-1.7317881815981997,0.05405165491791875,-0.0018488610503172374,0.0170176958189412,2.0
0.543564854882667,-0.9671889932838943,1.3272313677358774,-0.019680808405442726,0.0
0.6271579196887055,1.6078108883615339,0.16453176949358436,-0.007337199605766732,3.0
-1.7317881813901492,0.05404851119226003,-0.0003868601291491784,0.004283520610172745,2.0
0.6271579196302963,1.6078121009536503,0.1566463748481891,0.04775840913868651,3.0
0.6271579203790223,1.6078106829409797,0.1619949131932145,-0.059907774889282873,3.0
0.5598736417952225,-0.6925176652282967,-1.4798070455881425,0.06032289952254502,1.0
0.6271579201597018,1.6078111447073393,0.16176638422805598,-0.00850832982183645,3.0
0.5435648550282092,-0.9671890350005716,1.3393581621219066,-0.018011125099947272,0.0
-1.7317881817819192,0.05404894722086363,-0.005883237345902896,-0.011831227593278822,2.0
0.6271579197279128,1.60781508183715,0.1613845627881422,0.030108332221000327,3.0
0.5435648550969527,-0.9671880738554156,1.335533146742992,-0.023223290182067563,0.0
-1.7317881812436735,0.05404973734403882,0.002883844350532126,0.011768801200068037,2.0
0.5598736407934108,-0.692514840630666,-1.4791570850834235,-0.05830970285894352,1.0
0.6271579197173461,1.6078126150838459,0.16636182413104594,0.004133682920731878,3.0
0.6271579204663188,1.607812607530584,0.16384656563521577,-0.008192986805278692,3.0
0.5435648550191865,-0.9671878294787415,1.3399353214099143,0.0069116356464598684,0.0
0.6271579196211033,1.607811820590675,0.15794341774059115,0.027428032753675745,3.0
-1.731788181385716,0.054050943866651914,-0.011673611149863884,0.0018304483710647314,2.0
0.5598736415570682,-0.6925167974303827,-1.4767079139586652,-0.03882167076651589,1.0
0.6271579201686631,1.6078103109040776,0.16307926183141577,-0.017716326197145894,3.0
-1.7317881811212585,0.0540463581174957,-0.0012380448602141386,-0.006287170921560342,2.0
-1.7317881815722094,0.05404846272770753,0.0016811810778715427,-0.016922705845230833,2.0
0.5598736416608106,-0.6925168242010032,-1.4753850699316373,-0.060660996487670975,1.0
-1.7317881808898128,0.05404863832512412,-0.0026471651601265643,-0.07406727372099858,2.0
-1.7317881814835074,0.05405131564813531,-0.004582687431095538,0.021871814714735288,2.0
0.5598736411125479,-0.6925186183542937,-1.483501738964205,0.04394258244066517,1.0
-1.7317881818818395,0.05404960666090396,-0.007801034347492769,-0.016598234519710972,2.0
0.5598736420967184,-0.6925149893083973,-1.4836430909277267,-0.024837989693159764,1.0
0.5435648550489732,-0.967192418600069,1.335817184937811,-0.02386611752718159,0.0
0.627157919560903,1.6078110704975477,0.16004796170327473,0.044145604835097114,3.0
0.627157920097537,1.6078106212641756,0.15952026465112376,0.030546292120333326,3.0
0.5598736412127799,-0.692517125082451,-1.4800788880808802,0.0021324745339420612,1.0
0.543564854529183,-0.9671922235560214,1.34057315259513,-0.009822435164110013,0.0
0.5435648550578894,-0.9671887016287302,1.3289090593702038,-0.018291281290806996,0.0
0.5598736412872514,-0.692516646469907,-1.4754520261600859,-0.054406014720524594,1.0
0.5598736412742683,-0.6925151344854567,-1.4726453243658268,-0.02211735197575808,1.0
-1.731788181152048,0.05404973955803186,-0.003549168373341529,0.02725578985798073,2.0
-1.7317881809192717,0.0540506402028497,0.0009893352132686198,-0.01113297706221913,2.0
-1.7317881812265858,0.05405222649218928,-0.009511654104094026,-0.03499963457573987,2.0
0.5435648545329128,-0.9671892689843213,1.3363206495537994,0.014001544727765918,0.0
0.5598736410209584,-0.692516358792722,-1.4871930856150748,0.003752270173046899,1.0
0.5598736417184195,-0.6925158903994815,-1.4765208144229363,0.026496091927137724,1.0
0.6271579196857754,1.6078115360250387,0.1596055030197468,-0.04902145394820017,3.0
0.6271579202740883,1.6078102748938754,0.16670492893690422,-0.013096256821314083,3.0
0.5598736415231018,-0.6925173708232897,-1.485920093810386,-0.06257470560356024,1.0
0.627157920601516,1.6078098361909976,0.15613388580038262,-0.0148903502452737,3.0
0.6271579196186181,1.607808387717036,0.16127555886312228,0.02962757937738215,3.0
0.5435648544818384,-0.9671925615837417,1.3321288870281052,0.021424960258640845,0.0
0.5435648541217308,-0.9671873216655438,1.3309342013366923,0.014532973788648543,0.0
0.5598736417297026,-0.6925169012177088,-1.4828307839540413,-0.012189231124943375,1.0
-1.7317881813818283,0.054048219968927946,-0.008605729559392697,0.04516197939254548,2.0
0.5598736416794009,-0.6925188630484707,-1.4784118566779965,-0.040888982746372204,1.0
0.5435648540604106,-0.9671897987296408,1.334397494948311,0.006251304817657242,0.0
0.5435648539548134,-0.9671886303375139,1.3340052771423407,-0.022021335119559154,0.0
0.6271579192698196,1.6078109525563338,0.16256283909548044,0.007918651603224263,3.0
0.5598736411455495,-0.6925176667471271,-1.4819349118823943,-0.03260672034744998,1.0
0.5435648545375059,-0.9671924308176654,1.3328811084651109,-0.03986703250103553,0.0
0.6271579202546582,1.6078095649369968,0.15665426025409393,-0.05017756527410163,3.0
0.5435648546179754,-0.9671875657244596,1.3402400637182923,0.07358674426259591,0.0
0.6271579200864218,1.6078099583182128,0.16438916697073847,-0.03858265996634622,3.0
0.5435648551044564,-0.9671888734636672,1.3315592274930081,-0.007029342345649726,0.0
0.5598736409947966,-0.6925158371406059,-1.4748085442967829,0.005936257987701086,1.0
0.5435648546119541,-0.9671904393673326,1.3338199358828573,0.03726448848065021,0.0
-1.7317881810297848,0.054049534988951514,-0.002106827706409864,-0.018010849669094033,2.0
0.5598736412569585,-0.6925168197888594,-1.482206491505928,0.0025676010907015653,1.0
0.5598736418020657,-0.6925170479767734,-1.4698115352098662,-0.019842166523878272,1.0
0.627157920083296,1.6078136862987153,0.16790754365232374,0.0946378299942005,3.0
0.6271579205312746,1.6078125490167592,0.16138466181685138,0.017747212749091728,3.0
0.5435648549368332,-0.9671928387056603,1.331223933467601,0.004140515940110578,0.0
-1.7317881812252296,0.05404956006682582,-0.0039357131956540186,0.003926549632285235,2.0
-1.7317881819929524,0.054048259526848504,-0.00441322570284868,0.005478798373456017,2.0
0.5598736422412885,-0.6925179585748221,-1.4776112576292701,-0.06922544536776115,1.0
0.6271579202682567,1.607813014889368,0.15864545219989884,-0.045000772806003814,3.0
0.5435648547693592,-0.9671896324002276,1.336401283188809,0.001148166136673556,0.0
-1.7317881811677618,0.054049035419665374,-0.008704136489087019,0.028489582230521938,2.0
0.6271579203778094,1.607812512800903,0.1564152126768165,-0.0018918855030142813,3.0
0.543564854664045,-0.9671889511651798,1.3355542826536155,-0.04110687461593817,0.0
0.559873641458614,-0.6925146371654506,-1.4826362990282944,-0.006275650289309416,1.0
0.5598736413389231,-0.6925151067543325,-1.4793817323920837,-0.056788404373034805,1.0
0.6271579202378414,1.607810195627003,0.16382874563987648,0.02641913100953115,3.0
0.5435648546468707,-0.9671893479248328,1.3386012480709977,-0.0687767932287914,0.0
-1.7317881816837266,0.05405299247981957,0.004141715125675667,0.03263704574197506,2.0
-1.731788181293876,0.054050135051446783,-0.010399755452198955,0.03146740581198655,2.0
0.5435648546290907,-0.9671867086617159,1.3317837613581065,0.040697862844687974,0.0
-1.7317881806578932,0.054051451075487186,-0.0038703388445188824,0.00987330892154034,2.0
0.55987364178859,-0.6925151102323639,-1.4807019071826901,-0.03748974040419903,1.0
0.5435648545767034,-0.9671915022575999,1.3285804908702694,0.04963965846399202,0.0
0.6271579199423487,1.6078096168620175,0.16708740733933955,-0.023693096435192604,3.0
0.5435648547083177,-0.9671916553453277,1.3327277744592507,0.02169204299265488,0.0
0.543564855066426,-0.9671897467331642,1.3345091299850205,0.02065655646434852,0.0
-1.7317881814881342,0.05404834227975598,-0.0017330861411469912,-0.02201223053386023,2.0
0.5435648546737346,-0.9671885763022147,1.3219420404616686,-0.0030199752459074735,0.0
0.5435648542991274,-0.967190773851372,1.325758517552232,0.057044685173009556,0.0
0.5435648551518626,-0.9671908013948252,1.3346866910515685,0.027219088102428537,0.0
0.6271579202524469,1.6078113112529486,0.16646964813427467,0.04609669118395512,3.0
0.6271579204787084,1.6078107133836423,0.153872479162589,-0.04092297012929236,3.0
0.5435648542355392,-0.967188536564617,1.3370464560122437,-0.01907474242260165,0.0
0.5435648544533371,-0.967191543529864,1.3276535214715919,-0.029357708626979794,0.0
-1.7317881816475933,0.05405138091056616,-0.0037175554979631442,0.042283342573535734,2.0
0.5598736411555314,-0.6925124237073815,-1.4822546922946334,-0.03897767127680844,1.0
0.5435648551542875,-0.9671916382500347,1.3363759460140345,0.06041033165058342,0.0
0.5435648544164713,-0.9671907852727712,1.3289082614836885,0.010941740844129138,0.0
0.5435648550143064,-0.9671923014127941,1.3354043209352795,0.09171523426781217,0.0
-1.731788180861349,0.054049568974292354,0.0006367628630576989,0.018228315127557158,2.0
-1.7317881819730352,0.054052221613733145,-0.009540959928777572,-0.048077685273318634,2.0
0.5435648545088794,-0.9671899667546145,1.3263329561428776,0.028488332695747083,0.0
0.5598736413842352,-0.6925146612901485,-1.4785743457175815,0.020378588297429265,1.0
0.5598736412115973,-0.6925141591155469,-1.4824793164537005,-0.050731742891426575,1.0
0.5598736413148139,-0.692514680735158,-1.481652768546689,-0.08434314290910526,1.0
0.6271579199621963,1.6078115899307,0.16087792814362295,0.05228631936415613,3.0
0.5598736416785484,-0.6925143349785089,-1.481533844563644,-0.03212849551336972,1.0
-1.7317881817878966,0.05405166590494716,-0.005811634521630221,0.00012091598888818907,2.0
-1.7317881814453346,0.05404975084427114,-0.013998387184509098,-0.0958430996867707,2.0
0.5435648548900788,-0.9671902072083818,1.3351552929535209,0.030646233314585138,0.0
-1.7317881804998798,0.054048935021999873,-0.004630477468566944,0.06504770116452274,2.0
0.5598736419456954,-0.6925169865910941,-1.4848336022831592,-0.13358010630358486,1.0
0.5598736417765483,-0.6925179465292096,-1.484578813621952,0.08001437303954902,1.0
0.6271579204008055,1.6078095755124622,0.160021932312773,0.0072694143886669425,3.0
0.6271579195105385,1.60781223395431,0.1601772101754168,0.00033180583292109485,3.0
-1.7317881813371434,0.054049737106178414,-0.008748324877125938,0.020122778643380686,2.0
0.5598736413828236,-0.6925152269274072,-1.4765483244583832,-0.01156745306438811,1.0
0.6271579197043927,1.607809490682101,0.15784218107076411,0.00555952555446211,3.0
0.5435648553120221,-0.9671894921271917,1.334663454960806,-0.049428661560547496,0.0
-1.7317881811147209,0.05404993987710508,-0.007798740322528254,-0.023452304678163914,2.0
0.5598736413529072,-0.6925158336566565,-1.478859226254241,-0.05998530652682906,1.0
0.5435648546341583,-0.9671879211923556,1.3309477175613966,-0.05113741161185623,0.0
0.5435648543151936,-0.9671909930778217,1.334279909362867,-0.024565498602925586,0.0
0.5435648541963537,-0.9671903619848227,1.3400354041253633,0.012976038389806594,0.0
0.6271579196298438,1.6078102432349708,0.16013306821733014,-0.05168274838062301,3.0
0.6271579196131231,1.6078124290615916,0.15884727125215226,-0.08470908057214512,3.0
0.5435648544753534,-0.9671877882277452,1.3340178485884133,0.05897185158512438,0.0
0.5598736414194111,-0.6925178951804586,-1.4752514496082052,-0.025815856666882166,1.0
-1.7317881812015252,0.05405071720802584,-0.004444561384019635,0.0453471767061104,2.0
0.5598736416198827,-0.6925157619562177,-1.475640910378773,-0.04571665429686423,1.0
0.5435648543605552,-0.9671876557674185,1.3349001134105092,-0.013523792298456344,0.0
0.6271579196242824,1.6078131686573711,0.16653005969235823,0.011729307772290878,3.0
0.6271579198924082,1.607808416139861,0.16241450960619405,0.05994305794866087,3.0
-1.7317881811501357,0.05405298165051106,-0.009514325828543911,0.009166860764210432,2.0
0.6271579202356949,1.607811233330355,0.15951954655591424,0.02018919882362358,3.0
0.6271579199261008,1.6078123664990767,0.15851989674006628,-0.020300939831084382,3.0
0.5435648549493401,-0.967191421294916,1.333478242909832,0.00590069587451076,0.0
0.5435648553700541,-0.967188657866118,1.3292518256835468,-0.0077170080620425985,0.0
0.6271579197297461,1.6078118128981786,0.15883662089291586,-0.013691291019408901,3.0
0.5435648547531757,-0.9671917956067015,1.3327581005783407,0.015735227691895854,0.0
0.5435648546005043,-0.9671887826941881,1.3325332645453167,-0.006882609177450183,0.0
0.5598736415412595,-0.6925160136450643,-1.4824995177840479,-0.017772330901106363,1.0
0.6271579191444744,1.607810958796892,0.1650705401268253,0.03102575059758065,3.0
0.5435648545636783,-0.9671925260215907,1.3256161129810087,0.024604368769989754,0.0
0.5598736410397528,-0.6925173187830641,-1.4801375484313761,-0.023158254814387408,1.0
-1.7317881806282718,0.054049319225989004,-0.003516726441328461,-0.004422708567731515,2.0
-1.7317881809528535,0.05405105712197081,-0.007822077289335632,0.02147507489451802,2.0
0.559873640676775,-0.6925164771756287,-1.4753924443787367,0.012506295414281823,1.0
0.5598736412151425,-0.6925140741144652,-1.4732741608878939,-0.039171186689983935,1.0
0.6271579194756561,1.607812888358365,0.15915628844518395,0.07635821656463637,3.0
0.5598736418368958,-0.6925157614412095,-1.4749726638803429,0.0028995774837387313,1.0
-1.731788181160979,0.054049460276225404,-0.014102073055030652,0.01199878646068417,2.0
-1.7317881810763551,0.054046835309498706,-0.008027879413460025,0.006240364322878586,2.0
0.6271579193612995,1.607810659698486,0.16708707645845772,0.034011555781030094,3.0
-1.7317881809856372,0.05404957705050047,-0.003183960106479062,-0.023275186262973584,2.0
0.6271579203103194,1.6078118784424404,0.17044849860496927,0.00909855784451526,3.0
0.6271579198926047,1.6078135002208036,0.15952706181371107,-0.03319839672164705,3.0
0.6271579192999784,1.6078097421907356,0.15251402992129012,-0.058349951211638815,3.0
0.5435648546827045,-0.9671900794785446,1.3350248223704866,-0.03245678381917101,0.0
0.5435648549213764,-0.9671913074477098,1.332048781919477,-0.015117166813487615,0.0
0.5435648551661871,-0.9671895646519518,1.327074514537058,-0.008684975502058363,0.0
-1.7317881811758618,0.05405188687816302,-0.0034411509091066897,0.06992733738423376,2.0
0.6271579204298556,1.6078114236779029,0.16550577708882674,0.03357354465049474,3.0
-1.731788181296878,0.05405043526893846,-0.00488600860180442,0.020337521182925596,2.0
0.6271579196571138,1.6078057343304852,0.1621340525866999,-0.03996227188587169,3.0
0.5598736411771149,-0.692515351837054,-1.472024592757864,0.016849092581535444,1.0
0.5435648547062913,-0.967189593365218,1.3321729528342552,0.10290914657222155,0.0
-1.731788180665578,0.054050662520773805,-0.012068761137704501,-0.07680518826229593,2.0
0.6271579196738709,1.607809303604266,0.1619953646087119,0.014227925547535472,3.0
0.5435648545442678,-0.9671872840382559,1.3292425254724363,-0.05489251286354918,0.0
0.5598736415356416,-0.6925158471770434,-1.4819527685845788,-0.038254763771639055,1.0
0.5435648552058108,-0.967189532407582,1.3322942452275994,-0.054176709812590554,0.0
0.5435648549424269,-0.9671877181322309,1.3385063886596766,0.03297611444490788,0.0
-1.7317881816106562,0.0540477856076539,-0.0005274512943508952,-0.019820365837211223,2.0
0.6271579201039316,1.6078089755810454,0.15706990422481773,-0.017646799614780787,3.0
-1.7317881810695444,0.05405072681937083,-0.006644941044366129,0.000457348136554845,2.0
-1.7317881813271978,0.05404915378532762,-0.0022838948668394234,-0.01954225622596643,2.0
0.6271579190252252,1.6078165793441668,0.15837691612570629,0.029141003192203446,3.0
0.5435648553803157,-0.9671930709305996,1.329507793828266,-0.004513526620387303,0.0
0.6271579196800474,1.6078107979813265,0.15673499362296264,-0.020734161520703866,3.0
0.5598736418902196,-0.6925139085532948,-1.4794650432853693,-0.016202555543837996,1.0
0.6271579199448393,1.6078120546075814,0.16364007881560033,0.006436093197820665,3.0
0.5598736413823631,-0.6925153238056834,-1.4863148173734912,0.009246226586645428,1.0
0.6271579198459997,1.6078104019870967,0.1556570801714525,0.02277979780061941,3.0
0.5598736412009608,-0.6925143831601847,-1.4781698546120838,-0.03992199667545559,1.0
0.6271579193242015,1.6078109413239903,0.16275270876826728,0.023961866476075743,3.0
0.5435648548100849,-0.9671896534318559,1.325583891385323,-0.013242796427689886,0.0
0.5435648549169118,-0.9671899899202934,1.3318169899484071,0.0011998054438064185,0.0
0.6271579198689539,1.6078111847315002,0.15693554625824288,-0.022165408530494733,3.0
0.5435648547964699,-0.9671871762907416,1.3278890152486842,0.00854321084860882,0.0
-1.7317881808042679,0.05405137740283403,-0.0073146317258448714,-0.0076740607961998135,2.0
-1.7317881810345563,0.054048939159797055,0.000360711608347628,0.04328819404441357,2.0
0.5435648547000994,-0.9671882312595116,1.3288450700971666,0.08626479066715996,0.0
0.6271579206487912,1.6078106178756026,0.16367792809040208,-0.014644037181478383,3.0
-1.7317881818833538,0.0540453262153771,-0.003215369728436029,0.002927667302572454,2.0
-1.7317881815891019,0.05405081703385962,-0.009817870432979466,-0.01061085341744981,2.0
0.6271579195033472,1.6078096665733124,0.16537739010370373,0.0033577074320770795,3.0
-1.7317881810893792,0.05405031002963649,-0.0013450474293287289,-0.0028048668792065353,2.0
0.5598736415751426,-0.6925177509675527,-1.4845419125077364,-0.02398019899883996,1.0
-1.7317881811264833,0.05404890599578553,-0.004049892495535717,0.0035925894170817686,2.0
0.559873642344859,-0.6925154857412675,-1.4794548126831286,0.0012870075196807157,1.0
0.5598736414300102,-0.6925182612561918,-1.477620112201377,-0.013958304205467668,1.0
0.5598736411670762,-0.6925164726427866,-1.4777824449669206,-0.0035085279695478335,1.0
-1.7317881810157818,0.054051012332739415,-0.0023945096559399694,-0.00829113082916487,2.0
0.5435648537137816,-0.9671891889372851,1.3318633636111405,-0.000634671358651173,0.0
0.5598736418248398,-0.6925135054686742,-1.4842814590789648,-0.027322234929397914,1.0
0.5435648548019428,-0.9671895730951884,1.3417058390274104,0.020688200254979867,0.0
0.6271579197194844,1.607809726914771,0.16672957039290415,0.03982943069605576,3.0
0.6271579207345623,1.6078104523490369,0.15561496509417422,-0.03142174080881895,3.0
-1.731788180972918,0.05404799785405193,-0.006706220887492253,0.007958773877974125,2.0
-1.7317881818665624,0.054051272403746076,-0.008195190643301974,0.009865951763973339,2.0
-1.7317881817697793,0.05405053963969143,0.0032163868366733377,-0.008770155710241182,2.0
0.6271579202116939,1.6078135616346707,0.15755928751571943,0.04251675122661022,3.0
0.5598736421776005,-0.6925173594425201,-1.473487585225997,-0.03655996476590783,1.0
0.5435648551180066,-0.9671884143080378,1.330741935499348,-0.032019233774235316,0.0
0.6271579202164111,1.6078119798140673,0.15926971222379505,0.01782585462734618,3.0
0.5598736413320512,-0.6925149682766548,-1.474914338176684,-0.005841122892079982,1.0
0.6271579200442454,1.6078098967339567,0.1602381828354326,0.028180383542427623,3.0
-1.7317881822497743,0.05404911712837648,0.0015550989369638225,0.05312155157574668,2.0
0.5598736417656843,-0.6925170124077704,-1.4786270770242662,-0.03664120867957167,1.0
0.5435648543677871,-0.9671883346613417,1.3310203160053882,0.010103441485187329,0.0
0.5435648552602076,-0.9671876762457944,1.3334159744820686,0.025074274015792694,0.0
0.5598736412903978,-0.6925199948137789,-1.482593443144077,0.04300931792552139,1.0
-1.7317881815649894,0.05405271875699694,-0.004883102896206501,-0.04238694298978654,2.0
0.6271579204084134,1.607813433822889,0.1652996523835519,-0.02569176426635047,3.0
-1.731788181726854,0.05404971901282589,-0.002983890218089821,0.035393134236385716,2.0
0.6271579196369954,1.607810697836502,0.15976448673856836,0.044322959014857846,3.0
-1.7317881823646486,0.05405001711132708,-0.00298562651865367,-0.07906833681676868,2.0
-1.7317881817658978,0.054051091447246916,-0.006021159793850222,-0.009084233703716403,2.0
0.5598736417700808,-0.6925169809937513,-1.4824575839442302,-0.04681204765332613,1.0
0.6271579197888637,1.607809299421147,0.16123921140287667,-0.04026569653097994,3.0
0.6271579195519384,1.6078111027093285,0.1596565483000937,0.01565614226430219,3.0
0.5435648551369412,-0.9671878288761936,1.3317439515580867,-0.012926241832558602,0.0
-1.7317881817188303,0.05404747473687038,-0.014094454017118965,0.0070537393373949564,2.0
-1.731788181724876,0.054050009023691566,0.0002642397840262586,-0.051741346928719865,2.0
0.6271579203054092,1.6078106611925047,0.15482694471574432,0.008048991836369935,3.0
0.5598736420147039,-0.6925163110625585,-1.481186137262097,-0.017494206505999248,1.0
-1.7317881816171403,0.05405142940870311,0.00013515218735417282,-0.009283760141118279,2.0
-1.731788181899405,0.0540499947564118,-0.0054091228780757195,0.03148573284746221,2.0
0.5598736414869272,-0.6925148106149935,-1.4754152162006473,0.006421161666316512,1.0
0.6271579202357032,1.6078118368721364,0.15339559212153184,-0.04263029888436874,3.0
0.5435648546781094,-0.9671895349682458,1.3389745200268972,0.010735990222087833,0.0
0.6271579201344242,1.607811329574639,0.15846034452386157,-0.012691414450467408,3.0
0.5598736416400403,-0.6925144575194241,-1.480021811327901,-0.00955426773978591,1.0
0.6271579199383276,1.6078125670751238,0.16192334651074033,0.06584866137301967,3.0
0.5435648543046949,-0.9671905892233627,1.3314558371324468,0.06980862349732117,0.0
0.5435648548414154,-0.9671887292883008,1.3359589618950611,0.01923760164762891,0.0
0.6271579203548957,1.6078100861051003,0.15820837590043302,-0.03565124539051199,3.0
0.6271579198594048,1.607813128665682,0.16277445594483234,-0.060877278720467484,3.0
-1.7317881816352652,0.05404994262136667,-0.003816437651207263,0.025342529121293953,2.0
0.6271579195167336,1.607811105368152,0.16176139979550838,-0.018929880813459494,3.0
0.543564854863315,-0.9671910291654509,1.3297539154109064,-0.023305028886243244,0.0
-1.7317881817464078,0.05404804289233823,-0.010235172980801437,0.04591623272800832,2.0
-1.7317881807388766,0.0540504743090495,-0.0036085987685038393,0.036793239462189424,2.0
0.5598736416433263,-0.6925165856105849,-1.4772035401704275,0.038165083039438205,1.0
0.5435648548640158,-0.9671887611358065,1.3336167566159345,0.004909893491373011,0.0
0.5598736418089292,-0.6925142348858302,-1.4788875442083145,0.006466495100440613,1.0
-1.7317881821256043,0.054051889857306426,-0.0051570149875372374,0.003898232455539951,2.0
0.5435648547893046,-0.9671891873404396,1.3330352669543104,-0.014224717930467102,0.0
0.5598736408786616,-0.692514561050937,-1.4722255838030487,0.002315732899234204,1.0
0.6271579194013812,1.6078054410267153,0.16133978859895468,0.0481423264167538,3.0
0.5435648548570656,-0.967187150537159,1.325214202800498,0.058447698422099625,0.0
0.6271579200456506,1.6078135564807763,0.15598586062571024,0.025134097512525065,3.0
0.5598736415283443,-0.6925144741671235,-1.4800195186691445,-0.029115719026417842,1.0
0.5435648553062326,-0.9671915548015187,1.3327127404525914,0.050421920071553786,0.0
0.6271579195043051,1.6078134837098288,0.16107631980257436,0.018763832236099474,3.0
0.6271579196050482,1.6078138204780335,0.1614665471511754,-0.06078967165449185,3.0
0.6271579198305194,1.607812050429543,0.15730679736264666,0.04165323109330009,3.0
-1.7317881812497664,0.05404933344306004,4.5672968262573316e-05,-0.026210111611819065,2.0
0.5598736402926962,-0.6925155073084328,-1.4763946771263596,0.0006569321136904394,1.0
-1.7317881812005205,0.05405021075647248,-0.011576270770080785,0.023258387972148707,2.0
0.6271579208419727,1.6078103580668637,0.15606958825329376,-0.03561939668568924,3.0
0.5598736410415808,-0.6925156810234525,-1.4793594661954714,-0.006780192022669641,1.0
0.5435648545379727,-0.9671899418692246,1.342528029652664,0.0474226011052607,0.0
0.6271579206449523,1.6078121057282224,0.16161861072751976,0.05467628740556106,3.0
0.5598736415677609,-0.6925165085001583,-1.4779904675175675,-0.038754422289886015,1.0
0.5598736420654763,-0.6925136011278228,-1.4703114481758426,-0.02945093364132505,1.0
-1.7317881815517904,0.054049120254951094,-0.005087490661297681,0.0005718207069872938,2.0
0.5598736416341118,-0.6925141066701004,-1.4753668378599283,-0.021195801560444743,1.0
-1.7317881813335334,0.05405364450776976,-0.01389053838119053,0.004343751540243486,2.0
0.6271579197819364,1.6078119831764675,0.1591120202610901,0.028861332702943214,3.0
0.6271579194018431,1.6078121346802683,0.16183949738677117,0.0016011821624960614,3.0
0.5598736413634291,-0.6925185599734073,-1.4825291845241169,-0.012565237977145378,1.0
0.5435648550920013,-0.9671865826335225,1.3318367186716842,0.047552070885832194,0.0
0.6271579194636218,1.6078120194875796,0.1582252739865187,-0.03801456357940364,3.0
0.55987364169648,-0.6925142167011793,-1.4815267244464196,-0.0012721470391326528,1.0
-1.7317881814407867,0.05405129149067525,-0.0072133919637554006,0.06120796172359095,2.0
0.5435648548980156,-0.967187471455656,1.333895769615767,0.005586141320441027,0.0
0.6271579190160095,1.607810890888482,0.15404414341692502,-0.04155103840061069,3.0
0.5598736415291878,-0.6925132738535579,-1.4826277721454428,0.001659725967644173,1.0
0.5598736415789214,-0.6925162600772578,-1.4754644035632045,0.016580852283455075,1.0
0.543564854333285,-0.9671889134737509,1.332999414070064,0.03492317937985341,0.0
0.5598736413576421,-0.6925140434279833,-1.4761469084152108,-0.035306441603291674,1.0
0.5435648550346776,-0.9671883314425295,1.3295034785658444,0.05537823854240537,0.0
0.5435648543507545,-0.9671915441453136,1.3362044841214111,0.03874914539523584,0.0
-1.7317881817084997,0.05404873516073983,0.0031383005058995593,0.045687508661133136,2.0
0.6271579206418734,1.6078092277613698,0.1580933602311292,-0.07982589529962765,3.0
0.6271579204165039,1.6078117785987787,0.15783051353315047,-0.020030790496178695,3.0
-1.731788181841847,0.0540488479658667,-0.0057140516538746015,-0.062066186270612896,2.0
0.6271579197536952,1.6078117990898282,0.15928229018916684,0.07291226621425609,3.0
0.5598736423041186,-0.6925172851118774,-1.47798073417314,0.0047755164551633155,1.0
0.6271579196646011,1.6078126491984162,0.16603622309100052,0.0031070616274709935,3.0
0.5598736416085884,-0.6925154256643988,-1.4785941629046389,-0.05563205291123602,1.0
0.6271579202071013,1.6078139335779467,0.16338383512805763,-0.05779146567527715,3.0
0.6271579206468096,1.6078127832428468,0.16259260969455394,0.0014166835843081981,3.0
0.5598736409279254,-0.6925173359280143,-1.485249821940359,-0.012211785401324908,1.0
0.5598736415892182,-0.692516146699824,-1.4876305665404441,-0.011507051622407533,1.0
0.5598736413000461,-0.6925176288016873,-1.4816794948622996,0.03832332780450351,1.0
-1.7317881809535423,0.05405000586536644,-0.0075834677784133294,-0.02411129062601099,2.0
-1.7317881815661424,0.05405010049949614,0.0027318984510157174,0.020630433637524558,2.0
0.5598736414238199,-0.6925150856353777,-1.4802997982046564,-0.08206379585035431,1.0
0.5598736413017319,-0.6925125722681585,-1.476877900915076,0.0035112485946957295,1.0
0.5598736419283176,-0.6925158773038335,-1.473911714530861,-0.026824257917029345,1.0
0.5435648541412936,-0.9671863773562904,1.330958074093473,-0.06717626693136361,0.0
-1.7317881818412746,0.05404991514937032,-0.007714787861881503,-0.015585434097188882,2.0
0.5598736413657798,-0.6925144485940679,-1.4728648137725586,-0.011557676743462284,1.0
-1.7317881813626959,0.05405205629452237,-0.009515592908816107,0.021720110173222288,2.0
-1.7317881813767717,0.054049620638149484,-0.0023252737296260645,-0.042395354560501676,2.0
0.5598736411135471,-0.6925167795192405,-1.4836831392218088,-0.028127395311517596,1.0
0.5598736414448338,-0.6925148821255492,-1.4819390662697132,0.02761453836433043,1.0
0.5598736412341432,-0.6925162873881338,-1.4776528733108834,-0.035541785193413944,1.0
0.5598736415216717,-0.6925164226393646,-1.4806046012511178,0.0013750502653136429,1.0
0.5598736411982521,-0.6925165704270373,-1.4728358460758981,-0.010395977264212963,1.0
0.6271579193931706,1.6078081247784988,0.15922676842065195,0.007536259828220486,3.0
0.5435648545731586,-0.9671909016736359,1.334085621755202,-0.03337679065585614,0.0
0.627157920121585,1.6078121881894836,0.16164461798831833,0.009314143393812124,3.0
-1.731788180476367,0.05405162852824681,-0.012536073013268551,-0.026001623775120754,2.0
-1.7317881822670589,0.054052403481534846,-0.003064598582529787,-0.062003655131249356,2.0
-1.73178818113258,0.05404981725188955,-0.008215261824534041,-0.015484081982227092,2.0
-1.7317881810712956,0.05405154042026287,-0.001482715338388748,0.05354560108180147,2.0
0.5435648547529938,-0.9671887213738587,1.3309259810186793,0.024166407012521544,0.0
0.543564854920334,-0.9671887613647185,1.3231953528066362,0.028679017458246896,0.0
0.6271579195983895,1.6078108504643427,0.1602408923378676,0.036167729917022086,3.0
0.5435648551836612,-0.9671926828974186,1.336150960742218,-0.05423878126243099,0.0
0.5435648540929754,-0.9671940057006861,1.3307380818086572,-0.016097663580778465,0.0
-1.731788181770612,0.05404818371473855,-0.007202014998424081,0.024415809345225997,2.0
0.6271579199122707,1.6078111839199332,0.16728000761503234,-0.047544257993910766,3.0
0.5598736410813568,-0.6925164348325838,-1.4768380880974343,-0.027708521678237168,1.0
0.6271579189733736,1.6078103119437746,0.16223909770336278,0.02313587003244302,3.0
0.6271579197918773,1.6078111930786703,0.16533110437433818,0.013514817433663529,3.0
0.5598736420832755,-0.6925128778159862,-1.4722638897592824,-0.005395979137977876,1.0
0.5435648543905196,-0.9671882018914182,1.3285900969524076,-0.007581323148070285,0.0
0.5598736416445844,-0.692514616595607,-1.4754732293488733,0.05390867732215076,1.0
-1.7317881811813793,0.05405044335172689,-0.003330002316813458,-0.013109974207996285,2.0
0.6271579196148082,1.6078113770316809,0.15386158419830326,-0.023583303944356357,3.0
0.5598736412023563,-0.6925193285174728,-1.474155576875726,-0.0017187526726607884,1.0
0.6271579199220306,1.607811933313329,0.16117536486149572,0.02650653225567213,3.0
-1.7317881808568196,0.05404891524591627,-0.005473306845517674,-0.011452753949385113,2.0
0.5598736409426722,-0.6925154990447961,-1.4829431671244915,0.00043925108562534854,1.0
0.5598736410391539,-0.692514328659388,-1.477146262470447,-0.027996450792715503,1.0
-1.731788181177483,0.054049315001902555,-0.0029754746701146032,-0.01691775611369747,2.0
0.6271579199328097,1.6078083024459722,0.15932553827064755,0.02377292605975553,3.0
-1.7317881812584635,0.05405480019250435,-0.012772115129883852,-0.02579008735605613,2.0
-1.7317881817168468,0.054047806313110076,-0.0034189833892947254,-0.02141697911976253,2.0
-1.7317881812246554,0.05405205298243477,-0.009559038594696263,0.04201553200012514,2.0
0.5598736418510922,-0.6925160486954435,-1.4808278475059677,0.00887437737716973,1.0
0.5435648537866085,-0.9671881054099355,1.3352322919631947,0.02257390956013588,0.0
-1.7317881815461074,0.054050037094049985,-0.0007116547925242261,-0.02717186237940945,2.0
-1.731788180510707,0.05405281375434583,-0.010063888009394076,0.03640548172892604,2.0
-1.7317881819372951,0.05404900956024803,-0.002373494035765789,0.003908993496508674,2.0
0.5598736405009447,-0.692515805520749,-1.4801110493002176,-0.06938056332617587,1.0
-1.7317881808052216,0.05405048681450853,-0.0064588268437508044,-0.026128222819408294,2.0
0.54356485543589,-0.9671880681089807,1.3313703595231545,0.003944045551358151,0.0
-1.7317881811697167,0.05405077771799208,0.0015675725240556866,-0.010818322834665314,2.0
-1.731788181931627,0.05405091536782888,-0.005350177458269143,0.02581345082415141,2.0
-1.7317881816805458,0.054049829872821545,-0.002289445931100276,-0.02377215216961215,2.0
0.5598736412602252,-0.6925144262282253,-1.480971627138749,-0.007492034386143623,1.0
-1.7317881816392169,0.054049707309418125,-0.004857654980375213,-0.01693556414298493,2.0
0.5598736410597532,-0.6925198072836735,-1.4801286686863595,-0.03313239332487153,1.0
0.627157920023388,1.6078124919531092,0.15699953407973966,0.009697933774270426,3.0
0.5598736423518027,-0.6925166659246774,-1.4749567070871688,-0.059143120083976215,1.0
0.5598736416065986,-0.692515156927323,-1.482499467280813,-0.0011926138560973338,1.0
0.6271579201978486,1.6078100573446248,0.15342433065959804,-0.061238533532532585,3.0
0.543564854836586,-0.9671895694634096,1.3307905808820786,-0.007439472662220564,0.0
0.543564855100628,-0.9671900773087356,1.3263802980321366,0.04937911864598812,0.0
0.5598736412479608,-0.6925175852405013,-1.4870905201001021,0.0059284123174212534,1.0
-1.7317881813680867,0.054049845268751597,0.00021339898457006264,-0.051060657347152316,2.0
-1.7317881815721643,0.05405215418200394,-0.001197562824983689,-0.010018086286794714,2.0
-1.7317881815770175,0.0540506124938982,-0.0116777967503531,0.07386902422633074,2.0
0.6271579196961388,1.607811149510864,0.1583430119932768,0.09299408400515782,3.0
0.6271579194349407,1.6078087200313784,0.1613538860698877,0.030072373869293435,3.0
0.6271579193563827,1.607812503693559,0.16146261061756717,0.0050101968094627995,3.0
-1.731788181489145,0.05405077596843498,-0.005520824807997206,0.029829851791954225,2.0
-1.731788181724081,0.05404937075208229,-0.009189517217124955,0.018993426207685998,2.0
0.5435648550460649,-0.9671890091899767,1.3329865398478955,0.06960128296629062,0.0
0.5435648543574325,-0.9671893285831175,1.3317797150881978,0.03331951969732029,0.0
0.5435648543648075,-0.9671895214632115,1.3342658987647962,-0.05065399647581561,0.0
0.559873642219428,-0.6925186418891714,-1.4799262584059425,-0.016468214034230717,1.0
0.6271579193871839,1.607809473498343,0.15778862195945384,-0.009360335491198307,3.0
-1.7317881809674498,0.054047001709239734,-0.004188615980581947,-0.000746172757333525,2.0
0.5435648546416195,-0.9671911658908309,1.332839329467586,0.038412808433659115,0.0
0.6271579197949496,1.6078117317288385,0.16155157720933983,0.03635725849065672,3.0
-1.7317881818461203,0.054049098544185305,-0.006775386563808555,0.056780293780141336,2.0
0.6271579194898038,1.6078133955827858,0.16259369032140072,0.03932359562491615,3.0
0.5598736418394709,-0.6925149992309968,-1.4789738869340896,-0.01090501138872552,1.0
0.5598736422238232,-0.6925180485602876,-1.4776843568521187,-0.0273582125579479,1.0
-1.7317881815944112,0.05405379853247619,0.0013425228451297798,0.0927777463118452,2.0
0.5598736418502211,-0.6925162451882063,-1.4771667465174125,-0.0565311679134357,1.0
0.5435648543530783,-0.9671895116057092,1.3335967699748046,0.0028724229668147696,0.0
-1.731788181458148,0.05404873388946009,-0.008748228452122555,0.00927440643895762,2.0
0.54356485466628,-0.9671914271098129,1.3305026245725664,0.04680843819789673,0.0
0.5598736412452286,-0.6925146851180471,-1.4818793602513007,0.0710627782763564,1.0
0.6271579198182612,1.6078098580468008,0.16523945043310245,0.025834183058798307,3.0
0.5435648541070845,-0.9671906220844626,1.3283893474440627,0.10787789403111867,0.0
0.5598736412036054,-0.6925143001816151,-1.4815957838109364,-0.00977142826112698,1.0
-1.7317881812557716,0.054050945074350876,-0.01153498664111413,0.01337406600057465,2.0
0.5435648546860741,-0.9671906142491049,1.327768796026323,0.022726695868314918,0.0
0.5435648543568949,-0.9671888156843461,1.3369837258397508,0.01140381170191122,0.0
0.6271579198940842,1.6078129478897623,0.15469296971767732,0.04195092003385249,3.0
0.5435648551244444,-0.9671898374332748,1.3278017599417211,0.0045279691571374295,0.0
-1.7317881816830383,0.054050558252960616,-0.005843950549510355,-0.07456006277305591,2.0
-1.7317881815093665,0.05405060012060601,-0.007647348429099724,-0.012944413636031589,2.0
0.5435648546839801,-0.9671938438658704,1.3304842706177815,0.03299899891509805,0.0
0.5435648538819171,-0.9671900797611998,1.3249507061739065,-0.021606414676448343,0.0
0.5435648536422105,-0.9671900204073449,1.326406678445889,-0.02524595099966066,0.0
0.559873642099027,-0.692515987798363,-1.483468676688272,0.0008984415067361446,1.0
-1.7317881812886222,0.05404859386597443,-0.002616371596401082,0.00562888720819533,2.0
0.5598736415861371,-0.6925158418301278,-1.487721961969097,0.03518994336611026,1.0
0.5598736418350998,-0.6925169060032642,-1.4766279184715534,-0.06458037701677427,1.0
-1.7317881817236327,0.05405098892689472,-0.0013235579709977856,-0.011504283348142989,2.0
0.6271579200819438,1.6078099048305248,0.1611234510083274,-0.022106349321907158,3.0
0.5598736414245125,-0.6925142190080318,-1.481391902143035,0.0120654013795434,1.0
-1.7317881805387638,0.05404988241213835,-0.008790288678237857,0.051774962399111286,2.0
0.6271579194186596,1.6078152214661985,0.1570008449933757,-0.00731558534767988,3.0
0.559873641276646,-0.692516545719572,-1.4824173661821143,-0.02135302524225992,1.0
0.6271579197408882,1.6078118554602348,0.15233360376509184,0.021725579044686336,3.0
-1.731788181415045,0.05404913183357219,-0.011276747136491707,0.01865378651548721,2.0
0.5435648545118562,-0.9671892733978292,1.3276144863694777,0.04314626456161722,0.0
0.5435648543314169,-0.9671889455691327,1.3350530460965886,0.06348196213660884,0.0
-1.7317881815962632,0.05405131184628785,-0.0010206818468299127,0.04827442307700847,2.0
-1.7317881816077783,0.05405095457471554,-0.00022657699713144017,0.013268952167343083,2.0
0.6271579202382512,1.6078132385819153,0.1564489384808097,-0.023831314517944818,3.0
0.6271579197444571,1.6078105680717611,0.15410575880390642,-0.028455474716842233,3.0
0.5435648548573296,-0.9671891733074836,1.3319283566445181,-0.008240729395251679,0.0
0.627157919741411,1.6078082191313527,0.1603131255418492,0.02735503053797147,3.0
0.5435648545325621,-0.9671887521859388,1.340106595594299,0.027650108048151944,0.0
0.5435648546892593,-0.9671887045365624,1.3313881030188124,0.014557073722369555,0.0
0.543564854403826,-0.9671910810490874,1.33300743078302,0.01801960889883701,0.0
0.5435648544387721,-0.9671892589642829,1.3323169646533712,0.02051532123202767,0.0
0.5598736413859027,-0.6925172012778957,-1.4761179346791495,0.04355162859352938,1.0
-1.7317881817507783,0.05405056733533301,-0.006939887953325168,-0.05126979231768628,2.0
-1.7317881813600307,0.054049772343670234,-0.006357289451639056,-0.05899755459574757,2.0
0.5598736420761661,-0.6925171931526303,-1.4752495288832344,-0.023606085863538163,1.0
0.6271579203777125,1.6078115999106148,0.16274159229927065,-0.05920577972297305,3.0
0.5598736417770533,-0.6925146679387894,-1.4858036880083065,0.01726519133856713,1.0
0.5435648542108108,-0.9671910511480014,1.3299023687688052,-0.05620024235496768,0.0
-1.7317881816475846,0.054051403658983574,-0.005112973089724801,-0.06601049963439928,2.0
0.559873641366669,-0.6925159213116635,-1.4730020918284563,-0.03889836639823991,1.0
0.5598736413019586,-0.6925166396684007,-1.479476880947351,0.013635754284408953,1.0
0.6271579199424039,1.6078110415137907,0.1696548640702715,-0.03970553584824141,3.0
0.6271579196079617,1.6078101509650693,0.1612659574323567,-0.012310580212386362,3.0
-1.7317881810242697,0.0540521037139932,-0.00538432000868711,0.03924731634312073,2.0
0.5598736414587446,-0.6925147408310744,-1.4801254155051338,-0.04886307987467483,1.0
-1.731788181273479,0.05404608835485274,0.0006033692515879294,-0.0058899890276812045,2.0
0.5598736424008575,-0.6925139555249913,-1.4793825830568477,0.009039004635257277,1.0
0.6271579194778543,1.6078109281423356,0.15917521779483532,-0.02127984828276651,3.0
-1.731788181108998,0.05404964690361543,-0.007212838745045585,-0.04691815482587982,2.0
0.6271579195850313,1.6078122358751044,0.16014387954852574,-0.015614448562834556,3.0
-1.7317881809617055,0.054048659259714825,-0.005030328023369659,-0.04338592098440753,2.0
0.5598736410329518,-0.6925150062162352,-1.4774218724265151,0.01079468728482923,1.0
-1.7317881811256735,0.05404993433644179,0.0008076205160549933,-0.005566788072308296,2.0
0.5435648543386913,-0.967190141989198,1.3339539935117064,0.06913035548445835,0.0
0.5598736411758688,-0.6925176061263282,-1.4766449407513085,0.03434851645941841,1.0
0.5435648552586643,-0.9671890034657629,1.3330240026405942,0.0004093381262247656,0.0
0.6271579203042552,1.607811971037732,0.15909231748731983,0.0015638086354613616,3.0
0.5435648551797174,-0.967192429566469,1.3302311898907182,0.008026041874106707,0.0
0.6271579199968988,1.6078129206701792,0.15450038352514825,-0.0014283607307200316,3.0
-1.7317881814857523,0.054049561584435704,-0.007533608344406436,-0.042215696442325715,2.0
0.5435648542652265,-0.9671906765947513,1.3306136795603578,0.002644143113884559,0.0
0.5435648541624328,-0.9671876515429249,1.3348174130670751,-0.017064895842191178,0.0
0.6271579194159604,1.6078123767669936,0.1655399019865513,0.028478847507207403,3.0
0.6271579199164692,1.6078102193429213,0.1579861778419195,0.04873444711745711,3.0
0.6271579195157646,1.607810967627196,0.16563185850441708,0.014499537675053761,3.0
0.559873642344364,-0.6925129033924016,-1.4859091897646697,-0.004967543844442126,1.0
0.5435648548231479,-0.9671888721520446,1.3357163067452993,-0.01535098199722304,0.0
0.5598736419429496,-0.6925159305128157,-1.4848271142072702,-0.06916721615725749,1.0
0.6271579198988758,1.6078106959476257,0.15830940977422575,0.030298645831417188,3.0
-1.7317881816563405,0.05405118935553153,-0.005594460569122451,-0.03721651212223091,2.0
0.5435648546561143,-0.9671909046058221,1.3390711543822966,-0.030146045591409952,0.0
0.559873641014746,-0.692515199264896,-1.4773607941119566,0.02255546388069529,1.0
0.5598736413638603,-0.6925127986872015,-1.474716451812411,-0.02799529553173449,1.0
-1.7317881817405727,0.05405073710638495,-0.010508226592511213,-0.025005224307996926,2.0
0.627157919828493,1.6078118665686287,0.1624569178769488,-0.04003572370138097,3.0
0.6271579199476702,1.607810452855709,0.16122857520016784,-0.03812091898585707,3.0
0.5435648553673176,-0.9671891420960756,1.3314762513100666,0.027638475893138562,0.0
0.5598736409877983,-0.6925162073167841,-1.4768426277368019,-0.024631088228382645,1.0
0.5435648547788625,-0.9671900763009399,1.338011268910579,-0.014910833065263232,0.0
-1.7317881808450122,0.05405134548654207,0.004001970262923212,-0.006226868382593481,2.0
0.5435648541001357,-0.9671904973146239,1.3331824759500386,-0.04611811729134976,0.0
0.5598736414787587,-0.6925172354238738,-1.4767579759470455,-0.001759712598324133,1.0
0.5435648546931408,-0.9671912630780221,1.331622826522288,-0.004893101055571322,0.0
-1.7317881811863551,0.054050113362327436,-0.006619515024339219,0.005263786775117753,2.0
0.543564854644916,-0.9671912352729313,1.330280060704351,0.006961075996921408,0.0
0.5598736409512025,-0.6925150193571522,-1.4820188421611824,-0.04563042151326566,1.0
0.5435648547560455,-0.9671896610041266,1.3318114734339872,0.05178613522046767,0.0
0.543564855063084,-0.9671915673283797,1.3362254945399754,-0.03800182549945387,0.0
0.6271579196543583,1.6078123527030297,0.15870375974074608,-0.019560825077172685,3.0
0.559873641112472,-0.6925158612641307,-1.4789596035497814,0.014879860800904678,1.0
0.6271579188991012,1.6078112184884998,0.16040646823076593,-0.000276727155581821,3.0
0.6271579202781773,1.607809981922728,0.16823957977591764,0.010626143070071887,3.0
0.627157919158086,1.6078103199149663,0.16314559403805337,-0.016389254068517878,3.0
0.6271579198189864,1.6078128553762705,0.1596357036582353,-0.04574144711368099,3.0
0.6271579200997988,1.6078121175928177,0.15287083255586364,-0.04043394063167048,3.0
0.5598736412065273,-0.6925129394135461,-1.480959168122603,0.003313902002914459,1.0
0.5435648544600772,-0.9671904253407144,1.3366011661728583,0.07586854793934894,0.0
0.6271579196685068,1.6078113337219297,0.16381175149595228,-0.003973017667568303,3.0
0.5435648545534156,-0.9671910515875292,1.3432918217117442,0.00471075428082608,0.0
-1.7317881813503555,0.054051566032043294,-0.003806902352869387,0.013659343183651591,2.0
0.5435648547437173,-0.9671883303497204,1.3336003188944106,-0.05170148450115422,0.0
0.6271579195482634,1.6078142376985547,0.16022761024216098,0.08133591147621522,3.0
-1.7317881813731437,0.05405015565705344,-0.0047083816097689465,-0.024856102270468906,2.0
0.5598736421954156,-0.6925138181896352,-1.4681678118578894,-0.011179243029162893,1.0
0.5598736414276021,-0.692516863416599,-1.4815193848175439,0.01269034850992292,1.0
-1.7317881816096488,0.05405282916967345,-0.001712452342317742,0.005068253769716507,2.0
-1.7317881816574683,0.05404701703839609,-0.0019776826020452784,-0.051851556994759525,2.0
0.5598736419365002,-0.692515835694659,-1.4848098370355323,0.023244563502461346,1.0
0.6271579193516348,1.6078140318502878,0.1637715069881438,0.018038680031369318,3.0
0.5435648542563527,-0.9671898288178568,1.3314085322780491,-0.013602192436229251,0.0
-1.7317881818132725,0.05404971077395357,-0.011465972181349694,-0.03333447894028882,2.0
0.5598736414638801,-0.6925170138116524,-1.4804628351164515,-0.022097535918894337,1.0
0.5435648539721738,-0.9671891817940869,1.3345376751259337,0.007487968083919741,0.0
0.5435648554578074,-0.9671905130733295,1.3239628315254526,0.04705016304818638,0.0
-1.7317881813269786,0.05404903637350598,-0.010334523963391322,-0.04423642932984659,2.0
-1.731788181523524,0.05405110667288342,0.0008984100839982179,-0.04779727123938678,2.0
0.5435648551622541,-0.9671908366022471,1.3321366930772198,0.055129463934375095,0.0
0.5435648546543602,-0.967186759564136,1.3303290155471674,-0.03173248698866249,0.0
0.5598736418982669,-0.6925184858063455,-1.4749712056182132,-0.03939532040899112,1.0
0.6271579203482242,1.6078090116104666,0.169152969991126,0.00027727029146174247,3.0
0.5598736416951117,-0.6925134171113367,-1.4733727331060356,0.009442062658544017,1.0
0.543564854112182,-0.9671886534235103,1.3331602103460443,-0.021991536098998628,0.0
0.543564854787975,-0.967189186203122,1.335724490267161,-0.031004177826757563,0.0
-1.7317881813098217,0.05405008002593797,-0.006788310519928337,-0.0030593902734016793,2.0
0.5435648542693681,-0.9671892959432471,1.3373213539071347,-0.02708553923604884,0.0
0.5435648547190187,-0.9671906898228207,1.3362781249782305,-0.002452121771842786,0.0
0.5435648549408634,-0.967188128267942,1.327066617363558,0.018106340447772325,0.0
0.6271579201167619,1.6078110118093853,0.15677819423359027,-0.029774541002691567,3.0
0.5598736414852623,-0.692513972063646,-1.479499087283139,-0.052525297534063285,1.0
-1.7317881814685545,0.05405041007722846,-0.012979129679958947,0.011491495089275805,2.0
-1.7317881811447802,0.05404860602450444,-0.007291588442409036,-0.02069269250479111,2.0
0.5598736412297551,-0.6925136519561378,-1.4842428920507202,-0.03593740143756598,1.0
0.6271579199118867,1.6078104341038322,0.16274458853806834,0.01190119289040287,3.0
0.5435648549249389,-0.967190764426704,1.328181228234224,-0.022751641307162274,0.0
-1.7317881813622866,0.05405331916385006,-0.004027517378299996,-0.015547987153164196,2.0
0.543564854849375,-0.9671892554839465,1.3308325349771428,-0.007601909227640504,0.0
0.5598736413384191,-0.6925163312261118,-1.4821466243793786,-0.019329982934064963,1.0
0.627157919915663,1.6078131417276813,0.15703755359195926,0.05001347138014775,3.0
0.5435648546020899,-0.9671872671085986,1.3324887070481735,-0.03880993000592047,0.0
0.6271579195775041,1.6078090345545017,0.158356820558436,0.031985217596814636,3.0
-1.7317881820227303,0.05405235661468681,-0.00094230704141693,0.03742382101832438,2.0
0.6271579195060787,1.6078095626633773,0.16342799003398362,0.029915142386971003,3.0
0.5435648543715074,-0.9671901825996145,1.3267028588410574,-0.04693899609642473,0.0
0.6271579204535959,1.6078110691625849,0.1663594205012573,-0.02157825072719742,3.0
0.559873641468354,-0.6925166796420672,-1.4745099937888968,-0.039685651851807356,1.0
0.6271579196934781,1.6078142996090288,0.1555897730733347,0.02873188074778563,3.0
0.5598736419140936,-0.6925178374845959,-1.4752405622206346,0.00019871043718489506,1.0
-1.7317881808789117,0.054051788804958416,-0.011226782973873107,0.01063879700873911,2.0
-1.7317881815666758,0.05405097970306378,-0.0028308831584261834,0.022522754009692125,2.0
0.5435648547806073,-0.9671892673840436,1.3335331944747086,-0.02377163630306832,0.0
-1.7317881814339122,0.054051670391128875,-0.007754137923106241,0.034661150601623676,2.0
0.5598736418205065,-0.6925134921202972,-1.4718052648349105,-0.03849716451293767,1.0
0.5435648550745719,-0.9671886636473335,1.3292052773944785,-0.03164547898797305,0.0
0.5435648546116968,-0.9671894226268757,1.3311016031039902,0.026418658380296157,0.0
0.5435648541549889,-0.9671913372883966,1.3405758037057924,0.06561234914578161,0.0
0.627157920221974,1.6078128158515326,0.15807819557429367,0.037744238158459856,3.0
-1.7317881815330465,0.05405138692621186,0.0003423025212523253,0.019847932758560363,2.0
0.5435648548587113,-0.9671924047886534,1.3256995447167854,0.0014682332516488005,0.0
-1.7317881817489462,0.05404751836346832,-0.005339171821621323,0.03704595253783691,2.0
0.5598736420894176,-0.6925192875242441,-1.4759698315824337,-0.018057658773691095,1.0
0.5435648550718697,-0.9671901421229187,1.3319819625093368,0.021184348185658636,0.0
-1.7317881812349178,0.054051886001024445,-0.00349183790293477,-0.019534672118846783,2.0
-1.7317881811341889,0.05405113888824556,0.00016922121532889474,-0.0652277521286401,2.0
0.6271579203448544,1.607812329922518,0.16193695486289122,-0.012221299776584996,3.0
-1.7317881807950541,0.054048881351465315,0.0015572417742576292,-0.011772741619268765,2.0
0.5598736412860323,-0.6925157966786766,-1.4777528859737714,-0.05462439079532046,1.0
-1.7317881815002047,0.05405401223979689,-0.004437713311695094,-0.003659869058232473,2.0
-1.73178818188895,0.05405322685581518,-0.003017010568064515,-0.0221436977177528,2.0
0.5598736409433207,-0.6925185541271999,-1.47381653097419,0.015681762891257757,1.0
0.6271579195297685,1.607812283029987,0.155702955759116,-0.028964025798092964,3.0
0.5435648539417438,-0.9671880966616351,1.3333345778006338,0.055074684883216374,0.0
-1.7317881816137655,0.05405186738890614,-0.010495010986424207,-0.031686554304990185,2.0
0.627157919420977,1.6078155798504032,0.16030311130892622,0.020977754271306968,3.0
0.6271579205749049,1.607813784618808,0.15824429368464182,0.03565072154125591,3.0
0.6271579197762861,1.607812297598504,0.1637403086665875,-0.04833439892230569,3.0
0.5598736406850248,-0.6925141372515471,-1.4759080473671298,-0.05311830227766612,1.0
0.5435648553822431,-0.9671924982163556,1.3300847860911063,0.01781030738333845,0.0
0.6271579192512126,1.6078132317505354,0.16005511184862278,-0.06142169048094354,3.0
0.5435648546602478,-0.9671877117421277,1.335188456702318,0.0015146520723652087,0.0
-1.731788180862347,0.05405329045236965,-0.0011362813408674517,-0.0028929926645601153,2.0
0.6271579203351209,1.60781090597355,0.15428607495015487,0.032719620194588094,3.0
-1.7317881811289608,0.054052313444492156,-0.006678226690836049,-0.02773278736604823,2.0
0.6271579197631649,1.6078111651119114,0.16188203632074544,0.0527487960688705,3.0
-1.731788180953812,0.054051975235819796,-0.0013993173668917817,-0.03595835798455496,2.0
0.5435648545305908,-0.9671907844827562,1.3338599639980797,-0.017328042033044222,0.0
0.6271579198247228,1.607813391533007,0.1580804633148443,-0.053711926856014384,3.0
-1.7317881811397327,0.05405173337250337,-0.004187020728518854,0.015199378040728528,2.0
0.5598736418251429,-0.6925138478991146,-1.4786646588498835,-0.05931887353592925,1.0
0.5598736421086511,-0.692514011424111,-1.4759897812953595,-0.03444989108078716,1.0
0.6271579197103092,1.60781142768408,0.15825978351369174,0.02340683776634777,3.0
0.6271579201745366,1.607812052584908,0.1619442656549817,-0.04199681957145343,3.0
0.5598736412961965,-0.6925175930830585,-1.4778819836809296,0.002957317258655102,1.0
0.5598736410881895,-0.6925149065377472,-1.477660647811545,0.012069047329927859,1.0
0.5598736416823922,-0.6925163208269637,-1.4813473666556984,0.06713225832162795,1.0
0.6271579201987199,1.6078083324517212,0.16275006346002824,-0.038969760269885544,3.0
0.5435648548163674,-0.9671917133130202,1.3291899354085384,-0.012280288990146004,0.0
0.5435648547300718,-0.967187926323189,1.3308771184020545,0.004325651984460057,0.0
0.5435648552825816,-0.9671876718885514,1.3331186058399935,0.03862258210875272,0.0
0.5435648542691561,-0.9671908369354041,1.3287952813751098,-0.05181540061396787,0.0
0.5598736416365437,-0.6925150942929204,-1.4789227123821165,-0.09347194073362831,1.0
0.6271579200462836,1.6078102854795362,0.1584661792097449,0.06448605117835196,3.0
-1.731788181529689,0.05404867001156624,0.00019215731785105004,0.0408165402121632,2.0
0.5598736420465907,-0.6925161307820766,-1.4846134751176834,-0.013684277911276839,1.0
0.6271579192450751,1.6078121005606596,0.15455167633953296,-0.049690034083625934,3.0
0.6271579195466577,1.607812164397905,0.161919162681078,0.016420415182460006,3.0
0.5598736415473093,-0.6925165268795942,-1.473952187481992,0.011746890575653608,1.0
-1.731788181999363,0.05404885917817623,-0.003724397469121802,-0.02321532619375477,2.0
0.6271579198263522,1.607812231182822,0.1610426828846445,-0.03898839196631511,3.0
0.5435648544476832,-0.9671905741054031,1.3376351112962017,0.06452700864431439,0.0
-1.7317881814094775,0.054049743594007986,-0.002802026397305567,-0.043268353777571586,2.0
0.6271579193107201,1.6078117755878896,0.1565457351874052,-0.04807099403427137,3.0
-1.7317881808773836,0.054053072886112934,0.005072954652313696,0.031797423456831946,2.0
0.6271579199114529,1.6078127465617182,0.16718829480433023,0.012253402290450828,3.0
0.5598736420127154,-0.6925158004431454,-1.4834913653623667,-0.03453742703823155,1.0
0.5598736404991893,-0.6925143520094288,-1.47507408966325,-0.06245886112054704,1.0
0.5598736415213543,-0.692514394213497,-1.4755461059784984,-0.03814897322944545,1.0
0.6271579199572442,1.60781270843677,0.16882195258535296,-0.044075283128565304,3.0
0.5435648542420186,-0.9671881038784347,1.3296040311720503,0.026849662449642986,0.0
0.5435648549095338,-0.9671933297362257,1.3372338462646214,-0.05648775403306221,0.0
0.5598736412383375,-0.6925172925473742,-1.4734878720326716,0.005070676133343937,1.0
0.5598736417757092,-0.6925146299568284,-1.4720815274127612,-0.03893071931110258,1.0
0.5598736411570563,-0.6925143576606854,-1.477232600868564,-0.05166833956596324,1.0
0.5598736410220866,-0.6925145489261824,-1.4748375637436735,-0.020119355280169872,1.0
0.6271579199007616,1.6078115530279837,0.15720201055321883,-0.05317597278198209,3.0
0.5598736415624772,-0.6925146994587769,-1.479268649621433,-0.10526242876610119,1.0
-1.7317881816319745,0.05405265251295595,0.001977017449160795,0.02281802812310709,2.0
0.6271579198286269,1.6078109952951614,0.1550532249075477,0.04631255764387962,3.0
-1.7317881816844551,0.05404858392002043,-0.005420606940243907,0.029763337064382375,2.0
0.559873641138077,-0.692515566167329,-1.4824964430523084,0.0599849448716699,1.0
-1.7317881817055198,0.05404948541616893,0.004255223572490217,-0.005710556986514508,2.0
0.5435648546081276,-0.9671912269093526,1.333155043207966,0.00018065703669611119,0.0
0.5598736420982796,-0.6925154201663117,-1.4813964376829776,-0.00210615803466468,1.0
0.5598736411370094,-0.6925160890726934,-1.4740860999995509,-0.06675297738997754,1.0
-1.7317881815093232,0.05404989318903503,-0.001016138475273144,-0.015977882878255495,2.0
-1.7317881812744562,0.05404948805011766,-0.003311873986587597,0.00660635332063007,2.0
0.5435648547948143,-0.9671901089117407,1.3282989214220415,-0.022730432082721186,0.0
-1.7317881818549832,0.0540503934554502,-0.0007392470432546265,-0.032713678996941324,2.0
0.5598736416796524,-0.6925155041190416,-1.4768727190570075,-0.0944763733862616,1.0
-1.7317881819956562,0.05405072331149098,-0.010570906583249313,0.028451416533010525,2.0
0.5598736413419049,-0.6925128611664522,-1.4782632278127381,-0.06506167639466368,1.0
0.5435648546401244,-0.9671886422698668,1.332878418688948,-0.005545099749383814,0.0
0.5598736411754783,-0.6925165791522124,-1.4778041249998404,-0.07358690681072502,1.0
-1.7317881810011204,0.05405142527246295,-0.009462829693257235,-0.0015487399830864013,2.0
-1.731788180719564,0.05404863349673366,-0.004077754742004062,0.010821349410137552,2.0
0.5598736412553659,-0.6925184155901,-1.4842120496375144,0.01624014494774283,1.0
0.6271579198960582,1.6078121452796792,0.16563198206285623,-0.03185212206041936,3.0
0.6271579197039955,1.6078111432696303,0.1620489278140582,0.01875765753894601,3.0
-1.731788181124006,0.05404765134941268,-0.007069745750095155,0.012011773708968256,2.0
0.5598736413229942,-0.6925163277266975,-1.4768887642792594,0.00863656109444368,1.0
0.5435648543515462,-0.9671895528194057,1.3323387971712048,0.045913298921846264,0.0
0.6271579202796822,1.607811274649366,0.15931848610551344,0.0768055006696844,3.0
0.5435648548707813,-0.9671882155142949,1.3347258188459683,0.0885958606895796,0.0
0.5598736410055671,-0.6925153714946692,-1.4813553802067527,0.010284700230865904,1.0
0.5598736417873995,-0.692513491072194,-1.474761168760007,-0.03419416573771864,1.0
-1.73178818160575,0.05404980718793957,-0.0014408364256339788,-0.046843051669039765,2.0
0.5598736408462684,-0.6925162520047193,-1.4746192873324757,-0.009044220697931179,1.0
0.6271579198901887,1.6078109786713244,0.16167368510141217,0.03876965148342129,3.0
-1.731788181403052,0.05404824332490703,-0.007239498494701864,-0.019595488490484755,2.0
0.6271579195372756,1.6078141009316602,0.16031124684788225,0.002311162047310884,3.0
0.6271579197810864,1.6078123865346479,0.1627251208948124,-0.0820919507948153,3.0
0.6271579197192769,1.6078105901236075,0.16204768928722216,0.026421291088158473,3.0
0.5435648544350591,-0.9671897255660977,1.3362327864240067,-0.010172340290971102,0.0
0.5598736416022495,-0.6925162749061625,-1.4821978459490732,-0.013988239172055144,1.0
0.5598736426204769,-0.6925140664553902,-1.4778710425312978,0.024552003247148742,1.0
-1.731788181584677,0.05405194042185462,-0.007124914130047167,-0.06658815284655767,2.0
-1.7317881812202376,0.05404961762682957,-0.007221537945734469,-0.010093471733583223,2.0
0.6271579196298546,1.6078143014722994,0.16437305301737476,0.00515625177835705,3.0
0.5598736408579944,-0.6925130664595845,-1.4707226074526896,-0.025855884494227585,1.0
0.543564854765453,-0.9671914594654679,1.3378351584764132,0.03297798494720213,0.0
-1.731788181899299,0.054051044827445265,-0.01034636317392205,-0.008869076904959871,2.0
0.627157920341011,1.6078126001366657,0.16623923622552933,-0.04837128240485241,3.0
-1.731788181496121,0.054050498389966034,-0.011189464541406033,-0.017998170032880654,2.0
-1.7317881814181963,0.05405274020239392,-0.009073188911134041,-0.02235942453422282,2.0
0.6271579201045103,1.60781107212738,0.16296653286423543,0.03295609734076396,3.0
-1.731788181597018,0.05404949366613215,-0.0017910980021441794,0.0301137076026686,2.0
-1.7317881820430339,0.054050176345379196,-0.0042994664409872945,0.0826381873333392,2.0
-1.7317881818806513,0.05405257222379914,0.0011012001959486374,-0.003621362282078187,2.0
0.543564854885835,-0.9671922649794097,1.3330701740298987,0.054525879272529214,0.0
-1.7317881818256509,0.05405181046330798,-0.0019580132765610633,-0.006787934928437343,2.0
0.5598736413716972,-0.6925190313185366,-1.4737474781219693,0.04919179762427915,1.0
0.559873641581954,-0.6925156521473426,-1.4774004107820207,0.0976762723517708,1.0
-1.7317881814355025,0.05405011884028493,0.0010614333309134612,-0.015355821798273238,2.0
0.6271579198581912,1.607809269081717,0.158676718195464,-0.013096996711274858,3.0
0.5435648549337215,-0.9671881376843925,1.335495242822329,0.031194101197342755,0.0
0.543564855144657,-0.9671906872096062,1.3292481011639843,0.055399667101371126,0.0
-1.7317881813396168,0.05405026507583329,-0.0016555844430646647,-0.05112688027268657,2.0
0.5598736414114528,-0.6925163726431051,-1.482597063009248,0.028738054067514937,1.0
0.6271579205392522,1.607810743412082,0.16075662229235857,0.014956322512283748,3.0
0.5598736416057436,-0.6925161082423371,-1.4803942448091372,0.014547930001489037,1.0
0.5598736418292649,-0.6925147451853025,-1.4793742799602962,-0.039990285749527836,1.0
-1.7317881814415776,0.05405113246703639,-0.0005226125673245483,0.05995298002081284,2.0
0.5435648544165225,-0.9671904011927772,1.328768736153725,0.09769332758990082,0.0
0.6271579209339869,1.6078105222084353,0.15812423664852196,0.024160984720601714,3.0
0.5435648552112511,-0.9671903977061501,1.33343210814166,0.007764672384489114,0.0
0.6271579200340097,1.6078109708982318,0.1617011526947153,-0.032166539821408116,3.0
0.5435648546898323,-0.9671903518675614,1.3361253736453536,0.04229073295812169,0.0
0.5598736416718039,-0.692514944590025,-1.4803974440840777,0.0079353396022011,1.0
0.6271579209207893,1.607812278477305,0.16149279571136724,-0.05134302849614753,3.0
0.5435648552123967,-0.9671897667871296,1.3322103537949808,0.04104714589406864,0.0
0.5598736417210393,-0.6925174806595776,-1.475617032459422,-0.0337603543450521,1.0
0.5435648549580657,-0.9671882853612588,1.3357713505846207,0.04556120333978256,0.0
0.5598736419179614,-0.6925171061626917,-1.4730483913946941,-0.027685514045383323,1.0
0.6271579201630862,1.6078122004258772,0.1620605664531632,0.001916119185665269,3.0
0.6271579200114407,1.6078109167365295,0.16369104004181165,-0.014524148970333339,3.0
0.5598736413380587,-0.6925187630021546,-1.4845247399526833,0.04016279326698974,1.0
-1.7317881813621845,0.054049970374772334,-0.0006107966329992526,-0.002131192607759514,2.0
0.6271579188194866,1.6078120604690722,0.1647008159570602,0.02022779577278495,3.0
0.5598736412851413,-0.6925146272076305,-1.4753792936795156,-0.041578738291536764,1.0
0.5598736410504562,-0.6925189193649424,-1.4810920658396631,0.02087251141453157,1.0
0.5598736407537139,-0.6925186630425919,-1.47668872483641,-0.039941738572154085,1.0
0.6271579195709513,1.6078132736376145,0.14876281753420117,-0.012934648406067804,3.0
0.5435648547305829,-0.9671910348251672,1.3329013788533255,0.015594750905658619,0.0
-1.7317881813544196,0.0540494220406622,-0.008989393680672439,-0.04082962431396187,2.0
0.6271579199703322,1.6078128519207378,0.1605451780120857,0.0047854137350257075,3.0
0.6271579207718645,1.6078131021063453,0.16029742818807616,0.04471705715592635,3.0
-1.7317881813791114,0.05405010500106556,-0.0005705409916097245,-0.02737306907854367,2.0
-1.7317881807285471,0.0540512596013067,-0.0016478795534212128,0.03936282931063005,2.0
0.5435648549886473,-0.9671895310323828,1.3369800950370876,-0.003194334540456766,0.0
-1.731788181569212,0.05404758810311171,-0.007752253768096884,-0.01871850135015819,2.0
0.6271579205597572,1.6078131273472525,0.16299755610630026,0.00349995206820873,3.0
0.5598736415472358,-0.692514009761225,-1.4745391301152801,-0.028796505163349327,1.0
0.5598736414155554,-0.6925174909255184,-1.476685959657601,-0.0019795242729588806,1.0
0.5598736411957451,-0.6925170701664445,-1.482166270394007,-0.016314669510541783,1.0
0.5598736409391544,-0.6925149511707668,-1.478322573630222,-0.016429809584623912,1.0
0.5435648544538187,-0.9671909439949972,1.3313635960494679,-0.04375290612374093,0.0
0.6271579196080176,1.6078134879687394,0.16260595455699628,0.02272207584399983,3.0
0.5598736409577703,-0.6925166494185973,-1.4808380849717453,-0.003704246336947289,1.0
0.6271579194934103,1.6078096665610673,0.15854917502988145,-0.058816587644029736,3.0
0.5435648542966864,-0.967188604870046,1.3247851222122988,0.016636620490418252,0.0
0.5598736420930231,-0.692513758161136,-1.472824974981463,-0.029181394221740608,1.0
-1.7317881818223757,0.05404977546054652,-0.003355911663922541,-0.004627782477313052,2.0
0.55987364150867,-0.6925156791064564,-1.4751841119409252,0.011196963107943152,1.0
0.627157919912227,1.6078120023029556,0.15845929249665683,-0.019228594750291966,3.0
-1.7317881813505447,0.054049671451450614,0.0018407917907870483,-0.009301952592742007,2.0
0.5435648548295782,-0.9671879036426674,1.341139351578975,-0.018723386969960752,0.0
0.627157920056155,1.6078118040282308,0.15993461630878728,-4.773434619127827e-05,3.0
0.5435648546622934,-0.9671877284114058,1.3304919279899459,0.017575013872871015,0.0
-1.7317881812744982,0.05404876760528055,0.0019806863938737576,0.0375584225081929,2.0
-1.7317881809185784,0.05405002631253244,-0.008382190776272733,-0.026552838710695213,2.0
-1.7317881812243434,0.05404987670418489,0.0017159108891486997,-0.023679611023598036,2.0
-1.7317881821027563,0.054049884550209176,-0.0066272865136963255,0.012230374216371544,2.0
-1.7317881816573417,0.05405056421780831,-0.007834626944129976,-0.045179482386323154,2.0
0.6271579201019848,1.6078112749162479,0.1593080650482732,-0.0366267547532245,3.0
0.543564855021484,-0.9671879971125815,1.3373597204428909,-0.02566478053679527,0.0
0.6271579195432336,1.6078093668080986,0.16556091837724204,0.04271577264162358,3.0
0.5435648548775386,-0.9671882266793388,1.3377966569551822,-0.04977265153893897,0.0
0.6271579201774685,1.60781272906903,0.16245645147926085,-0.012738844456893925,3.0
0.5598736418346938,-0.692518286091818,-1.4815007290775069,-0.012718041539163684,1.0
0.627157919983707,1.60781287550362,0.16094912232267636,0.016818851296514243,3.0
0.5435648550546828,-0.9671922880762245,1.3396115265758484,0.03010106064502451,0.0
0.5598736414255993,-0.6925154065065431,-1.4797799984634457,-0.0865268308275661,1.0
0.6271579200438381,1.607808958362667,0.1598911247216778,-0.012810648663621731,3.0
0.6271579200958625,1.6078089161704803,0.15601441314618825,-0.006253733962642571,3.0
-1.7317881813137976,0.05405074188888471,-0.0075984546415274745,-0.03858214020505955,2.0
0.5598736410798838,-0.6925172252118369,-1.4839543828636699,-0.03037208351740221,1.0
-1.7317881811829037,0.05404657538595729,-0.006933564108746213,0.022778220562571387,2.0
-1.731788180938908,0.05404951864954231,-0.004278218779217692,-0.050098315305315506,2.0
-1.73178818221436,0.05405109126705447,0.0006879700666601907,0.035193078611919414,2.0
0.5598736412161833,-0.6925146961172044,-1.4748783304333213,-0.020679354846537726,1.0
0.5435648551064544,-0.9671910437522848,1.3364307349052122,-0.007794700960305245,0.0
0.5435648548985902,-0.9671901519028622,1.3329158065273161,-0.037722778429371946,0.0
0.5598736413667278,-0.6925160510528717,-1.4824267443108583,-0.02498199462159507,1.0
0.6271579202192397,1.6078119396262252,0.16441662634344853,-0.034497770221014884,3.0
0.6271579198521713,1.6078072318929475,0.16243023494074707,0.06226147757041236,3.0
0.5435648545172992,-0.9671900331875042,1.3334322801137701,0.0821464104886553,0.0
-1.7317881811672657,0.054050333301041704,-0.0056764108445130235,-0.029222069375125195,2.0
0.5435648547247012,-0.9671903511422163,1.3358926477578672,0.037628796056698666,0.0
0.5598736416306195,-0.6925123842663248,-1.4735883838771136,-0.024501186724708576,1.0
-1.7317881815709144,0.054051808333723056,-0.0044771781645957685,-0.05050258191551835,2.0
-1.7317881815501268,0.054050664491051746,-0.0038110255311165865,0.033205296431790945,2.0
0.627157919275652,1.6078122304546352,0.16203721874117782,-0.08104463625898214,3.0
0.54356485445501,-0.9671885291012665,1.331252723359106,0.02515449223161365,0.0
0.5435648552373107,-0.9671893612001699,1.332621494771444,-0.019513023954411544,0.0
-1.7317881813176779,0.05404808071805729,0.0005837596356541301,0.01699542167923671,2.0
-1.7317881805551225,0.05404953615957187,-0.009166189775327042,-0.014378046220245813,2.0
0.5598736412825959,-0.6925170756722375,-1.477178229543308,0.03711572671114686,1.0
0.627157919402395,1.6078121403591437,0.1662287565676892,0.030199185106296943,3.0
0.5435648552468186,-0.9671896227655064,1.335712144741574,0.014944916386920883,0.0
0.559873641642309,-0.6925170110903398,-1.4857509637953838,-0.002266510423384469,1.0
0.5435648547304784,-0.9671916796080137,1.338673325074073,0.07421958901718473,0.0
0.6271579205840871,1.607810423819875,0.16419003984291697,-0.0015457192822840703,3.0
0.5435648548851698,-0.9671897255471446,1.3292366579127919,0.05878498746145506,0.0
0.627157919905468,1.6078092136542443,0.1577580757035423,0.029559621330386487,3.0
0.5435648551769744,-0.9671896905940924,1.3342321837462987,0.014334604960396215,0.0
-1.731788181282886,0.05405032211577361,-0.0010189651917668471,-0.009887128020795711,2.0
-1.7317881809820552,0.05405079918501952,-0.006190183858890858,0.06965704124880844,2.0
0.5435648541832243,-0.9671912535384777,1.3351611790945097,-0.020238267043095635,0.0
0.6271579197465521,1.6078101844012371,0.16140381008409144,-0.04503332639110805,3.0
0.5435648547518838,-0.9671893847433946,1.3281523547490728,0.024085706706872306,0.0
0.559873641611932,-0.6925155895767395,-1.4819298590471361,0.007354282881569671,1.0
0.5435648545368033,-0.9671884871337619,1.3265289937363285,-0.0016890893112777347,0.0
0.6271579200925889,1.6078106952394922,0.1638584896216956,0.018448053255916256,3.0
0.627157919810182,1.607813033301127,0.1629702000180741,0.030975200173740357,3.0
0.5598736416422598,-0.6925148509205525,-1.4781834824736815,-0.04130188118450508,1.0
-1.7317881818365963,0.054048959677250645,-0.004047382540012516,-0.0070315838775012775,2.0
-1.7317881810547346,0.054052297174709746,-0.0052358128219448215,0.10886252048914598,2.0
0.5598736410999821,-0.6925177692114572,-1.4819775368639259,-0.03338126398754074,1.0
0.6271579192392988,1.6078122054303852,0.161087370093115,0.060014850335968865,3.0
0.6271579202345359,1.607814117506184,0.15133615962275754,-0.01982073510617201,3.0
0.5435648544223809,-0.9671902429166797,1.3328317603784905,0.06980051907937025,0.0
0.5435648550010003,-0.9671900685504725,1.3278011306934276,-0.027451666204252923,0.0
0.5435648553832684,-0.9671875641069264,1.3310977954858811,0.005773351740342334,0.0
0.55987364151446,-0.6925161419823053,-1.48134474164956,-0.022103084573163602,1.0
-1.7317881811266629,0.054052437744880305,-0.0005673432587745929,0.03487040220407768,2.0
0.5435648551361281,-0.9671893653251135,1.3256884550109655,0.0752138039917865,0.0
-1.7317881812634075,0.05404516871245735,-0.005266351950943258,0.0007088521852656863,2.0
0.5435648552612422,-0.9671925888898012,1.3368408102776304,0.013462424927901716,0.0
0.5435648550670313,-0.967190043076959,1.3348694374957477,-0.02160558595179205,0.0
0.6271579200750032,1.607811348695406,0.15618254636391057,0.03615941338452762,3.0
0.5598736415072428,-0.6925133275327644,-1.4740751704475654,-0.0468749320345075,1.0
0.5435648546553411,-0.9671904589150968,1.33847425353689,0.03677636395089771,0.0
0.5598736410113099,-0.6925185656541469,-1.4814002386757967,-0.0029459307861231234,1.0
0.5598736413456337,-0.6925145182179803,-1.4741503846732122,0.01612198074227388,1.0
-1.7317881814861626,0.05405124045639968,0.0058528431647055686,0.013503747589604286,2.0
0.5598736412451936,-0.6925175970837504,-1.4838742906776279,0.006228934425850639,1.0
0.559873641574716,-0.6925129095851431,-1.476822261766365,-0.07250870605322514,1.0
0.6271579195859488,1.607810124603562,0.15636861198489083,-0.005212273391053384,3.0
0.62715791985766,1.6078123847679326,0.16400847324262358,0.01951164880447203,3.0
0.6271579196920626,1.6078110334759204,0.16315582110372528,0.035484353258357255,3.0
-1.7317881812962679,0.054049150789494745,-0.0034085978913404496,0.06627148432428392,2.0
0.6271579195802729,1.6078114616187886,0.15677923294238513,0.009712065219239563,3.0
-1.7317881814525524,0.05405137385385614,0.002144572191354976,0.02849540584683606,2.0
0.5598736412012618,-0.6925120735029903,-1.4761447091127171,-0.008453058343134473,1.0
0.5598736419072984,-0.6925168447788453,-1.4747380282428937,0.019728923379835943,1.0
0.5598736414698101,-0.6925165911083533,-1.4806936194854523,-0.050696222996456784,1.0
0.5598736415413482,-0.6925171365486825,-1.4711028990108415,-0.040008498933092565,1.0
-1.7317881816596974,0.05404962886534275,-0.012526488924641215,0.04760729434537603,2.0
-1.7317881806184128,0.05405073707285507,-0.00037657443034234625,0.014938216579364632,2.0
0.5598736419204468,-0.6925134393634607,-1.4775030034568486,-0.01634513270970305,1.0
-1.7317881815397393,0.054051163430171474,-0.005345405766664676,-0.015489893065957973,2.0
0.5598736413388948,-0.6925132605847901,-1.4830614338327681,-0.02679699426904816,1.0
-1.731788181752184,0.054049289247841,-0.009083122686647193,-0.061385011220734954,2.0
0.5598736419280386,-0.6925152574105986,-1.4786018288142033,-0.0002000283285581095,1.0
0.6271579194765853,1.6078095898427427,0.16065036667262517,0.059769323282781096,3.0
0.5598736419653902,-0.6925119309592727,-1.4774645504812225,0.0793694841772144,1.0
0.5435648546997309,-0.9671892940135335,1.3316646340705174,0.009628977959410725,0.0
-1.7317881817463567,0.054053296608993384,-0.0057709173920550945,-0.005125980737038904,2.0
-1.731788180901881,0.054049631017594524,-0.011313730457303346,0.038006168249029054,2.0
-1.7317881813977587,0.05404928080075112,0.003212440366067971,0.00034829155500517987,2.0
0.6271579196574631,1.6078124428618839,0.16616495898093167,-0.0011204938234128515,3.0
0.5435648545336976,-0.9671861011302532,1.3303800819011598,0.08493035385682955,0.0
0.6271579193865018,1.6078109867030868,0.15985150203914383,-0.06348098641104986,3.0
-1.7317881819468053,0.05404604822007799,-0.006199545793624827,-0.0005263433283700297,2.0
-1.7317881816028193,0.054048367193072856,-0.0007581959189575482,-0.023480322480864974,2.0
0.5435648542745487,-0.9671911413448991,1.328209011849493,0.0435836452680769,0.0
0.6271579202789482,1.6078102958082305,0.1637076169580244,-0.04511178378351527,3.0
0.6271579196944165,1.607810534121463,0.1580391768053487,0.02528245907352039,3.0
0.6271579200025521,1.60781163771214,0.16383818695194297,-0.01827351819729794,3.0
-1.7317881810288664,0.05404926238866994,-0.0015361392554773079,-0.0014371127956235737,2.0
0.5435648542364966,-0.9671883646800047,1.3325377390825124,0.01703972487000424,0.0
0.5598736416889785,-0.6925167096925697,-1.4755727217596708,-0.10166537837088309,1.0
0.5435648548012788,-0.967187381966257,1.338275836829563,-0.07879679676190356,0.0
-1.7317881814504743,0.05405015399242396,-0.0029754694118047484,-0.056319741747930405,2.0
-1.731788182023526,0.05404782456489061,-0.005154994787265276,0.0021672203525947157,2.0
-1.7317881815351548,0.0540534886053843,-0.011044559409515122,0.034960303819150905,2.0
0.5435648543681515,-0.9671885531775913,1.3342206415794098,0.02967175164939,0.0
0.6271579200392935,1.607808199115262,0.16038971044181985,0.03860939471999915,3.0
0.559873641388369,-0.6925165737952135,-1.481743723709139,0.0312209526207083,1.0
0.5598736414979333,-0.6925166200283739,-1.4818047057059889,0.024798667337245353,1.0
0.5598736415170157,-0.6925134471800156,-1.4808717010416925,0.03416877289566564,1.0
-1.73178818210709,0.05405115160904432,0.0001595827968684057,-0.0107544490475169,2.0
0.5435648542719443,-0.9671890650175221,1.3367798578530257,-0.00040493005585076787,0.0
0.5598736406585685,-0.6925159373934159,-1.4850158848710748,-0.022513081758910623,1.0
0.5435648541643845,-0.9671910397716412,1.3332240484701074,0.00818986251364846,0.0
0.5435648544587488,-0.9671907212788938,1.3314527413862243,-0.005320283720700042,0.0
0.6271579197914962,1.6078087197451543,0.15977924907032726,-0.023890393775727374,3.0
0.6271579207142116,1.607810805278163,0.1598449820915493,-0.04112222147281407,3.0
-1.7317881818172143,0.054049471599688745,-0.00899474971129606,-0.012560384486785724,2.0
-1.7317881808484465,0.054051141077700676,-0.0061003093891670995,-0.010079433787961282,2.0
0.6271579203076285,1.6078106361433884,0.16928734707841298,0.04611522341451767,3.0
0.5435648549713457,-0.9671889558685101,1.3330800360070363,0.001697033711831164,0.0
0.5598736416960036,-0.6925150096012134,-1.4798897140244809,-0.05231035723884967,1.0
0.6271579191942793,1.6078114783539326,0.15819324157387446,0.043567127378316195,3.0
-1.7317881816539042,0.05405189945714019,-0.0034770006181133583,-0.08652269915475579,2.0
-1.7317881808059794,0.05405156546935722,-0.005624703220401814,-0.004580069756651516,2.0
0.54356485551185,-0.9671893598814454,1.3320082979409968,-0.010389153849575759,0.0
-1.7317881818374952,0.05405207164457703,-0.010233961183566889,0.026254677734053614,2.0
0.5598736426813583,-0.692516393848277,-1.480207164032045,-0.01189732979933742,1.0
0.5435648542795888,-0.9671888839160532,1.331423658008276,-0.009824239338855978,0.0
0.5435648543009827,-0.9671900862394079,1.3333768886753081,-0.040761526764221005,0.0
-1.7317881814887104,0.05404777941870501,-0.00421334767984845,0.005156912519171999,2.0
0.5435648548394921,-0.967189087218881,1.336182994278964,0.015545710336504067,0.0
-1.7317881812233311,0.054048931180776416,0.0008164210289949304,0.04392743203131662,2.0
0.6271579197578873,1.6078126653860538,0.15966279340247652,-0.008302409326486687,3.0
0.559873641055241,-0.6925161794280035,-1.4814073669244676,0.0015404716165262056,1.0
-1.7317881813405402,0.05405146421623362,-0.008564356824842965,0.022636958880695304,2.0
-1.731788181311829,0.05405000760201281,-0.00556564964449202,-0.013470751613218859,2.0
-1.731788181672546,0.05404837377627223,-0.005711821964292049,-0.06549122283458954,2.0
-1.7317881810580236,0.05405032304860335,-0.010947883470295346,-0.0060017783846740705,2.0
0.5435648549471211,-0.9671880081564134,1.3310525904315853,0.011420949460506017,0.0
-1.7317881812342784,0.05405175755251631,-0.0009320243626242088,0.012633281455798454,2.0
-1.731788180881764,0.054050316061339365,-0.00758434695015556,0.029377337118780236,2.0
0.6271579197569003,1.6078131918107124,0.1540879805876286,-0.05148670815555563,3.0
0.5435648551902689,-0.9671917646412402,1.3318930136129465,-0.006399488748310033,0.0
-1.7317881814830396,0.054051623983370545,-0.0029120102982002727,-0.016849120352633386,2.0
0.5435648547605565,-0.9671895256859979,1.32908735470655,-0.02818013918910333,0.0
0.5598736413445168,-0.6925171149961263,-1.472219125880705,-0.05278948180863212,1.0
0.5598736418966083,-0.6925141753051159,-1.4796739622535016,-0.040598996917456324,1.0
0.6271579196110112,1.6078117384670412,0.15720826749138808,0.013820654122128134,3.0
-1.7317881810153042,0.05405078257127609,-0.0005704479486169784,0.06401257373486062,2.0
0.6271579198700595,1.6078113743741669,0.15988537034156894,0.020558664155817825,3.0
0.5598736424777636,-0.692517399003298,-1.4684936253316727,-0.05008760782137142,1.0
0.5435648545955634,-0.9671919116853078,1.3351825123958705,-0.06834503467611795,0.0
-1.731788181129023,0.05405011042600044,0.0022700139255686456,-0.003983363185929738,2.0
0.5598736410635565,-0.6925160467716203,-1.4800118796493689,-0.03072553056410032,1.0
0.5435648546550498,-0.9671883602740015,1.3345174850578203,0.018105898232917746,0.0
0.5435648545169798,-0.9671898952128254,1.3344172081977141,0.011804816971367245,0.0
-1.731788181640943,0.05404804311461911,-0.007894173476403622,0.027806616726968682,2.0
-1.7317881815592828,0.05405137270794582,-0.001781652325670297,0.0460354743628067,2.0
0.5598736410403973,-0.6925168003546772,-1.481666332694321,0.030065967354868117,1.0
0.5435648555333875,-0.9671899329476094,1.3296527980199386,0.027038666018222347,0.0
-1.7317881818301484,0.05404749835938686,-0.004893696590977678,-0.010974584305208661,2.0
-1.7317881817857557,0.05404750333075659,-0.008504209880098179,0.04255654058854506,2.0
-1.7317881812657878,0.05404925572069314,0.004251459632846924,-0.019252886900727285,2.0
0.5435648545953183,-0.967189778040459,1.3387093726350103,0.04186210772753069,0.0
0.6271579202606049,1.6078138902954073,0.1607755923359249,0.020280634893984743,3.0
0.5598736413955285,-0.6925138632086862,-1.4698066477560277,0.007712986229151752,1.0
0.6271579200912353,1.6078116603354518,0.1649420825397386,-0.004730868855550422,3.0
0.5598736417209873,-0.692518691149496,-1.48224000094579,-0.09956672956546027,1.0
-1.7317881813888236,0.0540488919532022,-0.0071019656503291725,-0.1009373406192196,2.0
0.5598736417220758,-0.6925162487492083,-1.481472000592939,0.049847082965344736,1.0
-1.7317881816798901,0.05404674915845435,-0.0011780419340974367,0.0008752544148031955,2.0
0.5435648549815876,-0.9671910572784203,1.3363799220019508,0.010631398806927414,0.0
0.6271579196657988,1.6078123368132367,0.15814011775413875,0.017216388668020777,3.0
-1.7317881822608434,0.05404945144640073,-0.005019581825325024,0.006457870795772756,2.0
0.6271579201792726,1.6078115222677594,0.16184810894931206,0.02942132080957918,3.0
0.5435648554546685,-0.9671904923910436,1.332405316169261,-0.04126818425020836,0.0
0.5435648546710076,-0.9671902514540616,1.3347219397630632,0.04991532524330715,0.0
0.6271579197710536,1.607810918063207,0.1603385776848745,0.0041630114695592356,3.0
0.5598736417616045,-0.6925184842212708,-1.482366244773099,-0.03637763920047108,1.0
-1.731788181810569,0.05405164851357493,-0.012689060240527494,0.009594869857476835,2.0
-1.7317881813643554,0.05404770384399329,-0.0009626201216642812,0.02108086691557705,2.0
-1.7317881822480936,0.054049420401914884,-0.010525618284759406,0.025607302447351567,2.0
0.5435648538841693,-0.9671890693444917,1.33994965606881,0.035650253184216156,0.0
0.6271579197450072,1.6078116414531862,0.16007455055152053,-0.006791750541298351,3.0
-1.7317881813842042,0.05405466602822808,-0.005397849085712664,-0.011777913339692903,2.0
0.559873642430248,-0.6925158491441471,-1.4832864082705903,0.015865199113315933,1.0
0.5598736419374402,-0.6925167929800983,-1.4841789306951898,-0.09839997980278997,1.0
-1.7317881818591792,0.05405053611903397,-0.003063348823641282,-0.033325052021675364,2.0
0.5598736415965541,-0.6925150961134139,-1.4748426818726927,-0.018273315352758442,1.0
0.5435648545546686,-0.9671893184058034,1.32750143937446,-0.035829067375628444,0.0
-1.7317881815949667,0.05405187106060073,-0.0021591816394846714,-0.027104886004889247,2.0
-1.731788181709812,0.05404711897860678,-0.004740428871972678,-0.017404310447687657,2.0
0.5598736416550086,-0.6925153102281135,-1.4766834716549935,0.050030258672733356,1.0
0.6271579201846261,1.6078091999921997,0.16721387561394827,-0.021770703312760726,3.0
0.5598736414169255,-0.6925189254644998,-1.4783680379081723,0.015194625806735891,1.0
0.5598736417807026,-0.6925142084142234,-1.481233315672423,-0.0070934688809268474,1.0
0.5435648543048285,-0.9671893046041626,1.3386991501857244,0.008012563405318415,0.0
0.5598736410365247,-0.6925155944567405,-1.4738423782229049,-0.011951869922137516,1.0
-1.7317881819504846,0.05405005186894336,-0.004433029313597757,0.013642713679898813,2.0
0.6271579200349688,1.6078103995823554,0.1648044330479017,-0.026975821877717313,3.0
-1.7317881807731978,0.0540507559770814,-0.009291047367688713,0.008448123869922343,2.0
-1.7317881807850988,0.05404984180964631,-0.005584247053995594,0.006723851805047064,2.0
0.5435648545557634,-0.9671914160245287,1.3288562001630526,0.05148194020549805,0.0
0.559873641723508,-0.6925165730248455,-1.4759418698053255,-0.022958103192128015,1.0
0.5598736416701169,-0.6925141470970181,-1.4821021651444164,-0.03119830808279358,1.0
0.559873642239503,-0.692515960621289,-1.4746007802494874,-0.03211788167723135,1.0
0.5598736416117842,-0.6925123790792592,-1.479119041472861,0.01802529623916392,1.0
0.5598736410642894,-0.6925167673259358,-1.4760678567748025,0.005603796554233982,1.0
-1.7317881811619387,0.054050568845849835,-0.004357973349435462,-0.029630890248955544,2.0
0.6271579200926823,1.607813969945366,0.1506331740289068,0.008289187901981594,3.0
0.5435648547404167,-0.9671896481644392,1.3313246772441096,-0.016785986941641098,0.0
0.543564854946662,-0.967189367592082,1.3310370844068058,0.007419232681558385,0.0
0.6271579198201885,1.607812129425478,0.16037177050121923,-0.03062524734607516,3.0
0.5598736412895629,-0.6925151592029708,-1.4757938553052954,-0.02081077745342256,1.0
0.6271579192932937,1.6078113861614407,0.16580339270191305,0.02687550272374361,3.0
0.6271579202093345,1.6078114884539159,0.1602717785073739,-0.0005468175755493106,3.0
0.5435648550821003,-0.9671913794167255,1.3365404206282874,0.0032892250996266136,0.0
-1.7317881810435578,0.054048647479834906,-0.007903519682460818,0.01580637543708013,2.0
0.6271579196965237,1.607808602332315,0.1635596165269428,-0.007645238559239588,3.0
-1.7317881811779354,0.05404857010403333,-0.004730114316831015,-0.020114032987560725,2.0
0.559873641219125,-0.6925174031029088,-1.4758412738543654,0.009628270233524154,1.0
0.6271579199969501,1.6078106364401652,0.15910653942450576,-0.010479632517595408,3.0
0.5435648544278605,-0.9671881853454521,1.334911793448531,0.024010129537085673,0.0
-1.7317881811222358,0.05405351704682607,-0.004402211516225082,0.011593092714729131,2.0
-1.7317881812811924,0.05404943289063015,-0.00633480605784637,0.030646122635933967,2.0
0.627157919755746,1.607811376940503,0.1564879991326015,-0.011263663203484948,3.0
0.6271579201177641,1.6078109539383094,0.16446579027995423,-0.07002433884667972,3.0
0.6271579198450118,1.6078126204191023,0.15686133851985784,0.021519825790322494,3.0
0.6271579197950423,1.6078108458693172,0.15754651321242666,0.00304062127964034,3.0
0.5598736407265605,-0.6925163359409233,-1.4789840024908256,0.0034664762190790427,1.0
0.5598736414842292,-0.6925152211194581,-1.4787201553767872,0.011620918796650925,1.0
-1.7317881810545728,0.05405131953146894,-0.006646851385141802,0.02581559343945342,2.0
0.6271579195324956,1.6078106149310356,0.16044045103962418,-0.02377903810699368,3.0
0.6271579201308894,1.6078107347506767,0.16490531451964266,0.016817769614127585,3.0
0.543564854408242,-0.96718807172395,1.329456231980556,0.007109764942563492,0.0
0.5435648550752618,-0.9671905066362555,1.3369885671958976,0.04822797250117563,0.0
0.6271579196386479,1.6078095549020728,0.16086267741982047,0.03642444825100985,3.0
0.5435648546036828,-0.9671899253694887,1.3333969965277885,0.024429744278711717,0.0
0.627157919378826,1.6078137962019579,0.15630787883546862,-0.007998394392887277,3.0
0.6271579202947987,1.607807745146632,0.1593600893030945,-0.017072825765709548,3.0
0.5435648550729684,-0.9671886972215099,1.3281804766490204,0.08170161249081441,0.0
-1.7317881809055744,0.054048156481938635,-0.0030034662170966473,0.0809563727820685,2.0
0.6271579209663867,1.6078109735654176,0.15144423830132475,-0.023880444999617684,3.0
0.5435648554373084,-0.9671870861655596,1.330162239988759,0.010803881575041236,0.0
0.5435648554289221,-0.9671934124000828,1.3258991626150745,0.03715372726242163,0.0
0.5598736411257418,-0.692515452434278,-1.4783537130483948,-0.058012671173268984,1.0
-1.731788182137669,0.054049323917714845,-0.003442276904228246,-0.014664069997983252,2.0
0.5598736414504993,-0.6925183627728885,-1.4770890541452333,-0.07044851788637503,1.0
0.6271579199472964,1.6078134511887798,0.16099758322513036,0.023280322614439984,3.0
-1.7317881812720803,0.054050386060851656,-0.003017646913584497,0.05132201694103518,2.0
0.5598736419851297,-0.692515387078039,-1.4833461047765502,-0.028508594266858995,1.0
0.5598736414902207,-0.6925148886103547,-1.4793758070903587,0.005771334272370314,1.0
0.627157919564683,1.60781225956427,0.16593731195831435,-0.00550051639756875,3.0
0.6271579197965841,1.6078135165973042,0.1609919639278103,-0.0365350325903312,3.0
0.5598736414036096,-0.692516125651209,-1.468484851315211,-0.0006748657501412681,1.0
0.6271579196291462,1.6078101786895846,0.14986800253286792,-0.02568956380238857,3.0
0.6271579202528939,1.6078141445465548,0.1547566732524566,0.006689485049955407,3.0
-1.7317881816404326,0.054049096132259805,-0.004446458832931353,0.021715488261739944,2.0
-1.7317881817255032,0.05405265354067682,-0.00853641412442756,-0.04236989238228935,2.0
-1.7317881813656941,0.05404696022223916,-0.006249769090479813,-0.0330726248384935,2.0
0.543564854713002,-0.9671930780911279,1.3370155008598448,0.05579277600779716,0.0
0.5598736418532239,-0.6925173959217316,-1.4740578314345514,-0.06168024807340927,1.0
0.5435648545925321,-0.9671885636435117,1.3383036356444824,0.018427779709034038,0.0
0.627157919594218,1.6078090501939193,0.1600284257494742,-0.013932169014040633,3.0
-1.731788181396479,0.05405093991817001,-0.0025295580828718725,-0.044258842131236924,2.0
0.559873641018355,-0.6925151139511183,-1.4838509407639293,0.040901010612302134,1.0
0.543564854686377,-0.9671908118014703,1.3361402063749563,0.032477966212038134,0.0
-1.731788180848227,0.054053036654075404,-0.0023794241015215366,-0.03158311134567059,2.0
-1.7317881819302081,0.054050929414512776,-0.003099690157929672,0.03635077184035294,2.0
0.6271579194639945,1.6078099161276156,0.1602832605529402,-0.025600634911353958,3.0
0.559873641071479,-0.6925146300900861,-1.4822127544243138,-0.05421860567511533,1.0
0.5435648545466432,-0.9671919658093124,1.3317487228902634,0.013978171412403843,0.0
-1.7317881816191045,0.05405111951238111,-0.008140335338998684,0.013948897940913271,2.0
0.5598736408532861,-0.6925165990954945,-1.4783903389394115,-0.0114413076341886,1.0
0.5435648545891624,-0.9671874210946851,1.3299204223579457,-0.013982767527272526,0.0
0.6271579199487168,1.6078118237421026,0.15827720815444737,-0.0043716959353386955,3.0
0.5598736410122936,-0.6925171184929493,-1.4803439784788262,-0.013985529924037952,1.0
0.543564855161356,-0.9671908484569455,1.3360192704630365,0.009813293524736965,0.0
0.627157919715645,1.6078116231128685,0.15569752217999447,0.015808407497931005,3.0
0.5598736412888292,-0.6925146102489315,-1.4828423564584188,-0.03610188357057239,1.0
0.5435648545242854,-0.9671869736903349,1.3306069694505167,0.02644827752764759,0.0
-1.7317881814299427,0.05405366704266427,-0.004006370802797588,0.04343781860882942,2.0
0.6271579202596057,1.6078113012081945,0.15773964902611426,0.01650533908565145,3.0
-1.7317881819539291,0.0540483042156792,-0.005104468162460398,0.0011512680862091156,2.0
0.5598736418887009,-0.6925146570072029,-1.4770472537319037,-0.036714915120837646,1.0
0.5598736417264165,-0.6925164168580424,-1.4811468874218654,-0.04333318362782769,1.0
0.543564854789248,-0.9671900518448715,1.3328372962159056,-0.0713789482653572,0.0
-1.7317881807114066,0.0540501344253588,-0.0010328679213355723,-0.03321972984433647,2.0
0.5435648545741982,-0.9671904154723839,1.3295851787621247,0.0051468397076353785,0.0
0.5435648551050798,-0.9671913936232119,1.3342334466975516,0.029376822949162256,0.0
0.5598736415117346,-0.6925195574284243,-1.4858291053138692,0.0010696584736808938,1.0
0.6271579197519668,1.6078125314641363,0.1638425929648635,-0.00234700344848202,3.0
0.5435648544828914,-0.9671878862792804,1.325864388360456,0.02245959513890441,0.0
0.5435648547429616,-0.967187392915035,1.333743380055376,0.03849494936635713,0.0
-1.731788181694895,0.05405024523544152,-0.004274437503513645,-0.024688453670732274,2.0
0.5435648539842239,-0.9671892956660855,1.3366763279484377,0.005479011538233287,0.0
0.6271579198457009,1.6078127117133192,0.16842648154074677,-0.021429005881479075,3.0
0.5435648545916076,-0.9671901636337507,1.3318762219848872,0.05372782776121132,0.0
0.6271579195685063,1.6078131310330244,0.15984593999131097,-0.01274104179462682,3.0
-1.7317881814164904,0.05405252083510224,-0.0028070938175506384,0.03150776912131461,2.0
0.5435648546539643,-0.9671911575391744,1.3351364203185003,0.049497388870751904,0.0
-1.7317881817915508,0.05405001161469294,-0.003967906969337995,0.0476256480188682,2.0
-1.731788181456608,0.05405144858946461,-0.005219560463137327,0.06433967652777625,2.0
0.5435648553057678,-0.9671883072976765,1.3353004519046683,-0.018004569072876595,0.0
0.5435648545057978,-0.9671900349738836,1.33158640628753,0.03206634682076216,0.0
0.543564854546989,-0.9671906613560505,1.3304288507624313,0.013122220852060757,0.0
-1.7317881810648914,0.05404856337707371,-0.009424260876509757,0.06440983637848337,2.0
0.6271579201787911,1.6078118000819406,0.16048641796440258,-0.012468187827161059,3.0
0.5598736409652901,-0.6925186323306717,-1.4791340944784648,0.044652504769994376,1.0
0.6271579194075884,1.6078149207132897,0.1575714515731084,0.05422964880053236,3.0
0.6271579191058698,1.6078103055603197,0.1608332231884784,-0.019184631607891862,3.0
-1.731788181104974,0.05404983988944029,-0.0032312942202986574,-0.007166026004200706,2.0
-1.7317881817478689,0.054050360098270814,-0.00736631661462487,-0.045206660751437484,2.0
0.5435648550410292,-0.9671886783325614,1.3304828433077749,0.028630740910046887,0.0
-1.7317881809595064,0.05405053980617587,-0.004799192275242555,-0.021817107476191096,2.0
0.5435648541604908,-0.9671889128021807,1.3311304695548938,-0.027510010973770774,0.0
-1.7317881812651545,0.05404752515216847,-0.007699771908562269,-0.0006614284474040052,2.0
-1.7317881812613969,0.054051354755062966,-0.00610547917904194,-0.007170423176760227,2.0
0.5435648547501865,-0.9671921897256197,1.3362495744001384,0.03660554501096106,0.0
0.5435648546718613,-0.967190492128011,1.3276301463764342,-0.03825534699035088,0.0
0.5435648545659298,-0.9671878903608433,1.3325598149357036,0.00913652279967358,0.0
0.5435648537608586,-0.967189583619994,1.3388139870081746,0.004456079176308561,0.0
-1.7317881813312201,0.05405183463606681,-0.0007907658267067644,-0.05212814831223574,2.0
0.5598736412818552,-0.6925145892258043,-1.4768471725802772,0.04510210451757012,1.0
0.5598736413407777,-0.6925151599325446,-1.4820581035520917,-0.04889980067238861,1.0
-1.7317881811839342,0.05404967377852792,0.0004231790599654616,-0.044549433264683184,2.0
0.5435648545225654,-0.9671869966103814,1.3347782187515276,0.05593215761874978,0.0
0.5598736413127477,-0.6925151825833841,-1.4838080444711652,0.0009813858479855303,1.0
0.5435648544767606,-0.9671899128690432,1.332650753157576,-0.028792290177268934,0.0
-1.731788181251587,0.054047917546576646,-0.004707516480696768,0.06781854385713455,2.0
0.5598736415484737,-0.6925188439881774,-1.479206729997723,-0.016688122381514788,1.0
0.5435648551155308,-0.9671927362823715,1.3383109412725873,-0.0025488340786908527,0.0
0.6271579197504591,1.607812065927862,0.15779316024131917,0.009476053900620266,3.0
0.5598736415883514,-0.6925161128160983,-1.4789533598893856,-0.05053337551515367,1.0
-1.7317881814236153,0.054050858641006325,-0.006973279256306284,0.008950819552906313,2.0
-1.7317881810087514,0.05405036389679902,0.003800010843947433,-0.0221452614308142,2.0
-1.731788181790314,0.05404986898972203,-0.004699278322076846,0.027773507355716837,2.0
0.5435648548919112,-0.9671905370833302,1.3350702768492781,0.02451970653052915,0.0
0.6271579206598552,1.6078112444517858,0.15578764815251653,0.03714528981901505,3.0
-1.7317881815784892,0.054049920178468124,-0.008349193595210126,0.014091707907178883,2.0
0.5598736415740369,-0.6925140200692904,-1.468073510574387,-0.014728810449429303,1.0
0.559873641872078,-0.6925177144628876,-1.4783246868301736,0.025480337619463733,1.0
-1.7317881823290024,0.05405042701577187,-0.003848724858331953,0.021249060961000037,2.0
0.54356485429043,-0.9671884248235124,1.3424729242919873,-0.01779965083320878,0.0
0.5435648548040394,-0.9671889864442561,1.338539741178435,0.03269137961990201,0.0
0.6271579201790981,1.6078109830891658,0.156406721755277,0.023053482078304117,3.0
0.5435648552546523,-0.9671891001815998,1.329630987444496,-0.04808373303593626,0.0
0.5435648545152504,-0.96719223188017,1.3342262043900588,0.03895086543005857,0.0
0.5598736409799087,-0.6925150468952607,-1.4738998892204873,0.0026565881793702132,1.0
0.543564854167772,-0.9671891433199463,1.3364815889354993,0.015991494403696346,0.0
0.5435648542742105,-0.9671903969196991,1.3328773673113252,0.03462195094439972,0.0
-1.7317881820335228,0.05404999569790329,-0.0015866220714519708,-0.02541325571209245,2.0
0.5435648542464577,-0.9671884381290817,1.3319060723057274,0.012280438605745554,0.0
0.5435648550394844,-0.9671883329704306,1.3355859960343472,0.003470439588600743,0.0
0.6271579199672965,1.6078114492053925,0.1648842129662898,0.0008917034700726643,3.0
0.6271579196297232,1.607810222469682,0.15973748691362638,-0.0025928821416921154,3.0
0.5435648546908729,-0.9671862126233526,1.335875361845739,-0.029078404638739487,0.0
0.5598736415170228,-0.6925140005698038,-1.4750582384039357,-0.027939380821377653,1.0
0.559873641484855,-0.692515104128319,-1.474605627666769,-0.023707682983145458,1.0
0.5598736413132664,-0.6925152778201917,-1.471932067581674,0.01269868066834409,1.0
0.6271579207880027,1.6078135651786831,0.16184742027592905,0.00022321136351093662,3.0
0.5435648554272303,-0.967190224139583,1.3365464646761327,-0.018614631190467044,0.0
-1.7317881817125755,0.05404992864734175,-0.00612974847788539,0.005087584696878877,2.0
-1.7317881823382126,0.05405265586217781,-0.0036527752221891456,-0.013821417150374937,2.0
0.5435648549992653,-0.9671908610539501,1.3340927548604653,-0.002928708699409503,0.0
0.5598736421434838,-0.6925138911551033,-1.484796326783792,-0.01772852208940058,1.0
-1.7317881810283526,0.054050866787366626,-0.0036648940244618637,-0.08308139688934613,2.0
0.5435648546599102,-0.9671890473115075,1.3293133480056079,-0.016460619043934588,0.0
0.627157919562197,1.607813923396788,0.16238094955009127,0.006193871684465449,3.0
-1.7317881812930085,0.05405143070977534,-0.0027243960036921894,0.029962329349256456,2.0
-1.7317881815750196,0.05404945252333598,-0.005206533414412943,0.0077154184341524015,2.0
0.5598736412534203,-0.6925128174996411,-1.4834163599931218,0.07285279163489096,1.0
0.6271579202748369,1.6078102597850064,0.1631342368071012,0.006572569221444199,3.0
0.6271579201766847,1.6078137688335525,0.1556024602517093,0.06298013882828588,3.0
0.559873641473485,-0.6925189087039271,-1.48019303623888,-0.001810731229118675,1.0
0.6271579196547865,1.6078139078320057,0.1549706586796829,-0.02204147045936226,3.0
0.5435648546903818,-0.9671874435040434,1.3325239577176273,0.03836248705543187,0.0
-1.731788182041559,0.05404972201465846,-0.002828583919863974,-0.0049030530505677055,2.0
0.6271579195436392,1.6078104887365936,0.16479858038000672,0.010824654876329675,3.0
0.5598736413584613,-0.6925156792829485,-1.474001615330993,-0.061047294071701244,1.0
0.5435648544514986,-0.9671902341039079,1.3313005028749718,-0.0011646063334306046,0.0
0.5435648548669397,-0.9671865248246201,1.3363482293199378,0.024609612786023825,0.0
-1.7317881813242815,0.05404956508773432,-0.00310430825417014,-0.017272700721315242,2.0
0.6271579199228859,1.607809152287563,0.1606316457978597,0.04902305585439305,3.0
0.5598736416455699,-0.6925159730396594,-1.4776769093348938,-0.023954851880633767,1.0
0.6271579200975207,1.6078106596896473,0.1621023082910043,0.020846864130897418,3.0
0.5435648550906996,-0.9671874194739452,1.3359769477502044,-0.018840613630808568,0.0
0.5435648544936214,-0.9671879462387261,1.3327003073755428,0.05147715724017762,0.0
-1.7317881819553052,0.05404984494792054,0.0016507490444059617,-0.019760599373829887,2.0
-1.7317881812958327,0.054050009661685744,-0.0015654755023215407,-0.07060396077737394,2.0
0.627157919987603,1.6078102980510567,0.16508780534740555,-0.03706341440552505,3.0
0.5598736417052387,-0.6925134604543316,-1.478403077562764,-0.02497606818616598,1.0
-1.7317881816714757,0.05404819345607452,-0.004448718004820287,-0.03445570795599871,2.0
-1.7317881810757,0.05405048235413514,-0.003193949913801023,-0.0027039826488231087,2.0
0.5598736411328336,-0.6925179918657876,-1.4831369204648597,-0.054641913473851854,1.0
0.5598736410228548,-0.6925158796218767,-1.4783320967424947,-0.00033534323670166623,1.0
0.6271579200852465,1.6078110468291344,0.1629879418478939,-0.015381648362371674,3.0
0.6271579207443155,1.6078123744371655,0.1580539193179894,-0.025428959542654825,3.0
0.5598736410560707,-0.6925186981149252,-1.480252298827503,0.004088638992728699,1.0
-1.731788181208783,0.054049235838273174,-0.0029019763468328616,-0.027256962928154195,2.0
0.6271579194641683,1.6078073797517036,0.160598533717432,-0.011440965433907309,3.0
-1.7317881812205054,0.0540491239880103,-0.004048396877232123,0.036448986299005184,2.0
0.5435648553500069,-0.9671897131614403,1.3300072786683586,0.02312391574476085,0.0
0.5598736416926011,-0.6925160474367352,-1.4763500316804699,0.05657773102232183,1.0
0.5598736415258084,-0.692512534379863,-1.4848085799682573,-0.023921505958754686,1.0
0.5598736410720314,-0.6925142636750508,-1.4776577693681083,-0.03773101058350351,1.0
0.5435648549690697,-0.9671923092913493,1.3363675082773143,0.012818655402859888,0.0
0.5598736414579907,-0.6925157042855103,-1.4708557751601412,0.020714344316006782,1.0
0.5598736411751665,-0.6925142051697715,-1.4800783686928134,0.010242537686798659,1.0
0.5598736413196252,-0.6925180144959417,-1.4773108065297724,0.0005261627953647983,1.0
0.5435648545751876,-0.9671852594138657,1.3305078161297947,0.035864917203544205,0.0
-1.7317881812629763,0.05404925044921048,-0.013264549274285758,-0.0139984900871733,2.0
-1.731788181042535,0.05405144744351075,-0.011421932034818134,0.007293851939641438,2.0
-1.7317881824652668,0.05405024497087984,-0.01005655606622576,-0.04494548060195963,2.0
0.5435648544069817,-0.9671903525277772,1.338618686040751,0.03367860095209529,0.0
0.5598736412651591,-0.6925167455015885,-1.4795605467054824,-0.08135605873778899,1.0
0.6271579199550497,1.6078134299031352,0.16066506318078339,0.0014661446638455993,3.0
0.5598736416325505,-0.6925175122447101,-1.4776189856319808,-0.03181039981551972,1.0
0.6271579194755031,1.6078114788614621,0.16493674186311177,0.00942749140388882,3.0
0.5598736422459432,-0.6925158807558724,-1.4849953706459142,0.036678420022997156,1.0
-1.73178818144637,0.054050336381855926,-0.009981336634270678,0.04383233573966697,2.0
0.5435648553356995,-0.9671889744671497,1.3389999528308925,0.017423613193462074,0.0
0.5598736418187734,-0.6925161213535496,-1.4745897670755468,0.014517130521669062,1.0
0.5435648541951619,-0.9671890456271144,1.328413889476617,0.044871169737725085,0.0
0.6271579204722532,1.6078125420037523,0.16142584781055141,-0.05056710387094685,3.0
0.5435648548979641,-0.967187251096562,1.3233814764530105,0.01717332079736935,0.0
0.6271579195681148,1.6078118224036857,0.15820480239733292,-0.0198787975754431,3.0
-1.7317881818384429,0.05404970522520078,-0.0022138996430148333,0.08054277306171402,2.0
0.5598736413895827,-0.6925150701818866,-1.4817925143015624,0.04060317042524995,1.0
-1.731788181527265,0.05404810857499823,0.0005897830767903029,-0.023444223364785976,2.0
0.5435648544591485,-0.9671908301398218,1.3288867079934843,-0.006173155460280054,0.0
-1.731788181753667,0.054052064608807536,-0.0048017579013011555,-0.029535970216779575,2.0
-1.7317881821220473,0.054051828179836434,-0.006676739176489892,0.04405318742983925,2.0
0.627157919533898,1.6078119675518716,0.16319410209642618,-0.021721693821014944,3.0
0.6271579196528412,1.6078130317891606,0.16133128111237768,0.03887305361927421,3.0
-1.7317881813551175,0.05404727322953952,-0.001816474868038288,-0.007910305671204057,2.0
0.5435648546849983,-0.9671904189921662,1.3366644686941254,-0.024031744735115396,0.0
0.6271579199179659,1.6078116840828836,0.15839594889172268,-0.04084150642022067,3.0
0.559873641580737,-0.692516697159046,-1.473401104475037,-0.0275574166942847,1.0
0.6271579200725728,1.6078096540855469,0.15868223269792486,0.02052409868953705,3.0
-1.7317881816790512,0.05405261663908196,-0.0012159073550831304,-0.009588054176573243,2.0
-1.7317881812309361,0.05404956029625838,1.6139973386771257e-05,-0.01749805239700185,2.0
0.5598736408810113,-0.6925159660313078,-1.479738899472942,0.06629626653555874,1.0
0.6271579199280236,1.6078142407889608,0.15294590339768854,0.017637931007870162,3.0
0.5435648548485392,-0.967191075255315,1.3369172223024732,-0.017451860004876515,0.0
0.5598736414674458,-0.6925185030327483,-1.4784603985213869,0.00573179608732142,1.0
0.5598736415637534,-0.6925166629924363,-1.4800437917447742,0.03392040793563078,1.0
-1.7317881815599847,0.05405062410475441,-0.002190403542361713,-0.03321474685586215,2.0
0.559873641254243,-0.6925179997934012,-1.4768222048684345,0.005681328086204226,1.0
0.6271579195395603,1.6078110761449684,0.160277475312601,-0.003779124381049113,3.0
-1.7317881810805305,0.05404750618697643,-0.002729078322062389,0.060534892536398065,2.0
-1.7317881807581847,0.054049360997493946,-0.007746043281394548,-0.02069593594466617,2.0
0.6271579202126647,1.6078123029654945,0.15989228619848847,-0.038411254292187946,3.0
0.6271579196250049,1.6078098496620365,0.15652682328520146,0.004636815013924765,3.0
0.6271579194043738,1.6078120376195233,0.16768504276396431,-0.0221078203039742,3.0
0.5435648545207569,-0.9671913818418658,1.3305045580378343,-0.002295596725172999,0.0
-1.7317881819180228,0.05405040820834107,-0.006585825566028308,-0.04890529686417583,2.0
0.5435648548678177,-0.9671917952089717,1.334366857068684,0.08443545145584797,0.0
0.6271579195039768,1.6078108950337946,0.16316640251631867,-0.015455658814127082,3.0
0.6271579197322221,1.607812235192507,0.1601209515155991,-0.019332843514317983,3.0
-1.731788181030664,0.05404806412508029,-0.004583297650153637,0.03244696067131919,2.0
0.6271579205172827,1.6078112183127908,0.16252602432197868,0.005131470848683089,3.0
0.559873641952804,-0.6925169763849094,-1.4816607391134364,-0.05095284115636199,1.0
0.6271579196867385,1.607812053082866,0.16360584520520938,-0.03179250843774933,3.0
0.5598736422290307,-0.6925182778062117,-1.4764400455555944,0.017421125595298837,1.0
0.6271579204046865,1.607808291007802,0.1618979692597979,-0.06596805943194002,3.0
-1.7317881817134337,0.05404914863373693,-0.002413857882544948,-0.0008782410566332184,2.0
0.5435648551702559,-0.9671903987122846,1.325377234190825,-0.01008303436912192,0.0
0.6271579209291118,1.6078107637152446,0.17182930871922528,0.0016244974551662635,3.0
0.5598736414680574,-0.692518781564787,-1.4873789868899048,-0.011531725790172207,1.0
0.5435648546704409,-0.9671877251901413,1.3342005956439875,0.007373736782782707,0.0
0.6271579200087958,1.6078088775137809,0.15878481947695428,-0.02005613859926105,3.0
0.5435648548458004,-0.9671911127945836,1.3318750286016618,0.04126439016607488,0.0
0.5435648545391223,-0.9671899945142928,1.3276042852001135,0.05883352003829441,0.0
0.5598736415805773,-0.6925176345650819,-1.4816316901007278,0.05268187688902576,1.0
0.6271579203602601,1.607810442881574,0.1581211793512122,0.004529171250569996,3.0
0.5435648549016416,-0.9671869313572823,1.3353301205672052,-0.029947394756103946,0.0
0.5598736417550255,-0.6925146366274636,-1.4824337792354498,-0.03346490811853939,1.0
0.5435648542734397,-0.9671874685266695,1.3294761930276011,0.014094914337831143,0.0
0.5598736416332905,-0.6925129893327079,-1.478855227760511,-0.005642808013810989,1.0
0.5598736411096062,-0.6925143193961392,-1.4811764429219325,-0.03773038334483585,1.0
0.6271579201208741,1.6078120727472727,0.16302156545975208,-0.041693228365734546,3.0
0.5435648545902064,-0.9671897943339208,1.334046571798589,0.016011811934196266,0.0
-1.7317881812249922,0.054048410726032683,-0.005180103747915999,-0.04662009184704552,2.0
-1.7317881815260714,0.05404737183418144,-0.0021843551684927317,0.00833925667636065,2.0
0.54356485472717,-0.9671889182369395,1.3302419243913821,0.05535243366260648,0.0
0.5435648547007665,-0.9671871687882044,1.330318921306484,-0.019285028610566208,0.0
0.6271579207381074,1.6078110758043873,0.15962423116528052,0.02794169413884031,3.0
0.5435648552751169,-0.9671898521871776,1.328671954276435,0.03079899034020533,0.0
0.6271579197458932,1.6078123662872963,0.16200461755135742,0.0007796218705242251,3.0
0.627157919681609,1.6078121713511973,0.15706426797874318,0.0345886657513347,3.0
-1.731788181541415,0.05405181049800471,-0.00334463013669859,0.019298837355540326,2.0
0.6271579197951527,1.6078118795248397,0.15661929499831934,0.0012176031771702124,3.0
-1.7317881811751865,0.0540511560855274,-0.017406345308569826,0.015331932288344086,2.0
-1.7317881811192204,0.054047820414524356,-0.010717955659892413,-0.0013094018169049493,2.0
0.627157919822348,1.6078145537179107,0.15819049902298055,-0.000113784521325238,3.0
-1.7317881820257517,0.054051747455442216,-0.0027114131184819332,0.029695448576755504,2.0
0.5435648542143859,-0.9671908826211317,1.3250142467690484,-0.05856645571389276,0.0
0.5435648545805166,-0.9671893943465011,1.3270569624388782,0.020409162368189446,0.0
-1.7317881812625806,0.054049603666750747,-0.0035224594357850924,0.019124042777608378,2.0
-1.731788181312368,0.05405167169217868,-0.003521287745185888,0.00762562819081222,2.0
0.5435648544362794,-0.967191726321924,1.3309953515416117,0.01808828204618827,0.0
-1.7317881805922029,0.05405075702874626,-0.003722228809398164,0.0030176395403711353,2.0
0.5598736409679019,-0.6925164259638427,-1.4775329638562624,0.0032100948163406792,1.0
0.5598736410119397,-0.6925161150239298,-1.4823568801214289,-0.009977486646728513,1.0
-1.731788181267983,0.05405139703978102,-0.004182128320981945,-0.002819250134702615,2.0
0.6271579202496893,1.6078094950286754,0.15618412470176288,-0.02617025186300604,3.0
0.6271579198153967,1.607813377171968,0.15270853734460726,-0.01347141943993254,3.0
0.6271579191712559,1.607813971161918,0.15445718831753188,0.0016248783621458744,3.0
0.5435648542499759,-0.9671892690115844,1.335261606837539,0.008353074495791656,0.0
0.6271579195333578,1.6078106278712103,0.1575217443820384,0.01170964124563214,3.0
0.6271579192653474,1.6078083028303385,0.1576632917231819,0.02295700483048617,3.0
0.5435648551501264,-0.9671904373485652,1.3360457712974996,0.030682243112511044,0.0
0.5598736409664263,-0.6925151035507414,-1.4824174331472049,0.03140462949405253,1.0
0.6271579197442106,1.6078120285124549,0.15909226926441303,0.033217741929550015,3.0
-1.7317881814039304,0.05404872513816179,-0.004467663282234064,-0.027455656031872996,2.0
-1.7317881810890332,0.054046295401323205,-0.005372900255430428,0.005437911862698682,2.0
0.6271579195473392,1.6078120317564084,0.16175470380194887,-0.009946961102499171,3.0
0.6271579200971387,1.60781149572885,0.16064736505788235,0.030446742482647372,3.0
-1.7317881815357727,0.05404894396994736,-0.011382564203105275,0.014977957195114648,2.0
0.559873640991232,-0.6925170739238029,-1.4727216850779186,0.004492194221329183,1.0
-1.7317881822327243,0.054049008793413345,-0.0053864098134759324,0.036586341026662715,2.0
-1.731788181043631,0.054050572257108534,-0.0045984592977405024,-0.0006451142292028252,2.0
0.5598736414166893,-0.6925166330826186,-1.4760195012563093,-0.0033920965375569376,1.0
-1.7317881809911169,0.05404913757648692,-0.005886631554087733,-0.03894989864074487,2.0
0.543564855141468,-0.967187518682645,1.3302645922234746,0.042273056266534575,0.0
0.5435648547582519,-0.9671870759464412,1.3265597003502942,-0.04941092239433523,0.0
0.5598736422129076,-0.6925144376181344,-1.4780656742532148,-0.06168805220386429,1.0
0.5435648545639671,-0.9671900559841898,1.3390676058984794,0.026124585162151208,0.0
0.5598736420812399,-0.6925189323570264,-1.4818698327209356,-0.11280514186666162,1.0
0.5435648546900287,-0.9671892195855961,1.3326349094431997,-0.0007789177135758798,0.0
0.543564854406624,-0.9671888038326515,1.3330888556613523,0.044980296547971664,0.0
0.6271579201646178,1.6078122030937927,0.16488787292051232,-0.0389384688755029,3.0
0.6271579192556967,1.607811509941646,0.16339879039653865,0.0010092783000674097,3.0
0.5598736409094862,-0.6925144820387987,-1.471790809432759,-0.054793801866295046,1.0
-1.7317881810571056,0.0540511052467807,0.0010675633610182104,-0.01168286531853499,2.0
0.6271579194322412,1.6078121940129224,0.1565694420706825,-0.022225124558570914,3.0
0.5435648554906405,-0.9671882695454164,1.332196973933857,0.006054715828608255,0.0
0.5435648544346751,-0.9671893927163765,1.3342539694806514,-0.008047115278031383,0.0
0.543564854905446,-0.9671884612753328,1.337074926378283,-0.05027257646434816,0.0
0.5435648545388037,-0.9671898153483465,1.33886749681909,0.055712861589320865,0.0
-1.731788181254643,0.054049303030081305,-0.004714510108262871,0.009031328569385252,2.0
0.6271579191110694,1.6078092098590533,0.1620320523340257,-0.006236678789653016,3.0
-1.7317881816787382,0.05404951907208515,-0.0036656437357289176,0.06308026018057442,2.0
0.6271579200720524,1.6078107904631842,0.15976572143248194,-0.017412587087587344,3.0
-1.7317881810330744,0.05405305108507661,-0.006066409142541628,-0.08206357867929702,2.0
-1.7317881808216482,0.054049501641584036,-0.006308907899833022,0.01980237390669243,2.0
0.5435648546104529,-0.9671867029331334,1.3303628764737425,-0.06904352376306355,0.0
-1.7317881810233708,0.054053269643031206,-0.0026878484173474583,0.0155032580920443,2.0
0.5598736417144481,-0.6925151236580426,-1.4751658875357516,-0.014818206219054109,1.0
-1.7317881820054153,0.05404843444833607,-0.003802684372985351,0.050930966320763105,2.0
0.6271579197559262,1.6078117682802655,0.15031838812956969,-0.01571045791329718,3.0
-1.731788181017656,0.05405122727838621,-0.01195428349125553,-0.025778153253891604,2.0
-1.731788181835077,0.05405190096112763,-0.003652813569466692,0.015953846101255297,2.0
0.5598736413665011,-0.6925151437293272,-1.4779472861503244,-0.013990471150215544,1.0
-1.7317881808453164,0.054048366330453304,-0.009561058693057858,-0.01217131352286456,2.0
-1.7317881809367368,0.05404787981110124,-0.008633177110855792,-0.04114143366606787,2.0
0.6271579196429224,1.6078113706211512,0.1663928956661227,0.00178235778493568,3.0
-1.7317881807764888,0.05404882622991869,-0.005485346917289345,-0.057747855119736034,2.0
0.559873641427271,-0.6925171027760418,-1.4839722425148454,-0.0105525973661593,1.0
-1.7317881816458487,0.05405155694729106,-0.0048165778074261084,-0.050500586050401,2.0
0.5598736414174439,-0.6925174944267745,-1.4753898730163943,0.0005547895929760674,1.0
0.6271579203061171,1.6078143984448292,0.16628605861359036,0.006822000417155885,3.0
0.5598736413825902,-0.6925176591960379,-1.478616333513107,0.02561275247019572,1.0
0.6271579193961455,1.6078108435041392,0.15920277824855322,-0.012057695848047528,3.0
0.5598736412057315,-0.6925148237383457,-1.4791624000758588,0.0012655610654118065,1.0
0.5435648544174776,-0.9671892178861623,1.337170399441566,0.021484590817574627,0.0
0.5598736417316509,-0.6925181823601229,-1.4775456501337658,0.011946271001324452,1.0
0.5435648547186802,-0.9671897857241734,1.3234054507088677,0.02149007232931826,0.0
0.5598736413115937,-0.6925157411697727,-1.479659363566003,0.027665913734341723,1.0
0.6271579198578089,1.607809235529106,0.158296138454563,-0.027358347235739953,3.0
0.5598736416029987,-0.6925136133911448,-1.4741556143728778,-0.025323709807977893,1.0
-1.7317881811715874,0.0540523773793238,-0.0011805789934890513,-0.028580651406327665,2.0
0.6271579197262201,1.607810537040119,0.16520448830234866,-0.005038268127041845,3.0
0.5598736412252219,-0.6925177190801729,-1.4781648762512116,0.07299533029119724,1.0
0.6271579193206113,1.6078078167128231,0.15446313395913372,0.018233309454240242,3.0
-1.7317881811562004,0.05404895601816122,-0.012443313531518469,-0.0036529560365478404,2.0
-1.7317881814961715,0.05404848764705521,-0.0022691128298477745,0.002964949072592948,2.0
-1.7317881810442917,0.05404635969583227,-0.006408506091141291,0.04005062231789009,2.0
0.6271579193796977,1.6078108966716853,0.16370049209952947,0.004898214211922461,3.0
0.6271579209236275,1.6078130817782406,0.16043968453031685,0.018354073702574827,3.0
0.5598736409201085,-0.6925156708328353,-1.4737177379063398,-0.012131231026675932,1.0
0.543564854917094,-0.9671917206171229,1.3387469239283682,0.0866957661292818,0.0
-1.7317881818548801,0.05405290693369201,-0.005796939746160627,0.021789355031901592,2.0
0.6271579198369827,1.6078142158115567,0.166814692480527,-0.006968635746755824,3.0
0.5435648543556905,-0.9671892811697202,1.3328907910982886,0.01958260847370757,0.0
0.5435648553662787,-0.9671897398652584,1.3280735327242437,0.03297498033674983,0.0
0.5435648541801835,-0.9671924677012766,1.3310532010241511,0.036346981876259836,0.0
0.5435648543076292,-0.9671918618151961,1.338885840041282,-0.009105646605795442,0.0
0.54356485452954,-0.9671909384916287,1.3299074007358072,-0.005507700077753912,0.0
0.5598736411405659,-0.6925139746893174,-1.4796265018781796,-0.037645281631085104,1.0
0.5435648552259512,-0.9671899601930884,1.326605887421003,-0.023333401062186756,0.0
0.5598736413864879,-0.6925180781521576,-1.479784370486721,-0.022700816174571665,1.0
0.5598736419122863,-0.6925177692422713,-1.4822619371803727,-0.016671997229752586,1.0
0.559873641395408,-0.6925145654689594,-1.474514462967742,-0.01824471220389273,1.0
0.5435648553458261,-0.9671901798742454,1.3282326368398476,0.019245093398815392,0.0
0.5598736416858853,-0.6925155814327189,-1.4807000877933938,-0.07331724282863879,1.0
0.5598736414684423,-0.6925175872242884,-1.4862945163067305,0.036729152681706664,1.0
0.559873641593829,-0.6925171932397064,-1.4841622444041482,-0.022496312524883936,1.0
-1.7317881813272609,0.054047334617149424,-0.005930439724167943,-0.027928274745307315,2.0
0.5435648551274089,-0.9671907953986639,1.3300453331038364,0.021259044486931132,0.0
0.5435648544764042,-0.9671903594804737,1.3338468709515354,0.016749765291116346,0.0
0.627157919679616,1.6078116870737247,0.1558421422548986,-0.03650877019586426,3.0
-1.7317881812200102,0.054050472341789516,-0.008817870263232393,0.05514046907180484,2.0
0.6271579196369373,1.6078130781415845,0.15773010173043814,0.027546949946891507,3.0
-1.731788181690429,0.05405104027669005,-0.007150431745933164,-0.00012326298091644533,2.0
0.5598736416078589,-0.6925164449462073,-1.476401100672962,-0.009159247177771564,1.0
0.6271579200000714,1.6078125241092738,0.16584832589069345,-0.04240340471472585,3.0
0.5598736411114642,-0.6925130033153093,-1.480242315251725,-0.010446190771327692,1.0
0.5435648546230388,-0.9671899239261987,1.329779105637909,0.02490303060492492,0.0
-1.7317881812869373,0.05404899645357926,-0.004634437253033643,0.017165851111401238,2.0
0.5598736413967479,-0.6925148599935996,-1.4773370168352082,-0.0506327531792488,1.0
-1.7317881812972176,0.05405298312559378,0.003814115886381141,0.013388429874304986,2.0
0.559873641393244,-0.692517894897768,-1.4802999594691697,-0.010410283908667243,1.0
0.6271579199811121,1.607809788379958,0.16757467242777305,-0.018436934529374307,3.0
0.6271579197414519,1.6078126963652968,0.1694197629148805,-0.03901527775004888,3.0
-1.731788181106489,0.05405403386423197,-0.0018155055089995413,0.01432779016323725,2.0
0.5598736414521422,-0.6925144911596901,-1.4803845876019455,-0.014843675460929224,1.0
0.5598736410449366,-0.6925163940774252,-1.4801635335156136,-0.012084581518608434,1.0
0.5598736407469657,-0.6925155860746747,-1.4868527773945088,-0.05491469197348313,1.0
-1.7317881812789317,0.054048708294984434,-0.0006745863558305884,0.0011453152122637574,2.0
0.627157919819209,1.6078107429630875,0.1562727236971463,0.04267959464408816,3.0
-1.7317881806312267,0.05404970298349804,-0.002602996013337091,-0.019054658195818214,2.0
-1.7317881810483158,0.05405240336736256,-0.0012080422975023737,-0.05643748578766189,2.0
0.6271579197498991,1.6078108743011497,0.16543771416407643,0.05368031783296673,3.0
0.5435648543042381,-0.9671905752855556,1.3292323288240497,0.021281803997040025,0.0
0.6271579190552381,1.6078131547964916,0.1581886299212168,-0.06548067712583215,3.0
0.6271579208022013,1.6078122249807472,0.159757499967419,0.017943766989270738,3.0
-1.7317881814560094,0.054049776513682,-0.004612186703651442,0.009095905828324691,2.0
-1.731788181463031,0.05405056066934832,-0.0032322470089617846,0.04727280927996328,2.0
0.559873641228538,-0.6925163212956428,-1.4780214836709542,-0.009617919508547627,1.0
0.6271579192983378,1.6078103909210169,0.16509822045116473,-0.021809867954051335,3.0
-1.7317881817154877,0.05405361032950262,-0.00038560379751637676,0.03912890961643258,2.0
0.5598736420871484,-0.6925161807424234,-1.4784044784326102,0.04434339782765578,1.0
0.5598736419429186,-0.6925142638394678,-1.4759894785555092,0.0018905456804852447,1.0
0.6271579195729995,1.6078106082178083,0.15713280525475493,-0.005396383563168008,3.0
0.5435648545020217,-0.9671878804247852,1.3448537286189728,-0.04035238997627378,0.0
0.6271579208108009,1.6078117305946686,0.1628350909554085,-0.025242029212339586,3.0
-1.7317881813050364,0.054048985713990826,-0.0017341758160891664,-0.037545982101278685,2.0
0.5435648548559779,-0.9671907997355985,1.3366408856263703,-0.014812076255054301,0.0
0.5598736416410555,-0.6925177932172643,-1.4753000993010017,0.02750609690876549,1.0
0.559873641334245,-0.6925157099671765,-1.4805767865028467,-0.006359380433488062,1.0
-1.7317881814627718,0.05405248487503558,-0.008589857552260915,-0.000732768415734128,2.0
0.6271579194962376,1.607811350539789,0.15492472655761882,-0.03281366834296967,3.0
-1.7317881814628806,0.0540502704103503,-0.011623452173217808,-0.008506935848010617,2.0
0.5598736413244169,-0.6925154544736601,-1.4726827585195996,-0.05105610038799864,1.0
-1.7317881813693572,0.054049899728002865,-0.001033049427057587,0.001902797934074933,2.0
0.5598736412437002,-0.6925149798458575,-1.476084529112201,-0.011321330146873448,1.0
0.5435648543561089,-0.96719062023022,1.3309378887794399,0.019706522277207934,0.0
0.5598736415331553,-0.6925171620162195,-1.4748551000426215,-0.018582536731517198,1.0
0.5435648548383296,-0.9671880027437296,1.334055061074825,-0.03301006434283085,0.0
0.5598736412935771,-0.6925149364729654,-1.4770754011208582,-0.035975192684719604,1.0
0.54356485494581,-0.9671939674936672,1.334908185391488,0.08827448980857486,0.0
0.5598736411343365,-0.6925159384670525,-1.4755356559377066,-0.00032983447042106,1.0
-1.731788181631576,0.05404892328397468,-0.005391537077222225,-0.010970987135791883,2.0
0.6271579191780698,1.6078120506414233,0.16447253811065493,0.04453682933807298,3.0
0.5435648545183023,-0.9671902934371003,1.3326915647128552,0.07376814735242546,0.0
-1.73178818140573,0.05404854312124326,-0.0020241579572299107,-0.04363055255021717,2.0
0.5435648550109976,-0.9671917127056484,1.332671413305027,-0.024440221203067637,0.0
0.5435648544316635,-0.9671862716511772,1.337637766299269,-0.06281829089830865,0.0
0.5598736415336552,-0.6925168833562337,-1.4760996728612066,-0.0011147850594070143,1.0
0.5435648548482067,-0.9671886199760786,1.3343515940585067,0.03755406650057041,0.0
0.5435648544924984,-0.9671884042471268,1.3306089948618596,-0.03204909367648497,0.0
-1.73178818143188,0.05404757452358217,-0.009053924533890378,-0.021367623794775165,2.0
0.5435648554215347,-0.9671905771485424,1.3266704774109017,-0.012831141391399351,0.0
0.5435648550651863,-0.9671863820128812,1.3347243125184731,0.030499645412026693,0.0
-1.7317881814178546,0.054048911290227084,-0.004767942711357627,-0.005833127713056971,2.0
0.5598736415860984,-0.6925164552626074,-1.4856407633060646,-0.028509077120100496,1.0
0.5435648546206745,-0.9671902877373866,1.3292746559735813,0.034747105400691376,0.0
-1.7317881810516245,0.0540527314793597,-0.011135691525936747,-0.007779527091255556,2.0
0.5435648547960626,-0.9671892378735698,1.331102542327377,0.010337912097325312,0.0
0.5435648553616054,-0.9671902091784329,1.341841407195876,0.013553964066828197,0.0
-1.7317881817876937,0.05404886815146196,-0.001258030608104929,0.061351386441748784,2.0
0.543564854738828,-0.9671907241820485,1.33668949125231,0.007089272466006447,0.0
0.5435648550493258,-0.9671891958206171,1.3398767500330169,-0.07430932641598897,0.0
0.5598736414783994,-0.6925160295895736,-1.4814661941391074,0.027525586857343572,1.0
0.6271579198408657,1.60781086117397,0.16037531826676762,0.026271504099347705,3.0
-1.7317881815636862,0.054047311607476445,-0.004847379112084083,-0.05209983082792663,2.0
-1.7317881814873866,0.05405141507648082,-0.007062028894018303,0.022669537694686805,2.0
0.6271579200466818,1.6078137845670644,0.15686102733219626,0.007616497697834244,3.0
0.6271579199200772,1.607811200449077,0.16824381220145523,0.011430898956739505,3.0
0.5598736403341683,-0.6925188860007654,-1.4802600280225995,0.002407822104121585,1.0
0.6271579200895264,1.6078073290794286,0.16673538121735051,-0.024114660828527822,3.0
-1.7317881814299916,0.05405112281495104,-0.010390756413624453,0.018388478940613514,2.0
0.5435648544840445,-0.9671879393204289,1.333173442939485,0.027217920687809066,0.0
0.6271579201473823,1.6078109340769613,0.16208615035904794,-0.022019488530520204,3.0
0.5598736414662807,-0.6925126484013369,-1.4802984572129092,-0.058840133601556,1.0
0.6271579200232043,1.6078076586378942,0.16417617163591644,-0.0007758211663366759,3.0
0.5435648550198641,-0.9671883293125771,1.3289749225485574,-0.03653167875326222,0.0
0.6271579205785248,1.6078104171411889,0.15956999772368338,-0.0264919827005553,3.0
0.5435648549859994,-0.9671922727950436,1.3296208786510813,0.07328273269360915,0.0
0.6271579203537019,1.607811942630448,0.1614379743531327,-0.006883311108467694,3.0
0.6271579195712527,1.6078093481447904,0.16506706132576568,-0.033080388420687,3.0
0.5435648547656601,-0.967188967015571,1.3275119691678505,0.01567803406361377,0.0
0.6271579197952328,1.607811487618877,0.16404247554187862,-0.018139292938335997,3.0
0.6271579196556298,1.6078108909473543,0.15160749686772662,0.03174019295805968,3.0
0.5435648545252756,-0.9671924991513127,1.3276146705722809,0.04031289937397573,0.0
0.6271579199635319,1.60780948299588,0.15604699805839428,-0.007475289649311225,3.0
0.5435648546423762,-0.9671914053844214,1.3335965151756086,0.015728537183349992,0.0
-1.7317881802880217,0.05405195491462725,-0.007211675894801848,0.0009644806965846102,2.0
0.5435648544425,-0.967191935490409,1.3366204455010535,-0.026799424990951715,0.0
-1.7317881821700032,0.0540500819996989,0.0007405551829516533,-0.03097903943996125,2.0
-1.7317881816170226,0.054049460422444094,-0.00737940361931935,0.07767536954930716,2.0
0.6271579200312999,1.6078111984224437,0.16145022639021464,-0.0363829259330239,3.0
0.5435648544569975,-0.967188500558518,1.3266097962352947,0.05813530212316443,0.0
-1.7317881815979035,0.05405177571846714,-0.001816364566949657,-0.027889130193262925,2.0
0.6271579200720108,1.6078120729862853,0.15322665088957108,-0.03674794553290408,3.0
0.559873641281479,-0.6925170534977376,-1.477733628184846,-0.04296610520620243,1.0
0.5598736413748451,-0.6925145817150833,-1.482893122424682,0.0386507230883257,1.0
0.5598736413207264,-0.6925169962852163,-1.4801364381356317,-0.06299885112311916,1.0
0.5598736412813117,-0.6925157297852638,-1.4792025903166544,-0.011803757038286887,1.0
0.5598736415689078,-0.6925161457107274,-1.477820352747396,0.011046425514255354,1.0
0.5598736414708849,-0.6925156626418838,-1.4748326912870582,-0.004865202526499789,1.0
-1.7317881813638085,0.05405213085071198,-0.00984601273876111,-0.025884224572344336,2.0
0.5598736411158494,-0.6925167551758141,-1.476893137415497,-0.04345938263314207,1.0
0.5598736412690032,-0.6925153251128945,-1.4832154266347366,0.06548589614264089,1.0
0.5598736423284107,-0.6925163743583007,-1.483859229494603,0.00789878350509712,1.0
0.559873641545219,-0.6925157107005265,-1.481872917374343,-0.05667642349517221,1.0
0.627157919667779,1.6078132553931475,0.1599853764733608,0.06967723141416236,3.0
0.5435648547114181,-0.9671926154461105,1.337092384050712,-0.019091832054384156,0.0
0.5435648547591359,-0.967190448970178,1.3295760462904256,0.013287195721264721,0.0
0.6271579198127951,1.607811121194769,0.1643934207036297,-0.0260051830286741,3.0
0.5598736422848908,-0.6925183636564944,-1.4793156344988545,0.042906934390037656,1.0
0.5435648545886297,-0.9671917694994734,1.3358333181493227,0.025993266010037,0.0
0.5435648546254541,-0.9671909806586546,1.3315121661780727,0.08010794593650804,0.0
0.5435648545791371,-0.967190362670895,1.33791243163889,0.021876441163673425,0.0
0.6271579207686349,1.6078118772802779,0.1590381142485419,-0.04780769118235124,3.0
0.5435648549230767,-0.9671900621726522,1.3281357004977088,-0.047432483435482745,0.0
-1.731788181072429,0.054048790118209795,-0.007041061375005794,0.020542960446774696,2.0
-1.7317881819535825,0.054051011890337126,-0.010679959201587519,-0.03931059183172185,2.0
0.559873641170335,-0.6925130346106095,-1.4795695832610505,-0.027687258987253143,1.0
0.5435648546988648,-0.9671893363864664,1.3350979942855132,-0.029623054878333055,0.0
0.5435648550764244,-0.9671909160851307,1.339047111145325,0.00727485360910117,0.0
0.6271579199586604,1.6078113027272294,0.163647844245578,-0.0009723220992309573,3.0
-1.7317881815080196,0.05405118531574303,-0.004010032664122342,0.030523828165985596,2.0
0.6271579195231117,1.607811229502674,0.16530484234141307,-0.05505320615942742,3.0
0.5598736418579715,-0.6925168774604268,-1.4787593605257408,-0.05982542437526476,1.0
0.5435648552163571,-0.967189731501236,1.3282765794812261,0.01779664345723009,0.0
-1.7317881819331284,0.054050793269843404,-0.008709785223296481,-0.04397171607921051,2.0
0.5435648548719609,-0.9671890890933607,1.3331037058290824,-0.03631408668900469,0.0
0.6271579201236521,1.60781432515249,0.15729011938460669,0.029392028438441502,3.0
0.6271579200645628,1.6078109784142518,0.16164275689111401,-0.09341020200471684,3.0
0.5598736407130752,-0.6925151816860581,-1.4752993442633289,-0.049425932041810734,1.0
0.5435648547701016,-0.9671876090488106,1.3380995257211195,0.08111526855649616,0.0
0.6271579201835399,1.607811698687076,0.15417337142795898,0.025538826346649845,3.0
0.5598736413833896,-0.6925174395468062,-1.474048404440393,-0.02551108515716471,1.0
0.5598736414214667,-0.692515861300042,-1.4839566990017057,0.023659451457558264,1.0
0.6271579205327283,1.6078113792644588,0.15858418431205762,0.09184046325320318,3.0
0.6271579201136849,1.6078123729346685,0.1587442262314351,-0.009378877882600695,3.0
0.543564854735776,-0.9671872665194756,1.328648703852731,-0.004569543267111679,0.0
-1.7317881809322988,0.05405172220225984,-0.008610006072675229,-0.01458236572172597,2.0
0.559873641848954,-0.6925186012057912,-1.4690497973725702,-0.05613105044776374,1.0
-1.7317881813418914,0.05405061296181428,0.004857888221971718,0.017151269966603152,2.0
0.5435648547226195,-0.9671928835735738,1.3306737414847492,0.039169667363919816,0.0
-1.7317881815492844,0.0540539425723227,-0.0032532409700264764,-0.011523837486951564,2.0
0.54356485454603,-0.9671848380243755,1.337387563909131,0.05023074837992947,0.0
-1.731788181630482,0.05405166647634235,0.0017389333249149088,0.0660939184610754,2.0
0.6271579204700553,1.607814211965096,0.1599131296448611,0.10135725665928874,3.0
-1.731788182345254,0.05405000185257046,-0.0030883253019543602,0.04875891059865625,2.0
0.5435648544066884,-0.9671905083348048,1.3345885819078043,-0.03259580583089909,0.0
0.5435648548644714,-0.9671890104940516,1.334119271185647,0.040013542865764445,0.0
0.5598736414724147,-0.6925145154724188,-1.4829177266642914,0.03019767364707862,1.0
0.5598736419755471,-0.6925168150140736,-1.4770145778364108,-0.0099477729278934,1.0
-1.7317881815539586,0.054051840453933735,-0.00872276631159041,0.05851750633015636,2.0
0.5435648550015455,-0.9671872633127792,1.3293907604579205,0.06873724235142835,0.0
0.5435648539587628,-0.9671900588503025,1.3289488811474526,0.027849762358164203,0.0
0.6271579202190016,1.607806061424765,0.16261737884822083,-0.007123494280118158,3.0
0.559873642091769,-0.6925176740584336,-1.4792417194704306,-0.03635405026905677,1.0
0.5598736408980837,-0.6925179869079047,-1.4753775193754484,0.026420580896873075,1.0
0.5435648550249236,-0.9671907230601422,1.333964608952317,0.02752351303236194,0.0
-1.7317881822567387,0.054049465688105695,-0.01067920391401647,0.044025236844672425,2.0
-1.7317881813924283,0.05405080976012456,-0.018122633120688642,0.045921906657832176,2.0
0.627157920187578,1.6078121899607452,0.16594848475834895,0.01678443674965414,3.0
-1.731788181309177,0.05405058079166147,0.00657107692650129,0.01707112409010192,2.0
0.6271579203914459,1.6078122003139752,0.1627429962640276,-0.013143726230780766,3.0
-1.731788181977768,0.05405413343473473,-0.002020821275132295,0.01676639609293672,2.0
-1.7317881817026415,0.054047668796032136,-0.00771262082915439,-0.06500159826608032,2.0
-1.7317881814204352,0.05405322202860416,-0.0001029106000262226,0.04833502356982423,2.0
0.5435648552533004,-0.9671902264781106,1.3333297304354945,-0.026487460136120078,0.0
0.627157919767295,1.6078093145693213,0.1636071992105789,-0.032834585177783544,3.0
0.6271579195994644,1.607812547501448,0.15902748548624446,0.03210880505408189,3.0
0.5598736417333686,-0.6925170703269252,-1.4801954949209701,0.009335418665325747,1.0
0.5598736417608978,-0.6925157091127464,-1.4813974723394612,-0.03223967907022491,1.0
0.6271579198482329,1.6078124237671596,0.16660946491590764,-0.01916289679727478,3.0
0.5598736416687551,-0.6925158814423515,-1.4764656292668275,0.009123787326124427,1.0
0.5598736408608908,-0.6925148077422923,-1.4779350663380988,0.0012984932744972417,1.0
0.5598736412318102,-0.6925168655459132,-1.4758287219398374,-0.02160771098970173,1.0
0.5598736411655815,-0.6925141582323506,-1.4806557853626168,0.02300002386694054,1.0
-1.7317881811146996,0.054050440068319695,-0.008432473652027353,0.026992379424664717,2.0
0.5598736413525541,-0.6925148067740623,-1.4775927034238756,-0.08904421943019492,1.0
0.6271579201112095,1.6078107844324547,0.156863605951795,-0.00963778668341878,3.0
0.5598736414138856,-0.6925147331743231,-1.4811638698991985,-0.005473367035223317,1.0
0.5435648549685848,-0.9671905801399444,1.3358181040930928,0.0546317656294313,0.0
0.5435648545397018,-0.9671894110446368,1.3337304085254333,0.06330846528642507,0.0
0.6271579207084023,1.607810625618243,0.1662869236759318,-0.0022667741588146086,3.0
-1.731788181828812,0.05405004658076161,-0.0002583686329669586,-0.010020952900266033,2.0
0.5598736415030836,-0.6925142465546794,-1.484484866052001,-0.011716827720343681,1.0
-1.7317881812714941,0.05404982548248292,-0.012697491724757358,0.004669489445375647,2.0
0.559873641236904,-0.6925144687738302,-1.4818036878615257,-0.00425731944166436,1.0
0.6271579197295213,1.6078115637082304,0.15695745657235002,-0.03328825788749508,3.0
0.6271579204657642,1.6078098238308947,0.15529033968620645,0.06448480059213431,3.0
0.5598736419075107,-0.6925168629957179,-1.483866550190621,-0.010106089982721424,1.0
-1.7317881816312484,0.05405082768863194,-0.0070503708102276595,-0.04799332304409158,2.0
0.6271579200376642,1.6078114856139363,0.1545048202962773,0.016329296968064348,3.0
0.5435648548339126,-0.9671901058644796,1.3314412819406614,0.050540301432798196,0.0
0.6271579202323189,1.607810163088759,0.15931045678106873,0.018912457603675818,3.0
-1.731788181538131,0.054049929183642244,-0.0009308250309944709,-0.012590931203651599,2.0
0.5598736417544202,-0.6925156423219189,-1.4840648374677667,-0.00853872596799952,1.0
0.5598736420863056,-0.6925165737106469,-1.4802839221612547,0.012356266858151074,1.0
-1.731788182041255,0.054052651816415505,0.00045654972892663785,0.08154052532449385,2.0
-1.731788182137317,0.05405052226381536,0.002400368897632484,-0.014808611486029445,2.0
0.5435648540905484,-0.967189051396699,1.3300034448736517,-0.027623956418525424,0.0
0.627157919669357,1.6078089371741426,0.16000205843832233,-0.02045309127695164,3.0
0.5598736410959465,-0.6925163213572956,-1.4798219853729602,-0.03572001467838273,1.0
-1.7317881817768037,0.054052425764845494,0.00010038328040955597,-0.04278753236547729,2.0
0.627157920475888,1.6078128045357076,0.16987966245180355,-0.04658537341018934,3.0
-1.7317881814523832,0.05404966963511398,-0.001497973390487911,-0.028014576030858288,2.0
0.5598736413045428,-0.6925156367311066,-1.4791986150086607,-0.007730577834553352,1.0
0.6271579200023089,1.6078121449511174,0.15967681724412608,-0.018840602676167724,3.0
-1.7317881816106218,0.05405002359513303,-0.010779115335766826,-0.00356611624319816,2.0
0.5598736411087416,-0.692514291572087,-1.4821920544612257,0.006642992759215221,1.0
0.6271579199046053,1.6078126623317268,0.16129751302567438,-0.050325477142369346,3.0
0.5598736415070648,-0.6925164612842081,-1.4743623330072275,-0.010216607589307489,1.0
0.6271579199452816,1.6078119128601616,0.1565808552143164,-0.0076666583464995,3.0
0.6271579201533013,1.607810365426201,0.16118130048338714,0.012990823879318176,3.0
0.559873640971722,-0.6925154663875974,-1.4822737724595685,0.041413860142203884,1.0
-1.7317881809812312,0.05405039280890427,-0.005539121592423718,-0.00859720641328725,2.0
0.6271579196570778,1.6078125578667886,0.15230915095775124,-0.03134679450227773,3.0
0.5598736411723989,-0.6925155055639762,-1.4778450617736358,-0.031023026885419774,1.0
0.5598736407495067,-0.6925161674505171,-1.4796520016542354,-0.017601319141913322,1.0
-1.7317881815989709,0.05405147419131165,-0.008626852004155779,0.008394042958145685,2.0
-1.7317881807386135,0.054053157124188976,-0.013339223646508065,-0.05841774611833351,2.0
-1.7317881816250693,0.054050819252373865,-0.00020271730203999666,0.016388012009717724,2.0
-1.7317881813105012,0.054049435894865945,-0.0008963432592040331,0.016584376805744334,2.0
-1.7317881808784785,0.05405013701442217,-0.009008561077267574,-0.024584176754450182,2.0
0.543564854859889,-0.9671904262850327,1.3333912614474221,0.048244080766343386,0.0
0.5435648549959746,-0.9671879294600806,1.3266209045984743,-0.026490671632976092,0.0
0.6271579198706251,1.6078104265823518,0.15917563854281058,0.009741362636101952,3.0
-1.731788181442671,0.05404736468520432,-0.003041486890736011,0.03350566794341022,2.0
-1.7317881807379567,0.05405137966209139,-0.011819430872129024,0.02253376856794587,2.0
0.5598736416723455,-0.6925152661086426,-1.4828355399906301,-0.004250195916424759,1.0
0.5435648537029535,-0.9671910899225835,1.3288889835846682,-0.08220442507544473,0.0
-1.7317881816534892,0.05404976415294479,-0.00263611046622396,-0.011149216295988914,2.0
-1.731788181598544,0.05405253393935022,-0.006789887634328547,-0.01729352678436774,2.0
-1.7317881815070435,0.0540500398673111,-0.006120730290977068,-0.07262462757377112,2.0
0.5598736410462475,-0.6925142495742477,-1.4788996324337744,0.016098599677643138,1.0
0.5435648550472103,-0.9671914447511079,1.3346488307919924,-0.09705500916158258,0.0
0.5435648549187216,-0.9671901849990363,1.3358256372599397,0.0008234590651715485,0.0
0.5598736415275056,-0.6925153434597633,-1.4789976108108311,0.009841788308084975,1.0
-1.7317881819921461,0.05405076606261975,-0.003314005250135961,-0.042749722274438094,2.0
-1.7317881815999767,0.05405174298759009,-0.006881429004338321,0.014023740661517696,2.0
0.5598736415200647,-0.6925167738521619,-1.4801850863360615,-0.0045393071922056666,1.0
0.5435648547470878,-0.967188022048527,1.3359192414332726,-0.0902895081634658,0.0
0.5598736418913757,-0.6925166402382643,-1.481068995515871,-0.026506568278673027,1.0
0.5435648547700491,-0.9671916642907397,1.3329424679784687,0.0026130513418296114,0.0
0.5435648546083854,-0.9671899810480633,1.335715863198145,0.10512432934929487,0.0
0.6271579208455866,1.6078136680783446,0.16041199285819874,-0.018406891842639172,3.0
0.5598736411541676,-0.6925191058575664,-1.4747968622827483,-0.014852026840362416,1.0
0.5435648543401388,-0.967190921395798,1.3360897524697912,-0.027385741219349124,0.0
0.543564855654225,-0.9671895087063025,1.3311603168118218,0.030832977085862412,0.0
0.5435648540857574,-0.9671891293207553,1.3327053500164114,-0.04238980849404565,0.0
-1.731788181191849,0.05405415044254669,-0.007199705269147939,-0.02949282015206781,2.0
0.6271579197912085,1.607808989139194,0.16238062141237752,0.0061334064097955466,3.0
0.6271579199165365,1.607811667697749,0.1571822944498323,-0.03829728447244199,3.0
-1.7317881815692924,0.054051836267444704,-0.00790098623505097,-0.018417972546773846,2.0
0.5598736410847608,-0.6925164780656927,-1.4775860107616041,-0.03488139521002571,1.0
0.5435648547877199,-0.9671888075318175,1.3354836787788587,-0.04718220822109607,0.0
0.5435648551581597,-0.9671895540810819,1.3339857145932645,-0.014103370924639346,0.0
-1.7317881812768992,0.0540489124572904,-0.00357492659354683,0.001713637464234624,2.0
0.6271579196433512,1.6078121070057156,0.15983788498574017,0.009340913394162587,3.0
0.627157919502786,1.607811557655083,0.16279251922445281,-0.023009750719758207,3.0
0.6271579199260786,1.6078114608179215,0.15861115837231082,0.08910495105259326,3.0
-1.731788181595873,0.05404846828503286,-0.006381412697393228,-0.0113399735596515,2.0
0.5435648548116706,-0.9671855620944773,1.327964615862171,0.0980499720325336,0.0
-1.7317881821201628,0.054052911764978104,-0.002834362388382906,-0.012562048818325885,2.0
0.543564854473995,-0.9671898706741687,1.331197534942215,0.05528519584615698,0.0
0.5435648547587586,-0.9671908765603854,1.3400454907882204,0.08723837848445018,0.0
0.6271579195186562,1.6078096910837343,0.16028675482849414,0.01161807691363361,3.0
0.5435648549299072,-0.9671872113080577,1.3405231268569486,0.029619762987419314,0.0
0.5598736416174073,-0.6925188921419725,-1.4785539522815683,0.06526915333290288,1.0
0.5598736416192468,-0.6925164288090029,-1.478637142929769,-0.03211708326450667,1.0
0.5435648545350371,-0.9671872417119644,1.337954771752759,0.029743277275342032,0.0
-1.731788180721805,0.05404918550439634,-0.01154502181354998,-0.06742806340628382,2.0
0.5598736417749991,-0.6925176759544811,-1.4784711106116317,-0.005338490580944538,1.0
0.5435648546406575,-0.9671890814837939,1.3296012486193325,-0.024512829380381733,0.0
0.5435648544602218,-0.9671914031884453,1.332755770826365,0.08924254611096523,0.0
-1.7317881813320506,0.054052805244679016,-0.0036674473985192904,0.05120357174156477,2.0
-1.7317881808589615,0.05405182728485323,-0.001927403468182042,0.012771788599233362,2.0
0.6271579192727169,1.6078113889458534,0.16404161991914695,0.02862780868562521,3.0
0.6271579198141769,1.6078111523713503,0.1631660805739108,-0.040424653477850035,3.0
0.6271579201280069,1.6078114011756584,0.15728117779222064,-0.05304603723813828,3.0
-1.7317881815534295,0.05404540327929363,-0.006448669301960087,-0.02075703061449423,2.0
-1.731788181797393,0.05405100073736247,-0.0067059952626452425,-0.028515660507678977,2.0
0.5435648548173254,-0.9671882127620839,1.3350543903462948,-0.04255196051747621,0.0
-1.731788181527469,0.054050405299961454,-0.0031681617628703434,0.012881866308542605,2.0
-1.731788180720665,0.054051030476474915,-0.006505404006595036,0.056507401486747946,2.0
0.6271579196667073,1.6078109828744331,0.1594891154812588,-0.015288759331020673,3.0
0.5598736417930147,-0.6925178204869389,-1.4741941082898693,-0.016150844858255516,1.0
0.5598736415298625,-0.6925160610364072,-1.4746343035088567,-0.10457432194991421,1.0
0.627157919355194,1.607807156101062,0.16065625712319506,0.058336648457630466,3.0
0.5435648551163554,-0.9671916659803614,1.333725602336248,-0.008779259940828421,0.0
-1.7317881815186564,0.05404982750958365,-0.005564962128207684,-0.028775160246506847,2.0
0.6271579199392888,1.607811248554323,0.16316741167523863,0.007524554472128017,3.0
0.5598736413298182,-0.6925153785628931,-1.4798705719311733,-0.0009479464316122125,1.0
-1.7317881810853146,0.05404947832246287,-0.009756159833933005,0.031071101662267567,2.0
-1.7317881811937377,0.05404960297348792,-0.004728638501680953,-0.03590235359711048,2.0
0.5598736412757483,-0.6925149599819884,-1.4765534608441324,0.046176141294950575,1.0
-1.731788180959719,0.054052239231075036,-0.008168722923070158,-0.005917570995569485,2.0
0.6271579202212512,1.6078149374451147,0.15866429940329402,0.003911195736042262,3.0
0.5598736414043551,-0.6925165345743513,-1.4771646625364883,0.05352611389176485,1.0
0.6271579195312478,1.607810131272541,0.1610993117527034,-0.02246854681787302,3.0
0.5435648545019455,-0.9671904241285523,1.3369555559194612,0.021453414222491366,0.0
0.5435648552411463,-0.9671909428125632,1.3343191137403092,-0.01929552364674174,0.0
-1.7317881809534852,0.05404993145345327,-0.002170298635024219,-0.052403525981698396,2.0
0.5598736419706944,-0.692515611682703,-1.4746255638197592,-0.00029456522541664455,1.0
0.5598736414092181,-0.6925169300144653,-1.479930100977685,-0.005320537830059009,1.0
-1.731788181280821,0.05404993204490951,-0.009413614048106235,0.012515853997976556,2.0
-1.7317881813799085,0.05405041153225832,-0.004739841588442496,0.005329391172402385,2.0
0.5598736412736844,-0.6925177715477646,-1.479256189859096,0.030862053545883512,1.0
0.5598736417107391,-0.692515975702985,-1.4747390921617756,-0.017915297676037063,1.0
-1.7317881827081265,0.054050503510058565,-0.0015000678934441781,-0.05008860503875861,2.0
0.627157920237051,1.607811341778874,0.1639146141367361,0.003576186230606299,3.0
0.6271579197372666,1.6078123669343283,0.16705184194687364,-0.027057216003534557,3.0
0.6271579198640302,1.6078114591109773,0.1550113735627125,-0.027131975066921502,3.0
-1.731788181175324,0.054053166246294505,-0.001602067887832729,0.06281821239680654,2.0
0.5598736418963599,-0.6925139335879631,-1.4803257470649898,0.009345607024293365,1.0
0.5435648544642574,-0.9671900176824589,1.338147210660443,-0.011928052053231166,0.0
0.5435648550871622,-0.9671889586914074,1.33226868377484,0.0013545456917251955,0.0
0.5435648546235898,-0.9671908616201973,1.337485384443676,0.01704230227382127,0.0
-1.7317881817849428,0.0540511502583787,-0.007255111555661665,-0.02006224549721238,2.0
0.5435648548481548,-0.967190447970268,1.3270991232046814,-0.02100120765200176,0.0
0.5598736420450773,-0.6925166903307305,-1.4706079197599269,0.0030196364046889143,1.0
0.543564855158121,-0.9671858244374512,1.334042152391967,-0.012608579862724519,0.0
0.5598736417204759,-0.6925154796373799,-1.4771216419229005,0.030340126775021594,1.0
0.6271579190482258,1.607813255467673,0.15869361464022616,0.027160436475608153,3.0
0.5598736420975522,-0.6925150750952133,-1.4757161480100385,-0.062496484416319685,1.0
0.5435648546114662,-0.9671929920372505,1.3365417913660376,-0.02632590078519831,0.0
0.5435648550642297,-0.9671873759500224,1.3400968210633926,-0.056878683790774924,0.0
0.5435648545612387,-0.9671930815847557,1.3420055627406022,0.02494749536287467,0.0
-1.731788181345537,0.05404853532150164,0.0007522919776912219,-0.021339474515494,2.0
0.5598736416916569,-0.6925149963106771,-1.477540704957436,-0.029840404555875322,1.0
0.5435648552501787,-0.9671887909278615,1.3301832301132772,-0.009764813885921422,0.0
0.6271579199657217,1.607810539416228,0.1653020014485765,0.030108256642614184,3.0
0.6271579198038029,1.6078108130023183,0.16542237901224985,-0.007876341839376187,3.0
-1.7317881806235018,0.05404859281383808,-0.0031571167861335213,-0.06067254645220501,2.0
-1.7317881819027565,0.05405158730900031,-0.007334186514832587,-0.01607040660626388,2.0
0.5598736414176337,-0.6925161223782963,-1.478277174698479,0.027466720192834863,1.0
0.5435648541952784,-0.9671885674839253,1.3346080058413492,0.03760942982207267,0.0
-1.7317881810822644,0.054050385328361074,-0.007737245931762664,0.014020735016687809,2.0
0.627157920388844,1.607813497402354,0.16040987937957848,-0.04026097204888734,3.0
0.6271579196655928,1.607813739887383,0.16169771727093782,-0.02083758326678192,3.0
-1.7317881817033556,0.054050301410635014,-0.003990113110327938,0.030581189415439275,2.0
0.6271579200253125,1.6078125738408942,0.15954198209804224,0.1040465725692625,3.0
0.6271579203830036,1.6078118655506162,0.1604727176910922,0.02320725413379985,3.0
-1.7317881810062643,0.054048484328006,-0.0026424449501743666,0.027125223389750548,2.0
-1.7317881811440137,0.05404889097326065,-0.00770305109698884,-0.06788680405817273,2.0
0.5598736417071888,-0.6925168550636654,-1.4837114197287478,-0.016728401012015594,1.0
0.5598736412789708,-0.6925160151711168,-1.4803178756935185,0.004292089749480674,1.0
-1.7317881815541685,0.054052092222305004,-0.012637952192912381,-0.027546738349498206,2.0
-1.7317881812017277,0.054049107809436336,-0.006642101247879948,0.012858093254842199,2.0
0.5435648540530914,-0.9671890359064537,1.3286196090882318,0.03739179430255635,0.0
-1.7317881816324385,0.05405207393437964,-0.00045791499431853205,0.0023050914893908733,2.0
0.627157919930752,1.6078093079905205,0.16534470435082457,-0.008083973375885737,3.0
0.6271579204211168,1.6078131929257247,0.15219115521800008,0.009291961063477181,3.0
0.627157919878881,1.6078157741212766,0.16313366199053353,-0.021569983989605596,3.0
0.6271579196444976,1.607810399510917,0.16070654256178987,0.00897250105813143,3.0
0.5598736408802338,-0.6925168977054939,-1.4771072044376832,-0.05316024132213841,1.0
0.5598736414484128,-0.6925149764388966,-1.4792529155203467,-0.00017982959786325608,1.0
0.5598736414267138,-0.6925166402311793,-1.4798773759372197,-0.03855894514250832,1.0
0.5598736414685154,-0.6925134684981611,-1.4783079641456254,-0.016327282566728926,1.0
0.5435648555620326,-0.9671920218973226,1.323885015555273,0.023945980747946113,0.0
-1.7317881808152809,0.0540525261661247,-0.00991014223507309,0.05057174328273933,2.0
-1.731788181727226,0.05404898844375766,-0.0045063367778731865,-0.0012782374648156283,2.0
0.5435648552219461,-0.9671904854899819,1.3364742501995468,-0.02547777124770003,0.0
0.5598736417875939,-0.6925159745987652,-1.4822466939703502,-0.0018920696141889644,1.0
0.5435648544750232,-0.9671913620315065,1.3371434257467054,0.013863132662377892,0.0
0.5598736410270352,-0.6925155991760095,-1.4711694536015514,-0.022505489887190176,1.0
0.6271579203229586,1.6078105358623886,0.16210723795720403,-0.057524741911292344,3.0
0.6271579200103464,1.6078107426265313,0.15774870217056597,0.01755546964229729,3.0
0.6271579195813339,1.6078104273944664,0.1597616840114527,0.0002663613218051438,3.0
0.6271579194376389,1.6078110740650173,0.15523613959417967,-0.04106789829746496,3.0
-1.7317881811210387,0.05405188940904721,0.0013486158513045313,-0.025745539225748054,2.0
0.559873642667045,-0.6925156876502402,-1.4767036078534421,-0.060094653238330374,1.0
0.5435648547596216,-0.9671918716927094,1.3349400836323666,-0.006378145708138905,0.0
0.6271579196906795,1.6078123095904857,0.16438951412617053,0.03869324010720601,3.0
-1.7317881812704985,0.054053280857526,-0.004963332269706584,0.07259324306349108,2.0
-1.731788181670643,0.054048610447427564,-0.0009508213197140837,0.058469767804406825,2.0
0.5435648541796975,-0.9671888408546797,1.3370856649662357,-0.03393357903234218,0.0
-1.7317881820294443,0.054051826260641055,-0.0004623985555882342,0.02273356540713924,2.0
-1.7317881804434752,0.05405194877129375,-0.0007502048493813317,-0.058256781804073135,2.0
0.5435648551032306,-0.9671893709745029,1.3318062055732867,-0.0077266141962167665,0.0
0.5435648543539664,-0.9671919044126334,1.3312518657050045,0.0013863849259522748,0.0
0.5598736411597718,-0.6925142633629024,-1.4808813683318471,0.0546729988355094,1.0
0.5435648542813438,-0.9671923239605377,1.3370943352905584,0.0589406515871514,0.0
0.5598736414312553,-0.6925153546666184,-1.4716486059135512,0.026350509334543068,1.0
0.5435648551547154,-0.9671917641305027,1.3364454180322332,-0.019017421977228697,0.0
-1.7317881821586323,0.05404582448208456,-0.003074667291064934,0.024860151077499566,2.0
-1.7317881816335208,0.05404734219333756,-0.0001704192704012852,-0.005314089885646573,2.0
-1.73178818090118,0.05404701992828476,-0.004398200557736576,0.027872614389244908,2.0
0.6271579203844001,1.6078111265843995,0.16398585489927162,0.03803638096487168,3.0
0.6271579204538807,1.6078095736062101,0.16029774109387296,0.025414618312662788,3.0
0.6271579196031526,1.607809512185415,0.1684335499702597,-0.06951839028840753,3.0
0.5435648555046088,-0.9671891096026556,1.3351715511361215,0.007831940483744167,0.0
-1.7317881816741532,0.054051454750735375,-0.012719951396466768,0.002967863231971825,2.0
-1.7317881812951097,0.05405033726349593,0.004781458571740742,-0.01382180757118597,2.0
0.5435648550208293,-0.9671857023082244,1.330008780727123,-0.007699408397928921,0.0
0.5435648553949539,-0.9671926421039607,1.3251504427679108,-0.012399047223820193,0.0
0.5598736414810215,-0.6925170679677423,-1.4801666544770193,-0.010550684936382983,1.0
0.627157919804354,1.607811430137575,0.15710331166070932,-0.06713615954006787,3.0
0.5435648548216887,-0.9671890848959984,1.3366320706303765,0.019212253650679096,0.0
0.6271579197445952,1.6078127849763466,0.15771611161884574,0.001999893305557231,3.0
-1.7317881810725728,0.05405313243964137,-0.010549622834594347,-0.015103909560953985,2.0
0.5435648548297607,-0.9671926779950349,1.3401285726803833,-0.017749844980364714,0.0
0.5435648541485463,-0.9671893113071873,1.3330961366315748,0.07334793311340419,0.0
0.6271579203574065,1.607812517432389,0.1583299830807071,-0.016635631151815742,3.0
0.5435648546435535,-0.9671905489091608,1.3263653086042788,0.10745968950376551,0.0
0.5598736415591966,-0.6925166181500748,-1.4771944748960157,-0.05807979417941646,1.0
-1.7317881812202098,0.0540513239329107,-0.009959107091439117,-0.018750101665314347,2.0
-1.7317881815895437,0.0540491144532868,-0.01257309521758072,0.006750682228369887,2.0
0.5598736416987958,-0.6925154368564121,-1.4842190390476804,-0.023717650161679323,1.0
0.6271579203571584,1.6078139588824152,0.16008384174688034,0.04140476584323135,3.0
0.5435648539510545,-0.9671933922487538,1.3332511602423993,0.012609154923424766,0.0
0.6271579197538413,1.6078119958509776,0.15938946285602973,0.029086915394875665,3.0
0.5435648551034107,-0.9671907793797889,1.3355078231580833,-0.008977461681228333,0.0
0.5598736418538902,-0.6925163554686591,-1.4780451185273713,-0.05440445978922076,1.0
0.6271579202874625,1.6078105891970398,0.16315539915646712,0.024695168454499716,3.0
-1.7317881817192466,0.054050257299867156,-0.006919256758075998,-0.03734489666492505,2.0
0.5435648548338781,-0.9671864528874317,1.3319259834883028,0.05790531067911969,0.0
0.5598736417738012,-0.6925166459320437,-1.479911530114794,-0.018693303774230157,1.0
0.6271579204940751,1.607810963773172,0.1625875498540387,0.02605564502337071,3.0
-1.7317881807958904,0.0540491310951522,-0.005364973849226346,-0.03258010947972048,2.0
-1.7317881815026845,0.054051294810947996,-0.002165947137497797,-0.06157294418697452,2.0
-1.7317881817221907,0.05404847354280178,-0.004278881500887139,-0.020587928175900813,2.0
-1.731788181465841,0.05405167462330989,-0.00044857171208145493,-0.011278722268024817,2.0
0.5598736419690241,-0.6925147718222474,-1.4783713891191232,-0.054799084658948706,1.0
0.5598736407157543,-0.6925177612811162,-1.475090170350524,-0.012265421965170656,1.0
0.5435648549832808,-0.9671902119390395,1.3383255636850704,0.043888449645548264,0.0
0.6271579201061465,1.6078110619343475,0.15983347913521723,-0.006495984231637845,3.0
0.5435648553817453,-0.9671903519136902,1.3243912804485745,-0.04796434018818249,0.0
0.6271579204935706,1.6078110531236103,0.15920802496581568,-0.01092542452725087,3.0
0.6271579200725145,1.6078128236733495,0.15712834481997068,-0.04928697611076837,3.0
0.5435648548675355,-0.9671901546481951,1.3346037348168711,0.03578277340469726,0.0
-1.7317881819513565,0.05404992791814792,-0.0040966780980536644,0.0003058796936710038,2.0
0.6271579202570263,1.6078124175529747,0.16818837605985396,-0.07202901644179409,3.0
0.5435648539548411,-0.9671913438231116,1.3347187881985192,0.07508909335478356,0.0
0.6271579195166749,1.6078101830435099,0.160442401136281,0.018111474440171863,3.0
-1.7317881817344052,0.054048884326115716,-0.004438484329879657,-0.025138175220599978,2.0
0.6271579199479053,1.6078133947832534,0.15917666674043293,0.013602801782782453,3.0
0.5435648543946014,-0.967190149279341,1.339643102265913,-0.04279747207888039,0.0
0.627157919108077,1.6078117325741812,0.16785875378933102,-0.06853905336597936,3.0
0.5435648550762189,-0.967189446879241,1.3332904534679337,0.005358471994148483,0.0
-1.7317881807272364,0.054050672597617616,-0.007572225079483491,-0.05157644539572638,2.0
0.6271579192917607,1.6078115473487522,0.15707509348436444,-0.015200761576050823,3.0
-1.7317881812763367,0.05404816396194068,-0.001914654955889305,0.05103696150530158,2.0
0.5435648547712584,-0.9671892217143939,1.33875116643554,0.024923821746078482,0.0
-1.7317881812967222,0.05405391862971311,0.0057660017133082985,0.05233398692522288,2.0
0.6271579202611709,1.607811357549932,0.15854665265413112,-0.052029564994302294,3.0
0.5435648547493381,-0.9671922922752926,1.33870906672044,0.02247231481942697,0.0
0.5435648546042614,-0.9671869499627552,1.3302490977932935,0.02198890041845332,0.0
-1.7317881815042642,0.05405153777582241,-0.009689198156095015,0.05632759765040747,2.0
0.5598736413120444,-0.69251475329424,-1.4769754482793438,-0.00048744894550164,1.0
-1.7317881812093014,0.054049996719959775,-0.00276092186939279,0.008183402413349137,2.0
0.6271579201265437,1.6078125377058525,0.15805138836168317,-0.003110439305210631,3.0
0.559873641499403,-0.6925160101860478,-1.4733517680063173,-0.0539004218928243,1.0
0.6271579198989095,1.6078105354460626,0.1576096693289803,0.031714555134012064,3.0
0.5435648545350017,-0.9671916052233948,1.3315890701155844,0.049323786735269014,0.0
-1.731788181371063,0.054049129653132647,-0.0060719174827547065,-0.020991249717937175,2.0
0.5598736409872849,-0.692513817369181,-1.4764844639795751,-0.027067474153241126,1.0
0.5598736420861457,-0.692516442132887,-1.482111225448814,0.00950583127274065,1.0
0.5598736418095397,-0.6925161786800909,-1.4779295418529648,-0.039061381058430295,1.0
0.5435648545781655,-0.9671881399107536,1.3321967337321112,-0.031539580282729095,0.0
-1.7317881822627144,0.05404999998233079,-0.004331606278813684,-0.04723444524565785,2.0
0.5598736413354352,-0.692512514407189,-1.4808833949347304,0.05508443598492503,1.0
0.5598736419967666,-0.6925150250951618,-1.4840244035639918,-0.02397950538612429,1.0
0.6271579198668797,1.607814064731835,0.15629099104250818,-0.06420954233528862,3.0
0.5435648544901188,-0.967189692652752,1.329078856609953,0.10485025875588509,0.0
0.6271579198849292,1.6078084863894668,0.1544882267377378,-0.013427871349483932,3.0
0.6271579199634291,1.6078081325389393,0.16288964836069977,-0.03356942257634833,3.0
0.6271579194625232,1.6078107308487803,0.1644638416925533,-0.003945125479343683,3.0
0.6271579204351125,1.6078090320676683,0.15399813551236358,0.007457562415401622,3.0
-1.7317881817531349,0.054049831250215286,-0.009024312562625243,-0.07768454193171252,2.0
0.6271579199691227,1.6078131385480994,0.15592237811499765,-0.06544156026700454,3.0
0.6271579201653833,1.6078102572632178,0.1568972400911816,-0.008204967924087916,3.0
-1.73178818193122,0.05404985673714523,-0.0015422345624041206,-0.019530444977698132,2.0
0.6271579196655512,1.6078115966480628,0.16328666446120002,0.01853345307660761,3.0
-1.7317881810007623,0.05405092891720444,-0.004978073644353743,-0.020947209440959465,2.0
0.5435648544199274,-0.9671875700276092,1.3306625268065906,-0.015609243561524907,0.0
0.543564854191603,-0.9671913120644311,1.331188867936752,0.0063809939025655455,0.0
0.5598736409671602,-0.6925165752644137,-1.4774958312573905,0.0439044886544293,1.0
0.5435648543408778,-0.9671901513131116,1.3316011810755923,0.0050149568068980155,0.0
0.6271579188318414,1.6078109840996246,0.15389511266681066,-0.06665293277413432,3.0
-1.7317881814755351,0.054051569059157145,-0.012471152546874146,-0.027629913035813962,2.0
0.5598736413442997,-0.6925151571889941,-1.4843650854767354,-0.02366928904569987,1.0
0.6271579195805641,1.6078131946511687,0.16130431679866714,-0.01137630443394599,3.0
-1.731788181929133,0.054047619326045925,-0.004685117826692214,-0.0364459234758979,2.0
0.6271579195404673,1.6078115410388578,0.1569857631262477,-0.016882442519658244,3.0
-1.7317881811780707,0.05405069294176781,-0.0029211097256994917,-0.009205999951973765,2.0
0.5598736421114329,-0.6925160053290993,-1.4756255653317008,-0.0119031564457101,1.0
0.5598736408822673,-0.692516562153904,-1.4726341858939123,0.024026791674565257,1.0
0.5435648545509121,-0.9671894449531403,1.3256816190387046,-0.012236058732133837,0.0
0.6271579202743035,1.6078129973981818,0.16571466608206264,0.053214028215892474,3.0
0.5598736412472338,-0.692515819146989,-1.4778288951190777,-0.09385118540962205,1.0
-1.7317881816875664,0.05405059594445391,-0.008860936117867344,-0.027032412981506635,2.0
0.6271579198478875,1.6078106848900624,0.15803354008727527,-0.016866655439013396,3.0
0.5435648549522353,-0.9671932798593462,1.332474918432276,0.06543923633181675,0.0
0.5435648550054571,-0.9671903257073421,1.3284037323612496,-0.055861395396179785,0.0
0.5435648546982907,-0.967190345767441,1.3236118507713919,0.03004532388284568,0.0
-1.731788181430764,0.05405015346438745,-0.0030553691075110496,0.0012496571495500316,2.0
-1.7317881806933684,0.05404974412568084,-0.003225286672978513,0.09406944933821589,2.0
0.559873640830511,-0.6925172789553964,-1.4800909343230455,0.0390564325526027,1.0
0.5598736412676629,-0.6925162124541518,-1.4779232356354808,-0.02744709973490917,1.0
0.627157919706398,1.6078105382993848,0.1571937692899757,0.0007700333363217845,3.0
0.5598736409206809,-0.6925172585477106,-1.4741884738860462,-0.031290757599650366,1.0
0.5598736406550356,-0.6925176387509947,-1.479964580535403,-0.027528514310523278,1.0
0.5598736408660653,-0.692515930318728,-1.4765993598348879,0.00569099738151521,1.0
0.5598736412421954,-0.6925179040940542,-1.4823532473281735,-0.02814812164579853,1.0
0.5435648553507746,-0.9671902989623171,1.3284010681117615,0.007509796252270438,0.0
0.62715792011593,1.607809045356433,0.16233464886482274,-0.010898823328057193,3.0
0.5598736413514674,-0.6925156237323439,-1.47822352067433,-0.0020256147659521878,1.0
0.5435648547130869,-0.9671925747178499,1.3312142909835771,-0.0018335895980085943,0.0
-1.7317881802141588,0.05405290957523522,-0.0035707301745607654,-0.012352116542112632,2.0
-1.7317881815866623,0.05405367941103957,-0.004829715588351019,-0.0074948567753392046,2.0
0.6271579202542713,1.6078107358069935,0.15733893673454102,-0.05173191095958052,3.0
0.5598736415970826,-0.6925145987639085,-1.4780184165556287,0.007078831979615326,1.0
-1.7317881814768654,0.05404888514355083,-0.006349981231865076,-0.025154749842876075,2.0
0.5598736407131183,-0.6925158707734712,-1.4746564197855578,-0.0036159330146356846,1.0
-1.731788182063472,0.054047957342944174,-0.003380070084858787,-0.00660541214300161,2.0
-1.7317881804024151,0.054052272468553146,-0.012363077278140192,0.024072513756270692,2.0
-1.7317881811126197,0.05405136875686695,-0.0026881146540036665,-0.03607172898931248,2.0
0.543564854382308,-0.9671885200019079,1.3321979267257187,0.05596640587860606,0.0
-1.7317881809521996,0.054050753193846404,0.002119211938557205,-0.011493660290787688,2.0
0.543564854904989,-0.9671922138652034,1.33384806674016,0.03455560205375727,0.0
0.543564854691337,-0.9671918873363687,1.333910486313701,-0.036437076654392,0.0
0.543564854821126,-0.9671892433632392,1.3303170553993162,-0.031408482105443086,0.0
0.5598736415552236,-0.692512150331358,-1.4748233917866995,-0.008210168115430573,1.0
0.5598736413035704,-0.6925167590433702,-1.4793024401455392,-0.031382387375455456,1.0
0.5598736410807815,-0.6925140227147616,-1.4771407796697866,-0.05694633037242963,1.0
-1.7317881804963287,0.05405066580156451,-0.006593207232875023,0.0051731027626930656,2.0
0.5598736417697069,-0.6925160893950637,-1.4737220544369467,0.021650669367552763,1.0
-1.7317881816342986,0.05404906804572833,-0.006226139657938665,0.014150608737745818,2.0
0.559873641430862,-0.6925159997576184,-1.4806728702577023,0.04003589674612279,1.0
0.5435648549024238,-0.967187952862294,1.330165517979516,0.03863074347080879,0.0
0.5598736409746049,-0.6925160604470286,-1.4800091945047305,0.0156296828294957,1.0
-1.7317881810706852,0.05405068743121419,0.0004119585139304085,-0.04668859459930622,2.0
0.5598736410041161,-0.6925180643307625,-1.474924088015692,0.006182650983792645,1.0
-1.7317881808579407,0.05404982710380198,-0.006750175658066936,-0.027256069194969035,2.0
0.6271579202632744,1.6078083149779931,0.16086052961255443,0.04996241178262995,3.0
0.6271579195144462,1.607813174247471,0.16225726305254567,-0.05043611522076715,3.0
0.5598736419489215,-0.6925140741561138,-1.4810692177479228,-0.027395710143111585,1.0
0.5435648548801714,-0.9671893857394015,1.3326592180221437,0.04744612717928276,0.0
0.6271579200438182,1.607811407102589,0.15795998717726523,0.030345995987529663,3.0
-1.7317881807781266,0.05404830954572884,-0.007928623236701907,-0.016866713197096834,2.0
0.627157920567303,1.6078137453418906,0.15987362294173446,-0.052152302590701076,3.0
0.6271579200127727,1.607811263351146,0.16157559626799067,0.016661020092653536,3.0
-1.7317881821219117,0.05405071035881743,-0.0014725824080146328,-0.024754096033508883,2.0
-1.7317881806349058,0.05404926179983932,-0.004143828972235639,-0.05313058771670651,2.0
0.543564854734462,-0.9671905137916273,1.3314352648655774,0.05486986779277627,0.0
-1.7317881817415424,0.05405188662886627,-0.00016978417155595523,-0.07324511899277546,2.0
-1.7317881816285565,0.05405139381272715,-0.00704712982494614,0.08745260989767126,2.0
0.5598736413826331,-0.6925151516582004,-1.4798337988375863,-0.03156454550784391,1.0
0.6271579193000484,1.6078120430389253,0.162477519556796,0.036288453108100235,3.0
0.6271579193889041,1.607814746766495,0.16550066602559355,-0.017465437870574654,3.0
0.5435648546724227,-0.9671873504412171,1.3292856002701194,0.013918404671321945,0.0
0.6271579199748251,1.607812955246837,0.16864648871429663,0.03323328135812278,3.0
0.5598736411266532,-0.6925174537801504,-1.4831981950952446,-0.05638768681593588,1.0
0.6271579194321372,1.607811607391831,0.15677251634797476,0.03976774528576898,3.0
0.6271579197347384,1.6078104071210249,0.1709839416140555,-0.04207452143809392,3.0
0.543564854752728,-0.9671879455700949,1.327022051512986,-0.026120988550745877,0.0
0.5435648547406158,-0.9671894185492798,1.3322564680345124,-0.0073337724450831384,0.0
0.5435648551533238,-0.9671899123793629,1.3389684191768558,-0.030083888020846616,0.0
0.5435648545395294,-0.9671907247818916,1.3305112524601843,-0.020189835421707186,0.0
0.5435648548253349,-0.9671873558936236,1.335896472819913,-0.035504495532774766,0.0
0.5598736412594931,-0.6925168878689105,-1.4775698522859966,-0.0810642738126383,1.0
0.5598736419290934,-0.6925157698878384,-1.4809483010069957,-0.00705723877895443,1.0
0.5435648539946859,-0.9671934036585782,1.3320861680565137,-0.0012444525854950197,0.0
0.5598736414153225,-0.6925150054405937,-1.4816962399750975,-0.01364538677441007,1.0
-1.7317881816472707,0.05405027481674885,-0.006771566653021003,0.052808217809275596,2.0
-1.7317881808608195,0.05405137774979638,-0.0053500499955490685,-0.03339216848280657,2.0
0.5435648546054758,-0.9671927822907185,1.3377001558469748,-0.02471084383789082,0.0
0.5435648550790868,-0.9671866642701141,1.337023632575096,-0.0016345742947238907,0.0
0.5598736413240607,-0.6925165704281538,-1.4748275670465445,-0.024574963083866332,1.0
0.6271579194952129,1.6078114691913579,0.15884664085146524,0.034803625684049676,3.0
0.6271579202449378,1.6078115404656295,0.16333073644600182,0.005514746439229678,3.0
-1.731788181085914,0.05405001126630957,-0.005431514417834914,0.08876667803072592,2.0
0.5598736411946148,-0.6925155202228418,-1.4725797572607846,-0.039181774037027085,1.0
-1.731788181186008,0.0540535710933165,-0.0027626102943316285,-0.06924777444673041,2.0
0.6271579199911961,1.6078103986437098,0.15814220696831424,-0.017934746117634195,3.0
0.6271579198616072,1.607809781442758,0.15870872181680445,-0.07008490642993305,3.0
-1.7317881811466302,0.05404962634539768,-0.008793804858848963,0.048796921433677,2.0
0.627157920061598,1.6078140788505906,0.1631295878935232,0.013547879860798582,3.0
-1.7317881813005274,0.054046605803160445,-0.001263234800767074,-0.04161092145816863,2.0
0.6271579201342152,1.607811139764075,0.16481812251231728,-0.05075790424519696,3.0
-1.7317881813835945,0.05404908833992299,-0.0026452428353714603,-0.040899661783767756,2.0
-1.7317881819374867,0.05404629269388728,0.004210047914446542,0.013775731409013729,2.0
0.6271579203468666,1.6078119164332838,0.1520602132961299,0.034188587506126925,3.0
0.6271579200012355,1.6078130560979529,0.15834287247260398,0.061726803714278286,3.0
0.5435648552459539,-0.9671895092929734,1.335802605046949,-0.022581584075572494,0.0
0.6271579207623799,1.6078124394719013,0.1602774263018711,-0.07136118296962045,3.0
0.6271579200757308,1.6078133010421112,0.1635456751115541,0.013162825421401908,3.0
-1.7317881815014144,0.05404883474474471,-0.006557912916054754,0.0435323861838724,2.0
0.5598736415210315,-0.6925157415833892,-1.48028666294419,0.0032130327857539604,1.0
0.5435648548486354,-0.967186361512573,1.3313346275635938,-0.030852155242790363,0.0
0.5598736418671816,-0.6925178572940017,-1.4781813082834605,-0.024483018158763702,1.0
0.5435648540180893,-0.9671893820610317,1.3329422024217485,0.007557836190594095,0.0
0.6271579191281118,1.6078106255542184,0.16041165401039562,-0.024512227911024313,3.0
0.5598736421221618,-0.6925139743251805,-1.4761117322381312,0.004071729597089521,1.0
0.5435648546771339,-0.9671930944913473,1.323660399229235,0.01758654387527528,0.0
0.6271579197737107,1.6078094212252687,0.15523169047553909,-0.010769179236924489,3.0
0.5435648541274728,-0.9671869038828217,1.3330448855680732,0.06934044615001721,0.0
0.6271579202105557,1.607812062225054,0.16255058357193822,-0.049983168778387946,3.0
-1.7317881814527496,0.054048188444730846,-0.006295169014454754,0.00022675174641475295,2.0
-1.7317881811822615,0.05404854498516836,-0.00691443359086271,-0.02903452316793025,2.0
0.5435648547816965,-0.9671907088225367,1.3308760904811683,-0.046775555348870304,0.0
0.5598736414090663,-0.6925149171701602,-1.475853086606894,0.013236885090542942,1.0
0.627157919870002,1.607812959398651,0.15908150940056728,0.02781536029974632,3.0
-1.7317881813785223,0.05404912259076925,-0.002483520981668312,-0.02892795202150309,2.0
0.5598736409848281,-0.6925149324786238,-1.4810212667641411,-0.028245175549305928,1.0
0.5435648550525414,-0.9671897322080643,1.333165858486313,0.019450735120612177,0.0
0.5598736403932654,-0.692516001662928,-1.4775170444248538,-0.06747364753394415,1.0
0.627157920158417,1.6078131140235472,0.15839841516294448,-0.032734528413361615,3.0
0.5598736404827231,-0.6925147391499138,-1.4781552522763148,-0.06438601759566003,1.0
-1.731788181362566,0.05404735130398939,-0.008419734106666233,-0.05731805007489515,2.0
0.5435648547278217,-0.9671905713785484,1.331148498208688,0.00870730916675588,0.0
0.6271579200597882,1.6078116486350433,0.1579738918450931,0.03174664455257737,3.0
0.5435648551452634,-0.9671888264026008,1.3271705516908063,0.021634225641335797,0.0
0.5435648550709229,-0.9671920849228937,1.3376967034722453,-0.08683112901472015,0.0
-1.7317881813501388,0.05405062183671197,-0.0007228108151409036,0.0389434682305111,2.0
0.6271579201858847,1.607812632790556,0.16099703461563158,0.009108792061028381,3.0
-1.7317881804556368,0.05405241394439382,-0.002571921716387407,-0.0015973606338422546,2.0
-1.7317881808346303,0.05405016501281138,-0.007457484619015957,0.032081775955793985,2.0
-1.7317881815110658,0.054046622736621225,-0.0030062547614500457,0.03272677476437009,2.0
0.6271579200022908,1.6078105587139584,0.1562644238988004,-0.02878715191696515,3.0
0.5598736417199272,-0.6925179834700191,-1.4796107378025836,-0.02557910090037442,1.0
0.543564855231021,-0.9671877264448101,1.3355819149486863,-0.05816537020666303,0.0
0.5435648550212362,-0.967187977555743,1.3331158993536607,0.014776066271407047,0.0
0.6271579197023239,1.6078111186879052,0.16234044468653294,-0.025851366663884906,3.0
0.5598736413139818,-0.6925155800993331,-1.4802881509671064,-0.0017759860121853185,1.0
0.5598736413955407,-0.6925160382919415,-1.4687115741845385,-0.04766612281950333,1.0
0.5598736409102225,-0.6925161251629559,-1.4831099930142229,-0.032434559301186876,1.0
0.6271579192581199,1.6078106100698806,0.1613754623336721,0.0033389764932809122,3.0
-1.7317881816654743,0.05405079776318908,-0.0025232647851735884,-0.0018180093572259652,2.0
0.5598736414109765,-0.6925143944858843,-1.4755902778091092,0.0249015581259084,1.0
0.5598736417764204,-0.6925146197552952,-1.4781132721394268,-0.010584124320797457,1.0
0.6271579197539385,1.6078129787333528,0.16313258261500568,0.060099887445400464,3.0
0.6271579205193184,1.6078113429876726,0.16875013200403916,-0.0335505234550301,3.0
0.5435648540450614,-0.9671918263270163,1.3393744502904297,0.0016555561913839118,0.0
-1.7317881809008029,0.054051075700828385,0.0025264638614057233,0.03443150062335277,2.0
0.6271579194967116,1.6078147674390437,0.16054115563811375,-0.005442999171822024,3.0
0.543564854834785,-0.9671896893802442,1.332721350281296,0.06050751036275475,0.0
0.5598736413334126,-0.6925167787651734,-1.4749596653278876,-0.030345761799048382,1.0
0.559873641471124,-0.6925149861638722,-1.4866815932291868,0.013223145941340204,1.0
0.559873641226477,-0.6925157072061693,-1.4753715224217572,-0.06830255765604583,1.0
-1.7317881814201936,0.0540529004862884,-0.013106577725782696,0.04668406192181609,2.0
0.5435648545252999,-0.9671911696172999,1.3346278327442673,0.012489290224356226,0.0
0.559873641968124,-0.6925164714153089,-1.4755272966894875,-0.04687220032532678,1.0
0.5435648553535702,-0.9671918371766155,1.3366996190307354,-0.0730028641654097,0.0
0.5598736417265828,-0.692512771458812,-1.478435048492267,-0.012194760732893226,1.0
-1.731788180857921,0.054049678737544155,0.001196020387098682,-2.955425999033697e-05,2.0
-1.7317881816977192,0.0540525813549833,-0.00636247841923606,-0.04252698023391795,2.0
0.5435648547458474,-0.9671890288315982,1.3370170125197574,0.06296512741380884,0.0
-1.7317881815875182,0.05404872435409831,-0.005760401116018153,0.014115286145133063,2.0
0.5598736418778638,-0.6925166670041328,-1.4767503866711023,-0.044773324355348754,1.0
-1.7317881813939078,0.0540506649030649,-0.0036088425588157876,0.1254124354748977,2.0
0.5435648543304878,-0.9671890462334537,1.3257423859382125,0.03145876442715316,0.0
-1.7317881802408286,0.05404986977447562,-0.0008590250340715415,-0.00080903413126145,2.0
-1.731788181238139,0.054053786447869734,-0.000659493853958879,0.021749887998036312,2.0
-1.7317881809876885,0.054049632342475,-0.004796244220504058,-0.027890930682332303,2.0
0.6271579197644792,1.60781139787298,0.16602925725787618,0.019002134114206266,3.0
-1.7317881809724456,0.05405054411734691,0.0008729846499255792,-0.01420454179345681,2.0
0.6271579195312008,1.6078111317490584,0.15389476101198948,0.0331853807342487,3.0
-1.7317881812505118,0.0540506471571488,-0.001996946558507516,-0.05297743628188436,2.0
0.5598736407647585,-0.6925154601681687,-1.4775156960444433,-0.06565216451315566,1.0
0.6271579195372385,1.6078125249985313,0.16109709768682412,-0.0032354253291363173,3.0
-1.7317881810590068,0.054050521116984565,-0.010687408045475895,0.004351467535328705,2.0
-1.731788181568715,0.05404897650045621,-0.0030102699697969475,-0.008805232805628649,2.0
0.6271579200291856,1.6078131566782372,0.16497643739136778,0.003908198078854082,3.0
0.543564855280827,-0.9671884866634834,1.338993196634063,-0.0178200041004039,0.0
0.5435648541435049,-0.9671895985569086,1.3334169147465855,-0.024787769971233775,0.0
-1.7317881809644253,0.05405067637486353,-0.005522166431839677,0.0073518296470760705,2.0
0.6271579201452192,1.6078076141273614,0.16577990984896854,-0.0034287288966574486,3.0
0.5435648543008602,-0.9671936314252797,1.3355357930294642,0.01001739830000406,0.0
0.5598736415970272,-0.6925153207103338,-1.4759597680990602,0.03616137053129295,1.0
0.6271579197731799,1.607812072395926,0.15768783110720064,0.011610798337243433,3.0
-1.731788181574762,0.05405016666984171,-0.004550845929946857,0.020451583985257742,2.0
0.5598736419115145,-0.6925150743655838,-1.4776536807080105,-0.05622326805308701,1.0
0.6271579201332681,1.607807373204019,0.1629731945274818,0.01592651382802393,3.0
0.5435648548969954,-0.9671908012949406,1.3317982644299,0.002649750679879138,0.0
0.5598736411475362,-0.6925181696248494,-1.47294006896738,0.024102083980591688,1.0
0.5435648546698342,-0.9671886856296498,1.336265379225815,-0.026278574257298792,0.0
0.5598736410179456,-0.6925178624557135,-1.4832805430364329,-0.09719093077132863,1.0
0.5598736417968984,-0.692516163462496,-1.476673158434882,0.028578185154379925,1.0
0.559873642341203,-0.6925157195603167,-1.4728527169108074,-0.05556996983182011,1.0
0.5598736410416952,-0.6925168315887229,-1.4779966959635762,-0.0016011041205957431,1.0
0.5598736412372324,-0.6925165874556194,-1.4742028686322743,-0.035587499043236555,1.0
0.5435648542405229,-0.9671887139485819,1.3303200849585728,-0.007959379486609937,0.0
0.5598736415347765,-0.6925154514035319,-1.4777750769591864,-0.008174038005827932,1.0
0.6271579201811284,1.6078113956148425,0.1624423171135407,-0.0064623820458185825,3.0
-1.7317881815486051,0.054049095884997254,-0.007369149326924976,-0.04655731806174228,2.0
0.5435648548011409,-0.9671899846326457,1.3389670806558605,0.01529153191779948,0.0
-1.7317881815769258,0.05405060862335835,-0.0020529038145447134,0.008104161568251562,2.0
-1.7317881814650955,0.0540491388694493,-0.00045700758739734246,0.027757527575001485,2.0
-1.7317881820068184,0.05405063329188839,-0.002612373234930452,-0.0061904950716583544,2.0
0.6271579190936699,1.6078105847658104,0.1631034196488631,0.044668747459783664,3.0
0.6271579201503408,1.607813372483463,0.16439228725881333,0.0023916187113798355,3.0
-1.7317881809298827,0.05405091020166031,-0.005435954174036026,0.042119519744060654,2.0
-1.7317881814253162,0.05405097054326413,-0.003464922492862349,-0.013989837464689243,2.0
-1.7317881808751445,0.05405006956542558,-0.006149312642560651,0.01679958181743208,2.0
0.5598736413819015,-0.6925161948244428,-1.4712379548259211,-0.03674721084399202,1.0
-1.731788180639077,0.05404926988640661,-0.012241114203241464,0.020282976026794353,2.0
0.6271579196286512,1.6078102332463349,0.16349650658535614,0.035401360680061535,3.0
-1.7317881817341079,0.05404889100499711,-0.0017992733709400947,-0.07679614148241706,2.0
0.6271579200518862,1.6078122064026028,0.15854889235543393,0.06005585379257722,3.0
0.559873641451102,-0.6925146648923121,-1.4775115293348915,-0.029758770855800715,1.0
0.5435648546367436,-0.9671922357909782,1.3343621836420991,0.01841835629554673,0.0
0.5598736419573777,-0.692515218678351,-1.4831037555628785,-0.045338682781649896,1.0
0.6271579203051074,1.6078111047891561,0.16542220101775107,-0.023724607494840094,3.0
0.5435648546846124,-0.967189453111203,1.3318371225232972,0.07062470483096113,0.0
0.5598736416978197,-0.6925143864019946,-1.4786396842596607,-0.001055116802280905,1.0
0.6271579199412097,1.6078096909141442,0.15883973653959826,0.021706567057008547,3.0
0.5598736409843686,-0.6925164177231542,-1.4789155505081035,-0.0029306443649479586,1.0
0.5598736417080971,-0.6925159377366297,-1.4804508117116861,0.025379345154009185,1.0
0.5598736417718625,-0.6925147505564717,-1.4743728453381488,0.03007178385277842,1.0
0.6271579198086416,1.607808784092504,0.15989449856964752,-0.004658562352643581,3.0
-1.7317881814861713,0.05404868625701011,-0.0057199864673541006,-0.03235384405345446,2.0
0.5598736411643497,-0.6925170587736277,-1.4754546230817835,-0.03143898012890553,1.0
-1.7317881816712073,0.05404935479954156,-0.008072502885833875,-0.07471366260584344,2.0
-1.731788181344193,0.054050851451539796,-0.0015716094726571362,-0.012851992208343703,2.0
0.627157919687015,1.6078103786292264,0.1540201917031595,-0.0039317122256234405,3.0
-1.731788181349114,0.05404845211095794,-0.005243246113278741,-0.010749841448395591,2.0
0.543564854914227,-0.9671906550632544,1.3330683023074978,0.00593166481269628,0.0
0.543564854789795,-0.9671879490275243,1.3300898075733947,0.015784040777611575,0.0
0.5598736411956855,-0.6925168645308918,-1.4834933703703237,-0.0229366876725549,1.0
0.5435648549276845,-0.9671897375804965,1.3294367306325847,-0.027072727027616556,0.0
0.5598736416891007,-0.6925166918283354,-1.478291742052879,-0.07676703821712069,1.0
0.5435648545237763,-0.9671916154147158,1.3318362431711614,-0.02871349952217093,0.0
-1.7317881819811394,0.05405009684014858,-0.005522147388614024,0.05162777788242068,2.0
0.6271579191292925,1.6078099176462983,0.15540528099902648,-0.06018854319877604,3.0
-1.7317881813340146,0.05404581228654992,1.359829090633774e-06,0.01505119348005163,2.0
0.559873641673219,-0.6925183423230064,-1.4733844085214454,-0.01659769708740317,1.0
0.5435648541679694,-0.9671886285740289,1.3316558084277101,0.020999744774276234,0.0
0.5435648540855602,-0.9671899389417349,1.3335608602043019,0.023166856966016686,0.0
0.6271579193469211,1.6078131562382034,0.16295274685346037,0.04206520205718201,3.0
0.5435648549878087,-0.9671866838780777,1.3296091610242617,0.009329246710373123,0.0
0.543564855120266,-0.9671873204578241,1.3302660499665004,0.0035666737780038,0.0
0.6271579201209799,1.6078141910987171,0.15306573775761756,-0.021744600084625164,3.0
-1.731788181258552,0.0540505986382099,-0.004156857946524739,-0.04870379610998842,2.0
-1.7317881809444775,0.05405247248624715,-0.004679305193715345,0.010495516511512724,2.0
0.559873641504406,-0.6925140932709312,-1.4787472870094633,-0.013310026563983737,1.0
0.5435648549538054,-0.9671895539812266,1.3330586561813595,0.04973392134121234,0.0
0.5435648552532004,-0.9671921485238124,1.3367596558350383,-0.07765199288445325,0.0
0.6271579197601072,1.6078102704106456,0.1645359167291512,-0.0006037051547422757,3.0
-1.7317881814092715,0.054049119743728016,-0.016150759516093707,-0.008788137109568004,2.0
0.6271579195480361,1.6078104734441576,0.1593594228019203,-0.054731103786333155,3.0
0.543564854583206,-0.9671881409300869,1.3237826080545236,-0.02799163996615042,0.0
0.5435648549483179,-0.967191921795749,1.3309984728015318,0.011163212957802654,0.0
-1.7317881824235148,0.05404832674015065,-0.0036728758133472276,-0.0003643423676671531,2.0
0.5435648544071308,-0.9671885109615961,1.3305041349015787,-0.028875122500954403,0.0
-1.731788181572307,0.054051052143184154,-0.00361064948634171,-0.011460782606021352,2.0
0.6271579199059327,1.6078113091089692,0.16100514066952432,-0.038820070894897425,3.0
-1.7317881819060588,0.054050066356077606,-0.008689084840623815,-0.027390150558727514,2.0
0.5435648550275697,-0.9671916013462875,1.334618760724317,-0.02093306010127173,0.0
0.543564855214444,-0.9671902150862068,1.3332391128072627,-0.013481699790047456,0.0
0.5598736417171997,-0.6925164531143541,-1.4845157327141851,-0.032425346675997085,1.0
-1.7317881817670633,0.054050794507605145,0.00019603228227862835,-0.003479390669055913,2.0
0.5435648551312474,-0.9671895385193303,1.3247451220994166,0.025335855653166758,0.0
-1.7317881809621827,0.05404739410545745,-0.010549772990587515,-0.004232559378969582,2.0
-1.7317881809374154,0.05405127175807573,-0.008072904622154382,0.06789319565552279,2.0
0.627157920460952,1.60781350095613,0.15420879670849094,-0.029760995768818285,3.0
0.5598736421890185,-0.6925184035176896,-1.482124370086672,-0.02048147124142291,1.0
0.6271579205156108,1.6078131393107042,0.15913639327529652,0.01543172181603202,3.0
-1.7317881813740175,0.05405174914122628,-0.004598588849701507,-0.03692491357496393,2.0
-1.731788181462101,0.05405144554941144,-0.008916436964037966,-0.016633434990068276,2.0
0.6271579199860113,1.6078090757261272,0.1619877324624341,0.029026078279877795,3.0
-1.7317881813765723,0.054050329300864675,-0.004529145068343863,0.05993983030039363,2.0
0.5598736416859998,-0.6925141826011946,-1.4793574019876783,0.067488211932564,1.0
0.627157920054124,1.6078134213386355,0.15724630035722031,-0.039473606494839865,3.0
0.5598736414507477,-0.6925175436761082,-1.4766329138207221,-0.01879459571473639,1.0
0.627157919845869,1.6078127182794149,0.16029815307747602,0.006056967474515506,3.0
0.5598736413945633,-0.6925166675479302,-1.4775216676967662,-0.0192387450340344,1.0
0.5598736415434413,-0.6925153691493989,-1.4809198367276097,0.07534563859421896,1.0
-1.7317881814328002,0.05404890986847957,-0.010589361409451787,-0.02090723697001264,2.0
0.543564854242739,-0.9671899247573437,1.3343416873882592,-0.007446335523789171,0.0
-1.7317881811568931,0.05404939891048094,-0.0070532854281005,-0.032219179509703925,2.0
0.5435648545061161,-0.9671897835930621,1.3300586075887244,-0.02048335160562112,0.0
0.6271579193836629,1.6078102495072741,0.16151475478287272,0.04933116408588855,3.0
0.5435648537447259,-0.9671898281551945,1.3352921263227508,-0.006063800974630185,0.0
0.5435648554127019,-0.9671879388275165,1.3337988168005672,-0.02757853930879543,0.0
-1.7317881808206308,0.05404782124197676,-0.006311051683955107,0.07412056334712913,2.0
0.5435648542256142,-0.967188650189465,1.3312235172873146,0.023908850850275196,0.0
0.5435648546053116,-0.9671910970203258,1.3302226928109409,-0.025354573708005305,0.0
-1.7317881814227742,0.054051189074872816,0.0024468566851796373,-0.024317606423427902,2.0
0.5598736417216623,-0.6925167970948259,-1.4819232346618672,0.05127595038683439,1.0
0.5598736417113628,-0.6925132454418728,-1.4784127375307048,-0.015192427671016724,1.0
0.6271579198913101,1.6078103255962997,0.15937554889662758,-0.005667307760340815,3.0
0.6271579200523318,1.6078108778084645,0.16141623263076899,0.010386799367895166,3.0
-1.7317881801529584,0.05405175690482361,-0.009923553548593624,0.06099913313121589,2.0
0.6271579198676979,1.6078107520224556,0.16029022423809167,-0.03837688292516443,3.0
0.6271579196424989,1.6078118227091003,0.15297189100545872,0.008801653805544199,3.0
0.5598736413421391,-0.6925176149991346,-1.4755767556224775,-0.05781207258152434,1.0
0.5435648548735644,-0.9671905780880963,1.3253730159397985,0.00805120778650904,0.0
0.5598736421599589,-0.6925156585779737,-1.481589865856236,-0.03499386661042271,1.0
0.559873641715485,-0.6925170916518233,-1.4723805227880302,-0.025650283851015625,1.0
0.5435648540754251,-0.9671923812089437,1.3345666523777715,-0.015001338022106802,0.0
0.5598736410097821,-0.6925145566818873,-1.4831088041019502,-0.012025309392402086,1.0
0.6271579193603036,1.6078117969903323,0.1680927164164803,0.0673121580539699,3.0
0.5435648545171033,-0.9671899839358082,1.3335178594833144,-0.00907703802842438,0.0
-1.7317881812012201,0.054050624307164195,-0.0017829587645417644,0.07724858122908608,2.0
0.6271579198184972,1.607810956725122,0.153595188371821,0.00931249811804116,3.0
0.559873640945448,-0.6925148342557597,-1.478434744473906,-0.013907574729538519,1.0
0.6271579201713429,1.6078101211881546,0.17103956284253394,-0.017377687627369257,3.0
0.6271579195746364,1.6078103340314231,0.1578379567341759,-0.034503461190912965,3.0
0.6271579196727964,1.6078103322707609,0.15599382812114218,0.008196945716275246,3.0
0.5435648545509343,-0.9671871726572061,1.3314648193095773,-0.03380985086353282,0.0
0.5598736418725174,-0.6925169589122941,-1.4768828042204767,-0.018736697220555935,1.0
0.6271579201233345,1.6078121177678075,0.16102942629143022,0.010459126809191982,3.0
0.5435648541463046,-0.9671851438179575,1.3276728851783914,0.003704092748086709,0.0
-1.7317881813414613,0.05405034807532602,-0.0019561769512047326,0.013052968327844364,2.0
0.5435648546852577,-0.9671916672342465,1.3321044370407353,0.008373048445982087,0.0
0.5598736426189508,-0.6925147781087465,-1.4784044124908322,0.023311796523244784,1.0
0.627157919369903,1.607810772941969,0.15573944501472278,0.0383563753403578,3.0
0.5598736414536521,-0.6925162320995182,-1.4802607108294312,0.022243216157876614,1.0
0.5435648548472686,-0.9671894573497762,1.3347421761882123,0.022805773100146292,0.0
0.5435648546950481,-0.967192056499185,1.3316897710914075,0.036004287059601355,0.0
0.559873641802542,-0.6925170010275331,-1.4776214741029823,-0.05978475778926486,1.0
-1.7317881814514176,0.054050462179212,-0.002434411488050065,0.05868997831182112,2.0
-1.7317881811467934,0.05404791172305237,-0.0025266279027001052,-0.02220025932082751,2.0
0.5435648547851649,-0.9671891956358581,1.333163616599079,-0.006741782195819938,0.0
0.5435648549972243,-0.9671906625027455,1.3387884083726562,-0.062252132021949014,0.0
-1.7317881816589524,0.05404897128106916,0.0005865701125075356,0.02683723768534194,2.0
0.5435648548871628,-0.9671907554561106,1.3327305409854162,0.010252551876118987,0.0
0.6271579197597851,1.607813081280337,0.1626706082328765,0.008004791122059445,3.0
-1.731788181566858,0.05404824851465528,-0.005345730286103357,0.018619081824849813,2.0
0.5598736412614442,-0.6925174442818799,-1.4785721799701694,-0.053598635885431914,1.0
0.5435648549634574,-0.9671931405294599,1.3295183466528508,0.01127867025753712,0.0
-1.7317881811957248,0.054046406708630576,-0.005090980942068311,0.02910187055900858,2.0
0.5435648545182536,-0.9671913692508436,1.332556477667155,0.02143151691863467,0.0
0.559873641562407,-0.6925159456049016,-1.476443394158254,-0.028362333009465165,1.0
0.6271579208204903,1.607810851482247,0.15965079896302184,0.05658255131939291,3.0
0.6271579199502643,1.6078156873542484,0.1600026320348118,-0.021708600452519294,3.0
0.5598736415171857,-0.6925127700245748,-1.4749762218233966,-0.05500577275580179,1.0
0.5435648550829995,-0.9671892978030247,1.330353983735505,-0.0046337604123932044,0.0
0.6271579194098799,1.60780711521985,0.16754298964238015,0.05646382384354519,3.0
0.5435648553257603,-0.9671889809731536,1.3313795874397527,-0.0029772082746672797,0.0
0.6271579200987277,1.6078119546151932,0.161492062917506,0.005539825462826431,3.0
0.6271579199979039,1.6078108033063985,0.16275902240049142,0.0050011243784248306,3.0
0.6271579201164557,1.6078118292799122,0.16342115563418944,0.02025258271023361,3.0
0.5598736415003326,-0.6925173623116752,-1.4762568710242086,-0.01749205587769088,1.0
0.5598736416890712,-0.6925178325541742,-1.4857679631302738,0.0668432588377936,1.0
-1.7317881814522837,0.054051530224517405,-0.007346762596428474,0.04132898880721265,2.0
0.6271579199713219,1.6078110549231206,0.15594998099883636,-0.013046154689772658,3.0
-1.7317881810257467,0.05405067458975945,-0.0003028346835584896,-0.04851204362173159,2.0
0.6271579190559173,1.607813963747239,0.15975875483540372,0.0007410022813823911,3.0
0.6271579202156222,1.6078128610116829,0.16488788370173788,0.1385880632602436,3.0
0.5598736415218114,-0.6925196282084769,-1.4742786284163136,0.009157060215096565,1.0
0.5435648551054364,-0.9671899122491765,1.338083307710028,-0.0007278086668472909,0.0
0.543564854952993,-0.9671899053685525,1.3301358450304746,-0.013011722667548417,0.0
0.5435648547315083,-0.96719086252778,1.3302429573935848,-0.03154990984733731,0.0
0.6271579190553158,1.6078107370648647,0.15407310633249785,-0.022546111230649434,3.0
0.5435648549676796,-0.9671890503178716,1.333419025821276,-0.003308593251973556,0.0
0.5598736418071436,-0.6925178006549465,-1.4754886208147533,-0.025390954147410345,1.0
0.6271579198799081,1.607810236078413,0.16601632455968862,-0.011785924300221054,3.0
-1.7317881816445801,0.0540486452896124,0.0023968198620209443,0.07641205781695992,2.0
0.6271579203515955,1.6078110588566632,0.16891445791915272,-0.053784405599411785,3.0
-1.7317881816963145,0.05404740061619347,-0.0051282586965469045,0.08259890714902914,2.0
0.5435648540954547,-0.9671878045606461,1.3275876300832106,-0.06434184054564886,0.0
0.6271579201850209,1.6078118780718944,0.1610014352241469,-0.010121081036222284,3.0
0.5598736409144764,-0.6925154432024048,-1.4763804504685993,-0.03476925476009763,1.0
0.6271579192119138,1.607811819177235,0.15934383322346823,-0.026087794394447007,3.0
0.6271579194411693,1.607812257293112,0.15819924667499266,-0.03026788829783096,3.0
0.6271579201184301,1.6078091686978966,0.16086634689773788,0.02286380516979413,3.0
0.5598736414710966,-0.6925165252404761,-1.4855959652903157,0.004141399895293901,1.0
0.5598736418646456,-0.6925186397359684,-1.4765945228489072,0.013363827145449462,1.0
-1.7317881812838862,0.05404812210334902,-0.0017873935670367457,-0.07400995730343145,2.0
0.6271579205394683,1.6078115904060064,0.15517550222628176,-0.01905115569836147,3.0
0.5435648539732628,-0.9671883445255961,1.337252626063944,0.019925971506511868,0.0
-1.731788181490454,0.054048943298395734,-0.0074683615413570666,-0.02436621368923333,2.0
0.5435648543313096,-0.9671865345177476,1.3322141747108438,0.014085098767293176,0.0
0.559873641528053,-0.6925159009722793,-1.48959725548443,-0.03671644881844956,1.0
-1.7317881815717227,0.05404998782421354,-0.004882785164454639,0.020904882662686253,2.0
0.5598736410027234,-0.6925149928415861,-1.4789228111679598,-0.04196857740538669,1.0
0.627157919748574,1.6078084690644605,0.15418204644283548,0.061290806673604724,3.0
0.5598736421615434,-0.6925139750571802,-1.4812773832624309,0.004725516874956995,1.0
0.5435648542822398,-0.9671905899469435,1.330837082461687,-0.019579733392183354,0.0
0.5598736418240524,-0.6925156384475281,-1.477721728386544,0.046900430705044335,1.0
-1.7317881818390535,0.05404865760765675,-0.0036207042239002544,0.055366121120485605,2.0
0.6271579197251984,1.607808307715885,0.1573498209895706,0.021749344248391776,3.0
0.5435648543782063,-0.9671886354015462,1.3381183932277818,-0.027174392611340796,0.0
0.5598736414434847,-0.692515801375841,-1.4778062235605833,-0.05961629930599932,1.0
0.5435648548315144,-0.9671866090686997,1.3302557639161654,0.008629895838303151,0.0
0.5598736407579877,-0.6925188280668668,-1.4789818234307768,0.005637064379275738,1.0
0.5435648545825298,-0.9671890785684811,1.3337963631469076,0.08775337025902426,0.0
0.543564854703727,-0.9671893904574926,1.337143059470781,0.008838120053185386,0.0
-1.7317881814974032,0.054051344446000314,-0.0024798357227868192,-0.008116047312878828,2.0
-1.731788181403036,0.054048398554743575,0.0017784130677592938,0.028350170515272978,2.0
0.5435648553491882,-0.9671920162159866,1.3387022674154718,-0.0009950965020110508,0.0
0.54356485415593,-0.9671898130413001,1.3337654826940328,-0.0088976114434674,0.0
0.5598736418309367,-0.6925155568451392,-1.4808723369691916,-0.11375146566365546,1.0
0.5435648553189485,-0.9671880862253291,1.3321776043392592,0.024813804714456728,0.0
-1.7317881807619857,0.05404921168395197,-0.009141232479523344,0.045667842803522894,2.0
0.6271579196294259,1.6078116526708195,0.15912156975772712,-0.00329575091221407,3.0
-1.7317881813797718,0.054052315491528745,-0.00861886592496499,-0.06104696205673468,2.0
0.5598736414486555,-0.6925130800315532,-1.4750905580359048,-0.005507889954639484,1.0
0.5598736414596275,-0.6925134914510063,-1.4856105873731535,0.03045316930695446,1.0
0.5435648541200532,-0.967189367847582,1.3331728891802297,0.014964691468814295,0.0
-1.7317881816011746,0.054048954262642175,-0.01085358778036756,0.023497567488284077,2.0
0.6271579198741372,1.6078117350997643,0.15704422046967165,0.03089607008648853,3.0
0.6271579199556993,1.607810913973412,0.15876342624271952,-0.07659627803610021,3.0
0.5598736418763287,-0.6925192630655429,-1.4788813654415522,-0.004733055832947235,1.0
0.5435648550197758,-0.9671897414254808,1.327313640695837,-0.034383376050186994,0.0
0.5598736415031887,-0.6925160568531559,-1.4799670937260208,0.0049961187162305,1.0
0.5598736411313694,-0.6925148102116018,-1.4716871261499571,-0.08551085725341472,1.0
0.6271579194910272,1.6078124411696475,0.15843030509476877,-0.0442011360272915,3.0
0.6271579197239168,1.6078141026514732,0.16416947425527767,-0.017630563778535464,3.0
0.5435648548683188,-0.9671907276819357,1.3302160572250086,-0.011695868905007978,0.0
0.6271579194500418,1.6078106187802954,0.16633726927807357,0.006506702185486371,3.0
0.559873641599586,-0.6925174808287621,-1.479279079780275,-0.10667826477800403,1.0
0.5598736416650277,-0.6925148214075898,-1.4770584654069372,-0.04437564906823015,1.0
0.543564854474213,-0.967192057455372,1.3321061475069458,0.02080748432043842,0.0
-1.7317881810862596,0.05405148785198023,-0.008580099621440527,0.013627052305926226,2.0
0.5598736407877211,-0.6925135430152907,-1.4818483772210116,-0.060134112955096665,1.0
0.5598736413647799,-0.6925171237956804,-1.4760088227832742,0.02111421841523085,1.0
0.6271579196113488,1.607809817326488,0.1574140374193903,0.03724112740133495,3.0
0.6271579199857373,1.6078107043626002,0.15653147045847618,-0.08465948195947386,3.0
0.5435648546535277,-0.9671897505859874,1.3270276573030244,0.0717325793096223,0.0
0.6271579197949664,1.607809201791872,0.1593210816180274,0.009855492593612738,3.0
0.5435648546278888,-0.9671882704843343,1.326720436214965,-0.01584544730730028,0.0
0.6271579195651845,1.607811800178306,0.15939320158399023,-0.0017816808522640795,3.0
0.5598736415128502,-0.6925152919527444,-1.4745885230441684,0.011487076163646017,1.0
0.6271579196743972,1.6078106184732377,0.16001127400898435,-0.04042718150465248,3.0
0.5435648544451719,-0.9671836091074194,1.3310613173952484,-0.0037747133560881952,0.0
0.5435648547816636,-0.967189307851573,1.3380365259452667,-0.014929741362377512,0.0
-1.7317881821586576,0.054054428959204454,0.002557682801708563,-0.03195209307266299,2.0
0.5598736413186423,-0.6925130202986401,-1.4769799922489222,-0.01473911237302928,1.0
0.5435648554891434,-0.9671874510391362,1.338300467001229,-0.003432125436035183,0.0
0.5598736417742741,-0.6925161512228889,-1.4757768112064775,-0.007491239912219387,1.0
-1.7317881822310757,0.05405032986137171,-0.007124941895412075,0.011929735320452403,2.0
-1.7317881818912793,0.05405083613381774,-0.00493531073870014,0.0018642170845907353,2.0
0.5435648548779379,-0.9671902899904121,1.3242742154042415,0.03586041941186863,0.0
0.6271579198219961,1.6078099922120992,0.16360082439299814,0.07702152511414546,3.0
0.5435648549324825,-0.9671881077218,1.3427880598995892,0.08381714554020649,0.0
0.5598736417968286,-0.6925161782667557,-1.4802819387522528,-0.05337098876790439,1.0
-1.7317881814417282,0.05405388032898116,-0.009907111229754765,0.002971994861174721,2.0
0.5598736411562298,-0.6925160643871482,-1.479856287969513,-0.0856466012794052,1.0
-1.7317881823866088,0.054049930228792994,-0.00909329616712701,0.018937170976170863,2.0
-1.7317881811925346,0.054054786813418125,-0.0038547714902191325,0.023766203244080443,2.0
0.6271579189053482,1.6078096831961701,0.16530112697149124,0.0026337667792808795,3.0
-1.731788181506375,0.054050591776242184,0.0015781024949831802,0.016135402925018978,2.0
0.5598736415409149,-0.6925147340707893,-1.4711381802823527,-0.045655558844212234,1.0
0.559873641374805,-0.6925179754502582,-1.4768630417387212,-0.00944777301606402,1.0
0.6271579198098928,1.607809999855458,0.1580526311383233,0.033744533700796324,3.0
0.5435648544607246,-0.9671898999157269,1.337654634450862,0.040619337324862885,0.0
0.6271579200807277,1.6078115842315992,0.1601970053981521,-0.014450355517342939,3.0
0.5435648549446446,-0.9671875567910125,1.3369675369450178,0.02650689488596022,0.0
0.6271579197337879,1.6078100654515841,0.1624006212221965,0.05898901919055512,3.0
0.6271579194777709,1.6078100608860786,0.1607088598171629,-0.007310944721010508,3.0
0.5598736419216763,-0.6925146743847681,-1.4730063856417959,-0.016951873610395747,1.0
0.5435648541619962,-0.9671881863649899,1.3345354537876473,0.03518258807671503,0.0
-1.7317881811831397,0.05405288433604571,-0.0037035533954300343,-0.024322068713381856,2.0
-1.7317881813940643,0.05405176617820752,0.0021340131299005575,0.005708444309390035,2.0
0.5598736416035452,-0.6925154092874121,-1.4793200902414807,-0.008981174177514525,1.0
0.6271579194300947,1.6078106297881154,0.15658500744216425,0.017669488376114754,3.0
0.6271579192047132,1.6078122387097769,0.15682222128422055,-0.040619675988011604,3.0
0.5598736418468594,-0.6925146378428761,-1.4820272042440552,-0.03763600870148154,1.0
0.6271579198972215,1.6078113403660532,0.1574259763964525,-0.02456052128583909,3.0
0.5435648548433734,-0.9671852006724101,1.3359091942700312,0.059785429009491145,0.0
0.6271579199809658,1.607813656267779,0.1581132910247788,-0.038802869556783644,3.0
0.6271579193698059,1.6078100115929852,0.1537212485822251,-0.007193286448522246,3.0
0.627157919945606,1.6078104992720412,0.15894433733237168,-0.015444090723941307,3.0
0.62715792041238,1.6078117426172804,0.1613565809929963,-0.048934809524568315,3.0
0.5435648553929789,-0.9671865848100318,1.333404951936888,0.059275149982688624,0.0
0.5435648546413239,-0.9671907475028341,1.3369685304305288,0.04309123629325634,0.0
-1.7317881815340896,0.05405006300729083,0.003385058000644418,-0.049186675517558204,2.0
0.5435648546160925,-0.9671939318124808,1.3392127132695106,-0.02008526296954589,0.0
0.5598736415477711,-0.6925137087995921,-1.469061693399525,0.009329967641201618,1.0
0.6271579196633541,1.6078103514546487,0.1560208809953578,0.05251966897496628,3.0
0.6271579202681986,1.6078092163811701,0.15943909883950044,0.045282124975779686,3.0
0.5435648544203124,-0.967188193420066,1.3338153877734402,0.014102759214546835,0.0
0.5598736421122091,-0.6925178861323611,-1.4779171555305548,-0.07673852892533238,1.0
0.6271579199593043,1.6078126320904076,0.15571665843253094,0.007497603550777641,3.0
0.5435648549454215,-0.967191602755392,1.332742817120252,0.06193197583591766,0.0
0.5435648557995562,-0.9671889827118958,1.3395089555219084,-0.014182106696227615,0.0
0.5435648545469018,-0.9671918324866247,1.3354606283838621,-0.011029044539617203,0.0
-1.7317881811707743,0.05405416654064667,-0.004816787670062236,-0.011106503472146747,2.0
0.5435648549595711,-0.9671885387206302,1.3336753281359939,0.03933704300445385,0.0
0.6271579199489364,1.607812583999256,0.16798367093519448,0.01077823059300669,3.0
0.6271579195484562,1.6078132856001943,0.15652805069234685,-0.02057818400771179,3.0
0.5598736419570679,-0.6925155508695255,-1.4778910610275386,0.008819477995081268,1.0
0.5598736407120144,-0.6925157304858846,-1.480199339444685,-0.027807508831834353,1.0
0.5598736414962311,-0.6925136051441163,-1.476906273951181,0.024141159704764114,1.0
0.6271579197949625,1.6078144866132151,0.15736845047625703,-0.01006896833321649,3.0
0.5435648549521125,-0.9671930533172852,1.3386601264808318,0.019934696747328843,0.0
-1.7317881818817362,0.054050148104048956,-0.001968381266888666,0.01656772197718897,2.0
0.62715791973539,1.6078106788558097,0.1622435398675043,0.02032627919379913,3.0
0.5598736419233523,-0.692516198380644,-1.4777800576642928,-0.020909058733687525,1.0
0.55987364117865,-0.6925157656180438,-1.4773358963314542,-0.04171615864092759,1.0
-1.7317881817544034,0.05405201701841496,-0.014377889140225605,-0.009582833266134452,2.0
0.6271579194270843,1.6078122641364223,0.16023249942201243,0.02861541315048552,3.0
-1.7317881811245661,0.05404864898458539,-0.003004717573683082,-0.011951709764912862,2.0
0.6271579197086468,1.607811118801452,0.15730549787455575,-0.014685655194678737,3.0
0.6271579209454199,1.6078141848939014,0.15501559468502513,0.06797346839727626,3.0
-1.7317881809476094,0.054053274525252167,-0.0006673140520144823,-0.022699029006825543,2.0
-1.7317881817708587,0.05404822465049436,-0.008029855102984443,-0.013057450339144483,2.0
-1.7317881819117371,0.05404957421658808,-0.008010705297151732,0.0492811917870927,2.0
0.5598736417006935,-0.6925180079390622,-1.4809544899665725,-0.05027939370706726,1.0
0.5435648551983552,-0.9671899906017866,1.328052303761583,0.02966134485466053,0.0
-1.7317881812390983,0.054049214001133404,-0.006772158759288263,0.06890799563806654,2.0
0.6271579202260065,1.6078120523943065,0.1622394263809897,-0.0046236243000314665,3.0
0.6271579194986238,1.6078071552623983,0.15738709602481252,0.013697932364729529,3.0
0.5598736411550753,-0.6925128235488682,-1.4827248300248235,0.009188949149543187,1.0
0.6271579194401006,1.607810481003229,0.16766318784381376,0.04669134210635855,3.0
0.5598736421463194,-0.6925142532650287,-1.4781912596345699,-0.058360224652906294,1.0
-1.7317881811287723,0.05405322087265888,-0.009427630178187825,-0.010593030301347818,2.0
0.559873641353447,-0.6925140677175532,-1.482048818478598,0.011972321016464562,1.0
0.5435648540414613,-0.9671886490753068,1.3300049768428588,-0.028456350707483515,0.0
0.5435648546647038,-0.9671913385039275,1.3322144919464038,0.01787981994062091,0.0
0.543564855381084,-0.9671880073861048,1.3305738052165526,0.003996924398085598,0.0
0.5435648546561442,-0.9671885355907712,1.3358351975831546,-0.013321478972489415,0.0
0.5598736419504118,-0.6925138397631232,-1.4793683703704712,-0.014079072233352818,1.0
-1.7317881819170273,0.05404847239080655,-0.002360513073853158,-0.06006966357365158,2.0
0.5598736410049935,-0.6925160431570967,-1.4764067004134345,0.0033989753784836292,1.0
0.6271579195996321,1.6078120279500792,0.15939300211461188,0.007788147858186876,3.0
0.6271579203990691,1.607810818780144,0.16045149431263123,-0.02611785085268972,3.0
-1.731788181225731,0.05404944150812619,-0.007542819484185525,0.0448146883146211,2.0
0.5435648551494279,-0.9671900589118764,1.331626487641932,0.01664965534262715,0.0
-1.7317881819763778,0.054050128592775956,-0.004376264754411962,-0.013094155604421284,2.0
0.5435648542629039,-0.9671898092244307,1.326713983393585,0.029576843933910114,0.0
0.5435648552134221,-0.9671899150802031,1.3319641118522498,-0.052888804332271284,0.0
0.5435648554963659,-0.9671893211201004,1.3340840980351971,0.06717158600012141,0.0
0.5435648552073732,-0.9671880128114733,1.3316182076432423,-0.04280092364203806,0.0
-1.7317881820920331,0.05405139421381063,0.0008245190471642553,-0.04836250439849587,2.0
-1.731788181286667,0.054052185324887106,-0.0012730035427289774,0.013934559534261344,2.0
0.6271579204720078,1.6078110488188448,0.15889600360005593,-0.009836383015324109,3.0
-1.7317881813921159,0.05405125698043011,0.004740452229450919,-0.06739187976690113,2.0
-1.7317881812600702,0.05405202751393881,-0.005338423525782908,0.008182207033785301,2.0
0.6271579203751747,1.6078114231151592,0.16033053449017362,-0.02341533839338676,3.0
-1.7317881818684928,0.05404875803028379,-0.00405655592274689,-0.015465497259405383,2.0
0.5598736409957553,-0.692513964026968,-1.4766461486744638,-0.010369543261848697,1.0
0.5598736416980916,-0.692515977005645,-1.4833626275144054,-0.024248159945813315,1.0
0.5435648547297404,-0.967186449448774,1.3336759443954715,0.03730815425362999,0.0
0.5598736421268315,-0.6925165657986827,-1.4767530041342805,0.00997220872689388,1.0
0.5435648553442719,-0.967190902643883,1.3296290464056018,-0.03512631782915325,0.0
0.5435648547590383,-0.9671900471637561,1.3342258314453332,-0.011622517770766961,0.0
0.5598736408268661,-0.6925149588932651,-1.479060030168441,0.05324959500967899,1.0
-1.7317881811591793,0.05405141674694644,-0.009515051608654434,-0.08412255951718162,2.0
-1.7317881815252467,0.05405210741340545,-0.007546554625826768,0.0543751428870836,2.0
0.6271579200726098,1.6078105095467403,0.1554627914254105,-0.02590086764378713,3.0
-1.7317881810696498,0.054049297695139095,-0.010811974116157188,0.000560344284242576,2.0
0.5435648544254711,-0.967189198975714,1.3282017189794249,0.0003641768164255448,0.0
0.5435648546479634,-0.9671916464358814,1.339568882217032,-0.021315679220208026,0.0
0.5598736410746242,-0.69251793935617,-1.4765495800179804,0.030250166099360112,1.0
-1.7317881814843916,0.05404954966738248,-0.0026440774138632877,0.024766294701831757,2.0
0.6271579199534466,1.6078122768919525,0.16582004791998362,0.02472176879149653,3.0
0.5435648546812094,-0.9671881497689387,1.3352883318980968,0.023746813179130143,0.0
-1.73178818022657,0.05405190752349251,0.0004919577874547971,-0.03477933688926757,2.0
0.6271579196416167,1.6078104650561365,0.16180038195320154,0.03925099539679121,3.0
0.5435648545500251,-0.9671866077084396,1.3309403270585092,0.02318117534356985,0.0
-1.7317881812084275,0.05405094212739778,-0.004939995941398982,-0.07383111548985413,2.0
0.5598736411272833,-0.6925135539137949,-1.4705631959695182,-0.010113443112896699,1.0
0.6271579201048412,1.6078111782514526,0.16123845792050262,0.006470143639875391,3.0
0.5435648550168194,-0.967189320584523,1.333087307159476,0.0306122951667361,0.0
-1.7317881811322475,0.054048561851887084,-0.009417323505005893,-0.005951022456680804,2.0
-1.7317881815718907,0.054052314324011544,-0.0029193571688414174,-0.024992058369432624,2.0
-1.731788181660032,0.05405402603635288,-0.006475245264009889,0.06923155391558519,2.0
0.6271579196205614,1.6078125702084827,0.16331641113039722,-0.03654373204250939,3.0
0.5598736415530473,-0.6925154050934899,-1.4769366218880753,0.027529578135177032,1.0
0.6271579199510817,1.6078137386187838,0.16116952534168866,-0.0016142614549071266,3.0
0.559873641707764,-0.692516706771604,-1.4810999354269947,0.008431021453419878,1.0
0.6271579198828299,1.6078095089793103,0.16236003679819788,0.03138720256745819,3.0
0.543564854548488,-0.9671882346442792,1.3323944267652015,0.07433359124406874,0.0
0.5598736417700187,-0.6925145070834802,-1.4753246053613995,-0.026159648341478728,1.0
0.5598736421056671,-0.6925145881304586,-1.4833557675279383,0.02588080144600347,1.0
0.5435648551823262,-0.9671902002568088,1.3365396212858565,0.025349562426943036,0.0
0.6271579196586633,1.6078134708450225,0.15726936318502682,-0.024424888782941037,3.0
0.5435648549164817,-0.9671908837615801,1.3338192303814236,0.0008983737988324963,0.0
0.6271579198577992,1.6078130622331255,0.16872049058500385,-0.00664919779201605,3.0
-1.7317881811138824,0.054051105096376055,-0.004383495797036262,0.03387384713753992,2.0
0.5598736414159711,-0.6925162634145381,-1.47769732620568,-0.010166408332779346,1.0
-1.7317881817104128,0.05405064723098893,-0.009263031181479595,0.026011219686723173,2.0
0.5435648555692091,-0.9671893709315942,1.3358476026708166,-0.0033435469905650256,0.0
-1.7317881812112192,0.054047976156183196,-0.002193276708626224,0.029834050423821923,2.0
-1.7317881815373635,0.05405153097570415,-0.0038934849599685946,0.013669036661440672,2.0
0.627157919693945,1.607814075650857,0.15811545010833558,0.05529442706088025,3.0
0.6271579199900518,1.6078113069720656,0.15840786179050081,0.025968945306471543,3.0
0.559873641308876,-0.692518677028958,-1.4794495331162574,-0.01818827725073272,1.0
0.6271579198017883,1.6078116747092255,0.15882905539785516,-0.0011009344594474731,3.0
0.5598736412111646,-0.692514873070627,-1.4805581675251078,0.041256235690202,1.0
-1.7317881815680651,0.05404892419286572,-0.006694825800644273,0.0057304283525553236,2.0
0.6271579202355307,1.6078103568798845,0.16023592531960382,0.00546900618065007,3.0
0.5598736413608438,-0.6925129564887204,-1.4719594223076164,-0.017980571542273675,1.0
0.5435648549065507,-0.9671892889818662,1.333011079362515,-0.008576607149108868,0.0
-1.731788181348478,0.05404905294150395,-0.012644863021463736,0.0015864490729545879,2.0
0.5598736421833215,-0.6925137977163928,-1.4768311700309127,-0.007701074370510568,1.0
0.6271579200827432,1.6078134860430235,0.15786915816560335,0.017236337738153598,3.0
0.5598736416714524,-0.6925155405519904,-1.472503947482041,0.012443641987333769,1.0
-1.731788181507433,0.05404650405516253,-0.004866506350318368,-0.07159210514760198,2.0
0.5435648550140478,-0.9671909713678801,1.3314469787074776,-0.02904420861126001,0.0
0.5435648553989902,-0.9671889561113819,1.337273799109789,0.009610725195824694,0.0
0.5598736414180396,-0.69251496865341,-1.4687152211549503,-0.016233493545462694,1.0
-1.7317881811096594,0.05405025306824588,-0.0035810935938907834,-0.04429898219519493,2.0
0.6271579200879034,1.6078127095396009,0.15815490976479854,0.09312611800226103,3.0
0.5598736414319012,-0.6925163832583919,-1.4789060415103157,-0.030867628654100514,1.0
0.627157919383732,1.6078137470885174,0.16838375746986664,-0.011753786296662502,3.0
0.559873641932476,-0.6925129736162622,-1.4786692239737482,0.033593959918932645,1.0
0.5598736413026313,-0.6925167664705763,-1.4817926060968774,-0.09304977911462585,1.0
0.5598736418036073,-0.6925135469037486,-1.4824752723263581,0.03487489099850695,1.0
0.5435648545413295,-0.9671900578122787,1.336914560976379,0.018292869863210312,0.0
0.5598736413933959,-0.6925211359156815,-1.481072773029865,-0.006298519309395029,1.0
0.5435648545329382,-0.9671911194741973,1.3358497543974195,0.029744088061109807,0.0
0.5598736417481501,-0.6925164701567117,-1.4791407952890026,0.0448866810344528,1.0
0.5435648553656992,-0.9671897969137476,1.334629283440726,-0.010744060196326502,0.0
-1.7317881815596592,0.054052241446992284,-0.0032121043468081173,0.014283895631120204,2.0
0.6271579192723215,1.6078115465986684,0.15961095635868702,-0.033110689093635716,3.0
0.5598736415836894,-0.6925161689073274,-1.4798391645149218,0.04519359073761821,1.0
0.5598736416602973,-0.69251699826861,-1.4735219230293604,-0.07839682455908537,1.0
0.6271579204501136,1.6078115033838691,0.15938589545846882,-0.009818153197037854,3.0
0.5435648550196415,-0.967186604424759,1.3224695214915365,-0.013662445248722068,0.0
0.627157920025317,1.6078128239135911,0.16281174519375533,-0.03458586569686063,3.0
0.5435648540454686,-0.9671892598813976,1.3320182327141292,-0.010181325405769671,0.0
0.5435648546336845,-0.9671899805454298,1.328540839960853,-0.007526870311839988,0.0
0.6271579200878012,1.6078134382360565,0.16298619220925253,0.08384691845518623,3.0
0.6271579202353433,1.6078120464888417,0.16598191414749605,0.03415287212190412,3.0
0.5598736413885892,-0.6925146070557102,-1.4784704456362976,0.02805757464972208,1.0
0.5435648548021346,-0.9671905027200128,1.33269890331562,-0.0046330648339281575,0.0
0.5598736407173491,-0.6925182673565865,-1.4733658263027474,-0.009197711580191701,1.0
0.5598736418322907,-0.6925150597085952,-1.4760995376627732,-0.04425132369284326,1.0
0.543564854101611,-0.9671897498560816,1.3337085843135648,0.017805003871225213,0.0
0.6271579197520482,1.6078105064914947,0.16282631182887722,-0.05003171888777985,3.0
0.5435648545846201,-0.9671898220724972,1.332933644399569,0.07883315103129943,0.0
-1.7317881815400509,0.054050543046932874,-0.005907798971204205,0.06320512456889953,2.0
0.6271579203755923,1.6078130268834736,0.16177078894766905,0.04372006851934126,3.0
0.6271579200409794,1.6078126029435496,0.16664618688613447,0.05844260827999307,3.0
0.6271579202325387,1.607811962576403,0.16034620013132594,0.019036840706368,3.0
0.5435648550279367,-0.9671904094209172,1.3305588748276478,0.01999340548067767,0.0
0.543564854457915,-0.9671906746078447,1.3274243896922722,0.015024937420215764,0.0
0.6271579198676118,1.6078099345885637,0.16073129862763322,-0.036872508128343626,3.0
0.5598736415468106,-0.6925172716479882,-1.480945048346559,0.046664417670504596,1.0
0.5598736410624855,-0.6925168199740199,-1.4792474344945976,0.0006515227983409879,1.0
0.5435648547650992,-0.9671896220877816,1.3314409545286003,0.04111848476943514,0.0
0.6271579202890653,1.6078135335982517,0.15747660947903136,0.039205729061830556,3.0
0.5435648551434962,-0.967188831306206,1.3327990829179786,0.05833248702826289,0.0
0.6271579199868187,1.607810644542683,0.157828435101708,-0.03141593534107283,3.0
-1.7317881815277512,0.05404951193039584,-0.008966046539327907,0.02341907349859125,2.0
0.5598736411630854,-0.6925181278883186,-1.4748921749782824,-0.014609311911324092,1.0
0.5598736414007469,-0.6925159827312738,-1.4813732342525048,-0.057040469669076915,1.0
0.6271579194260264,1.6078111308649061,0.16151852414486984,0.03869467467530068,3.0
-1.7317881808093432,0.05405059587173719,-0.008602864872106783,0.011384637381287928,2.0
0.559873641604255,-0.6925169070368223,-1.4776347556263827,0.0012772684980972531,1.0
0.5435648552064098,-0.967188693782611,1.333004314026233,0.03160898617745543,0.0
0.627157919844966,1.6078104246262208,0.16426771472000895,0.033365788354787075,3.0
0.5598736421959354,-0.6925148237783029,-1.475730741191054,0.0036354165368007968,1.0
0.5598736414169695,-0.6925180941611223,-1.4802534849557134,-0.03131903974282443,1.0
0.5598736419484882,-0.6925176265469394,-1.4750031557578687,-0.04332482921786796,1.0
-1.731788180880518,0.05405082866454638,-0.0004712713283236648,-0.024904955407697105,2.0
0.5435648545742156,-0.9671908078288135,1.3356160968806694,0.04371304621233003,0.0
-1.731788181428037,0.054052383601373905,-0.00662687689539668,-0.029085105047879294,2.0
-1.7317881815101324,0.054048544015349455,-0.008536157560663693,-0.003092233314967273,2.0
0.6271579203091573,1.6078109459765992,0.15646954492638604,-0.035213317777361496,3.0
0.5435648547290189,-0.9671891879246917,1.3307001337619913,-0.007713290664399171,0.0
-1.7317881813584628,0.05405074220761245,-0.008337384452235117,0.04311906987771631,2.0
0.6271579203039925,1.6078090402355332,0.1674011682825297,-0.014399204612095127,3.0
0.5598736413844917,-0.6925128932589273,-1.4798954875409378,-0.05250373730214893,1.0
0.5598736414204951,-0.6925184164623788,-1.4805509519954034,-0.003693714456440725,1.0
0.5598736418091492,-0.6925161401062958,-1.4841072372996897,0.017429647232839334,1.0
0.6271579206411516,1.6078074582560813,0.15972999531945856,-0.017333762949549247,3.0
0.5598736411660309,-0.6925155009957024,-1.4794777842656461,-0.03189866339278774,1.0
0.6271579202027092,1.6078104350429259,0.15971225114668494,0.10375366477024807,3.0
0.543564854370191,-0.9671893230618778,1.3272119309548815,-0.04868480389522128,0.0
0.5598736408637518,-0.6925173922359754,-1.4792103211777863,0.019367995454622262,1.0
0.543564854776988,-0.9671887634099235,1.3371928857879913,-0.0006932345974626137,0.0
0.5435648551851132,-0.9671917442031672,1.33648982013,0.0003813215555720078,0.0
0.559873642092245,-0.6925173454185936,-1.4850103504389598,0.05080850778597877,1.0
-1.731788180681217,0.05404963185755432,-0.006847527495422514,-0.0018027009978970443,2.0
-1.731788181676338,0.05405105309455366,-0.006240100050170339,-0.03548409867425296,2.0
-1.731788181948045,0.054047802187095,-0.005981949494241299,-0.03940428979435115,2.0
0.559873641440937,-0.6925167908990979,-1.4845464913857664,-0.06268580142578038,1.0
0.5435648546050456,-0.9671903143753933,1.328114653947368,0.03522446936316936,0.0
-1.7317881822084245,0.05405096059153311,-0.0016279287487830335,-0.04039204670792627,2.0
-1.731788181462259,0.05405147524863326,-0.0035203572863072323,0.04725255216764119,2.0
-1.7317881813128875,0.054050271333615625,-0.007240831813593933,-0.009156698978310533,2.0
0.5435648541990987,-0.9671875322865355,1.3297207538821942,0.031775000980492005,0.0
0.5598736415461881,-0.6925146142448131,-1.4749346377041472,0.030107713091235253,1.0
-1.7317881812221092,0.05404974205989703,-0.007479263916698403,0.015766625509163922,2.0
-1.7317881810591498,0.05405035066407064,-0.005415737699009295,-0.0010975401196752117,2.0
0.6271579197324094,1.6078132955451265,0.16024329237549415,-0.006548789123827058,3.0
0.5598736415837765,-0.6925165165544691,-1.4774931218007323,0.02758881625303326,1.0
0.559873641886345,-0.6925150958744639,-1.480421093200209,-0.03963939832389923,1.0
0.6271579199580586,1.607810670669977,0.1657576418967603,-0.018982748924131623,3.0
0.5435648549888895,-0.9671902716082622,1.3345373944819041,0.08620206410141652,0.0
0.5435648543673679,-0.9671897476413681,1.3335111902932049,0.054114294491488454,0.0
0.6271579196315444,1.6078126132682384,0.15264062131917108,-0.055279177655949224,3.0
0.6271579207323099,1.607810470136119,0.15926304594498497,-0.016702019161639936,3.0
0.5435648548516608,-0.9671871003506116,1.3318123482509123,0.004818560607640146,0.0
-1.7317881811494544,0.05405333149681175,-0.004645148499393323,-0.00757090690152095,2.0
0.5435648544779633,-0.9671886151208404,1.3307084844169752,-0.01101311263942831,0.0
-1.7317881807065938,0.0540480413396036,-0.011671170574014086,-0.008106350201440644,2.0
-1.7317881814294103,0.054051321997000565,-8.166819225050851e-05,-0.05311196649988661,2.0
0.5435648540464196,-0.9671900801156578,1.3354658332670353,0.013114165120149885,0.0
-1.7317881811753415,0.054048846605725814,-0.00695513981546105,0.04367670021082102,2.0
0.6271579205504727,1.607812640779658,0.16509688907689654,-0.03693396684206834,3.0
0.5435648547509404,-0.9671914147685946,1.3325685756905137,-0.020704937756183636,0.0
0.5598736417560961,-0.6925135822863246,-1.4850366014061729,-0.01955799905504099,1.0
0.559873641440145,-0.6925135220698498,-1.4857289877266397,0.00034089424096307535,1.0
0.6271579200898854,1.6078102577934432,0.16606529151859675,0.0047409583876514595,3.0
0.5435648551833644,-0.9671905291659552,1.3395930908742442,0.009513823038618514,0.0
0.5435648545624989,-0.9671887771815126,1.3245958449422266,0.02657064500908212,0.0
0.5598736411149287,-0.692517384305163,-1.4849495306680744,-0.03438760027420557,1.0
0.559873641744587,-0.6925188527710574,-1.4853670913878443,0.027400643104996077,1.0
0.5598736417264449,-0.6925164145296705,-1.4755817805736944,-0.022039531679536168,1.0
-1.7317881816736276,0.05405116399203397,-0.0014377138211655168,0.015909125318277123,2.0
0.5435648551056438,-0.9671893008724697,1.3294665412541737,0.022207159120850566,0.0
0.627157920606074,1.607814048418947,0.16245921775006764,-0.09510066646436721,3.0
0.5598736416071152,-0.6925155235063865,-1.4734546065990601,-0.021502994186471076,1.0
0.5598736412719773,-0.6925188247393804,-1.4791824249048835,-0.024453594399265425,1.0
-1.731788181045992,0.05405030634422047,-0.003662107902370234,-0.01810333257717656,2.0
0.5598736414229979,-0.6925148154064025,-1.4825457674422162,0.010596651875382125,1.0
-1.7317881809929052,0.0540493890585826,-0.010518344396958087,-0.0005997448313440793,2.0
0.5435648550211933,-0.9671889253521003,1.3248805994002635,0.05035432902555988,0.0
0.5598736414315253,-0.692515503468323,-1.4786892944306982,-0.09404217528897177,1.0
0.5435648543299133,-0.9671891359213961,1.3306041380694413,0.050291521884964115,0.0
-1.7317881809258249,0.05405032969425406,-0.0008902689856112542,0.007626759714705608,2.0
0.5598736414174825,-0.6925164457608791,-1.4808135545277104,-0.028789069985247606,1.0
0.5598736413833799,-0.6925143663274781,-1.4765879852213137,-0.008277434277135415,1.0
0.5598736411307348,-0.6925170406997798,-1.4774389416952665,-0.024124291812745734,1.0
0.5598736419790282,-0.6925172238077926,-1.4783412499790494,-0.06118477395659457,1.0
0.559873641570366,-0.6925173231222259,-1.4744661702225168,0.0025390273460281095,1.0
0.5598736409979811,-0.6925137994211186,-1.4750018473213167,-0.07153976660169163,1.0
0.5435648544561646,-0.9671938669081015,1.335499456455456,0.04608300678129698,0.0
0.5435648544150172,-0.9671892050828887,1.328645554350437,0.034594561442488715,0.0
-1.7317881814757208,0.05404850270326714,-0.01227287355829633,-0.004384277948632868,2.0
-1.731788180969229,0.05404916279227765,-0.0042571339940381805,0.009162453951758067,2.0
0.5598736420408915,-0.6925148812057721,-1.488132805105004,0.05360346896154102,1.0
-1.731788180599502,0.05405188240507302,-0.0032199325338100903,0.05110634016087357,2.0
0.5598736423537173,-0.692518800838174,-1.4751219427138775,0.021455389150738878,1.0
-1.7317881811288942,0.05405186294756271,-0.0052343847495058046,0.052804266602534934,2.0
0.543564854448804,-0.9671895610189108,1.3328871554700426,0.05672918594083432,0.0
0.5435648546911829,-0.9671890924266727,1.3240491919708515,0.020588811982507962,0.0
0.559873641826585,-0.692514869332851,-1.475978702786948,-0.014697880263784428,1.0
0.5435648549634438,-0.9671888447895933,1.33249573846606,-0.03316516732781079,0.0
0.543564854530585,-0.9671898853337135,1.33344875651005,-0.012717593947460646,0.0
0.6271579207730039,1.6078102685138198,0.15868774733031304,0.04293709625892761,3.0
0.5435648541501746,-0.9671889201548115,1.329576608089717,0.00780437855913699,0.0
0.5435648551609735,-0.9671890728722059,1.330269649930947,0.028847052202564165,0.0
-1.7317881814780325,0.05405084759802496,-0.0078760057779597,0.015252458973549347,2.0
-1.7317881815370957,0.05405186800870369,-0.004556191114580831,0.013258438461828788,2.0
0.5598736412125924,-0.6925171478834871,-1.480987803114849,-0.09190310762675898,1.0
-1.731788181619594,0.0540488981826269,-0.005202206206457145,-0.009791231476852732,2.0
0.6271579195367123,1.6078121610734006,0.15840792737249834,-0.060477693920554645,3.0
0.6271579194107477,1.60781226531773,0.15938744818896827,0.05136606921944551,3.0
0.5435648545250542,-0.9671914941499746,1.329416536613262,0.03574175477647666,0.0
-1.731788181979808,0.05405138164682716,0.00477414155057869,-0.03851453100494196,2.0
0.5598736417130491,-0.6925156302856561,-1.48108205691014,-0.008991010912662247,1.0
0.627157920172421,1.6078121844686115,0.16079744625685322,-0.039830776510653525,3.0
0.6271579197508159,1.6078116637724902,0.1610544504260839,-0.012325258889131916,3.0
0.5435648551157615,-0.9671896643125403,1.3274204193903025,-0.012560510173622395,0.0
0.5435648553000262,-0.9671918933161586,1.3402447592902074,0.03735800813081479,0.0
-1.7317881810547349,0.05405080899002927,0.002496316761505255,0.050265297239066024,2.0
0.5435648553209405,-0.967189893355263,1.3382651099823952,0.07112014196035192,0.0
0.5598736416084642,-0.6925153910540115,-1.4813931253489836,-0.02026547466503835,1.0
0.6271579195499175,1.6078126019863928,0.16256183519379416,-0.046679055122632554,3.0
0.5598736418930799,-0.692517116272582,-1.478551988743422,-0.028334764347994614,1.0
0.5598736420000394,-0.6925161941795673,-1.485692380913736,-0.007832327120991639,1.0
-1.7317881812301628,0.054049988744086105,-0.005509555560023674,0.003934539803232835,2.0
0.5435648547030487,-0.9671880832019784,1.3324351718840828,-0.021647777011750673,0.0
-1.731788181206608,0.05405037226113384,-0.013183830219022976,0.029525616163905283,2.0
0.5598736417331658,-0.6925146080450357,-1.4759179616531353,-0.07548454904029636,1.0
0.5435648550262888,-0.9671899381131047,1.3334837843466893,-0.035909511444403075,0.0
0.543564854994447,-0.9671887613830363,1.3320987805545208,0.05499228613492514,0.0
0.6271579199303243,1.6078110164205093,0.15957967057161776,0.04373175913025546,3.0
-1.7317881807176658,0.05405072209847325,0.0019459294345483388,0.04875634073631658,2.0
-1.7317881817643435,0.054049606291073,-0.0023538250432580195,-0.019535754295534103,2.0
0.5598736412420136,-0.6925170015878245,-1.4795122664301856,-0.006293729471553024,1.0
-1.7317881816899128,0.05405107931837571,-0.0015756659303876547,0.043004536430883845,2.0
0.6271579200778425,1.6078114366111285,0.15961813497679847,-0.00043065184597898884,3.0
0.6271579200092361,1.6078124890941958,0.15732184985138495,0.015203145295837767,3.0
0.5435648552926655,-0.9671903671350277,1.3282276542999425,0.0032294126648888337,0.0
0.543564854320228,-0.9671888625517143,1.3349958694085393,0.11238779229240144,0.0
0.6271579198039822,1.6078134285511814,0.1626579113438147,0.0679565248981907,3.0
0.6271579198993376,1.6078119500452086,0.16066502956422535,0.024617283710140145,3.0
0.5598736411448314,-0.6925162301358329,-1.4786526004270149,0.004836919612813745,1.0
0.6271579193910248,1.607811144104504,0.16098217039584264,0.015950903427121795,3.0
0.6271579199344617,1.607813781908653,0.16217451187373763,0.07576837820263674,3.0
0.5435648545599321,-0.9671907020954565,1.3383298700868624,-0.025975567059145686,0.0
0.6271579197273409,1.6078150987782156,0.15824009177355752,-0.03870256584868365,3.0
0.5435648546986098,-0.9671862961173654,1.3316121605913627,0.009618585661336727,0.0
0.6271579192728114,1.6078126503762362,0.1634820495011015,-0.047623793293611785,3.0
0.5435648546977776,-0.9671934000117948,1.332700020195258,-0.021082105474793753,0.0
-1.7317881813541494,0.0540521957203511,-0.008741648667435636,-0.012834458341981138,2.0
0.5598736416538839,-0.6925157232931043,-1.4723835164372525,0.00016374940311670837,1.0
0.5435648552562841,-0.9671878367638589,1.332515160237619,-0.0015249184097785573,0.0
-1.7317881821888612,0.05405043493799695,-0.0048298168334778135,-0.04423849034356712,2.0
0.5435648540783884,-0.9671923539597491,1.3263886504820683,-0.04327221689889016,0.0
0.5598736412280876,-0.6925153199043725,-1.470331711438758,0.04125440877751013,1.0
0.543564853862913,-0.9671934770940298,1.3378400436993187,-0.02697153788103827,0.0
0.6271579195401508,1.6078084518876457,0.15820784814037447,0.01062989816114332,3.0
0.5435648544809457,-0.9671876404363424,1.328293502826222,-0.034605907362451324,0.0
0.6271579196587381,1.607809942554561,0.1631249808093821,0.03977538205274453,3.0
0.5435648549590117,-0.9671898836933333,1.333986454034588,0.012884667300215258,0.0
0.5598736410538097,-0.692516974880505,-1.4755504917874576,-0.08326645113146408,1.0
0.5598736411669616,-0.6925168166774711,-1.4785428733213182,0.03469389598731577,1.0
0.6271579197603788,1.6078130892403297,0.1555077836269271,-0.010187997461920397,3.0
0.5435648545380808,-0.9671890180296426,1.3299210201451708,0.053570494195694096,0.0
0.5598736415353346,-0.692517336600484,-1.4782052206663077,0.03820453298300486,1.0
0.5598736418242763,-0.692516973124834,-1.4849956716886905,-0.04529970787541236,1.0
0.5598736413042759,-0.6925136173852566,-1.4772785714805399,0.017601649402800956,1.0
0.5435648548791758,-0.9671885042829286,1.3292109158520795,0.007928077072228678,0.0
0.6271579199153753,1.60781164822887,0.16144470782414405,-0.02474418381869764,3.0
-1.7317881812744647,0.05405001496219675,-3.530725272509443e-05,0.0002448737561136492,2.0
0.5435648552983737,-0.9671888157111985,1.3314437875433889,0.011256972382404603,0.0
0.6271579194243257,1.607807138823801,0.15584411811549265,0.033302960492398746,3.0
0.6271579199577043,1.6078120645651712,0.1634395058431908,-0.03407694374837463,3.0
0.6271579201814222,1.6078117022323397,0.16183904685673373,0.010490300610193763,3.0
-1.7317881814618301,0.05405105920741063,-0.004095948013584237,0.009713239780036489,2.0
0.6271579196389192,1.607811322683277,0.15466847561023014,0.035484877941052734,3.0
0.5598736418378952,-0.6925138135352815,-1.4807330352562795,-0.024089294247339518,1.0
0.6271579197706232,1.6078110494707205,0.1639096622416864,-0.012611278966414938,3.0
0.543564854903177,-0.9671881529118768,1.3282328804392851,0.04254764798686127,0.0
0.6271579197313082,1.6078110559562866,0.16277601451595194,-0.026265251348496124,3.0
-1.7317881817302132,0.0540522143526779,-0.0037992736906437346,-0.05990950708891683,2.0
0.627157920059843,1.6078109601100268,0.16423121513664718,0.0020112629821744323,3.0
-1.731788181252341,0.05405128632561783,-0.007137209845617589,0.03945564781482155,2.0
0.559873641732949,-0.6925161911910928,-1.4749225538713788,-0.027498383773623895,1.0
0.6271579200113178,1.6078090883637575,0.15793307798313994,0.030751732941520487,3.0
0.5435648545844931,-0.9671887954160865,1.3299551867338133,0.01766702592920097,0.0
-1.73178818149243,0.05404938799400856,-0.007708053089746423,-0.012617424783991608,2.0
0.559873641999595,-0.6925203807353396,-1.4740204946032067,0.02621799749603888,1.0
0.5435648549709458,-0.9671924724001193,1.3248574935225386,0.01575497992624329,0.0
0.5435648544790397,-0.967189076887642,1.3335359427158275,-0.008842211932613133,0.0
-1.7317881819545629,0.054051437038105894,-0.007071153311110258,-0.017427562777124095,2.0
0.5598736410603146,-0.6925148810031926,-1.478826645625775,-0.005567047153125869,1.0
-1.7317881821442713,0.05405083683671597,-0.0052916649029169,-0.05277025548616521,2.0
0.5598736415923075,-0.6925182301585152,-1.4842825905232881,-0.025437456255271596,1.0
0.5598736417066441,-0.6925144935964775,-1.4789292340462474,-0.053640259826029775,1.0
0.5598736409333545,-0.6925157662471044,-1.476831241326657,-0.046613334394930185,1.0
0.5435648547450287,-0.9671890408306344,1.3374422634575824,0.03592841768351788,0.0
0.543564855194407,-0.9671904045237623,1.3332805696871242,-0.06764565228697395,0.0
-1.7317881806613926,0.05404893866221502,-0.00908724532075137,0.025982851613103014,2.0
-1.7317881815452432,0.054047920793732045,-0.006986428075961477,-0.014673767918546639,2.0
-1.731788181434816,0.054050165614723825,-0.0030565171372040068,-0.0567449585944939,2.0
0.5598736414129935,-0.6925140077923981,-1.4792607413406134,-0.04978626367536847,1.0
-1.7317881811019233,0.05404982704393433,-0.007626381908319563,-0.0036256917764848364,2.0
0.5435648549298056,-0.9671872921424738,1.3334836987964642,0.008819971140684656,0.0
-1.7317881808816267,0.05405151093417964,-0.008311717262496288,0.031757523525658846,2.0
-1.7317881812064926,0.05405222421465066,-0.0050226979827050445,-0.003252332489437729,2.0
0.5598736410359477,-0.6925161391428599,-1.4739086317807746,0.024588441342852787,1.0
-1.7317881817820948,0.05404755918556273,0.003153482763838083,0.009051913390184274,2.0
0.5435648545048034,-0.9671891418025866,1.3312410107166681,0.00020296597159317404,0.0
0.5435648544309479,-0.9671889998594964,1.3343597741540068,0.0009544183207921534,0.0
-1.731788181174197,0.054052324601308654,-0.003056411582673538,-0.011631189470178846,2.0
0.543564854239564,-0.9671915940883834,1.330655488514368,-0.03724427711288738,0.0
0.5598736418037374,-0.6925189287278508,-1.4779939253650327,-0.02047465703198417,1.0
0.5435648552666728,-0.9671881258808542,1.3322687665203015,0.029710193713714306,0.0
0.5598736420431073,-0.692515955320342,-1.480048584962875,-0.012035386785212458,1.0
-1.7317881815073275,0.05404901458097621,-0.0003676731486390394,0.0179881473827267,2.0
0.543564854944541,-0.9671892365205849,1.3268826970435599,-0.020663409882423163,0.0
0.6271579198529225,1.6078126675437407,0.15680120204280612,0.01018522864650802,3.0
0.5435648545962342,-0.9671920294659473,1.3309654544451188,0.025576112350438527,0.0
0.5598736411169773,-0.6925150151746023,-1.482105839560352,-0.016413970963720166,1.0
-1.7317881811091982,0.05404895008369174,-0.003301265809679102,0.0005477975348828067,2.0
-1.7317881812487244,0.05405176160589492,-0.0011166819748949022,0.010398065936323564,2.0
-1.7317881808877424,0.05404819584898425,-0.00469193621765258,-0.008192471865482786,2.0
0.5435648553960774,-0.9671875773066168,1.3308804375028758,-0.0035829046499984644,0.0
-1.7317881815149363,0.05405107378241178,-0.006156479059950865,-0.050846163040585146,2.0
0.6271579194550713,1.6078069119278473,0.15964717100200743,-0.027088605235420123,3.0
-1.731788181553424,0.05404990925967869,-0.002843475922815933,0.02819174639574611,2.0
0.5598736411250953,-0.6925143940961,-1.4780458271320993,0.04596372029172815,1.0
0.6271579197390103,1.6078121789053255,0.1684451288790949,-0.01706076665325306,3.0
0.6271579194979056,1.6078132671608025,0.16438016707588077,0.014208246452040262,3.0
0.5598736416601222,-0.6925147607878146,-1.475835362042592,-0.012599358643769909,1.0
0.6271579196805636,1.6078096421217247,0.16054298975079512,0.04683180279264546,3.0
0.6271579200664154,1.6078110251047038,0.16074278063434713,0.0014862970121911877,3.0
0.543564854232402,-0.9671913823320389,1.3335649257961935,0.005230836044655412,0.0
-1.7317881807940667,0.05405057880883681,-0.011102309815443762,-0.03238286098623107,2.0
-1.7317881814968559,0.05405114475133677,-0.009290580786136805,-0.033339900071328664,2.0
0.6271579202210049,1.607812503671485,0.15987714798721078,-0.05941536721409415,3.0
0.5435648547081288,-0.9671881537933229,1.334546076757266,-0.0001030692224683529,0.0
-1.7317881817883811,0.05405202171216397,-0.002103619622007828,0.03182184912411764,2.0
0.5435648550360332,-0.9671915853417771,1.3320556394627416,-0.003715500347311731,0.0
0.5435648547074834,-0.967190998650117,1.3301923420296349,0.022552600221441132,0.0
0.627157919424781,1.6078102871468845,0.15949773577633586,-0.0572768876497358,3.0
0.5598736418238761,-0.6925163480390794,-1.476537969526592,0.020267520565003326,1.0
0.5435648541753397,-0.9671922526997498,1.328960278646511,0.020021992074817495,0.0
0.6271579199155839,1.6078106958238934,0.16290691255799813,0.019481939772078145,3.0
-1.7317881813107556,0.054049887645995734,-0.0041314881489981385,0.004685239556338726,2.0
0.5435648543523198,-0.967187160380726,1.3278856943040351,-0.0014081925524998967,0.0
-1.7317881816487715,0.054049985917384594,-0.004649102446243016,-0.07350095987351091,2.0
0.5598736414326245,-0.6925161516904704,-1.4859563012409711,0.004823459985933424,1.0
0.5598736414475011,-0.6925173526949502,-1.4797384812659877,0.004112670214001286,1.0
0.6271579198614264,1.6078114512630644,0.1541535665066336,0.03199115437586193,3.0
0.6271579202621039,1.607811470010501,0.16430103834814236,0.005294191107496077,3.0
0.6271579197865695,1.6078090051924798,0.15535919460822262,0.04194814949419372,3.0
0.5435648542925481,-0.967191022035498,1.3366757095160413,0.005631793282245737,0.0
0.6271579201332905,1.6078130789635803,0.1571501189691376,-0.007173410178258966,3.0
0.5598736408265704,-0.6925145366172788,-1.4759836859731306,-0.007762028223364998,1.0
0.5598736412967519,-0.6925164607706408,-1.4784646513086845,-0.04099515376005331,1.0
0.5598736412425706,-0.6925146355148417,-1.4838204748640058,0.029741521613055055,1.0
-1.7317881812863203,0.054051272496800945,0.0008457910258364184,0.0034263857025710787,2.0
0.5435648545118048,-0.9671892516573827,1.3311301327683536,0.0019523933606006292,0.0
0.5435648548860145,-0.9671864753265778,1.328249966971708,-0.024010182957867564,0.0
0.5598736413417479,-0.6925172646283846,-1.475484638617894,-0.04693365962038885,1.0
0.5435648543917946,-0.9671882963199346,1.3335769708418883,-0.029230252536954004,0.0
0.6271579199535964,1.607810660724833,0.15563757934545927,-0.024965490617800623,3.0
0.5598736418580099,-0.6925152300035684,-1.4804792445272856,0.012078212148401947,1.0
0.5435648549259005,-0.9671890651176359,1.3326233429971686,-0.04534071038873802,0.0
0.5435648547869809,-0.9671892591565523,1.3292414308678573,-0.0012526093539991727,0.0
0.5435648542088152,-0.9671896965981519,1.3316992653678903,-0.06071509326931542,0.0
0.5435648547554154,-0.9671912464363714,1.3336925960838013,-0.0027260109435988736,0.0
0.6271579202319663,1.6078111676365883,0.16094550950834452,0.004673872912153753,3.0
-1.731788180703967,0.05404760394174734,-0.007261598886696449,0.004693554261950437,2.0
0.5435648545116403,-0.9671868182657186,1.3356206267297344,-0.0010685551158257913,0.0
-1.7317881816745992,0.05405101143161585,-0.00642670245589218,-0.018173291146380843,2.0
0.5435648553839202,-0.967191755953423,1.3284159402358249,-0.03184872486938689,0.0
0.5598736418254013,-0.6925119699212571,-1.477194656751501,0.0006195173168609855,1.0
0.5435648544535107,-0.9671876200119924,1.3330058731066436,-0.03303498714247711,0.0
0.6271579200108245,1.607814060887985,0.15539356957497477,0.029368982205243793,3.0
0.5435648545197108,-0.9671889278362287,1.3345500468398779,0.010478489172437684,0.0
0.6271579200733366,1.607807868346501,0.16503849948480714,0.06442100551721826,3.0
0.543564855587909,-0.9671920889425921,1.3278979402128506,0.028191942383638507,0.0
0.5435648541048275,-0.9671906783434576,1.3314007605943932,-0.00981250531614214,0.0
0.5435648543887793,-0.967190032927151,1.3320142889133058,0.02691051495835883,0.0
-1.7317881808455675,0.05404843741162622,-0.005699413180118411,-0.02479411267807558,2.0
0.6271579202172639,1.607809178407627,0.1540138652804934,0.0074421462494302735,3.0
-1.7317881812182183,0.05404673343131329,0.0007134137224336416,-0.04328698032702453,2.0
0.6271579193980142,1.6078082206931705,0.1593155853694135,0.0107947528920544,3.0
0.5598736414930929,-0.6925165954363235,-1.4748680317159217,0.03301210894969754,1.0
0.5435648545061196,-0.9671881416854748,1.3325511470760736,0.010320102796575189,0.0
0.5435648549838893,-0.9671901779728536,1.3277642180228812,0.04032068159193779,0.0
0.6271579203566486,1.6078101758054155,0.16285784919421345,-0.05662514882655253,3.0
-1.731788181711725,0.054051171587255524,-0.002030438116723023,0.048966480596447884,2.0
0.5598736414799256,-0.6925156483774992,-1.4782733285161234,-0.05145453000063313,1.0
0.5598736413078375,-0.6925153707645032,-1.4825736701050067,-0.0032355974825118176,1.0
0.5598736409814601,-0.6925170710640975,-1.4816569659821137,0.05149421205037595,1.0
0.5435648551708507,-0.9671858101790212,1.3367888568915995,-0.04069146191257933,0.0
0.5598736410732879,-0.6925180466033384,-1.4755961732069702,-0.017710951340921065,1.0
0.6271579196352677,1.6078118399590264,0.16228050293145765,-0.04063070114566319,3.0
0.543564853941345,-0.967187361853249,1.3325305443205053,-0.013174162949362016,0.0
-1.7317881814649119,0.05404808144716841,-0.005042910739181833,-0.008615463265491214,2.0
0.5598736417666736,-0.6925176424857932,-1.4765994841015588,-6.156025870981883e-05,1.0
-1.7317881816614076,0.05404974487780292,-0.0022942861100172067,0.018706483632057347,2.0
0.6271579197066487,1.6078111273292297,0.16103473858388728,0.014741929438745435,3.0
0.5598736413924115,-0.6925176159283225,-1.4765221176723253,-0.021798415097297894,1.0
0.6271579199696037,1.607813042733624,0.16067975796660605,0.029492256659197406,3.0
0.627157920083651,1.6078110346106298,0.16170241716823225,0.020884002584177705,3.0
0.55987364126323,-0.6925162925624155,-1.4823891209230586,-0.027351667519412357,1.0
0.5598736415804103,-0.6925148139125911,-1.476304575732206,-0.019824597649808456,1.0
0.5435648550294907,-0.9671886924849422,1.330055257097409,0.04648046655663467,0.0
0.6271579199055853,1.607809885998578,0.16683437085330965,0.005810138791062207,3.0
-1.7317881819267071,0.05405000262814206,-0.007214092948098142,-0.027004801624506518,2.0
0.6271579196287915,1.6078101254969446,0.16547799542129207,0.0031881765562621705,3.0
0.6271579200175439,1.6078115212124877,0.1515461672461965,0.05926080882252937,3.0
0.5435648547908182,-0.9671889849194248,1.3305954335535946,0.007339174646274915,0.0
0.5598736409886373,-0.6925154928079562,-1.4838131819028317,0.0027730460933266757,1.0
0.5435648548080032,-0.9671905180851617,1.3317746511471542,-0.024631709414933128,0.0
0.5598736413704803,-0.6925141580421358,-1.478900372177197,-0.004219793175496261,1.0
0.6271579192098103,1.6078106233973768,0.15869306748559642,-0.033540289124582554,3.0
0.6271579192289337,1.6078125382760127,0.16046059904791235,0.029976571676228102,3.0
-1.731788181336594,0.05405072610783988,-0.0046873029455056,-0.024833525910777424,2.0
0.5435648545578886,-0.9671857750619858,1.332574233046359,0.041451669777422644,0.0
0.6271579197618565,1.607810100959301,0.16135831106468224,0.05812411283297393,3.0
0.5598736417804371,-0.6925151452531878,-1.477466260295556,0.036155825198435056,1.0
0.5598736411336577,-0.6925180750689816,-1.471312631313032,-0.1404733109402758,1.0
0.6271579190050767,1.6078093705512402,0.1584389777725866,-0.03914247307836969,3.0
-1.7317881819786782,0.05404995430260452,-0.011814941502361835,0.00864881706993451,2.0
0.6271579199236742,1.6078099100991063,0.15432799166095246,-0.002853624658864889,3.0
0.6271579196533856,1.6078126440915919,0.1598907890920298,0.018655323382186735,3.0
0.6271579192346454,1.6078102129182505,0.16124128803203994,-0.014882360627784214,3.0
0.5435648546884458,-0.9671916658959514,1.3372993073101573,-0.01905633491430798,0.0
0.5598736410814005,-0.6925176308520985,-1.4761825090285918,-0.016180132940033436,1.0
0.6271579193671786,1.6078123157166277,0.1674687960741678,-0.016246105397378478,3.0
-1.7317881812241012,0.05404777712312365,-0.002757427572595239,-0.020581313208980365,2.0
0.6271579204570901,1.6078114014324765,0.15738818625565054,-0.04708355688636971,3.0
0.6271579192880876,1.6078132142704864,0.16323502469292012,-0.009698538966562134,3.0
0.5598736414095418,-0.6925180739621358,-1.482326526179925,-0.06692785761688633,1.0
0.5435648550638643,-0.9671898275405145,1.329967742537001,0.01014828347697813,0.0
0.5598736413322292,-0.692514552291453,-1.4792509987385976,-0.03363081363330458,1.0
0.5435648547254134,-0.9671914468134497,1.3370857964067115,0.026787283649504456,0.0
0.5598736409758178,-0.692513826034259,-1.4815488797923455,-0.02608313830490581,1.0
0.6271579197317979,1.6078123506884552,0.16147895652154595,-0.04584109747984689,3.0
0.5598736410466669,-0.6925155419157172,-1.4855767717058648,-0.031499658007783496,1.0
0.6271579190874329,1.6078130554244017,0.1601504428171646,-0.012522225708644778,3.0
-1.7317881817022782,0.05404983353375411,-0.008455184881577624,-0.012660915467723246,2.0
0.5435648537869664,-0.9671878349540246,1.3319493979357229,0.01404651943694787,0.0
-1.731788181422197,0.0540529368551316,-0.005814938607521274,-0.01127312575468962,2.0
0.5435648547306299,-0.9671888156664261,1.3250263572701462,0.025806177810360275,0.0
-1.7317881818182974,0.05405043867046392,-0.012819281022877441,-0.08190699261013568,2.0
0.5435648547086237,-0.9671901084332714,1.329675163267613,0.009617954097623043,0.0
0.5598736410127344,-0.692517177342546,-1.4771923912095204,-0.04861992314763839,1.0
0.5598736416967832,-0.6925150269576816,-1.4834048074115846,-0.04824988392459862,1.0
-1.7317881818744942,0.054050192015664654,-0.008422682830555101,-0.01689224723768415,2.0
0.5435648548564311,-0.9671889776176834,1.3280184685467584,-0.051772965652982214,0.0
0.5598736413366245,-0.6925161972620889,-1.4725874651330872,0.028369923948973485,1.0
-1.731788181513525,0.054049712160952834,-0.002697717922415943,0.07264904347416383,2.0
-1.7317881818566743,0.05405153776770249,-0.008568442912952473,-0.01673965989074249,2.0
0.5435648543016083,-0.9671890964179335,1.3333906553526822,0.03279173581903156,0.0
-1.731788181575157,0.05404914601874912,-0.004665013086495001,-0.011468857132036771,2.0
0.5435648549884977,-0.9671910545430031,1.3312038036987242,0.08135623936247875,0.0
-1.7317881816661713,0.05405098225389448,-0.0010162049218519773,0.059583122079841296,2.0
0.6271579207585184,1.6078124771194442,0.15612971730439096,-0.022680203112501653,3.0
0.5598736416094301,-0.6925150963982051,-1.4727476071331427,-0.037604916984774354,1.0
0.5435648545308346,-0.9671896346285398,1.335708595811705,-0.0020580176470160892,0.0
0.5598736413143586,-0.6925147693725605,-1.4812017104205508,-0.04737228574161716,1.0
0.5435648547436738,-0.9671888875093735,1.3322717944451024,0.02172237829811009,0.0
0.5598736415208572,-0.6925168286596782,-1.476970791184285,0.03386564419219377,1.0
0.5598736421938394,-0.6925123733241282,-1.4834123010319555,-0.006919611114635003,1.0
0.5435648542922636,-0.967189583873534,1.3316439213240963,0.05341437065904539,0.0
-1.7317881814624458,0.054048510874126154,-0.0054671172167693955,0.033706620957427186,2.0
0.5598736410577912,-0.6925163811718807,-1.4794197518589798,-0.02327184129188344,1.0
0.627157920135271,1.607810440653649,0.16533222933053304,0.014540669074574075,3.0
0.5598736411526657,-0.6925167004535094,-1.4803420489539756,-0.018815844948655507,1.0
0.5435648539402681,-0.9671897074253296,1.3293084391381982,0.01703217181478237,0.0
0.5598736408627457,-0.6925164520753008,-1.4749012793756096,-0.06968667692689039,1.0
0.6271579200251625,1.6078120555087527,0.15977981633371652,-0.012041983021180517,3.0
0.5598736417892856,-0.6925145385081173,-1.4818178501713062,0.012919821623037833,1.0
-1.731788181219159,0.05405035240482107,-0.007408729935763329,0.008567312974582077,2.0
0.5435648550770389,-0.9671890258277593,1.3347959112279126,0.002769123814489085,0.0
-1.7317881819355536,0.05405267685109528,0.001426333836131254,-0.02669293382013393,2.0
0.5435648552838814,-0.9671912516662768,1.331100292041842,-0.03609354625949169,0.0
-1.7317881815118523,0.054051233927384805,-0.0010598777387460403,0.03423231604181094,2.0
0.5598736414238714,-0.6925177317784826,-1.4808463160863403,0.007380385754935131,1.0
-1.731788180988978,0.0540501639918107,-0.0036489331651430976,-0.05655660330059846,2.0
0.5598736415491287,-0.6925152475616819,-1.4725469343462152,-0.006716996974006509,1.0
0.6271579204649422,1.6078124373479463,0.15827184087528406,0.018975509774247206,3.0
-1.7317881815800866,0.05405058612803745,-0.009982651004836349,0.05880189547418985,2.0
0.6271579205063069,1.6078141069618384,0.15936284346185062,-0.061034231609005084,3.0
0.627157919109412,1.6078110558774958,0.15582194602682622,-0.04239117513310467,3.0
0.5435648547320696,-0.9671900761270621,1.332643537738635,-0.04318078131413284,0.0
0.6271579207920975,1.6078110187769126,0.16427065306203895,-0.0005755094409242114,3.0
0.6271579204082873,1.607812390825173,0.15889651060313825,-0.0117136552531111,3.0
0.5435648538506415,-0.9671898209641216,1.3356218203040982,0.040629744263644664,0.0
0.559873641777319,-0.6925134480479558,-1.4807442058300013,-0.03529134480075498,1.0
-1.7317881811119977,0.054051356772787586,-0.0081186351519312,0.00394427175039027,2.0
0.5435648546735277,-0.9671888214957814,1.3353852641621546,0.049758115377947984,0.0
-1.7317881815393197,0.05405021346228125,-0.0061942479663656055,0.05560013478142404,2.0
-1.731788181363047,0.0540484536706021,-0.014183225790489707,0.01020150826710032,2.0
0.5435648546613238,-0.9671908196543594,1.3337966074469323,-0.01811510667104452,0.0
-1.7317881808259634,0.054048939517756876,-0.0030140366975075442,0.05520525290081385,2.0
-1.731788181285877,0.0540523108857583,-0.0034919797968893185,-0.0008649575880396812,2.0
0.5435648546042662,-0.9671916119852221,1.3266509083405666,-0.03181795610298716,0.0
0.5435648544987463,-0.9671911325738853,1.3273526958878585,0.024602786491251975,0.0
0.6271579196941085,1.6078105704254582,0.16532499669364972,0.04193280058338912,3.0
0.5598736416664472,-0.6925172516908337,-1.480954469066736,-0.04618131027484163,1.0
0.6271579205657061,1.6078117486967158,0.15993565823261388,-0.028162870844034325,3.0
0.5435648548960575,-0.9671903708892474,1.3306814884113296,0.0261860729530808,0.0
0.5598736417783284,-0.6925178043173766,-1.480247688495828,0.0213834530613614,1.0
0.5435648546076741,-0.9671887035737414,1.3342865047019437,0.014273773360974908,0.0
0.5598736420996028,-0.6925185221221671,-1.478075982354756,0.027607020949016833,1.0
0.5598736410415767,-0.6925181045748432,-1.4778318811958746,-0.06358658507862261,1.0
0.5598736417435244,-0.6925157511262765,-1.4820551646263482,0.024734685352222265,1.0
0.5598736410317956,-0.6925160786601052,-1.4814061706973503,-0.09225474582417924,1.0
0.6271579192887266,1.6078114405160913,0.1629919168124742,-0.008498573472589728,3.0
0.5435648550871092,-0.9671904873609566,1.334869101254819,0.013491613394272628,0.0
0.55987364098529,-0.6925174596674196,-1.4799928645320977,-0.06731447955435399,1.0
-1.7317881809943279,0.054049653687952726,-0.0010421948049245762,-0.056546727911052634,2.0
0.5598736410966706,-0.6925169502779376,-1.4795972495988434,0.029671804240965462,1.0
0.5435648545889027,-0.9671892275583258,1.3301368122213257,-0.02373361258375753,0.0
-1.731788181213061,0.05404946229579176,-0.004754176951304813,-0.03982308673524187,2.0
-1.7317881806897824,0.05405134930087483,-0.001716366853109264,0.021236401732696142,2.0
0.559873641169946,-0.6925129694939602,-1.4784702527421278,-0.01799916832207101,1.0
0.5435648550640355,-0.9671886656598445,1.3356148011236029,-0.029915215780614533,0.0
0.5598736416754699,-0.6925145443599277,-1.4869575135087982,-0.037739959334439084,1.0
0.5598736418044914,-0.6925145393620844,-1.4828802719774106,-0.05666680876577447,1.0
0.6271579203697734,1.6078138806931765,0.16003147792446532,0.06640868317008167,3.0
-1.7317881807314899,0.05405136884677067,-0.0033917859444930936,-0.08800434923632772,2.0
0.5435648551068623,-0.9671884094668108,1.3377862673455876,0.042018779827900254,0.0
-1.7317881817728802,0.05404849890054585,0.0006683302898116022,-0.020620995479209977,2.0
0.6271579196499838,1.607811430474045,0.1604526839321616,-0.05825044913114552,3.0
0.5435648551706204,-0.9671906800914725,1.3252449639978268,0.024527473266100254,0.0
0.5598736412002299,-0.6925168419534533,-1.4738806539998257,0.01307048376937008,1.0
-1.7317881819167757,0.05404780304479904,-0.0036034278894204095,0.04735687208796118,2.0
0.5598736411699582,-0.6925173379645341,-1.47708601235941,0.01709062187935861,1.0
0.5435648544075646,-0.967191853410246,1.3308218108391678,0.005433722601769572,0.0
-1.731788181389792,0.054051061779432655,-0.005676507075577595,0.03104623171556472,2.0
0.62715791943567,1.607811009280622,0.15942232560940986,-0.0010568932304347426,3.0
0.5435648547604438,-0.9671890564047595,1.3354171898721514,0.05261890501318623,0.0
0.5435648543624724,-0.9671918281960586,1.333668700234306,-0.03251744821886658,0.0
0.5435648540607885,-0.9671915976315727,1.3339080582474163,0.04127471292223799,0.0
0.6271579195028646,1.6078117740358036,0.16755452226450052,-0.001849690742386578,3.0
0.5435648546775855,-0.9671898544988445,1.3361967539100166,0.008741461516931288,0.0
-1.7317881810437177,0.05405462354289097,0.0014290930439386693,-0.031980904369171864,2.0
-1.7317881809204505,0.05405035065200883,-0.007022452680444489,0.017186577704965195,2.0
-1.731788180596458,0.05405001283947868,-0.005763483222261905,-0.0707211624788539,2.0
0.6271579196362718,1.6078111357558231,0.15367818282460957,-0.03580233242749904,3.0
0.6271579194911137,1.6078092900648804,0.1550311144579267,0.019132039736043868,3.0
0.6271579193589781,1.607808707225124,0.15775327274939088,0.033217782838612035,3.0
0.5598736410845524,-0.692515596711672,-1.480495787925577,-0.01732828725482576,1.0
0.5435648543676934,-0.9671900904344185,1.3351708328987477,0.060815776941961226,0.0
0.5435648548362991,-0.9671907186826867,1.3311365881077428,-0.04250721442006484,0.0
-1.7317881815584977,0.054050422546259476,-0.0008597764313817513,0.013634712823967108,2.0
0.5435648547784793,-0.9671903118897778,1.3387435551629152,-0.05178092076091875,0.0
-1.731788181434278,0.05404908148402039,-0.0021652264642726803,-0.07969406394093388,2.0
-1.731788180687417,0.05404815576375072,-0.009026325718528933,0.03969161053747405,2.0
-1.7317881804885258,0.054050957487566643,-1.5738690770641386e-06,-0.012534424875010206,2.0
-1.7317881818744476,0.05405038310602716,-0.004502994310592044,-0.009574129280227519,2.0
0.5598736412777824,-0.6925156780130574,-1.4823073091520718,0.020739468049736743,1.0
0.627157920616269,1.6078130314754715,0.1624321397828685,0.06220460641406433,3.0
0.559873641299614,-0.6925149262430591,-1.4801697927132267,-0.02123201231743575,1.0
-1.7317881816018268,0.054050026428327264,0.0005599335589504201,-0.017854752097499663,2.0
0.6271579200272289,1.6078099702961979,0.15833160211727904,0.06143349186834196,3.0
0.5598736412427135,-0.6925137399848521,-1.4759295349768673,0.019891571343965592,1.0
-1.7317881807337903,0.054048498318101816,-0.004973995004801719,-0.051494136938454546,2.0
0.5598736415089464,-0.6925160075636693,-1.4763645691682823,0.04289131778464602,1.0
-1.7317881819074137,0.05404945774312954,-0.007064595889769125,-0.023568503698842978,2.0
0.6271579201977098,1.6078105054549099,0.16002379803836786,-0.07233140269773829,3.0
0.5598736412417,-0.692515848515868,-1.4807493849712408,-0.01782435995794054,1.0
0.543564854570946,-0.9671887491783709,1.3331610030126348,-0.023869787048643145,0.0
0.5435648549939126,-0.9671901008317472,1.335227682710547,-0.00832351040422945,0.0
0.5598736415201592,-0.6925150958135665,-1.476024432918531,-0.003686486668008008,1.0
0.5598736416280994,-0.6925180365283671,-1.475352443515851,-0.04651414689248853,1.0
0.5435648550769743,-0.9671896240545484,1.321918012615461,-0.035818987232530866,0.0
-1.7317881814151623,0.054050640944215134,-0.008111755279112455,-0.08241093183573114,2.0
-1.7317881816403937,0.05405205890099821,-0.005556042340225553,0.04547211172099416,2.0
0.5598736413739226,-0.6925149371958214,-1.4763455723083005,0.030028012102995612,1.0
0.5435648545932931,-0.967187281799213,1.322284417802379,0.09189401843284174,0.0
-1.7317881813034186,0.05405088907694736,-0.006093828111966837,-0.07562646382507449,2.0
0.6271579200252095,1.6078099392314757,0.15988556202870616,0.020464470487204834,3.0
-1.7317881814334408,0.05404892048711554,-0.006983925998876095,-0.03723990796145276,2.0
-1.7317881816964502,0.05405059699462123,-0.0044476704281073845,0.017156110428513723,2.0
0.5435648543030033,-0.9671918030356605,1.3376276142711285,0.01832826642831318,0.0
0.5598736415601481,-0.6925156764855556,-1.4755694833772859,0.01620840349114566,1.0
0.559873641878106,-0.6925147304117125,-1.4796723754239922,-0.021951991552801642,1.0
-1.7317881813849612,0.05404950489894342,-0.0066636896356476565,0.012121425088199854,2.0
0.5598736419671023,-0.6925166108882532,-1.4758567080103622,0.007522397315247576,1.0
0.5435648543885994,-0.9671888155579608,1.3297231870773913,0.01721657001197041,0.0
0.5435648547280674,-0.9671866127241121,1.337858489672871,-0.04470478395491248,0.0
-1.7317881821398065,0.054051942925054414,0.0013676576157235923,-0.0026568281612688806,2.0
-1.7317881814400071,0.054051418601333126,-0.00134353768891069,0.009533503029763381,2.0
0.5435648550614302,-0.9671869245045143,1.334961066666983,0.02030426749517186,0.0
-1.731788181772325,0.05404784868879818,-0.012394818659835138,-0.003446877566728243,2.0
0.5598736408006189,-0.6925186405899916,-1.4785588311755058,-0.1119039510192995,1.0
0.543564854940229,-0.9671885860180903,1.334524109338242,0.03582970420285679,0.0
-1.7317881812954912,0.05405106319910968,-0.0069591355221446,0.02879091656990358,2.0
-1.7317881817360967,0.05405009042336452,-0.0010033731255829391,0.02600746304825834,2.0
0.6271579200163767,1.6078125327422845,0.16348522923447226,0.042633543773359914,3.0
0.5435648554112332,-0.9671901408282166,1.3194752170227648,0.04222840200922585,0.0
0.6271579197605932,1.6078109026618645,0.15897491420031407,0.04085428940326097,3.0
0.5598736411226304,-0.6925158273258875,-1.4838142529377452,-0.0053831932152059725,1.0
0.5598736418245819,-0.6925159146431917,-1.481411798781325,0.04487864697418142,1.0
-1.7317881811338571,0.05404725993855088,-0.0013481835261045013,0.06360535279680649,2.0
0.6271579201033313,1.6078092053590929,0.15619726519330895,-0.006938737134701516,3.0
0.5598736410694227,-0.6925146485696327,-1.4726569653633128,-0.011000287653898669,1.0
0.5435648547657427,-0.9671917578437864,1.3340717735915004,0.04349547587645257,0.0
-1.731788181610501,0.054048645292105055,-0.010964096377512417,0.04825067707709741,2.0
0.5598736413302202,-0.6925147743655065,-1.4793292200770776,0.03361049742827472,1.0
0.5435648548417539,-0.9671875436780331,1.3307351718711877,0.04343194848478441,0.0
0.5598736413375546,-0.6925156854065824,-1.4747270076631986,0.026876397632148257,1.0
0.559873640929567,-0.6925148710537193,-1.480329424997854,0.018990126854110213,1.0
-1.7317881815426053,0.05405051980558902,-0.00514441885201558,-0.04241358588164826,2.0
0.5435648552120533,-0.9671923746893513,1.3400017272925593,0.00865661208513204,0.0
0.5435648542750446,-0.9671904649567101,1.3358730301917303,-0.01875937365434954,0.0
0.559873641825693,-0.6925160741512629,-1.4839744098200751,-0.023708626746275437,1.0
0.5598736407254964,-0.692516756558248,-1.4775043254782347,-0.011665358194753686,1.0
0.6271579201154167,1.607810266774993,0.1634751612717737,-0.008467495688401843,3.0
0.627157919731574,1.607809063517132,0.15976713597767142,0.024786777429294166,3.0
0.5435648547774652,-0.9671932166773918,1.3346921099513431,0.07017924468291978,0.0
0.6271579199159047,1.607810369038791,0.16614394927780132,0.019846009724269306,3.0
0.5598736416998116,-0.6925179483082202,-1.4828409246934244,-0.027061119993994832,1.0
-1.731788181345604,0.05405142156179849,-0.006566351827318116,0.038385313126444436,2.0
0.6271579197194674,1.6078108859539628,0.15963537424403598,-0.013048468723274814,3.0
0.6271579201882043,1.6078107064968319,0.15749709266238743,0.04715710791163359,3.0
0.5598736414559478,-0.692514752667475,-1.487401308790568,0.036902584943205946,1.0
0.5598736415528419,-0.6925175609279163,-1.4841038617667694,0.0364402012338844,1.0
-1.7317881815778102,0.05405250409657278,-0.004702623244879351,0.09246929834243746,2.0
-1.7317881809671811,0.05404860546418732,0.000542454759375236,-0.0415738004070622,2.0
0.5598736418305633,-0.6925157953254223,-1.4787423454081996,-0.016128504643336424,1.0
-1.7317881817852898,0.05404873435253592,-0.00570538101490528,-0.008049662350597567,2.0
0.559873642025034,-0.6925189608935608,-1.480065905538083,0.022431430059145406,1.0
0.5598736417373639,-0.6925164729347274,-1.482723985256371,0.056163465843301126,1.0
0.5435648540439231,-0.9671889145102006,1.3351420893063781,0.025592415801224153,0.0
0.6271579194879292,1.6078103335714276,0.156073326906084,0.04109050516842176,3.0
0.543564855133899,-0.967189169675703,1.3314540362466547,0.0018855831170145755,0.0
0.5598736414583737,-0.6925139148039424,-1.4877191542262678,-0.06058253265584679,1.0
0.5598736416658884,-0.6925178667523109,-1.480643509814846,0.005827495606384517,1.0
-1.731788181273283,0.054049626779841986,-0.007936154200481152,-0.006196307827065307,2.0
0.5435648555580183,-0.9671895382732494,1.336835919580863,-0.002394342385329824,0.0
-1.73178818157807,0.05404607447044633,-0.009122985043438779,0.02963089559624421,2.0
0.6271579200063753,1.6078119100592678,0.15434182920209977,-0.008004676900704633,3.0
-1.7317881814918972,0.05405206400447337,-0.0024577000547932795,-0.052158182247770725,2.0
0.5435648541599941,-0.9671926061248852,1.3287448265960429,0.03509905269948712,0.0
0.627157919421773,1.607810969401265,0.16323571796453212,-0.0375730768596962,3.0
0.5435648547677395,-0.9671882282746753,1.3349354907389437,0.01663043841440334,0.0
0.5435648547750475,-0.9671881546085616,1.3364519411898796,0.04368545205104626,0.0
0.6271579204305632,1.6078095728428499,0.15911377899266094,0.024347315003625466,3.0
0.5435648548826474,-0.9671886586054398,1.3268101580102583,-0.03634003235156552,0.0
0.5598736411639498,-0.6925158831614991,-1.4783535043530358,0.023358891428680157,1.0
0.559873641382907,-0.6925177130409548,-1.480875440781391,-0.01689407896915981,1.0
0.6271579208128775,1.607813438184372,0.15984401360047545,-0.03799084076697701,3.0
0.5598736409680358,-0.6925141879735746,-1.477462319353613,0.026901323881759184,1.0
-1.731788181523461,0.054048373303779186,-0.0037435320463790095,-0.02480710033845467,2.0
-1.731788181483891,0.0540534142992931,-0.004036233817672528,0.0072989638475900115,2.0
0.5435648545971549,-0.9671930829927935,1.333373575747648,-0.017279405595576017,0.0
0.627157919712393,1.607810349444851,0.16404667294350023,-0.046910215409845635,3.0
-1.7317881820266663,0.054051852947063425,-0.005916985729851268,0.022382837087240048,2.0
-1.7317881813767997,0.05404840534600707,-0.01007035448324659,0.03867212649551873,2.0
0.6271579200597542,1.6078105739051858,0.16026970060640627,0.03555327352080485,3.0
0.6271579201463741,1.607812794875832,0.15747323298233754,-0.028288134639852965,3.0
0.6271579194941258,1.6078098602654507,0.16381103970562075,0.0031687914392194406,3.0
-1.7317881817996068,0.05405091157700859,-0.004781146329974671,-0.10708853483047828,2.0
0.6271579196903981,1.6078121347599674,0.16085394049490623,0.0432147487180231,3.0
0.6271579199998418,1.6078097231828874,0.16275494947111477,0.03922398153303315,3.0
0.6271579193594503,1.607812556102425,0.16277604144156588,-0.017748681475887283,3.0
0.559873640713036,-0.6925160984329513,-1.4820735903344007,-0.08380781551533725,1.0
0.5435648550408636,-0.9671900371776128,1.3342413038252507,0.0020046811409510073,0.0
0.5598736412623875,-0.6925164125153144,-1.4795586261170361,-0.0048571564032315,1.0
-1.7317881813754665,0.05404815632812191,-0.0074696782737046245,-0.008415268358719412,2.0
-1.7317881811542535,0.05404962208776002,-0.0078093246762619235,-0.030342005575572463,2.0
0.6271579198824982,1.607810677599266,0.1587827687796956,-0.04541170015277886,3.0
-1.7317881816986642,0.054054291985810576,-0.002002023174680055,0.0624156001961773,2.0
0.6271579205661435,1.6078128382794346,0.16038113790751082,-0.014692265085591608,3.0
-1.731788181595042,0.05405064123574286,-0.007641675550704253,0.025526573425623963,2.0
0.5435648547449907,-0.9671888701241719,1.3275496331221701,-0.0391083954037389,0.0
0.5598736417193343,-0.6925156249531053,-1.481628635219015,-0.05913471672560437,1.0
0.5598736412856747,-0.6925131778605486,-1.4713800287435974,-0.02405546475356516,1.0
0.543564854770092,-0.9671901571250527,1.3301166188554114,0.017447867640382926,0.0
0.5435648543963971,-0.9671913336540858,1.3342164171890152,-0.004634354289666627,0.0
0.5598736414073322,-0.692514476670398,-1.4838609713154458,-0.03625141935191266,1.0
0.6271579192540284,1.6078117539304873,0.16218520113735305,0.035400583490868484,3.0
0.5435648549182006,-0.967186888222926,1.330502368834359,0.02169617837416247,0.0
-1.7317881812290294,0.05405273093661299,-0.003015997426257142,0.02625008411141997,2.0
0.6271579197337662,1.6078100069062857,0.15400802633219615,0.005649237026117549,3.0
0.5598736413130571,-0.6925194352739766,-1.475811083300536,-0.018837462178897296,1.0
0.5598736414275779,-0.6925145372764485,-1.485341172142571,0.007442998411209711,1.0
0.5598736412217625,-0.6925149457615087,-1.479467639145867,-0.005943425834809375,1.0
0.6271579195770169,1.607810507882807,0.16067780174018206,0.027562072004987816,3.0
0.5435648547322354,-0.9671896364012292,1.3316368436212969,0.023010954091195225,0.0
-1.7317881810663858,0.05405187471474636,-0.012504187315883245,0.020793663110759183,2.0
0.6271579196362052,1.6078111821031857,0.15884173052654207,0.06104860503174971,3.0
0.5435648553251928,-0.9671907563772804,1.3282318083803806,0.01937845447461114,0.0
-1.7317881808364597,0.05404750540130339,-0.006139809084938829,-0.056196562152837096,2.0
-1.7317881808766167,0.054049547477386356,-0.005663933955057405,0.012557659111629479,2.0
0.6271579199998163,1.607811957361955,0.15647546097263193,0.05688893419793841,3.0
-1.7317881817724068,0.05405020019073673,-0.0008306284101537053,0.006731446250475709,2.0
-1.7317881810327913,0.0540490906322066,-0.0060057272864428995,-0.0012867384909798355,2.0
0.6271579200535871,1.6078115803536701,0.16501691612987998,-0.02565064803847737,3.0
0.5598736414328306,-0.6925176554727955,-1.476350927495625,-0.04478009152143025,1.0
-1.731788181248559,0.05405234943151586,-0.006854227141271672,0.0592162869019337,2.0
-1.7317881813002713,0.05405172242463707,-0.00019028653450093525,0.0013909854348417112,2.0
0.6271579200831969,1.6078126138429494,0.16097242963608488,-0.015877906686799843,3.0
0.5435648540942731,-0.9671867600641739,1.3302881602639802,0.033110173904239246,0.0
0.62715791990907,1.6078125202858873,0.16209412348337296,0.05467763928003353,3.0
0.5435648547867343,-0.9671877951428828,1.3341531847225558,-0.012767356062498892,0.0
-1.731788181338747,0.05404926249287281,-0.005408735540482488,-0.020489367703745723,2.0
-1.73178818140156,0.05405078164907376,-0.010187545197983957,-0.0057839218439225005,2.0
0.5598736415047332,-0.6925158640438478,-1.4758545649326158,0.034476031998698885,1.0
0.5435648545544237,-0.9671894860827005,1.3335205491514008,0.03612559262872221,0.0
0.5598736414317708,-0.6925124426529031,-1.4749788404772621,-0.027550830455538033,1.0
-1.731788181405485,0.054051914574561065,-0.004978760077845881,-0.0008048723323934137,2.0
0.5435648546294345,-0.9671890528018612,1.333627302752089,0.04109914456945985,0.0
0.5598736415417974,-0.6925163774264259,-1.4787877318403566,0.02280696773072995,1.0
-1.7317881818075116,0.05404988509503908,-0.0027945311604597968,-0.0294827672875019,2.0
0.6271579197333711,1.6078127534130482,0.15803757885709863,0.020825205043233052,3.0
0.5435648554226166,-0.9671887977877924,1.3291641550553344,0.05942360539368337,0.0
-1.7317881820516712,0.05404921068425347,-0.0026400624757507247,0.0025610921622911957,2.0
0.6271579205100085,1.6078122082235706,0.15713012450896113,-0.04743665739501807,3.0
0.5435648550011274,-0.9671890716940953,1.3361637336978185,-0.03942468627556601,0.0
0.5598736417867106,-0.692514466345569,-1.4793569537751006,-0.0028062661752893867,1.0
0.5435648553306887,-0.9671894215297596,1.330380864021978,0.035806621841609154,0.0
-1.7317881819647543,0.054049076821146125,-0.0009534356523361655,-0.02052180459184607,2.0
-1.7317881812902245,0.05405076960831097,-0.0037055304246179726,-0.01561508428795878,2.0
-1.7317881814740876,0.05404993235988494,0.0004360624504012078,-0.05145795207478367,2.0
0.5435648551378667,-0.9671926936850193,1.3346927260635397,0.04561685122019791,0.0
0.6271579197398013,1.6078111695809192,0.16158147691232905,0.07235578530219167,3.0
0.543564854616433,-0.9671940794128324,1.3272619782964872,0.02112516861450143,0.0
0.6271579198919588,1.6078105043231508,0.15902013375716134,0.030096326899437822,3.0
-1.7317881817834868,0.054047470231627114,-0.005870607699460191,0.032083994574009345,2.0
-1.7317881812267677,0.054049439576836854,0.002385740189836993,-0.029885065544455088,2.0
0.6271579197528483,1.6078127581116695,0.1623169601321946,-0.04577855084242658,3.0
0.5598736415551488,-0.6925170562661717,-1.4816590800159877,-0.02918547467264893,1.0
0.5598736410987782,-0.6925172244885005,-1.4830684406518146,-0.017725296028578606,1.0
0.6271579196916592,1.6078152727710044,0.1601842084419007,-0.0557854844376296,3.0
-1.7317881819806307,0.05405147383977048,-0.001629020247998849,0.01553069075375367,2.0
0.6271579193063991,1.6078122499935872,0.15933164105560516,-0.021674154648766583,3.0
-1.7317881822915902,0.054051540402198575,-0.004473071381940229,-0.025814222356248286,2.0
0.5435648551508568,-0.9671880655866658,1.3370718404101882,-0.0036446964622203776,0.0
0.559873641842815,-0.692513317779905,-1.474743425943577,0.02253419655891653,1.0
0.5435648545150976,-0.9671895462004623,1.3419884374425128,0.0020350096971734535,0.0
-1.7317881811903735,0.054048548911925134,0.002770033491282054,0.01341071066364704,2.0
0.5435648558600693,-0.9671909783115934,1.3306895493741564,0.007758596812941377,0.0
0.5598736419312886,-0.6925166093267213,-1.471976239493978,0.007507999976641952,1.0
0.6271579198579241,1.607810136102526,0.15479141232407673,-0.01407143445306601,3.0
0.6271579197552863,1.6078122655158031,0.15898470798302147,0.002570970470865169,3.0
0.6271579205354842,1.6078097718227133,0.1570687066032158,0.012067699431247492,3.0
-1.731788181893872,0.054050664140811666,-0.009152319272976779,0.026320594053283436,2.0
-1.7317881814145228,0.05405046873798932,-0.0031194419825895108,-0.058488086683079796,2.0
0.5598736413643061,-0.6925164913059442,-1.473946881607649,-0.09917693218000107,1.0
0.5598736408785286,-0.6925133607168634,-1.4778080273882102,-0.04311004005876679,1.0
-1.7317881812539895,0.054051154467232174,-0.0072879922831652205,0.02415726822627721,2.0
-1.7317881816980032,0.054049752398266905,-0.0017087016608845972,0.05512011785860726,2.0
0.627157920530631,1.6078122979508085,0.1598862693684361,0.02265514852937139,3.0
-1.7317881811182372,0.0540486662327806,0.003038777634712134,-0.03916921601613942,2.0
0.5435648539818784,-0.9671901118143772,1.3307264881052414,-0.007949481051919793,0.0
0.5598736413395247,-0.6925144078155226,-1.473981856616884,0.00902666775079064,1.0
0.6271579194893872,1.6078093577787622,0.1638665895938049,-0.06061402364848141,3.0
0.5435648545553113,-0.9671925645863636,1.3306306615810333,0.021422544488995093,0.0
0.559873641230834,-0.6925163036221342,-1.4821234386416224,0.04292804769286123,1.0
0.6271579198234145,1.6078111431930906,0.15723427388786523,-0.01701601591131142,3.0
0.5598736419105199,-0.6925156712599754,-1.4795892028039104,-0.014112696768343749,1.0
0.6271579198928686,1.607809903340864,0.16520364408121826,-0.01456230835347448,3.0
0.5435648550467138,-0.9671864268728488,1.326476978241232,0.07556760233349565,0.0
0.5435648552886023,-0.9671904969055469,1.329368462286238,0.05119798371803702,0.0
0.5598736413226735,-0.6925143223868464,-1.479935798570185,-0.07105350118929782,1.0
0.5435648550469571,-0.9671899843008882,1.3317181281720751,-0.00024675549388548663,0.0
0.6271579198676916,1.607810275838732,0.15811086066019142,0.010699574215590176,3.0
-1.7317881812376885,0.05405093007011844,-0.005968824331683395,-0.042319072965277864,2.0
0.5598736421147932,-0.6925157671845501,-1.4796441221550776,-0.05977207750222229,1.0
0.6271579202941658,1.6078091774397114,0.15865289323428713,-0.007296384124168109,3.0
0.5435648548526533,-0.9671898471145167,1.331848793183653,0.04988903475778313,0.0
0.5435648548380325,-0.9671902722537653,1.3359657020333784,-0.004744364855669738,0.0
0.6271579202208949,1.6078133001327846,0.1576574950504612,0.04684556449045768,3.0
-1.7317881823970902,0.05405337610852321,-0.0015257505725552764,0.0007759425114791007,2.0
0.6271579204311171,1.6078084842673175,0.1559713959482788,-0.05487646497892738,3.0
-1.7317881813314673,0.0540524895218263,-0.004834915476447675,0.022756957654772047,2.0
-1.7317881816026404,0.054051545766664676,-0.0025448981571696864,0.011198166008044214,2.0
-1.7317881815244573,0.054050039566195106,-0.0008333367453605877,-0.004089076644140119,2.0
0.6271579201636468,1.607810530792231,0.16101170571302062,-0.030251530121818093,3.0
0.5598736418223229,-0.692516177015316,-1.4836383155102044,0.028008255837613658,1.0
-1.7317881816244847,0.054051374407843564,-0.005940376439881213,0.007307633282976773,2.0
0.5435648547469285,-0.9671910491739788,1.3350187319996358,0.057622901918970106,0.0
-1.7317881807592197,0.05405133539530712,-0.004210188303729219,0.05549052595151956,2.0
0.5435648548001853,-0.967188456152578,1.3304608257747905,0.03876787257071767,0.0
-1.7317881813664007,0.05404876871622631,0.0016977667218252912,-0.0023938165323562095,2.0
-1.7317881813257074,0.05404713767676059,-0.00819546433369142,0.024899412015791683,2.0
0.5598736417299626,-0.6925163374927966,-1.4801441024244943,-0.026670694972228837,1.0
0.5598736412922808,-0.6925135746153567,-1.4711046073533052,0.005342500209166402,1.0
0.627157920337121,1.6078117106804506,0.1621606238301434,0.035690648818734835,3.0
-1.7317881813412415,0.05405113018652632,-0.0034128656909908806,0.004444754058526401,2.0
-1.7317881818090033,0.05405290593884212,-0.0037628288039393593,0.030645526582124542,2.0
0.5598736413877482,-0.692518206308483,-1.4760847224685034,0.0067013153548898,1.0
0.5598736422916482,-0.69251378245163,-1.4712899627645788,-0.03868116043847297,1.0
0.6271579205897999,1.6078084046242311,0.16296941928026,0.015698554267845753,3.0
0.627157919604249,1.6078114153766334,0.16122887695085514,-0.0381489095674654,3.0
0.5435648545974068,-0.9671885964231681,1.3370221591771994,-0.016609190336748316,0.0
0.6271579197331245,1.607808363656115,0.15799018108112442,0.017375949181188417,3.0
0.5435648554250453,-0.967190577781864,1.334752796289153,0.010567335918056349,0.0
0.5598736414369548,-0.692514129346547,-1.4813914406425543,-0.00821172314099149,1.0
0.5435648546725352,-0.9671918479785659,1.328741246638286,-0.0022873225869275223,0.0
0.559873641296415,-0.6925184698556449,-1.4703022044366578,-0.014358126535164883,1.0
0.6271579203989454,1.6078099525896496,0.153672283864781,-0.02038352290470211,3.0
0.6271579200365887,1.6078118288705872,0.15497683385344618,0.024513193295964943,3.0
0.5435648540803651,-0.9671888899103974,1.3312883596277556,0.056438702908617945,0.0
0.6271579198995073,1.6078111945246656,0.15948939381714963,-0.046843275104828344,3.0
0.5435648551182425,-0.9671902033104968,1.3376752191812638,-0.011477226636195412,0.0
-1.7317881816912815,0.05405281858698447,-0.004175940954230497,0.023216263467785693,2.0
0.5598736409807656,-0.6925147226928048,-1.481374508897571,-0.04966587011017935,1.0
-1.7317881816117615,0.05404843133169467,-0.004332876380879273,0.08726444359817012,2.0
0.5598736420610723,-0.692516501684662,-1.480712004503061,0.015896506920674534,1.0
0.627157919278604,1.6078116511467198,0.1576404861409554,-0.02097486025696794,3.0
0.6271579198460633,1.6078115539472408,0.1631976208747936,0.0058233840261061945,3.0
0.6271579203570147,1.6078146375040954,0.15797402160369478,-0.019127717377829406,3.0
0.5598736410215103,-0.6925159497784443,-1.4735626259672283,0.010563593469398655,1.0
0.6271579198276641,1.60781227750687,0.16111010220911484,0.070111628927377,3.0
0.6271579202802249,1.6078120967940936,0.16791642491553077,0.0237314491807807,3.0
0.5435648552152739,-0.9671883087751989,1.3312569282345001,0.08124466964109654,0.0
0.6271579201178094,1.6078127762508012,0.15791449289423734,0.03559464612526005,3.0
-1.7317881813955327,0.05405009059646133,-0.008520118395537502,-0.05919737903021969,2.0
0.5435648545936792,-0.9671910347175349,1.3323282080420444,0.02380878465836482,0.0
0.5598736419355005,-0.692516394389764,-1.478371258061099,-0.011319646905595795,1.0
0.6271579199532631,1.60781226986732,0.16665995809802378,0.04532052878113345,3.0
0.5435648542311322,-0.9671894133569909,1.3277477040244463,-0.004958227804585027,0.0
-1.7317881815113618,0.05404881000096841,-0.005986473973445842,-0.005536069925731901,2.0
0.5598736413181667,-0.6925172242805285,-1.4789419962779307,-0.019325481065351844,1.0
0.5435648543373856,-0.9671917689030236,1.3325371726433899,-0.019193574340247065,0.0
0.5435648542726367,-0.967188621389275,1.3331681607238919,0.0020766827716816364,0.0
0.5435648547552439,-0.9671881802436548,1.337407635125584,0.015701450351134395,0.0
0.6271579200029106,1.6078114607485239,0.16508372389049844,-0.04914727895274829,3.0
-1.7317881811202802,0.054049409000401845,-0.0041252711996135555,0.007054547071280851,2.0
-1.7317881820368188,0.054051946319672736,0.00044577084367952084,0.07747581461037113,2.0
0.5435648537107229,-0.9671876179703242,1.3360035378559756,0.05010744892637264,0.0
-1.7317881808305862,0.05404951236304131,-0.004143271766416254,0.0008670588366967698,2.0
0.627157919832816,1.6078123458467666,0.16013247996145166,-0.07377189579994962,3.0
0.5598736420839641,-0.6925155972138632,-1.48251056218876,0.0437232034276969,1.0
0.6271579195324243,1.6078121584315566,0.16277247179497306,-0.008725795790739382,3.0
0.6271579199889797,1.6078103903947805,0.1590001414911669,-0.030421938123642453,3.0
-1.7317881812457183,0.05405334358094264,-0.007620491419235217,-0.051374592433155994,2.0
0.5598736417943887,-0.6925148226032898,-1.473785359767959,-0.04562176554149232,1.0
0.5435648542983508,-0.9671918595314707,1.33362150003363,-0.051183216368576194,0.0
0.6271579199578526,1.6078102463553066,0.15092297778989675,-0.0029627305955601847,3.0
-1.7317881807623912,0.054049652633560125,-0.0024691256700076574,0.016666485887504263,2.0
-1.7317881819271652,0.0540514916286233,-0.0032217110640655948,-0.038391442408491586,2.0
-1.7317881810347389,0.05404963408655266,-0.006134547103212006,0.010915250949785986,2.0
0.5598736417789366,-0.6925136977525472,-1.4718459905581511,-0.014729509584840057,1.0
-1.7317881806040987,0.054048907433289786,0.0025036005748138783,-0.01625383998606735,2.0
-1.7317881811904294,0.05404940010393581,-0.0027161704404396092,-0.007853208837961027,2.0
0.5598736412235803,-0.6925142305757693,-1.4775359298826523,-0.009178807155605925,1.0
0.5435648550538579,-0.967187649396837,1.3283977068757007,-0.00503127301232386,0.0
0.54356485463057,-0.9671918895416031,1.331778856195751,0.011711297403210322,0.0
0.5435648538131002,-0.9671880135441244,1.3286242117205915,0.028425646593082027,0.0
0.5435648546550582,-0.9671901779125502,1.3288234110512356,0.053493005670782974,0.0
0.559873641882346,-0.6925169553944626,-1.4791639694097698,0.046096091658084794,1.0
0.6271579200802351,1.6078117366117222,0.16266050672701737,-0.019459222818661474,3.0
-1.731788181219039,0.054050871329686404,-0.007955164110732127,-0.035884670239337495,2.0
0.5435648548158373,-0.9671892227863238,1.3287956574184498,-0.014185923531126207,0.0
0.6271579192138305,1.6078105969750698,0.1622612374853267,-0.056588727321446666,3.0
-1.731788181932929,0.05405101788208736,-0.00837837218921713,-0.014052873981793598,2.0
-1.7317881810907423,0.05405050057997727,-0.0050066044487060745,-0.058158686003412716,2.0
0.5598736407156627,-0.6925140398563463,-1.4777586734806107,0.006464556431653632,1.0
0.6271579200186806,1.6078134322647744,0.1553023966374383,0.010615760664940405,3.0
0.543564854654697,-0.9671893067968308,1.3344148332965333,-0.010296250180144574,0.0
0.6271579200094007,1.6078093644276408,0.1645838167589658,0.007634570071185862,3.0
0.5598736414706736,-0.6925158071363214,-1.4830572346564832,0.024693998823330655,1.0
-1.73178818096821,0.05405097973243742,-0.011983968863135883,0.002957815209749912,2.0
-1.731788181591848,0.05405167579890314,-0.0017731509235325922,0.0005069884303494342,2.0
0.6271579200001445,1.6078133180161656,0.16341965551054127,0.033767592729675076,3.0
0.5435648548156784,-0.967188607784404,1.3340181081470857,-0.020478536921006932,0.0
0.5598736418737389,-0.6925170985271721,-1.4766383963649363,0.015810015359616836,1.0
0.5435648545500459,-0.9671883140318364,1.332380499721478,0.004801175657266969,0.0
0.6271579201118329,1.6078116008607608,0.1595332879542601,-0.059727733555562545,3.0
0.5598736419200286,-0.6925171564930673,-1.478862376373241,-0.019366819865837732,1.0
0.5435648547267999,-0.9671909757236449,1.3291724491182593,-0.057248551514657395,0.0
-1.731788181811183,0.05405225928948853,0.00044087404913212714,-0.03903503820189284,2.0
0.5598736421735414,-0.6925157019144569,-1.4827109389861224,-0.03553544713060233,1.0
-1.7317881817543197,0.05405033024562152,-0.0028853492027096977,-0.0424972943515367,2.0
0.5435648554171961,-0.9671919395313097,1.3303732141938973,0.10516142773897083,0.0
-1.7317881817554195,0.05404749510092764,-0.0021374565775276106,0.002149758976472183,2.0
0.5598736411691152,-0.6925164671770628,-1.4853669765128779,-0.04004644638500897,1.0
0.543564854997066,-0.9671898166397714,1.3319829341145586,-0.04567992941788598,0.0
0.5598736420989106,-0.6925137659647826,-1.4717572300865729,-0.034663509601848885,1.0
0.54356485452043,-0.9671922408196318,1.3296937326938918,0.015688968975763773,0.0
-1.731788181613775,0.054050716534859135,-0.0036718227916605933,0.03317079110165856,2.0
0.6271579194444498,1.6078129693699474,0.1582643497260501,-0.0034881651078276076,3.0
-1.731788181489541,0.054048188078277756,-0.003946661250855998,0.011436791331681762,2.0
-1.73178818164773,0.05404888705459833,-0.005532650742855618,-0.013128010902349536,2.0
0.6271579200921179,1.6078109200275221,0.15771239516274244,0.006127216253390009,3.0
0.6271579196820207,1.6078096043649965,0.16269725047030165,-0.004550747394641274,3.0
0.6271579196814145,1.607809014142758,0.15538117761769552,0.03303488663612846,3.0
0.5435648552312388,-0.967189228121548,1.3302873847260739,0.02658952428488758,0.0
0.6271579201920569,1.6078112970807301,0.15539488627554074,0.005487396133904168,3.0
0.5435648548826342,-0.9671898147330233,1.3291599856215572,-0.055638889344261776,0.0
0.6271579196144751,1.6078124203206408,0.15962042431759957,0.001477409896360016,3.0
-1.731788181530359,0.05405061018016173,-0.0017367054787163902,-0.046903106337089294,2.0
0.5435648541483927,-0.96718810616119,1.329177380951458,0.03640696034926476,0.0
0.5435648543110978,-0.96718945927324,1.334400268155629,0.05164587997266555,0.0
-1.7317881806029156,0.054052432298129116,-0.00671091478712363,0.028607235923203,2.0
0.5435648549368199,-0.9671906071058468,1.3320301894616897,0.006582797156020503,0.0
0.5435648552818022,-0.9671880539903683,1.3328903146996325,0.010369383390901325,0.0
0.5598736410003099,-0.6925185301161999,-1.4790585851449725,0.002259303579298265,1.0
0.5435648545299565,-0.9671894549026443,1.3286035144150448,0.053878177811657366,0.0
0.5435648546234554,-0.9671884081850729,1.3386295583036534,-0.02619661247440862,0.0
0.5435648548715593,-0.9671907589584513,1.3325404074239453,0.006108781949419853,0.0
-1.7317881816334681,0.05404897161795527,0.0008286789521482577,0.011839558387345189,2.0
-1.7317881815631346,0.054048461951225826,-0.005570108509498025,-0.07588675503501194,2.0
0.5598736419704675,-0.6925173674898285,-1.47909429917576,-0.016814341478392943,1.0
0.5435648551281453,-0.9671925419195715,1.3328149649907373,-0.0038510592002408963,0.0
-1.7317881811122742,0.05405012403742094,-0.0055770620298921094,0.00726872530263427,2.0
0.5435648545249441,-0.9671888922287962,1.329054133879071,0.03746363378761974,0.0
0.5435648553362777,-0.9671883040710791,1.3298238732807464,0.02255345223165588,0.0
0.6271579194674258,1.6078103862377433,0.15432962204477654,-0.0106243025612829,3.0
0.5598736409433395,-0.69251592641423,-1.4853034685275714,0.032119293946892676,1.0
-1.7317881817953347,0.05405273515689873,-0.006894202715972994,-0.004077449840462512,2.0
0.5435648547935292,-0.9671872852727194,1.32960608881207,0.015839314098288305,0.0
-1.731788181290548,0.054051598278116314,-0.01103418599147093,0.004712998195010071,2.0
0.5598736413674742,-0.6925167193778492,-1.483285735397114,-0.019419204597489543,1.0
0.5598736413617539,-0.6925144698488134,-1.476648870627636,-0.027883547283904624,1.0
0.54356485535336,-0.967189910841292,1.3338774958416724,-0.04275685847825171,0.0
-1.731788180847984,0.0540475307552222,0.0004122089259020142,-0.039824452166699595,2.0
-1.731788181533427,0.05405096002361395,-0.008101497406652804,-0.062172687795726767,2.0
0.5598736417553974,-0.6925154497941945,-1.473155492102657,-0.057663321735789634,1.0
0.6271579210325365,1.6078121304720876,0.16312061722921792,0.003799630467426796,3.0
0.6271579197221631,1.6078130511935642,0.16109939811572632,0.000745913964769103,3.0
0.6271579190445258,1.6078123863460505,0.15808183831933784,-0.034017144736125486,3.0
-1.731788181997868,0.05405004392713014,-0.005568062886602794,0.06320675584578592,2.0
0.6271579202233697,1.607811747069425,0.15983255030689333,0.05069098439884021,3.0
-1.7317881815242058,0.05404907874694575,-0.004893889554547396,-0.005193404610392032,2.0
-1.7317881812825109,0.05404900125656128,-0.006104311597880996,-0.005147928372033306,2.0
0.5598736407794497,-0.6925186776800678,-1.4707678012801393,-0.057775616150617735,1.0
0.6271579198313806,1.6078101757076222,0.1684413452675948,-0.0007682311722680637,3.0
-1.731788181452748,0.054048612399337954,-0.004088380519286834,-0.04210744675159815,2.0
-1.7317881813570204,0.05405063358770986,-0.0058485552744404175,-0.023171229423755227,2.0
0.5598736417499914,-0.6925144936675256,-1.4789456465209097,-0.12469614091303342,1.0
-1.7317881818720156,0.05404853253612353,-0.005637518611765792,-0.059132295132838845,2.0
-1.7317881812343985,0.05404899902244361,-0.006165691148241538,-0.06464453015981764,2.0
0.6271579198731974,1.6078103968430937,0.1600805427713188,0.006549603442310787,3.0
0.6271579199215896,1.6078099644543877,0.16000345623478424,0.014278580073219915,3.0
-1.7317881811582618,0.0540484398723203,-0.010083608515286762,-0.0027919568330077612,2.0
0.6271579196326161,1.6078148363156215,0.15370188641119326,-0.03992556998296117,3.0
0.559873642056121,-0.6925174687008961,-1.4764581754785013,-0.06527648716845605,1.0
0.559873641372648,-0.6925163371360764,-1.4836050731915031,-0.08015448092044217,1.0
-1.7317881822606098,0.0540491187036645,0.0023808442351346535,0.039593574360410146,2.0
0.627157919813756,1.6078132025444387,0.16935439257846616,-0.008859329817703971,3.0
0.5435648541831449,-0.967190123075967,1.3419737515606933,0.011961467746768937,0.0
0.6271579200465075,1.6078129316925187,0.15962109992177342,0.05833832079881041,3.0
0.543564854926266,-0.9671920386049421,1.3327550276245725,0.0895311004788507,0.0
0.5598736409999558,-0.6925136586676068,-1.471337264773473,-0.06267668972593217,1.0
-1.7317881808359175,0.05404717493602524,-0.003782586893431465,0.045069316171807344,2.0
-1.7317881817216563,0.054048253134301276,-0.009786618531333576,-0.0034360115019774783,2.0
-1.7317881809817792,0.0540531534800442,-0.012541008568204077,0.056134548279542555,2.0
0.6271579200193831,1.6078079546578634,0.1648456612397379,-0.010000159828446417,3.0
-1.7317881811546676,0.05405072059154899,-0.005424831389487132,-0.01733234103667522,2.0
0.5598736411880822,-0.6925156091458068,-1.4728892807943732,-0.014070737235385065,1.0
0.5435648544846448,-0.9671853044606697,1.3382196341381256,0.008784794271026153,0.0
0.5598736409923892,-0.6925149174614743,-1.4784881062428554,0.03483177571611214,1.0
0.5598736414742359,-0.6925164907445251,-1.4790255478038332,0.03478824877801833,1.0
0.6271579191501577,1.6078132079190937,0.15763768473756934,-0.05464710447707203,3.0
0.5598736412861913,-0.6925160529904063,-1.4830997198222624,0.01260650000107637,1.0
0.559873641416053,-0.6925164091578802,-1.4747512078316185,-0.022659765460312276,1.0
-1.731788181471566,0.054049931857519745,-0.002471974942255318,0.019975601093747557,2.0
0.5435648547966128,-0.9671876853441259,1.3373975525320578,-0.006248870669229366,0.0
0.543564854391142,-0.9671894828292265,1.3329322803764643,0.07352742868183369,0.0
0.5598736415002065,-0.6925159670361248,-1.4797138058159272,-0.04522419986650356,1.0
-1.731788181657273,0.054049580204446966,-0.0010365173970432163,-0.06187323323250127,2.0
0.5435648554981993,-0.9671905278812827,1.3331749095003815,0.004947496502073622,0.0
-1.731788181408997,0.05404964592614837,-0.004775521004843695,-0.07888977094465238,2.0
0.5435648545494604,-0.9671913496660458,1.3341349668807165,-0.009210197394735078,0.0
0.5598736416931487,-0.6925168368291162,-1.47510514251509,0.027566219219830955,1.0
0.55987364166281,-0.6925155385144541,-1.4811455052901052,0.04554851272173905,1.0
0.5435648546609492,-0.967186768260975,1.3369270303536724,0.02244722238695918,0.0
0.5435648544940009,-0.9671927773786688,1.3336809961072742,0.01770507650540587,0.0
-1.7317881821429422,0.05404932474615549,0.0010257505381457812,0.0814830742043988,2.0
-1.7317881823189571,0.054049272813727435,0.0021275821197245474,-0.010575620756955843,2.0
0.6271579200779422,1.6078132562540757,0.16333847873548826,0.014443740431665035,3.0
0.6271579199457274,1.6078139259726283,0.16154414991135185,0.0751568407824908,3.0
-1.7317881817032479,0.054051384376251316,0.0018638460021016762,-0.0145151481126938,2.0
0.5435648544740396,-0.9671903239734964,1.335270772965822,-0.007278776154983328,0.0
0.6271579201863059,1.6078113146740467,0.1574792478755602,0.00904141690992615,3.0
0.6271579196566599,1.6078138343121673,0.16114476507295544,0.001150117690627281,3.0
-1.7317881814644374,0.05405241285809318,-0.00801875618913737,0.0189884129129007,2.0
0.5598736416461897,-0.6925158495408622,-1.4763371896222175,0.0564628458200215,1.0
0.6271579200550572,1.6078109048338074,0.15661511081146293,-0.033945048374140974,3.0
-1.7317881813196394,0.05404909561591986,-0.008306416099462074,-0.017386001477606123,2.0
0.5435648550858697,-0.9671907904851877,1.3366661497982784,-0.04654286699464508,0.0
0.627157919737844,1.6078090606035063,0.16059972251607835,0.013863855670157188,3.0
-1.7317881815500913,0.0540517472988011,-0.0022632488338455888,0.05964258544480887,2.0
0.5598736417555044,-0.6925151518410966,-1.4861671304665716,0.057242591092284925,1.0
0.6271579205740224,1.6078106358087871,0.15833053570838612,0.03468251849622328,3.0
-1.7317881821492254,0.054051512450060984,-0.0032345573640207032,-0.0014715165258081342,2.0
0.5598736413526776,-0.6925132785902076,-1.4782743918359484,-0.04045789613944249,1.0
0.5435648542288595,-0.9671885418173681,1.3367840135963973,-0.023686868802695268,0.0
-1.7317881818202905,0.05404857466523091,-0.010892440583814852,-0.009646281156648452,2.0
0.5598736415493217,-0.692517559371611,-1.4768567621708804,-0.06340410767312134,1.0
-1.7317881811518512,0.05405099737907366,-0.006848285894689765,0.0017932581508227326,2.0
0.6271579191171763,1.607812762664475,0.16229013594307082,-0.02390963741737467,3.0
0.5598736412426643,-0.6925153465687222,-1.4876491973036328,-0.007496506496555565,1.0
0.5435648550247576,-0.9671894881016496,1.337115522842229,0.0017676666791320331,0.0
0.5435648540728113,-0.9671899301325672,1.3326709023347847,-0.029348590442276386,0.0
0.5435648543116895,-0.967190355629413,1.3310945812134904,-0.010361285258300764,0.0
0.5435648542964042,-0.9671859519758575,1.3367625922574715,-0.022055520968266233,0.0
0.5435648547333971,-0.9671878840142545,1.3364736184675892,-0.004846846375014805,0.0
0.5435648545346379,-0.967189177637319,1.3298611439008454,0.027186559861191503,0.0
0.5598736421707002,-0.6925166926478374,-1.4794665148412276,-0.08000651432997281,1.0
0.5598736412408344,-0.6925161636988054,-1.4781409041731273,-0.006059342436297264,1.0
0.6271579200510043,1.607812752408813,0.15968289566936295,-0.0049344295652941576,3.0
0.627157919646916,1.6078100374071214,0.15473243926250338,-0.013129532074690049,3.0
0.6271579200205273,1.6078120593686598,0.1601339178752766,0.03597356634621981,3.0
0.5435648542001126,-0.9671897412583182,1.329625049227975,-0.017025178282198922,0.0
0.543564854656411,-0.9671918189534445,1.337759376486246,0.002421275111889225,0.0
0.5598736417608164,-0.6925169029960626,-1.4750116561352014,0.013734730151006293,1.0
0.5598736412003037,-0.6925163994025767,-1.4816175233521904,-0.10815327738489101,1.0
0.5435648549709855,-0.9671890182658375,1.3338043127074168,0.00019805125079995064,0.0
0.5598736417041341,-0.6925144294250019,-1.4756868317683292,0.005042188015898947,1.0
-1.731788180950313,0.054049301471840096,-0.0052505245660386295,0.01825821268133554,2.0
0.54356485469273,-0.9671891955977264,1.3311640699200886,0.007629423944791196,0.0
0.5598736408224723,-0.6925160499234966,-1.469114540302864,-0.05560847919868007,1.0
0.5435648545315183,-0.9671896004150641,1.3373383535121048,0.013810099170902746,0.0
0.5598736409004472,-0.6925157980973627,-1.4741264967639842,-0.028574483814517156,1.0
-1.7317881820930403,0.05404904010022568,-0.006989113938089507,0.03791805138082583,2.0
-1.731788181435814,0.05405054974216512,-0.004835854957503204,0.05126575121137159,2.0
0.5598736410922808,-0.6925177280020737,-1.4823284028434338,0.04757114490151372,1.0
0.5435648548204808,-0.9671903016396964,1.3391836306681066,0.043606674982728216,0.0
-1.7317881813418794,0.054047002688505034,-0.009303033721689533,0.0014788841116221663,2.0
-1.7317881814360476,0.05405161861989697,-0.003299245313664129,0.0014858848611842706,2.0
0.5598736414764703,-0.6925185424745295,-1.486120765210398,-0.009109624554080332,1.0
-1.7317881807749045,0.054052589155943166,-0.009325534794504738,0.010288340625809531,2.0
-1.731788181358058,0.05404949076668681,-0.006866592916169334,-0.007663370151899463,2.0
0.5598736415133496,-0.6925131177683452,-1.4806798543912567,-0.003618769119097018,1.0
-1.7317881815667635,0.05405087200514342,-0.006781186824972347,0.03591972746753482,2.0
0.627157919501377,1.6078109120158732,0.16271690696225227,0.03648589243495231,3.0
0.5435648546389744,-0.9671906003919343,1.326751039988094,-0.045734326345235755,0.0
0.6271579197594344,1.6078111342387489,0.16055887720847414,0.04750571422097652,3.0
-1.7317881813148408,0.05404535322893607,0.0009853912989414332,-0.006864138981343401,2.0
0.5435648543696401,-0.9671893036440071,1.3335271670329836,-0.00480905011505398,0.0
-1.7317881813911726,0.05404524726280847,-0.0020476559728241656,0.06786559445413369,2.0
0.5598736417648501,-0.692516975637462,-1.4772021484770874,-1.3359258285765697e-05,1.0
-1.7317881815260594,0.05405106002117805,-0.00838897564039393,0.015830404096120708,2.0
0.5598736408290403,-0.692518219607489,-1.477036038741723,-0.033758896159798726,1.0
0.627157919191566,1.60781243811214,0.16292045679449968,0.0014301732965270985,3.0
-1.731788181636495,0.054054113705845966,-0.0004927922957262455,-0.04867943776540568,2.0
0.543564854536171,-0.9671884160589579,1.3323154168528712,0.0009423954074127725,0.0
0.5435648545802088,-0.9671897370857739,1.3363890655101223,-0.005323391395439811,0.0
-1.7317881809861242,0.05405482261703371,-0.006276325273174326,-0.002412751381279686,2.0
-1.7317881819328107,0.0540499289596711,-0.005738553380963873,-0.02312217207167451,2.0
0.6271579198614523,1.6078120444887891,0.1672937441914783,0.014737378368382311,3.0
0.6271579198878903,1.6078129605748328,0.16062453842311197,0.043002230771206386,3.0
0.5435648552155347,-0.9671905295993996,1.33373474859752,0.009696910633338022,0.0
0.5435648549559206,-0.967189219815736,1.3310350863687797,-0.013942861112173816,0.0
0.5598736410000137,-0.6925168928446375,-1.4756283291571644,-0.020327237133538265,1.0
-1.731788181602729,0.0540492545390042,-0.00520334102959274,-0.03902462077473831,2.0
0.5435648552272446,-0.9671896872853796,1.3298374987571229,-0.01769151990826772,0.0
-1.7317881809050064,0.05404617351808943,-0.010071494122957814,0.005561142207209304,2.0
0.5435648542238464,-0.967190822131401,1.3322534108992325,-0.008453606386171975,0.0
0.6271579204376243,1.6078114918274404,0.16187600922359274,0.006071792691489503,3.0
0.6271579204912019,1.6078130682319418,0.15952018067984497,-0.03205547992673324,3.0
0.543564854321391,-0.9671890318355951,1.3317513555516722,0.0005951488457890644,0.0
0.559873641910221,-0.6925149512442101,-1.4799201176014045,-0.0498844923560382,1.0
-1.7317881810542441,0.05405265530686078,-0.005253953066755459,0.008891682907677176,2.0
0.5435648543204651,-0.967187767433138,1.3335694657851813,-0.007141362852916193,0.0
0.5435648541069287,-0.9671895937254591,1.3392750262657565,-0.020361475160883897,0.0
0.5435648549648633,-0.9671896734570035,1.3347804188770587,-0.052650877346472315,0.0
0.6271579196335391,1.6078132182832319,0.16404788201682885,0.07988142834189556,3.0
0.5598736414768102,-0.6925156851276084,-1.4767671692885453,-0.015148906347790418,1.0
0.5598736415448305,-0.6925160650531998,-1.4787707978576374,-0.039524803524869555,1.0
0.5598736411714504,-0.6925191629906932,-1.4789718045810978,-0.04666389184816995,1.0
0.543564854317537,-0.967190091164291,1.3341225617562866,0.046641375826200426,0.0
0.543564855110113,-0.967189800062339,1.3375958875733245,0.047166191988455765,0.0
0.5435648552552814,-0.9671885174005895,1.3236686304215455,0.02254950381851793,0.0
0.5598736413549547,-0.6925129294753553,-1.4726017503826776,-0.022740197466077083,1.0
0.5598736408446288,-0.6925140049638869,-1.4735554143325866,-0.017726309501981587,1.0
0.6271579201077492,1.6078107446340917,0.15882107380981772,-0.05519443776829512,3.0
0.5435648548974295,-0.9671900911371965,1.3346145667081222,-0.0354202912683671,0.0
-1.7317881809530897,0.05405019463740534,-0.012028418938808128,-0.015458220599351211,2.0
-1.7317881818272143,0.05404943276873663,0.002031254807506816,0.04930769910342452,2.0
0.6271579198217078,1.6078126842981704,0.16051492135091897,-0.011815605786761791,3.0
0.5598736410344385,-0.6925144763875832,-1.4740825073464556,-0.012467747157551643,1.0
0.5598736415140821,-0.6925160226507259,-1.480351051708419,-0.06025886038394297,1.0
-1.7317881812022002,0.05405094237612465,-0.0013563580725809625,0.004475848647050808,2.0
-1.7317881818951426,0.05405120796615014,-0.007896328109472108,-0.01040941133634108,2.0
0.5598736412994814,-0.6925172052316977,-1.4759167348753015,-0.04381628550854553,1.0
0.559873641325115,-0.692517152814167,-1.4814417687645225,-0.06378629212870672,1.0
0.5435648546495822,-0.9671894642980665,1.3350824638778598,-0.0011464734256738478,0.0
0.6271579207394221,1.6078121217999517,0.15872542658641722,-0.02508818540636262,3.0
0.5435648544053787,-0.9671893912490358,1.3352426584166246,-0.012998857283983782,0.0
-1.7317881805242936,0.054051753500029456,-0.008311125875811504,-0.04067731636087175,2.0
0.5598736412121645,-0.6925171564322979,-1.480893079409387,-0.020581310686909184,1.0
0.5435648553713761,-0.9671904691297406,1.3326742961981106,-0.021061739710355274,0.0
0.5435648545860152,-0.9671902537349943,1.3293670260472235,0.016446857603318963,0.0
0.5598736409795518,-0.6925137819697459,-1.4811131527863406,-0.05044415251885887,1.0
0.6271579200838253,1.6078127580584733,0.16079068019110332,0.03155140340808838,3.0
-1.7317881816245393,0.05404924930556701,-0.0022875432484861014,0.020730564290469523,2.0
0.5435648546790396,-0.9671885432484957,1.3398811527312666,0.009668642150676381,0.0
-1.7317881813249774,0.054046466513293645,0.0006830785130317373,0.01646901325232196,2.0
0.6271579199193551,1.607809490740008,0.16501730172729576,0.04414243511243307,3.0
0.5435648550930372,-0.9671893023838612,1.3365946020546309,0.024291142753635916,0.0
0.5435648550076652,-0.967191944044787,1.3347229167185761,0.08678031228512223,0.0
0.6271579202005844,1.6078108081889804,0.15742462676784455,0.023170359552401293,3.0
0.5598736420041788,-0.6925176956364163,-1.476005234469727,-0.06796174630697677,1.0
0.559873640998281,-0.6925150543148847,-1.4773074525330552,0.05882700560588947,1.0
0.6271579201153222,1.6078104821540733,0.15830658211399834,0.05896061410543648,3.0
0.627157920039668,1.6078101018046491,0.16403787289105665,0.06772023585965688,3.0
0.5598736412521707,-0.6925197964663324,-1.4782091416071637,0.022026846706537574,1.0
0.5598736421674132,-0.6925171449394749,-1.4836582570965327,0.029844952293062096,1.0
0.54356485475971,-0.9671902277161165,1.3289154959344964,-0.015208007344284874,0.0
-1.7317881808363815,0.054048180068214546,-0.0036193743612397975,0.018679599779903876,2.0
0.5598736415131187,-0.6925173916955559,-1.4784332738223798,-0.0248225962442592,1.0
0.5598736411435449,-0.692516675892557,-1.4836372784261365,-0.03110074508355315,1.0
-1.7317881817857075,0.05405088706579963,-0.0024865745550963947,-0.05568275799332359,2.0
0.6271579197789706,1.6078135982434634,0.15480292567659512,0.00016351304766636777,3.0
0.5435648541739903,-0.9671919091364526,1.33211977911103,-0.046078947400398335,0.0
0.627157919461121,1.6078099562676818,0.1582619011448827,0.03891762076786344,3.0
0.5435648549331608,-0.9671888632535182,1.3299266054148264,-0.0009073542601601496,0.0
0.5435648552387722,-0.9671912609595927,1.3372480039941852,0.028956904134954744,0.0
-1.7317881813722458,0.05405021092063884,-0.001810439226652681,-0.03169027946001185,2.0
0.5598736413757902,-0.6925172883209114,-1.4794866173935997,0.0033112726933861598,1.0
-1.7317881813627352,0.05404840254414758,-0.007624496634131103,0.01532693177443088,2.0
0.6271579203302907,1.6078140059832178,0.16306324610007114,0.004425386946185378,3.0
0.5435648544759569,-0.9671888399312011,1.328164620543017,0.038500476251093624,0.0
0.5435648546066703,-0.9671885236628665,1.3334589864692235,0.027668913731156965,0.0
0.6271579193513848,1.6078116056057847,0.1588030070000624,-0.003407377000141385,3.0
0.543564854848414,-0.9671915418932366,1.3317571198265108,-0.0683585492962449,0.0
0.5598736421443008,-0.692518408087162,-1.4796964868891047,-0.05613244482530814,1.0
0.5435648545341689,-0.9671907967334745,1.3353148939518527,-0.016316565822557864,0.0
0.5598736414142884,-0.6925162698588299,-1.4767157337006924,0.02481304081582887,1.0
0.6271579198885265,1.6078126732371574,0.16511776440280046,-0.02320668550540388,3.0
-1.7317881813971423,0.054048910472879304,-0.0065889405008513185,-0.016308170324477133,2.0
0.6271579209322681,1.6078108388753245,0.16586868068698432,0.019629959663968133,3.0
-1.7317881823914805,0.05404910371838045,-0.0057103279443767585,0.007609511033225402,2.0
0.5435648546418564,-0.9671883690287775,1.3314514334102343,0.008510307507094835,0.0
0.6271579199161157,1.6078123531000537,0.16223234617754292,-0.005479043839914836,3.0
0.5435648548301912,-0.9671891749740281,1.3332854786436275,-0.014481177790248725,0.0
0.5598736420681608,-0.6925152663947893,-1.4793134513320476,0.054095718794365644,1.0
-1.7317881819470935,0.05404998010520652,-0.006620131065707835,0.06126392521970591,2.0
0.5435648546991139,-0.9671894371591406,1.341264371323521,-0.013432191608985171,0.0
0.5598736418420688,-0.6925172347545085,-1.4754690833021737,0.0024056648370497768,1.0
0.5435648549174376,-0.967189938049467,1.3287024461491517,0.02080646598142297,0.0
-1.7317881809176572,0.05404643331065203,-0.00414137973368303,-0.023925249160124194,2.0
0.6271579193186014,1.6078124481061924,0.154282483949411,0.016234637141550563,3.0
0.6271579194067873,1.6078119140956193,0.15232879684384365,0.01897987569832042,3.0
0.5435648546724019,-0.9671912685793803,1.337775930969281,-0.051280337934192864,0.0
0.5435648551305515,-0.9671881582913223,1.3257527966809783,0.06023640548754214,0.0
-1.7317881813480973,0.05404873850630899,-0.0031930166181249778,-0.029964726791463184,2.0
0.6271579201541836,1.607809770529926,0.1594123517885506,-0.01978259046653754,3.0
-1.7317881815368115,0.05404974083276787,-0.0005277725436342953,-0.006222968264145732,2.0
-1.7317881817572565,0.05404675437443796,-0.008547259280729733,-0.009987150122956543,2.0
0.543564855722725,-0.9671876036797641,1.3348337047015986,-0.02519216908506583,0.0
0.5598736413530282,-0.6925159675330557,-1.4853553514123632,-0.013889995260897273,1.0
0.5435648550104843,-0.9671870301052955,1.3333355082675087,0.014096687490693123,0.0
-1.7317881815644025,0.054050439519177644,-0.008198331829814122,-0.09054745077495366,2.0
0.5435648545734928,-0.9671902083438392,1.3332041736249298,0.049357481527327274,0.0
0.5435648553290852,-0.9671900714449749,1.3386342726444225,0.02298697489911104,0.0
-1.7317881818059802,0.054051337762028535,-0.008368010168158888,0.02853903379480192,2.0
0.5435648553677157,-0.9671919968136008,1.333032098667214,0.003843521440504349,0.0
0.5598736410587323,-0.6925168044779703,-1.4798033223782774,-0.003192071914017294,1.0
0.559873641043826,-0.6925131400189527,-1.4805852995829676,-0.005508279386180086,1.0
0.5435648550155862,-0.9671897371258259,1.3303007491567036,0.002956600731139292,0.0
0.6271579196485854,1.6078127208174484,0.15186005930589674,0.03717073301030301,3.0
0.6271579198117218,1.607807873924382,0.15695228524691834,0.03051619987157507,3.0
0.5435648551707746,-0.9671879567020752,1.331164728444913,-0.06405906232223872,0.0
0.5435648544472543,-0.9671907695855085,1.3284450324427794,0.022446305299103266,0.0
-1.7317881812604443,0.05404894575373015,0.0011961764034764022,-0.01675674453156748,2.0
0.6271579201747209,1.6078135630166561,0.15918135840432968,0.0021238847515043036,3.0
0.627157919932935,1.607812207888137,0.16586439907147427,-0.0006841144908334834,3.0
-1.7317881815269636,0.05404764839492613,-0.006344720214769436,0.01236226072034766,2.0
-1.7317881815197924,0.054049727082689354,-0.009224708135539574,0.0580822477951898,2.0
0.5598736412672527,-0.6925174830590723,-1.4788535430306884,-0.009791543453217746,1.0
0.6271579199360977,1.6078109387209316,0.1622947414606755,0.029298291086191804,3.0
0.6271579200642763,1.6078112543698928,0.15574849222321047,0.06342806777444358,3.0
0.6271579199063096,1.6078113669824736,0.161362616125817,0.036126487817615585,3.0
0.5435648551341449,-0.9671894738420896,1.3336691507379623,0.04349521983285643,0.0
0.559873641781054,-0.6925163720912442,-1.4852444515841838,-0.037473028566271195,1.0
-1.731788181046961,0.054051058254811546,-0.010103381657807034,-0.015487044866852004,2.0
0.5598736416024936,-0.6925160754478429,-1.4800469793268822,-0.02630284794670618,1.0
0.6271579199971878,1.6078120861252727,0.16020945429371108,-0.0673474819452695,3.0
-1.7317881811735276,0.05404894989752074,-0.005348069792301054,-0.009064557468962002,2.0
0.5435648550598171,-0.9671872933932448,1.3346191762154704,-0.022767826184875432,0.0
0.6271579197157074,1.6078097897638557,0.17096415545116295,-0.0042367262220233395,3.0
0.627157920062261,1.6078085609363706,0.15513731571008502,0.008415280715794254,3.0
0.6271579198143827,1.6078069107203687,0.16515748170160297,-0.020317861237983365,3.0
0.5435648550647635,-0.9671881950934359,1.3400640522250835,0.03257622678118132,0.0
0.6271579191337038,1.607809017130889,0.16777240022989948,-0.00232488944840824,3.0
0.5598736413361877,-0.6925144126902677,-1.481197395776103,-0.020362555401639993,1.0
-1.7317881811791263,0.05405067650880088,-0.00615391925886269,-0.009927609866468868,2.0
0.6271579193433647,1.607809361612843,0.1545463738445403,0.11678901707507312,3.0
0.5598736409868029,-0.6925180096044776,-1.4803802106250197,0.04113004101194964,1.0
0.6271579204014248,1.6078094329928485,0.1569910821598352,0.004833741825158837,3.0
0.6271579201413445,1.6078094325660641,0.15499797913972133,-0.010184534667241969,3.0
-1.7317881819188177,0.05404911611738768,-0.002561559959256051,0.02297812404041458,2.0
0.543564854501615,-0.9671892415102918,1.3296491676712845,0.004531390688385195,0.0
0.5435648544117478,-0.9671904608348041,1.3361018650711862,0.015850307801280997,0.0
0.5435648545009799,-0.9671901424139276,1.330572415642847,-0.0025028957639393677,0.0
0.6271579202922843,1.6078128269832497,0.15870209694464515,0.028230748935059998,3.0
0.5435648544971179,-0.967191443314317,1.3318602032936984,0.01763321950202005,0.0
0.5598736417729756,-0.6925170547800741,-1.4742367552435651,0.019119229772883915,1.0
0.5435648549839774,-0.9671908150671686,1.3379524456481722,0.01827181043898782,0.0
0.5598736413536747,-0.692514333972016,-1.4839008552301518,0.026102583958898515,1.0
0.5435648535530427,-0.9671874532506384,1.3342034019090137,0.050040592554624334,0.0
0.6271579198380028,1.607809993116278,0.16325378083530628,-0.04897118543262547,3.0
0.5435648546945508,-0.9671906031605882,1.3263932329451018,0.012500765682198224,0.0
-1.731788181400877,0.05405187211871583,-0.010382144714243665,0.0015563001632118623,2.0
0.6271579203136127,1.6078146120070076,0.1564617756274157,0.010689686263713067,3.0
0.6271579199481653,1.6078118014414118,0.16667852864054514,0.015668523139682995,3.0
0.5435648547596734,-0.9671878935249786,1.3319677116226782,0.025820719616372077,0.0
0.5598736419329213,-0.692516709667205,-1.479362067714694,-0.022905276662850374,1.0
0.5435648542277475,-0.9671913496477231,1.3294116100130562,0.05957629283059576,0.0
-1.7317881818475689,0.054047556090201135,-0.010321904438990066,0.04828386715481109,2.0
-1.7317881819709706,0.054050386005111264,0.0013429852724986815,-0.014273592593555815,2.0
-1.7317881813699714,0.05405174487983877,-9.09012336838221e-05,0.02939600026275117,2.0
0.5435648544556626,-0.9671877461659406,1.3351339679482983,0.08467552860335154,0.0
0.5598736418857369,-0.6925168584598987,-1.4738631875639123,0.0128301450624572,1.0
0.5598736412647698,-0.692512478375617,-1.4751853912127977,0.031679199025506255,1.0
0.5435648548630626,-0.9671883024857322,1.330539176921221,0.05959467829889328,0.0
0.6271579207653493,1.60781123003584,0.16292690636356216,0.007882900582680251,3.0
-1.731788181731326,0.05404900744418629,0.0016173915663818556,-0.04120147685810913,2.0
-1.731788181394813,0.0540514792312992,-0.010099669215623107,-0.013732548639340291,2.0
-1.731788181796536,0.05405048371267766,0.0011624955599587087,0.018497391099841987,2.0
0.5435648550599843,-0.9671899536119288,1.3358604900474227,-0.009881449420662576,0.0
0.5598736416467562,-0.6925186781930923,-1.4775325153169092,-0.005543238168885827,1.0
0.5598736413371919,-0.6925178741144933,-1.4815140631091153,0.03423334687720112,1.0
0.5435648545919707,-0.9671900683552924,1.331198880067805,-0.023442078023107948,0.0
0.5598736417261894,-0.692515412407527,-1.4778862275206084,-0.02048117356100262,1.0
0.5435648552638355,-0.9671913276600893,1.328109346108345,0.07709312328824698,0.0
0.6271579205603284,1.6078149114610076,0.16478432746146635,0.04871353983255399,3.0
0.5435648550339826,-0.9671906252531949,1.336140165310079,0.11640154857910417,0.0
0.5435648542781579,-0.9671905007191575,1.3374122149423318,-0.03267971756282499,0.0
0.5598736408689566,-0.6925138295197806,-1.478124560286923,-0.005240446266690317,1.0
-1.7317881812101117,0.05404839491040051,-0.00034818668156555037,0.03010062031385103,2.0
0.6271579200101293,1.6078125611009524,0.1657133324430454,-0.05080000515569267,3.0
0.6271579190882273,1.6078098838632462,0.16284112601048234,0.06962511518282759,3.0
0.6271579193440188,1.607812573281315,0.15388954685129655,0.023142279314296417,3.0
-1.7317881804914366,0.05405044619735481,-0.00037388754312917027,0.041142569303348114,2.0
-1.7317881813404759,0.054048972535621,-0.005345188069822307,-0.02689190777760017,2.0
0.5435648549458448,-0.9671902466538482,1.333055151248169,-0.0015471942986589927,0.0
0.5435648542042345,-0.9671914333113045,1.3348462621234822,0.016158813664898863,0.0
-1.7317881813514038,0.05405200129222219,-0.0034808888326036728,0.03643327467860797,2.0
-1.7317881813804792,0.05405210974748527,-0.007412167411418069,-0.09537015441956787,2.0
0.5435648544158691,-0.9671901487234889,1.3345862111632778,0.05490538950187196,0.0
0.6271579202939644,1.6078118180034497,0.161908174629489,0.043320830602451024,3.0
0.6271579198690228,1.6078119339532828,0.15629063595881057,-0.060071926483823264,3.0
0.5435648550477941,-0.9671884686768201,1.3390899212962888,0.03733369849921988,0.0
0.5598736414228985,-0.6925159379687191,-1.4798672744105168,-0.05924244876307696,1.0
-1.7317881812794922,0.054048464148657764,-0.0076712441480765075,0.0034834233302868554,2.0
0.6271579199103892,1.6078154221708154,0.16202076826876435,0.011214230457287108,3.0
-1.7317881809815394,0.05405277880375622,-0.008980859643752394,0.013106401172168658,2.0
0.5435648549686012,-0.9671897914475882,1.3324863301689918,-0.017755084451138475,0.0
0.6271579189601261,1.6078132297684007,0.15637171618799003,-0.025886831562311457,3.0
0.5435648545457055,-0.9671908865008813,1.332737293480391,-0.03649204885160157,0.0
0.5598736408902515,-0.6925153323818143,-1.4783516299372077,-0.046083457360335756,1.0
0.5598736416843154,-0.6925138652919647,-1.4781774698264087,-0.013891148175471081,1.0
-1.7317881806653226,0.054051503369132316,5.9466496876538086e-05,-0.009686340639101466,2.0
-1.731788181329983,0.05405089973412508,-0.0002385795912865101,-0.024215688621883304,2.0
-1.7317881812406193,0.05405011485052308,-0.004914554753244666,-0.030831402810197563,2.0
0.6271579196428826,1.607809560492914,0.16361952032092283,-0.004148944923272132,3.0
-1.7317881814676626,0.054051167984761,-0.004621699127248874,0.021986694277610536,2.0
0.5435648547086903,-0.9671925201250783,1.3380887131732482,0.05174715804734788,0.0
-1.731788181333485,0.05405216370706735,-0.008512611352786558,0.00442983142389138,2.0
0.5435648549581292,-0.9671873869774725,1.3273246393822102,0.013993441644780008,0.0
0.559873640890775,-0.6925157721409158,-1.4767134916430387,0.06290567245761332,1.0
0.6271579196691487,1.6078126035282956,0.15979748501729524,-1.878950005688726e-05,3.0
0.627157919978767,1.6078137201908551,0.15910781021337503,0.008643531561321907,3.0
0.6271579192964591,1.607812390245555,0.15450809671440796,0.007711152168194757,3.0
0.6271579198202865,1.6078127807312532,0.16385597199086765,-0.011876893503142956,3.0
0.5435648549329214,-0.9671874814019672,1.328881891052852,0.08701186893658834,0.0
0.559873641805916,-0.6925144555018006,-1.4738869495766784,-0.038278778011475126,1.0
0.6271579200790447,1.6078116367372912,0.15641655429360687,-0.02854711128463016,3.0
0.5598736414757809,-0.6925151785880995,-1.4822496296113332,0.015218307242005456,1.0
0.5598736416423841,-0.6925151297728008,-1.476187756939108,0.05398380881446235,1.0
0.543564854422896,-0.967191735365836,1.3351313886568354,0.00943645677580523,0.0
0.543564854194873,-0.9671907393748103,1.3326298327022137,0.023394849255710334,0.0
0.6271579198931158,1.6078131644164229,0.1585411677628837,-0.00428103153922342,3.0
-1.7317881815863074,0.05405008335774737,0.0013307503364881526,0.011618794101696835,2.0
0.627157919896817,1.6078130170897984,0.16170693954511348,-0.010545221417814454,3.0
0.5598736415673274,-0.6925157713665447,-1.4823719395675956,0.019776608765912425,1.0
-1.7317881814074112,0.05405025372440194,-0.004893269889746497,0.0579725602539067,2.0
-1.7317881818248901,0.054053209650159695,-0.0002949764767870494,0.05192356266591373,2.0
0.5435648545809386,-0.9671896363607185,1.3281422533720861,-0.017707559547309605,0.0
0.5598736419275538,-0.6925140629278334,-1.4756749354958802,-0.019238050328035397,1.0
0.543564854361941,-0.9671883374396394,1.3307618944530366,0.013100056130002997,0.0
0.5435648547857789,-0.9671898239620746,1.3275580009762844,0.014530399453832289,0.0
-1.7317881810578033,0.054052250406247206,0.0037458311003550956,0.014775770315553468,2.0
0.6271579196398668,1.6078125969684063,0.1602365516375538,0.004646758181674116,3.0
0.6271579198589642,1.6078111274891373,0.1693797203511289,0.058375490499545206,3.0
0.627157920637585,1.607812198644825,0.15783662670263765,0.003956663736093275,3.0
0.5435648550487612,-0.9671887291707553,1.336015606353603,-0.040822926040309855,0.0
0.5435648548669135,-0.96718631492854,1.3376599756138956,-0.02711405589709489,0.0
0.5598736416917853,-0.6925153403054337,-1.479501701737717,-0.01663767637202496,1.0
-1.7317881810792044,0.05404881425694259,-0.005392091182568699,0.006688413435274167,2.0
0.5598736422345854,-0.6925179609311221,-1.4830272871561,0.008050836679895916,1.0
0.5598736421125247,-0.6925182370792069,-1.479566443286544,-0.004865839263421891,1.0
0.5435648545974432,-0.9671937877304204,1.334329576303578,0.03615255016385332,0.0
-1.731788181640792,0.054049588374960135,-0.003718469457264543,0.0015696096592628266,2.0
0.5435648551484799,-0.9671896030042441,1.3261364759485608,0.04305119059078376,0.0
-1.7317881811863205,0.05405386950670509,-0.007506664836989205,0.06906875362112719,2.0
-1.7317881805555033,0.05404617186730152,-0.014607357361263599,0.0701108869263072,2.0
0.5435648543360521,-0.9671913919488457,1.3338095117704056,0.006085796117166465,0.0
-1.7317881818990672,0.05405040137855664,-0.0014207488296796799,0.026814275706257835,2.0
0.6271579194444966,1.607810927757225,0.1684536373357374,-0.09540608233676655,3.0
-1.731788181758029,0.05404757896739987,-0.005673186057901416,0.08258344075141931,2.0
0.6271579193242544,1.6078097962979825,0.1635873361695713,-0.02258619564474209,3.0
0.6271579200161896,1.6078124055432172,0.16504720110338084,0.019698013894590752,3.0
-1.7317881811494522,0.05404960431489108,-0.002908794960296298,-0.06012236361522973,2.0
0.6271579191928618,1.607812348276206,0.16635336443013743,-0.0716001487195346,3.0
-1.731788181492185,0.054049563352813315,-0.005531632132635903,0.013951568245493387,2.0
0.5435648546940496,-0.9671905960180828,1.3323693430867154,-0.0017601140695218595,0.0
0.5598736414025324,-0.6925154500908659,-1.4817963919156494,-0.0017704304877520151,1.0
0.5598736408119014,-0.6925130501985665,-1.483344707238215,0.046917036737058375,1.0
-1.731788181256297,0.05405142501939746,-0.004117799776582389,-0.026373016570997564,2.0
0.6271579194842287,1.6078078490542334,0.16055654441204548,0.04674186931486447,3.0
-1.7317881813241407,0.05405123042433812,-0.007806640559689785,-0.017133601712811412,2.0
-1.7317881823899477,0.05405220850007377,-0.008184990747221347,-0.05860577042866775,2.0
-1.7317881815137153,0.054048280901130875,-0.007125433588942592,0.05087611670417955,2.0
0.5435648546141295,-0.9671907750829433,1.3375768145775924,0.039035758721956866,0.0
0.543564854747938,-0.9671883826091617,1.3247688655592538,0.04067454752890054,0.0
0.6271579199490441,1.6078105874455748,0.15713696931321344,-0.02050911963473606,3.0
0.6271579198849869,1.6078128294527998,0.16079473387575913,-0.03688906073276592,3.0
0.5435648545412071,-0.9671949807952595,1.3363483518580128,0.00513126368599868,0.0
0.5435648544757015,-0.9671886568275052,1.3292658548767973,-0.01960139743582735,0.0
0.5598736418004537,-0.692513821739914,-1.4792570578413498,-0.009776243259377947,1.0
0.5435648548984724,-0.9671907742136081,1.3360648120472731,-0.020268975820503108,0.0
0.5435648549016994,-0.967188963381733,1.3319960032586753,0.008384433801005476,0.0
0.5435648546576152,-0.9671890152881452,1.3346754985813127,0.08701680523851252,0.0
0.627157919913788,1.60781111484667,0.16354077218945604,-0.005231755271065199,3.0
-1.7317881809504498,0.05404937120356504,-0.0053806363500230325,0.027593840468533016,2.0
0.543564854571108,-0.9671926571671053,1.3311946943138644,0.021075931700992197,0.0
0.5598736416729361,-0.6925147975405457,-1.4806216572489321,-0.008127134994035397,1.0
0.5435648547648296,-0.9671883029851932,1.3370438343535647,0.049031200244499806,0.0
0.5598736419373425,-0.6925140294046566,-1.4748434658378589,-0.027281622907680252,1.0
0.627157919340697,1.607812202948125,0.1608073759470484,0.010341645663619451,3.0
0.5598736418602326,-0.692513892013666,-1.482143276007821,-0.026413754992556927,1.0
0.5435648543647764,-0.9671891344597535,1.3362318233427415,-0.0521754463163212,0.0
-1.7317881809582791,0.054051713302908685,-0.006255971289128359,-0.005090497901399367,2.0
0.5435648549368048,-0.967192574110646,1.3375615944126933,0.0029802536623119093,0.0
0.6271579199587313,1.6078098594234924,0.15579589845404318,0.03705844259347697,3.0
0.6271579201660038,1.6078121488955737,0.16095632697594914,0.030760322577912013,3.0
0.5598736414481649,-0.692516143973721,-1.482023220738515,-0.013981665691560554,1.0
-1.731788181647045,0.05405074599512676,-0.000867962923567662,0.004395601621788215,2.0
0.543564854755096,-0.9671903810385495,1.3305377568799432,0.05812889387155806,0.0
0.6271579201184352,1.6078094723247245,0.16263226234829584,-0.024486523178002543,3.0
-1.731788181271339,0.054050038787574445,-0.006913375535326309,-0.049250550239076395,2.0
0.6271579197065227,1.6078122593054374,0.1654474582206683,-0.05873909838385687,3.0
0.5435648545225247,-0.967189382876756,1.3336407867073565,0.04461522597706571,0.0
0.5598736411299075,-0.6925156055832686,-1.4754114607239024,-0.0004714192805352346,1.0
0.6271579195862412,1.607812416318267,0.16565049933485032,-0.0007648798677137367,3.0
-1.731788180979328,0.0540525164601074,-0.006711264991042949,0.05148856048222357,2.0
0.6271579196763591,1.6078077527892318,0.15421349280432006,0.005180676754792245,3.0
0.5435648548519093,-0.9671881278909453,1.3299623417138968,0.012888724034188528,0.0
0.5598736421784892,-0.6925166724313723,-1.4762813135584851,0.030951958688715326,1.0
0.6271579199888557,1.607810972218866,0.16041268274449202,-0.035772639430965425,3.0
0.5435648547830272,-0.9671880467149735,1.3281003905210067,0.044701277052256135,0.0
-1.7317881814762064,0.054048546542153415,-0.003360128911009306,-0.021127610172859832,2.0
-1.7317881814090612,0.05404974077185469,-0.010040950066502439,-0.048445273836990675,2.0
0.5598736416270039,-0.6925167393012369,-1.473698735474344,-0.03505545271152045,1.0
0.5598736414882751,-0.6925149387190888,-1.4800150560881642,-0.04718163943081129,1.0
0.5598736418914331,-0.6925148903425559,-1.482209108865308,-0.024983243865336194,1.0
0.5435648546669415,-0.9671906970222743,1.3336305666787274,0.018664942530381524,0.0
0.6271579198619555,1.607811756387197,0.1652531029451981,0.03797146517529314,3.0
0.5598736413687203,-0.6925156702765248,-1.479285018401161,-0.02125915217117514,1.0
-1.7317881816307974,0.05404767565749014,0.0026957963610317152,-0.03268007575370052,2.0
0.5598736417305387,-0.6925174269704041,-1.484688690978674,0.01658276169505793,1.0
0.5598736419951508,-0.6925125139190058,-1.4852344836658145,-0.034886536544672345,1.0
0.6271579200059423,1.6078140227274613,0.1547443764375839,-0.02063995493950571,3.0
0.559873640997624,-0.6925163377229351,-1.4729434710756575,-0.04267484299175659,1.0
0.5598736417421446,-0.6925166689377017,-1.4731287829698478,-0.05005805907806765,1.0
-1.7317881808714848,0.05404873113139368,-0.010772391703721974,-0.05741451839219211,2.0
-1.7317881812185638,0.05405242080086297,-0.0019197120149718804,0.0022508768839815314,2.0
-1.7317881810494857,0.05404898344905447,-0.007325757040747509,0.010778818407299745,2.0
-1.7317881815877434,0.05405186622819424,-0.0037889510250243646,-0.0031187890200978998,2.0
0.5435648549642537,-0.9671897661063201,1.3374916129294157,0.0033622507586603683,0.0
-1.7317881821532746,0.05405175234065717,-0.004810312383094656,0.04755881895650101,2.0
0.6271579197510339,1.6078106090800608,0.16287781141910576,-0.01686886440080253,3.0
0.5435648549012758,-0.9671888010381766,1.3317625319452002,0.03720112728156029,0.0
-1.7317881817410345,0.054049655425950006,-0.004896716321341237,-0.005594635087537884,2.0
0.5435648546874067,-0.967188330866689,1.327874229849413,0.010467474771780116,0.0
0.5598736418747011,-0.692518701211178,-1.4749235001902847,-0.01624704817038589,1.0
0.6271579195428013,1.607811617610915,0.15631254696283467,0.003293845303343556,3.0
-1.7317881813332818,0.05404867020195316,-0.0029148914726298773,-0.05895146304137672,2.0
-1.7317881817270442,0.05404934030647626,-0.006811878636762604,0.03959082023386247,2.0
0.6271579197842113,1.6078151706549841,0.1578119529044419,0.009407797273879628,3.0
-1.7317881814177205,0.054051640722950496,0.00024385384080765303,0.04921818429570027,2.0
0.6271579203134543,1.6078134373785413,0.16108514457372244,0.030163198607398557,3.0
0.6271579195965316,1.6078099361484262,0.16257987536267474,0.03468078103421989,3.0
0.5435648541662732,-0.9671864241483504,1.3370873744677154,-0.007554668600736368,0.0
0.5598736417351605,-0.6925144732468487,-1.48152205994425,-0.030897190647808624,1.0
-1.7317881817270375,0.054050466894540294,-0.00846105035617041,0.047840820090172716,2.0
0.5435648541026448,-0.967189212910395,1.3277091552391405,-0.02893967933134229,0.0
-1.7317881815772809,0.054051112404378494,-0.007576656409720525,-0.06377536338296035,2.0
0.5435648550890088,-0.9671864910518523,1.3347700801319384,-0.03842325295615587,0.0
0.5435648545560292,-0.9671914703095447,1.3293532608980347,0.04969492532210016,0.0
0.5598736409283327,-0.6925167942818746,-1.4796377925310593,-0.06683432153912355,1.0
0.5435648543231161,-0.9671894706229336,1.3364984753378237,-0.08332922062307031,0.0
0.6271579202077997,1.607812740262906,0.16350724627977067,-0.04787406423374726,3.0
-1.7317881816526417,0.054050549872503545,-0.002462223662259596,-0.038943490808162756,2.0
0.5435648552523504,-0.9671899303320143,1.335642649845607,-0.015111194822321424,0.0
0.5598736410765145,-0.6925135500502921,-1.4751559443268205,0.029827246631026833,1.0
0.5598736420067385,-0.692519131319054,-1.483194810448293,0.03164139013918542,1.0
0.5435648542839994,-0.9671893477802623,1.3247567485876812,0.03311942550013945,0.0
0.5435648556670016,-0.9671905828725067,1.3303621079537962,-0.019626679752603127,0.0
0.627157919538472,1.6078125102952086,0.15909611097029833,0.0679550976177623,3.0
-1.7317881811833666,0.05404980838407529,-0.006057141157569908,-0.033364416394736154,2.0
0.6271579192327612,1.6078114401224197,0.15481333332045744,0.010652101464904511,3.0
0.6271579199620598,1.6078147170056063,0.16552744060601296,0.08171083548985089,3.0
0.5598736416657866,-0.692518383655621,-1.4877221542355035,0.03268999424515153,1.0
-1.731788181205092,0.054051574095814736,-0.004609348976052008,-0.014493759914769947,2.0
0.5435648548350128,-0.967187909760633,1.3301705277807023,0.04516416942550404,0.0
0.5435648546798437,-0.9671898784908715,1.333392188723396,0.08219619492283725,0.0
-1.7317881811269045,0.05405150544118271,-0.00400937863197208,-0.003411498453730384,2.0
0.62715791986391,1.6078125928821194,0.15928770887978924,0.03250854460962938,3.0
-1.7317881810613143,0.05405219720415384,-0.003925227702025585,-0.05519391458747615,2.0
0.5435648546649091,-0.9671896609605044,1.327285030107978,-0.01842592368013677,0.0
0.6271579196980874,1.6078104378926508,0.15960193928190047,-0.01959881117679652,3.0
0.6271579195881787,1.6078085056518088,0.15959283412381586,-0.011851536669104977,3.0
0.6271579196056605,1.607813131354399,0.16186696437185033,0.019502035623874422,3.0
0.6271579197564472,1.6078096775535702,0.16073030147752396,-0.008153827546412544,3.0
0.6271579194226765,1.6078076353162007,0.14818683232583052,0.07164269053501328,3.0
0.5598736418575956,-0.692514704171364,-1.4776758327966892,0.021413059873654113,1.0
0.5598736418816964,-0.6925156661621348,-1.4762284855995083,-0.0018094303697134982,1.0
-1.7317881811236713,0.05404983010224075,-0.008437851799389445,0.05500964254124664,2.0
-1.7317881819233885,0.05405087989872583,-0.009797687183829925,-0.019458640009883406,2.0
0.627157919736256,1.607812655051721,0.16591655854170462,0.02486878487246215,3.0
-1.731788181414086,0.05405083926406704,-0.00985618951621882,-0.0406021765931669,2.0
0.559873641959546,-0.6925157414948576,-1.4836789869447107,-0.0035389771933807784,1.0
-1.73178818135189,0.05404819407258574,-0.006545057757233927,-0.02758840926827004,2.0
0.5598736415433285,-0.692512856615176,-1.479819717515084,-0.05797704165600008,1.0
0.5435648553972702,-0.9671925981553304,1.328453317945899,0.027368747052176155,0.0
0.543564854480994,-0.9671906118530853,1.3379192727430453,-0.02417750651260429,0.0
0.6271579196076582,1.6078113395207698,0.16712624342352117,0.020727164145020488,3.0
0.5598736417911859,-0.6925143936631171,-1.4757037483627922,0.02086484173934421,1.0
0.6271579196608759,1.6078134044894576,0.1624026624559361,-0.0333913663350359,3.0
-1.7317881816440848,0.054050118739411984,-0.006819173351616847,0.07946753774125738,2.0
0.5598736409062213,-0.6925162259074031,-1.476770159522986,0.03378953907894227,1.0
0.5598736412479415,-0.6925135131398049,-1.4766354507897859,-0.05689267852784805,1.0
0.6271579205356751,1.6078097795215405,0.1584514019380701,-0.008472947737599905,3.0
-1.7317881810561881,0.05404940089686512,-0.007147561624259906,-0.05781197383050426,2.0
0.6271579205594624,1.6078121412927608,0.15976882723514607,-0.008040770229745094,3.0
0.5435648547322909,-0.9671903462958704,1.3316113919548704,0.0008644742860404935,0.0
0.5598736422199951,-0.6925152541871604,-1.4773503079705004,-0.016013480061318842,1.0
0.5435648539952885,-0.9671909063647519,1.3308079485732405,-0.01718120071707964,0.0
0.5598736413345744,-0.692515713938762,-1.4821051958785423,0.04159709638216461,1.0
0.5435648551815194,-0.9671900842860944,1.3341372240678848,0.01771555453299574,0.0
0.5598736416994036,-0.6925150860962447,-1.4746695940785788,-0.06126658857182382,1.0
0.559873641021428,-0.6925179415686068,-1.474311499627581,0.00726762705280147,1.0
0.5598736413143385,-0.6925143825490228,-1.4791973517394872,-0.046653170392054875,1.0
0.6271579200335111,1.6078081892625093,0.16466639823162024,0.03510033124414888,3.0
0.5598736416142381,-0.6925161340601841,-1.473557770297872,-0.01686836488254386,1.0
0.5598736415638663,-0.6925144750823097,-1.4737106434656022,0.0336727823432647,1.0
-1.7317881810521716,0.054048665846725436,-0.0009992850707314896,0.003725260240969304,2.0
0.6271579197912427,1.6078095167171171,0.1568875187234334,-0.015725834906929324,3.0
0.5598736415584681,-0.6925142566213237,-1.476695521294027,0.06084024193830136,1.0
0.6271579200185418,1.6078135696113185,0.16296812702093558,0.0381881318833223,3.0
0.5598736408889843,-0.6925178037929298,-1.4771299308278028,-0.017903791208039935,1.0
-1.73178818079756,0.05404979984535063,-0.000418686372524051,0.001261409026142699,2.0
0.5598736418304352,-0.6925149255384826,-1.4825304615180919,-0.006435079253595003,1.0
-1.731788181424718,0.05404985193146042,-0.005247301296244981,-0.021066670693942982,2.0
-1.7317881813673186,0.054049306469513975,-0.006941746593691275,0.00862205134006968,2.0
0.5435648548509086,-0.9671862958630201,1.3351331219379081,0.029894405788101847,0.0
-1.7317881813267408,0.05405231442698016,-0.0028065099168320543,0.0022221489797567013,2.0
0.6271579197597744,1.60781133588449,0.1543572638476977,-0.01535637290772695,3.0
0.5598736411885755,-0.6925190398040045,-1.480954994364747,-0.04022509581158724,1.0
0.5598736425216476,-0.692516853136714,-1.484452798416673,-0.02634591779103088,1.0
0.627157920257833,1.6078077381094253,0.15796225766678537,0.003048423711684332,3.0
0.6271579201275913,1.6078113933256493,0.16161374770625153,0.018708023208107775,3.0
0.6271579195779939,1.607813506141665,0.1683914759665621,-0.06668896978077415,3.0
0.5435648552341337,-0.9671868761841057,1.3314704843774052,0.016812939890806025,0.0
-1.7317881821265835,0.054049962109878766,0.006056095325585248,0.04703662344094228,2.0
0.543564854732455,-0.9671898364971719,1.3355261630087925,0.010024995763759509,0.0
0.5435648545338452,-0.9671934198585095,1.3336613467892617,0.0830067898683974,0.0
0.6271579197839118,1.607811188841968,0.16563115150123503,0.028188310130397635,3.0
0.5435648542854785,-0.9671881981176345,1.3368484264099787,-0.0011187557389290197,0.0
0.5598736417647916,-0.6925142051681048,-1.476836748555554,-0.028945550663629076,1.0
0.6271579192534378,1.607813228435291,0.15647230651119545,0.018135583189807708,3.0
-1.7317881811890412,0.05405149022023112,-0.005579901394954587,0.024456574732217077,2.0
0.5598736411557717,-0.692516519704313,-1.4752127236743469,0.003664271356805389,1.0
0.5598736415051224,-0.6925152287040613,-1.476043020097995,-0.000227797947017417,1.0
0.5435648546020445,-0.9671902115868987,1.3359071298481684,0.054143300384922,0.0
0.5435648545185681,-0.9671892640415494,1.32684002191901,0.01086963547618301,0.0
0.5598736426595237,-0.6925166726278333,-1.4786686915695213,-0.020498373223496114,1.0
0.6271579202061608,1.6078115559976172,0.16283467063345666,0.047150507075015696,3.0
-1.7317881816085434,0.054053664209974844,-0.0054475119580467204,0.03856069510285072,2.0
-1.7317881818272594,0.05404898702418521,0.0023277450535238646,0.04867933395198395,2.0
0.5598736420215719,-0.6925155553337992,-1.4827170008092396,0.017384286276943307,1.0
0.6271579198783269,1.6078096719769257,0.16486996648759197,-0.02007356607301006,3.0
0.5598736414145431,-0.6925150584920943,-1.4796844408233678,-0.056268861080553706,1.0
-1.731788181321754,0.05404920175641209,-0.0014133185591144281,0.011741215551404576,2.0
0.5598736418716507,-0.6925164457187472,-1.476903819350651,0.031270889958347634,1.0
0.5435648548974523,-0.967190103206326,1.3337474112011518,0.033656133198948196,0.0
0.5598736419042767,-0.6925173942281958,-1.476609435769109,0.014047243329344148,1.0
-1.7317881814792007,0.05405089576992367,-0.0013055678588255338,0.013698708134265217,2.0
0.5435648544105355,-0.9671903361699722,1.3334434277981346,0.035778491093165415,0.0
0.5435648546580614,-0.9671902192782722,1.3264540142968964,0.06373622440500415,0.0
0.6271579199263168,1.607812632213098,0.1621405274689034,-0.07158337342043741,3.0
0.5598736414833733,-0.6925155755156822,-1.4829560906547083,0.02174855135029564,1.0
0.6271579197707194,1.6078101878327724,0.15859515673055347,0.021590743438211074,3.0
-1.7317881816741878,0.05405012762700879,-0.006240446232788855,0.051131950953769816,2.0
-1.731788181212773,0.05404825276636039,0.009683358225554304,-0.011490125179904583,2.0
0.6271579192512052,1.6078114130103696,0.1570756163649804,-0.022805655135290214,3.0
0.5435648543764864,-0.9671911768655763,1.3360592982372475,0.04056184715962981,0.0
0.5435648546984524,-0.9671892108735953,1.3290203384242796,0.020772331530844096,0.0
-1.7317881814929512,0.05405205659272928,0.00010848112520884508,-0.02532468031225523,2.0
0.5598736413536506,-0.6925161211002125,-1.4797907079919983,-0.0357100086955651,1.0
0.5598736411973948,-0.6925152464989255,-1.4757333440468248,-0.010717981857993037,1.0
0.543564854610491,-0.9671873752014901,1.3334141951521126,-0.016485379216093735,0.0
0.6271579198998996,1.607814002640184,0.15834749557499794,0.04365958588948637,3.0
0.5435648546178513,-0.9671908660483959,1.3249606974847197,-0.03514733398732173,0.0
0.5435648551063784,-0.9671881006314268,1.3391008239563595,0.03196044148858017,0.0
0.5435648547127484,-0.9671889899368746,1.3340971652105542,-0.005774550203004405,0.0
-1.7317881810236235,0.05405072101347036,-0.002745826050480106,-0.020789902171993276,2.0
0.5435648540979862,-0.9671921263646579,1.3294587922418462,-0.008039166318753063,0.0
0.6271579196025049,1.6078090673447003,0.16634956947771248,-0.010855915496283633,3.0
0.5598736417681148,-0.6925126347119068,-1.4791396833095183,0.006143373380561708,1.0
-1.7317881809964868,0.05405277004315042,-0.0021237783236258017,0.008888341440120795,2.0
-1.7317881818644456,0.05405117309321391,-0.007103140399370886,-0.012383824834895257,2.0
-1.7317881816054552,0.0540520001028204,-0.0047929588914486666,-0.0038685739707309194,2.0
0.627157919821264,1.6078088642350004,0.15960591794709283,-0.015246629172003156,3.0
-1.7317881809250482,0.0540492514842589,-0.00046970841670529505,-0.011861861689565802,2.0
0.6271579203530887,1.607811420860402,0.16262922875159444,-0.0021554428908640744,3.0
-1.7317881813994795,0.05404831352924503,-0.003665598334300725,-0.0035705886957339895,2.0
0.5598736419399194,-0.6925156508401412,-1.4795102757011995,0.0721490874594675,1.0
0.5435648544603926,-0.9671874588770427,1.3346376693479045,0.013704611831874599,0.0
0.6271579201865504,1.6078115193796054,0.15936731165526666,-0.006070912926889323,3.0
0.627157919704076,1.6078092896101384,0.16421676069509275,-0.023426071199446008,3.0
0.6271579194216046,1.6078116904320405,0.156612043650365,0.012698359309896249,3.0
0.6271579200189755,1.607811542923472,0.16026997033824988,0.008642979078942516,3.0
0.6271579201781299,1.6078110657035438,0.1580630121646698,-0.04179302161548548,3.0
0.5435648547584759,-0.9671876674474656,1.337019154487312,-0.00938064522990961,0.0
-1.731788181375382,0.05405040757072442,4.437667340205757e-06,-0.02694153700786166,2.0
0.5435648540937748,-0.9671872618869399,1.330589119070199,0.0033040199734531857,0.0
0.5435648546874509,-0.9671890926709271,1.3348071533202268,-0.003086269748146876,0.0
0.6271579202608129,1.607811244045727,0.1610535270308025,0.06832452774676899,3.0
-1.731788181436766,0.054047648269570064,-0.012018213385468542,0.038025436824446,2.0
0.5598736415851293,-0.6925152219158053,-1.4814338906172306,-0.041283917460718314,1.0
-1.7317881814388985,0.05405063585884093,-0.00823300790552214,0.0007704910250463527,2.0
0.5598736411694951,-0.6925163653699168,-1.474569427737906,0.031723014719689704,1.0
0.5598736414639746,-0.692514284685012,-1.4786428787535542,0.007663612614019867,1.0
0.5598736414450758,-0.6925176514950333,-1.4773512614927664,-0.009660290639553601,1.0
0.6271579199955711,1.6078105979859931,0.165789673122215,-0.0831149072213366,3.0
0.6271579194924245,1.6078098252686788,0.16099552974182382,-0.030247806113929347,3.0
0.5435648549736775,-0.9671900678399272,1.3358968167964556,0.04541995011474405,0.0
0.5598736411723464,-0.6925176601295869,-1.4786358461797242,0.009785719512959635,1.0
0.5435648542662137,-0.9671907183500772,1.3305330261235349,0.00011229793957168013,0.0
0.6271579199733691,1.6078118845895721,0.16343125984701815,-0.03788987648706008,3.0
-1.7317881809427265,0.05404925145975541,-0.014911261515275744,-0.00617979964860842,2.0
-1.731788180114561,0.05405066072896597,-0.003056068295463001,0.01743912181862042,2.0
0.5598736427536795,-0.6925167874284133,-1.472375459017212,0.00540777028744056,1.0
0.5435648547924304,-0.9671899810485415,1.3334983530687035,-0.017418664724187023,0.0
-1.7317881815527725,0.05404838523348063,-0.007402066210564322,0.011643132674771118,2.0
-1.7317881814014502,0.05404960178965328,-0.004143540458688317,-0.041689248110809214,2.0
0.5435648546974969,-0.9671889216303354,1.3315705069305437,-0.027853798154064933,0.0
0.6271579197565642,1.607810781605403,0.1630437924580115,0.021631737330522406,3.0
0.559873641839091,-0.6925190410945039,-1.4745828579538753,-0.07164245856281569,1.0
0.5598736412434552,-0.6925146914790552,-1.483209617455308,0.030140402262718205,1.0
0.5435648550886126,-0.9671902676620291,1.331495063890974,-0.02602012820010406,0.0
0.6271579193927282,1.6078139416511414,0.1576140125101446,0.02640416170350286,3.0
0.5598736416453872,-0.6925150685879272,-1.480746134411397,-0.00262775658051412,1.0
-1.7317881817389225,0.05404862588422461,-0.006724195781290038,0.025820616267036803,2.0
0.543564854587097,-0.9671896452128899,1.3331768488333553,0.07189350589978546,0.0
-1.731788180667238,0.05405078825597598,0.0002046313396356789,0.008082289924315556,2.0
-1.7317881816977099,0.05404958008912946,-9.395986660208964e-05,0.0515198589165744,2.0
0.5435648543915909,-0.9671877943135899,1.3332731911135938,0.09708544382928065,0.0
0.5435648551511199,-0.9671900698377714,1.3379352233483894,-0.0046264971229818715,0.0
0.543564854788584,-0.9671885998833595,1.3290786592841068,-0.012411440104406314,0.0
0.5598736416487171,-0.6925156381755609,-1.4867825440064464,-0.030138805315351052,1.0
0.5435648548085151,-0.9671903627970019,1.3303169135587853,-0.03658279898519425,0.0
-1.7317881816761376,0.054053948658503964,-0.002078019971470546,0.005769665391586074,2.0
0.5598736417199764,-0.6925169020995009,-1.47199954931362,0.00034705288639281595,1.0
0.559873641113541,-0.6925164004272556,-1.485530650262437,0.0037632286746721024,1.0
0.6271579204126847,1.6078129513157273,0.16436673719954545,-0.01996924394715165,3.0
0.6271579187667637,1.6078120776838014,0.15918037823157713,0.02936516579493704,3.0
0.6271579198765418,1.607810513968053,0.16515289508863637,-0.012106779434740738,3.0
0.627157919852568,1.6078120249710124,0.16521127484085343,-0.012578397171136698,3.0
0.5435648546588501,-0.9671902130135023,1.3327670610284545,0.04615067313341224,0.0
-1.7317881809148419,0.05405066422451353,0.00036226840764726404,-0.010022649060943346,2.0
0.5435648545257858,-0.9671880496730947,1.3309799892762675,-0.014308679817713853,0.0
0.6271579206736344,1.6078132181303912,0.15835525646524262,0.020073912041160193,3.0
0.5435648549714283,-0.9671884413261339,1.3310305468286516,-0.0050770343295060485,0.0
-1.7317881816314125,0.054048138200337804,-0.008617690897668926,0.025751417249763046,2.0
0.5598736416827773,-0.6925153205417748,-1.4726693066410683,0.005356435450005348,1.0
0.5598736417888428,-0.6925172075999003,-1.4733798917550307,0.02134512325004978,1.0
0.6271579192516329,1.6078130411647402,0.1629509844435827,0.004166561953102523,3.0
0.6271579196971665,1.6078106980065026,0.16082333348386837,-0.0030155321705333223,3.0
0.6271579202154944,1.6078128622949546,0.16002814003034802,0.02032113309449721,3.0
0.5598736416017763,-0.6925162380891946,-1.486121796647264,0.07338212390290885,1.0
-1.73178818086422,0.05405203327502333,-0.0016815062882790507,-0.01540959552903491,2.0
0.6271579197334076,1.6078087437724757,0.16557113103337823,0.06463605623884262,3.0
0.5435648554913012,-0.9671871392298627,1.3284508822970986,0.013127166515928783,0.0
0.5435648535963428,-0.9671918504954417,1.332686217748154,-0.0018202407036274069,0.0
-1.7317881819128604,0.0540501580375156,-0.004976002733053287,-0.0089783297179952,2.0
0.5435648547787549,-0.9671885652163466,1.331893272349668,-0.008819387384685145,0.0
0.5435648547448505,-0.9671898247514569,1.3296040799704758,0.041849865277371924,0.0
0.5435648549978104,-0.9671878609695032,1.3365469926330262,0.007992431221127519,0.0
0.6271579205894707,1.6078095400371388,0.15944674435135567,0.011925482218610032,3.0
0.5598736410568698,-0.6925161923699816,-1.4874458306770015,0.005533132496300015,1.0
0.6271579197210448,1.6078093598259677,0.16031924496693395,-0.04090787083932377,3.0
0.5598736417093884,-0.6925150479513212,-1.4759465704773764,-0.052044243249871135,1.0
0.5435648545884174,-0.967188236723824,1.3255681587071129,0.027106217103754486,0.0
0.559873641251058,-0.692515639299879,-1.4788570429856918,-0.09605461394786198,1.0
0.5435648544536339,-0.9671893386589395,1.3270433200501721,-0.06253042879029047,0.0
0.627157920212875,1.6078149896006653,0.15669117399262222,-0.06575389579636562,3.0
-1.731788181017381,0.05404787828873657,-0.006924868071277716,-0.05984186659155524,2.0
-1.73178818143719,0.05404817704319864,-0.0019387667784899391,-0.0029351608852474604,2.0
0.6271579195740499,1.6078131262997388,0.1655780353322185,0.06871821350330853,3.0
-1.731788182292529,0.05404966889367333,-0.008632759621952741,-0.04402276545673758,2.0
0.5598736407336264,-0.6925144150453635,-1.4789702977279902,0.044645913252171994,1.0
-1.731788181382961,0.054047703088120694,-0.007313119352612015,-0.013886586213526439,2.0
0.5598736416987641,-0.6925172147446133,-1.4732258811935766,-0.024682671165864842,1.0
0.627157919936819,1.6078119135671207,0.15066684596768065,-0.05422833770265025,3.0
-1.7317881822473322,0.05405107293071674,-0.0011978472509879803,0.018922128227977647,2.0
0.6271579191221527,1.6078111730771123,0.1639574755374812,-0.05589171807363322,3.0
0.5598736415300879,-0.6925150448616249,-1.482190515036494,0.017829103948570516,1.0
0.5598736411322806,-0.6925166474425378,-1.4794239832412643,0.010309250298074365,1.0
0.5598736415714127,-0.6925147698260733,-1.4808285135081085,-0.044652994329889346,1.0
-1.7317881813963039,0.05404969553544493,-0.0033016177864170593,0.021718800358266326,2.0
-1.731788181902276,0.05405093846772654,-0.003687202963281188,0.016287445426092218,2.0
-1.7317881809123397,0.05404820785532811,-0.005677825750995508,-0.03493378235052178,2.0
-1.7317881810245035,0.05405196831207607,-0.005295677201091252,0.00220077683467092,2.0
0.5598736418267817,-0.6925169951458565,-1.4743226451864704,-0.07115673763498,1.0
-1.731788181831264,0.05405248035615785,-0.003914208064784789,-0.009740864442013771,2.0
0.5598736414213951,-0.6925155671259109,-1.4747929747991846,-0.04979477137917709,1.0
0.5435648547354144,-0.9671931853943692,1.3325509540542966,0.04005475360478441,0.0
0.6271579201536507,1.6078117241418477,0.16260930130830112,-0.0020248072303761335,3.0
-1.7317881811938602,0.05405115365878234,-0.0035087215058274726,-0.013019309545934483,2.0
0.5435648548176375,-0.9671868883818392,1.3373982899798038,0.02113502267790149,0.0
0.5598736414756871,-0.692515411264314,-1.492660134902373,-0.036435005139430446,1.0
-1.7317881819202112,0.05405103974995366,-0.005237141375013089,-0.021076262650303056,2.0
0.6271579195913628,1.6078093008237186,0.1565802213088131,-0.032963392063854915,3.0
0.5598736414790759,-0.692515688170396,-1.475289668222764,0.031243508856115876,1.0
0.5598736415156638,-0.6925163852139338,-1.4777874867854663,0.02698596387339482,1.0
0.6271579198739553,1.6078117437262187,0.15922456169309823,0.0017945884629495352,3.0
-1.731788181858076,0.054050872005356645,-0.004382189114576086,-0.006550406250889512,2.0
0.5598736416526576,-0.6925162791297668,-1.4774390708884475,0.030797457544961312,1.0
0.5598736410097843,-0.692515887520472,-1.483723937011092,-0.01690783749292411,1.0
0.5598736406362815,-0.6925160609302184,-1.4774969407462155,0.03495833217441942,1.0
-1.7317881809034101,0.05404807425498073,-0.008816941210164278,0.009175511703141006,2.0
0.5435648538946589,-0.967188783789116,1.3302228911468597,-0.0011330343388811855,0.0
-1.731788181131144,0.05404823511401775,-0.009933489989547677,-0.008777493203080945,2.0
-1.7317881812040685,0.054048316458651845,-0.008170653130235708,0.0025882581641379757,2.0
0.6271579197624337,1.6078109302501584,0.1622008227393221,-0.0012622712678865403,3.0
0.627157920203593,1.6078101664786022,0.16210383317903207,0.01487845383903483,3.0
0.5598736408677992,-0.6925149102233247,-1.482032857489052,0.011394524660151622,1.0
0.5598736414472091,-0.6925165259420991,-1.48427390359283,-0.011964652690333689,1.0
0.543564854850036,-0.9671931619559949,1.3333690643073968,0.022201396248900534,0.0
0.5435648537131742,-0.967191050007499,1.338681454935309,-0.0715472515426398,0.0
0.5435648544177869,-0.9671917689051993,1.3360193493281602,-0.008655543107996199,0.0
-1.7317881819522496,0.054051343723202847,-0.0027341074089267193,0.03363152150434273,2.0
0.5435648547749847,-0.9671883912923944,1.3354226502227715,0.06840988896439701,0.0
0.6271579198499191,1.607811190441236,0.16293973831507852,0.03348250134771634,3.0
0.5435648538727809,-0.9671905642421966,1.3383422545447785,-0.026698385461920698,0.0
0.5435648545127602,-0.9671889810360991,1.3326501497918959,0.046720968452828734,0.0
0.6271579197063092,1.6078145651932167,0.1572526422994546,0.05599464102870335,3.0
0.5598736420626943,-0.6925165495539537,-1.4806822705509106,-0.006966623001952408,1.0
0.5598736416204505,-0.6925167381235391,-1.4810319869098834,-0.011185396187667314,1.0
0.5435648545942042,-0.9671925880981828,1.3337800771289356,0.016332460880501526,0.0
-1.731788181083869,0.054049285789470075,-0.008530407662825723,0.006980690171881939,2.0
0.6271579199281767,1.6078126115814675,0.15896645785593247,-0.004096706077259977,3.0
0.5598736412646089,-0.6925145937917848,-1.4756818915686896,-0.018100204484360862,1.0
0.6271579198937176,1.607810965760778,0.16657578379242005,0.036548762853416204,3.0
0.5435648540499335,-0.9671898092976037,1.332219564283707,0.044518028939829625,0.0
-1.7317881820187548,0.05405110207062833,-0.005924418724236027,0.08160770595113696,2.0
0.6271579197452701,1.6078102387702442,0.16103369567608833,0.03351838590750385,3.0
0.5435648545164922,-0.967189367585061,1.3293285719309056,0.04153334275358999,0.0
0.5435648546663333,-0.9671914999264462,1.3366609904109141,0.08828684512784968,0.0
-1.731788181665843,0.0540495986821048,-0.010244124254808064,0.02544610569906752,2.0
0.5598736410278241,-0.6925195760932289,-1.4814117264767104,0.022251520420496124,1.0
0.5435648542964245,-0.9671890119489168,1.33783391408326,0.011048777630505987,0.0
0.5435648550792845,-0.9671894518297096,1.3319795757110948,-7.315590838300982e-05,0.0
0.6271579198869845,1.6078140679899786,0.1605820021813185,-0.017738326482710867,3.0
0.5435648550080243,-0.9671883509953408,1.328729373904887,-0.029248341971646333,0.0
0.543564854922491,-0.9671927397580637,1.3308752540010795,-0.011808516576272791,0.0
-1.7317881819441139,0.05405177392199797,-0.002148199753172697,0.023146275877338054,2.0
0.5435648552103397,-0.9671894365757877,1.332068223650286,0.015712749014401877,0.0
-1.731788181427607,0.05404868720539639,-0.009056202116287868,0.001603345349323104,2.0
0.5435648545762252,-0.9671908769461129,1.3246907174811595,-0.016286755471427345,0.0
0.5598736411097066,-0.6925178328571719,-1.476985453355462,-0.0034774737443083077,1.0
0.6271579198941903,1.6078111494895486,0.16381863602015168,-0.00780386180185354,3.0
-1.7317881811436304,0.054049675986754614,-0.006311607046474937,0.025984780212859087,2.0
0.6271579196505196,1.6078126327124815,0.16120333463757194,0.05954316744932588,3.0
-1.7317881815428489,0.05404930366754011,0.0003718393658437662,-0.03225489785160036,2.0
0.5435648544246957,-0.9671907569211164,1.3389446710677253,0.017111886368699095,0.0
0.5598736418005954,-0.6925129542450725,-1.478602540836474,0.0011306527632385017,1.0
0.5598736417387279,-0.692517086466935,-1.474799348334433,-0.04157653235845888,1.0
0.5435648550966716,-0.9671888197331933,1.3386129228305628,0.046444276822141174,0.0
0.6271579202949114,1.607810282380237,0.15839037357163824,0.023095032023128088,3.0
0.5435648551979652,-0.9671881368165108,1.3393046869662357,0.018816895201044,0.0
0.5435648547524383,-0.967188448738025,1.3350521216830074,-0.00564994495211033,0.0
-1.7317881814186713,0.05404910286798257,-0.007327948002958234,-0.0741898725042845,2.0
-1.7317881814602178,0.05405003839244778,0.0032293582669869624,0.003614921348658376,2.0
0.6271579200518513,1.607812326904324,0.1613728194365487,0.005144377919948329,3.0
0.5435648541967173,-0.9671880731455526,1.328698687048907,0.11457647762347294,0.0
0.6271579198923587,1.6078095575595157,0.1621439348051787,-0.014390414721152574,3.0
-1.7317881809441777,0.054051896185591856,-0.007208666380879267,0.03815638023553259,2.0
0.5598736413576262,-0.6925152036236917,-1.4797396089607575,-0.04361067976067108,1.0
0.5598736411860411,-0.6925145358867945,-1.479464857080149,0.050351174090438024,1.0
-1.7317881806884605,0.05405139210435893,-0.0061475794708024745,-0.000336476685512053,2.0
0.5435648542072743,-0.9671909254298674,1.3339782182002573,0.03103288530540599,0.0
0.5435648543398519,-0.9671893145191084,1.3330549569180496,0.04140264097618003,0.0
0.6271579201583174,1.6078123552947299,0.16015809264302197,-0.01834347062519959,3.0
0.5435648549482837,-0.9671909254025705,1.3306850438368487,0.033261993649902476,0.0
-1.7317881813341771,0.054049735691919724,-0.0022925672477753763,-0.00465536429457142,2.0
-1.7317881805978392,0.05405216758462339,-0.008369595568020392,0.026244019396838136,2.0
-1.7317881810224436,0.054050411042399445,-0.006133588280582566,0.015319266581251371,2.0
-1.7317881812756883,0.05404883657332515,-0.006324856261357158,0.002431891137423842,2.0
0.5598736413697587,-0.6925131209446374,-1.4781665621268676,-0.01650258267097605,1.0
-1.7317881814738876,0.05405223486875378,-0.004270810218605497,-0.03051681576104288,2.0
0.5598736407955006,-0.6925134707913769,-1.473942143117028,-0.046174478760663495,1.0
0.6271579192165521,1.607811122382243,0.15478902268830283,0.028368950513345398,3.0
0.6271579202522688,1.6078126918556581,0.15776211761718817,0.03245681732375296,3.0
0.5435648546829306,-0.967189496378333,1.3368121096373478,0.03664970994020433,0.0
0.6271579203444009,1.6078096001485678,0.15887255930021857,-0.07588980482091202,3.0
0.5435648542239032,-0.9671872814934156,1.3291123467640251,0.024112887220931255,0.0
0.5435648551849098,-0.967190846053558,1.3324578847822133,0.06725124762334576,0.0
0.5435648541855769,-0.9671892739281347,1.3322621647920758,-0.022307324723762588,0.0
0.5598736417435181,-0.6925178069521508,-1.4814390860217368,0.00048066434405168564,1.0
0.5598736419962713,-0.6925169287110072,-1.4787280183132225,0.010902539536101648,1.0
0.5435648539953477,-0.9671882669471004,1.3377345179187974,-0.046675976652768944,0.0
-1.731788182052477,0.05404867993330624,-0.007555890311623632,-0.005741371108327514,2.0
0.5435648550217473,-0.9671883365224435,1.3349182811328077,0.009268475415249323,0.0
0.6271579202521803,1.6078118217196178,0.16273778813959247,-0.010204355192724592,3.0
-1.731788181251817,0.05404780013340353,-0.005816193679006721,-0.05265948280005721,2.0
0.6271579195872226,1.6078109674321706,0.15424302121780045,0.020920099021272367,3.0
0.5598736417214581,-0.6925167885569944,-1.4785288328602035,-0.020680854963575968,1.0
-1.7317881811228306,0.054051523500047785,-0.005052204826006744,-0.058010401034480706,2.0
0.6271579202211506,1.6078122623372368,0.1561371847147348,0.029399606243478028,3.0
0.5598736420220176,-0.6925141220456335,-1.4762473776348664,-0.009702267116865377,1.0
0.5598736415290274,-0.6925138323747293,-1.4757652016543172,0.018100031739350472,1.0
0.6271579197262676,1.6078095035242381,0.15996033858350803,0.0060129572330604696,3.0
0.5435648544751391,-0.9671896073292205,1.3285497538439182,0.039329055351429845,0.0
0.6271579197323127,1.6078090747877405,0.16465894216338192,0.016372909537357334,3.0
-1.7317881817667553,0.05405177501727616,-0.005894299358486816,-0.03432414874933654,2.0
0.627157919582548,1.6078127461980616,0.1557144203220498,0.04110584925089848,3.0
0.6271579197396623,1.607812896902457,0.16509407956560368,-0.03341209224443458,3.0
0.6271579200439326,1.6078110484206964,0.16410664232059466,-0.056077464766215994,3.0
0.5598736416447405,-0.692518928419471,-1.4827062282642738,-0.019867591440388584,1.0
0.5598736419610144,-0.6925134074929458,-1.4823801342470004,0.028405967263696208,1.0
0.5598736418687261,-0.6925168352540794,-1.486510037764088,-0.01835520231663612,1.0
0.6271579192206752,1.6078094585871754,0.16252459913668532,0.006120241326244204,3.0
0.6271579196555928,1.6078133601620066,0.1655671780208616,0.02535282671036677,3.0
0.5435648549838257,-0.9671892659372733,1.338337157432512,0.014395640792371218,0.0
0.6271579197770267,1.6078121859030454,0.16455217978608422,0.013256588911940497,3.0
-1.7317881820144343,0.054050941212432285,-0.002331282648174174,-0.026271669611304376,2.0
0.5435648549950046,-0.9671876784672567,1.3363216308869685,0.03822130516541252,0.0
-1.7317881814837577,0.05404991924540619,-0.007250007580243602,0.026605799893139246,2.0
0.5598736415926261,-0.692515214665761,-1.4717373939106553,0.0055573658420745575,1.0
0.6271579201212409,1.6078116521988568,0.15374827862487153,-0.03467591372945835,3.0
-1.731788181679229,0.05405350751100013,-0.010080802080850102,0.04243633307373815,2.0
-1.7317881814775324,0.05404981842659327,-0.005915036583672441,0.05104972003215912,2.0
0.543564854558431,-0.9671908428847524,1.331376447167775,-0.03278118352353255,0.0
-1.7317881809529034,0.0540500762129165,-0.0020238504413004977,0.008129163314782743,2.0
0.5435648544952917,-0.9671885670824862,1.3273940613156372,0.037016954551200236,0.0
0.6271579201948373,1.607809363398819,0.160544007694231,-0.001822421193222361,3.0
-1.731788181594737,0.05404875396681405,-0.0068988365755589705,0.006786255713225164,2.0
-1.7317881810580869,0.054047843055213075,0.0048146001752813385,-0.019218675473887187,2.0
0.6271579203480198,1.6078083432643575,0.1620023405944915,0.01110937077200708,3.0
-1.731788180686234,0.0540489688110323,-0.008485613992690147,-0.08366004597316005,2.0
0.6271579198002829,1.607809974421808,0.1600695375305171,0.009247244927125899,3.0
0.5598736412952385,-0.6925131095602659,-1.4741874910693307,-0.023436952443633675,1.0
0.5598736412226432,-0.6925172904514382,-1.4809634869602268,0.019587853229476315,1.0
0.6271579197707845,1.6078106718008078,0.16451970889482365,0.02897333028932529,3.0
0.62715792048522,1.607811832985377,0.16615532893902255,-0.003179049374615487,3.0
0.5435648540746821,-0.9671901797061958,1.3367610079094396,0.009531875924100769,0.0
0.6271579201190769,1.6078101049200142,0.16281184144696764,-0.06318986144485082,3.0
0.5598736413958707,-0.6925158431614886,-1.476997503285577,-0.0601431805221529,1.0
0.6271579198493917,1.6078126525143772,0.1573507570196701,0.03953599058007458,3.0
0.6271579191955812,1.6078125536019992,0.16222210942460788,-0.0382686954552269,3.0
-1.7317881814918428,0.05405101321577007,-0.0010687364716397663,-0.030468567688105276,2.0
0.5598736407728041,-0.692515678547792,-1.4773100181949825,-0.07900303340168888,1.0
0.5598736414019495,-0.6925177862704582,-1.4766763898971904,0.011152885858576695,1.0
0.543564853845423,-0.9671876556399258,1.3366625102172953,0.004633561512094542,0.0
0.5598736413934766,-0.692516033926251,-1.481172692162335,-0.06211871092500642,1.0
0.627157919404202,1.6078118676330182,0.16110092538126272,0.05142328509882074,3.0
0.5598736414421878,-0.6925188502533621,-1.48216023338707,0.029258690285405273,1.0
0.627157920222317,1.607809204995749,0.16226837834568358,-0.014746328978941662,3.0
0.5598736413683726,-0.6925122335031664,-1.4742632803127775,0.06422634819980512,1.0
0.6271579193681176,1.607814055434468,0.16081590839393964,0.02851462976165926,3.0
-1.7317881815276337,0.05405065641870478,0.0019163286945357903,-0.0783902187172069,2.0
0.5598736410720476,-0.6925186536953951,-1.4806308086384599,-0.008461121602724634,1.0
-1.7317881812548928,0.054051749977887094,-0.0006549943063164516,-0.03351672723147711,2.0
0.5598736413702025,-0.6925153389448818,-1.480128260222814,0.01849510484280739,1.0
0.6271579196812792,1.6078104887332474,0.15820738485034827,0.09983306644356064,3.0
0.5598736412115206,-0.6925174162527906,-1.4809096802086346,0.034092448383937726,1.0
0.6271579203117498,1.607813347350566,0.16003774647486887,-0.042715156488982,3.0
-1.731788180861127,0.054049792719684235,-0.005462942267615929,-0.022129302166563777,2.0
-1.7317881817045124,0.054049184586965705,-0.006246022362616569,-0.04224774832166114,2.0
-1.7317881817006342,0.05405025390537384,-5.634766290325155e-05,-0.021119222990846755,2.0
0.5435648546982979,-0.9671898322915073,1.3378677048086782,0.05475144749984367,0.0
-1.7317881813809375,0.05405103790267967,-0.006343099064003483,0.03871425904301649,2.0
0.5435648548422225,-0.9671891356775283,1.3278525684120206,-0.044380965067290036,0.0
0.5435648549193375,-0.9671906482158592,1.3314653720795502,-0.02944922112758997,0.0
0.5435648545458472,-0.9671876973098176,1.332262156115379,0.0008722695450417968,0.0
0.6271579193141763,1.6078114290651992,0.15770284671972712,-0.040799188558217764,3.0
0.5435648545411392,-0.9671906322018691,1.3277609975246982,-0.012807279145279545,0.0
0.5435648544503334,-0.9671908416835385,1.332065694729107,-0.026734815586366978,0.0
0.543564854896472,-0.9671909254018871,1.330497145885324,-0.032953002817213924,0.0
0.6271579208321921,1.607810889785716,0.1567772107185773,0.058513174052027946,3.0
-1.7317881809357343,0.05405238864043585,0.0002197654675461112,0.027331611252980066,2.0
-1.731788181418924,0.05404644549625101,-0.00243699259515263,0.04446206026084649,2.0
0.5598736414843719,-0.6925134060810605,-1.4749451315959672,-0.06340909298105452,1.0
-1.7317881815137612,0.054050342646612265,-0.006826667345719139,-0.03138952414391844,2.0
0.5598736415253213,-0.6925160669206138,-1.4881605576002825,-0.018917830022333222,1.0
0.6271579196337437,1.6078111648538085,0.15719626788960833,-0.010760326432171672,3.0
0.6271579197024642,1.6078133297512258,0.1597944848639233,-0.014823844060846402,3.0
0.6271579195174357,1.607811871809552,0.15861121283973306,0.05637064409239268,3.0
0.5598736414756427,-0.6925144300485805,-1.4789970945661115,-0.058845028034749405,1.0
-1.731788180925778,0.05405082279495835,-0.0006403086274033489,0.0007702661511459897,2.0
0.5435648543130348,-0.9671859431177798,1.333691550461925,0.06792377393545972,0.0
0.6271579196676207,1.6078112891087655,0.17215272251019131,-0.003681836010581921,3.0
0.5598736415113982,-0.6925137241689384,-1.4833924833637158,0.008709458204899823,1.0
0.5435648546399927,-0.9671885963938794,1.3328037099154395,0.07122705514302677,0.0
0.5598736413602075,-0.6925155047212879,-1.4785257606826387,0.025192433885625126,1.0
0.543564854728649,-0.9671901661101977,1.3280921919277748,0.015543302731909828,0.0
-1.7317881817161198,0.05404798333684314,-0.0062132875352272484,-0.025382258863823472,2.0
-1.7317881806880002,0.0540500458893958,-0.0025903062576771796,-0.006554140502081049,2.0
0.5435648546911488,-0.9671915479661262,1.3278079175773954,0.02673520293413094,0.0
0.6271579200975341,1.6078111187713584,0.15791066536851303,0.08771771317226634,3.0
0.6271579198041523,1.6078122198274305,0.166299806195055,0.0048569518444753585,3.0
-1.7317881814959128,0.05405262358630168,-0.010539068709106245,-0.016941269395579474,2.0
0.6271579195281282,1.6078099675307689,0.16213994559576356,-0.031070735755962944,3.0
-1.7317881812410922,0.05404990346068541,0.002806784056216014,0.057305065068365905,2.0
0.5598736421114509,-0.6925159467364276,-1.4857362313902949,0.032107377490730934,1.0
0.6271579203126079,1.6078107220631155,0.15823982774737802,0.02828587621765926,3.0
0.6271579203034789,1.6078113482469536,0.15986626899354753,0.005072660872782545,3.0
-1.7317881809354612,0.0540521430203814,-0.01049977187394344,-0.004865358259881067,2.0
-1.731788181353132,0.0540482106631887,-0.007467261613682862,0.03362799162528645,2.0
-1.7317881804922446,0.0540480297291507,0.000982964869632934,-0.021457527343278875,2.0
-1.7317881812536764,0.05405240975970276,-0.004527405076587385,-0.0002665892496086719,2.0
0.5598736417391639,-0.692515905064633,-1.4693714600328691,0.053966143376909435,1.0
-1.731788181767321,0.054051381824665685,-0.005404717747168831,-0.053891091064889415,2.0
0.6271579198461323,1.6078094441246433,0.16550303048344212,-0.007090370129357094,3.0
0.559873640852968,-0.6925159580802254,-1.4739550669092982,-0.01456761194722168,1.0
-1.731788181495834,0.05404853205531757,-0.004972552227232829,0.019120236307825698,2.0
0.6271579201091532,1.6078102060849593,0.15172109971207717,-0.010192337815671528,3.0
0.6271579197653424,1.6078109927709554,0.15771548901800714,0.00545440381865322,3.0
0.6271579204958101,1.6078110790383386,0.1620455080405594,-0.026115683074786015,3.0
0.6271579199409449,1.6078135373721616,0.16559909352113109,0.02007802100771528,3.0
0.6271579201017102,1.6078126302521358,0.1610753493868523,0.021449348168948952,3.0
0.5598736420935658,-0.6925139900137001,-1.4773161896244766,-0.03291598432808952,1.0
0.627157920065162,1.607813836052132,0.15560085556872824,-0.0015176478664080506,3.0
0.5598736419011319,-0.6925149630504951,-1.4847654378192243,-0.008138123912333551,1.0
-1.7317881814430638,0.054049616761582035,-0.012280009179120888,0.030842502843532047,2.0
-1.731788181048469,0.054051148700615996,-0.006075452153655832,0.007695821449079539,2.0
0.5598736411128137,-0.6925150571471311,-1.4804587749569709,-0.0358169680648902,1.0
0.5598736413558347,-0.6925167119960329,-1.4825693689745754,0.009018089837174618,1.0
-1.7317881811879678,0.05404909062713434,-0.001088637482143828,-0.06855612758623092,2.0
0.5435648550284525,-0.9671890118522858,1.3335378283803176,0.013667149675555637,0.0
0.5435648547412155,-0.9671872955596423,1.3267702182066363,0.013763149386511755,0.0
0.5435648546253097,-0.9671889310183399,1.328856221466673,-0.0521511237151334,0.0
0.6271579200931913,1.6078104559848778,0.16871797095929386,0.03345475386971004,3.0
0.5598736417611997,-0.6925166577421049,-1.483862576071336,-0.005057744474815687,1.0
0.5598736415312754,-0.6925131067030809,-1.471739206102079,-0.06550572435795655,1.0
-1.7317881810752063,0.05405105399724376,-0.0058925775060423334,-0.042164794349330924,2.0
0.559873641533538,-0.6925155410073134,-1.4859064688164816,-0.04790562767110797,1.0
0.5598736422347497,-0.6925173259276075,-1.4792248541289803,-0.038931896289033575,1.0
0.5598736414058714,-0.6925173248278467,-1.4720543343446146,-0.08536017725221713,1.0
-1.7317881814952398,0.05405128534018054,-0.0022785505527709855,0.022422337313802703,2.0
-1.7317881820171492,0.05405205445091384,0.0030135702980818085,-0.05209667987661191,2.0
0.5598736416730422,-0.6925155772185042,-1.4753933501145564,-0.07109799520752731,1.0
0.5435648546165319,-0.9671905779868082,1.3373182871006235,-0.0020763795237725997,0.0
0.5598736415261348,-0.6925190845993797,-1.4805883692748654,-0.022399404409135404,1.0
-1.7317881812545823,0.05404925509881352,1.0853124255685162e-05,0.008705471618041801,2.0
-1.7317881816983471,0.054049389243821085,-0.0042884601301018494,0.019153607769292348,2.0
0.5598736422035673,-0.6925169744088701,-1.4797972819718157,0.03499355401982299,1.0
0.5435648545844743,-0.9671929297659769,1.3317172810247275,0.03951340321938255,0.0
-1.7317881818138963,0.054050732833385434,-0.004086353919579987,-0.051267858812610555,2.0
0.6271579195248018,1.6078112408957297,0.16206858473372396,-0.006716691878692592,3.0
0.5435648546743875,-0.9671888489736207,1.328688397283525,-0.002714451991081263,0.0
0.5598736411638153,-0.6925147207597969,-1.4772296522504635,0.014453106158293687,1.0
-1.731788181417359,0.054050145888211304,-0.00014720634590977268,0.010026742822450835,2.0
0.54356485439285,-0.9671913262625023,1.331932066248963,0.015474983257715142,0.0
-1.7317881812287195,0.054052681100879636,0.002971965309648501,0.040469073912348615,2.0
0.5598736417923648,-0.6925168793843112,-1.4824572945803578,0.012868301297194587,1.0
0.5598736413581533,-0.6925149502723005,-1.4798353855454331,-0.03923122888372241,1.0
0.5598736418020331,-0.6925135422604388,-1.4805711792512122,0.005052019849015812,1.0
-1.7317881810572342,0.054050043434530945,-0.009725132802129444,0.022885298531103382,2.0
0.5435648554271154,-0.9671909879787266,1.324288228899061,-0.05098578265059241,0.0
-1.731788181993332,0.05405099870035011,-0.0018039503615598614,-0.038765227725309,2.0
0.5435648546042802,-0.9671891246660731,1.331220544597236,-0.018914347540011905,0.0
0.6271579200203649,1.6078117915457808,0.1584826432288241,0.022156292244066594,3.0
-1.7317881813975158,0.05405102717335579,-0.002107057193311229,0.017052246644049106,2.0
-1.731788181756972,0.0540511142039411,-0.0030628988134669037,0.0001941638873710125,2.0
0.5598736418039404,-0.6925143354989334,-1.4775655773976935,0.005699696788608119,1.0
0.6271579193524831,1.6078084604154697,0.1619111232257177,0.02484375814943589,3.0
-1.7317881818569487,0.0540492509213627,-9.738072323987499e-05,0.027487273352211336,2.0
0.5435648551447276,-0.9671903328834223,1.3328151719723826,-0.06613220646966742,0.0
-1.7317881810783118,0.05405010544376278,-0.0071064666559025,0.03191054651739251,2.0
0.5435648541920469,-0.967189908532556,1.3381403248479278,-0.002845815699993837,0.0
0.5435648545638738,-0.9671892547628056,1.3355909344366608,-0.011841263036918315,0.0
-1.731788181063719,0.054051612063499656,-0.009538154869962588,-0.036080373104611076,2.0
0.5435648555069752,-0.9671886244822894,1.3396015459463155,-0.009524191987134391,0.0
0.5598736416345911,-0.6925143966109653,-1.488516726377062,-0.0273046592089471,1.0
0.5435648548726985,-0.9671886212180455,1.328802127875129,0.008092839651560853,0.0
0.6271579202878433,1.6078111065195209,0.15722824104078112,0.022417107981980003,3.0
0.5598736418736178,-0.6925144147733827,-1.4817997565290135,0.014430333715243038,1.0
-1.731788181369749,0.0540517474930569,-0.0006857476023482068,0.04315683483912525,2.0
0.5598736413949718,-0.6925166312142531,-1.4830913899684364,-0.029872194889899752,1.0
-1.7317881815641103,0.054050818642676995,-0.011262188699235098,0.02984112482847544,2.0
-1.731788181591158,0.054053531055400096,-0.008773730579898234,0.01877466909679457,2.0
0.5598736413930696,-0.6925153402692283,-1.4781360892806426,-0.051857040259211735,1.0
0.5435648547652088,-0.9671862334500521,1.3307100376883902,0.014130854046302092,0.0
0.6271579197770555,1.6078114112094843,0.15923889251058265,0.015018274421263118,3.0
0.6271579197790106,1.607813011016649,0.15730263062425617,-0.07053888990262835,3.0
0.6271579201249617,1.607810219796327,0.1570630126047395,-0.008307364226330913,3.0
-1.7317881811505185,0.05404939199111421,-6.284995961009308e-05,0.02057343639188069,2.0
0.5598736410930817,-0.6925177023992977,-1.477526555659839,-0.01227479444244876,1.0
-1.731788181644517,0.054050631327261026,-0.006933210034672998,-0.025931052904457647,2.0
0.6271579199680926,1.607807447897646,0.1665931591546625,0.06062048665599727,3.0
0.5598736417905683,-0.6925155761991122,-1.4759192525980565,-0.007499672518538208,1.0
0.6271579190254608,1.6078126813267253,0.16796930150080677,-0.017473284560076706,3.0
0.5435648540447412,-0.9671869242718744,1.3313924999943478,-0.019267048051176083,0.0
-1.7317881808971256,0.054051387069469915,-0.005231494620110222,-0.013657350609098442,2.0
0.6271579201411362,1.6078136619465406,0.16122663049031272,0.026420184361346,3.0
0.5435648548222952,-0.9671874387113758,1.332108194869605,0.023147575828289968,0.0
0.5598736413062241,-0.6925193377396384,-1.479549496872907,-0.03129444528520373,1.0
0.6271579201920894,1.6078120548236494,0.15567405741596582,0.033311456101331155,3.0
0.5598736413082143,-0.6925149995636026,-1.4837742475846867,-0.028056895395435193,1.0
0.6271579198805327,1.6078101105785494,0.16322567160554,-0.0008683737974736606,3.0
0.5598736411186266,-0.6925160962362329,-1.4826688625628106,0.05270711874123615,1.0
0.6271579200816735,1.6078134325090512,0.15446260171440934,-0.031331300984391915,3.0
0.6271579201287574,1.6078109812687396,0.16496583185388586,0.008352967335939137,3.0
0.6271579201288453,1.6078081611963844,0.1527745445300729,0.0017271205609317587,3.0
-1.7317881817360636,0.05405149970282422,-0.0029023562216689953,0.0036482695701248544,2.0
0.5598736407290648,-0.6925149258230088,-1.475888600728283,-0.06060762441165997,1.0
-1.73178818169967,0.05405241209198931,-0.004393034111742161,0.056277644035018684,2.0
-1.7317881815622518,0.05405131093636914,-0.0031012727619833657,0.014955390964859306,2.0
-1.731788181748938,0.05404979752501678,-0.008732778407991111,0.033207340642022354,2.0
0.5435648539390905,-0.9671913792288032,1.3323637797030907,-0.030195294898827267,0.0
0.5435648547685834,-0.9671884936106848,1.331205898849065,-0.021308266323219718,0.0
-1.7317881811365525,0.05405193036033061,-0.007162085563335974,-0.0017453780085135186,2.0
0.5435648560271638,-0.967190136805595,1.328020256835223,-0.03478784339363753,0.0
0.5598736412965273,-0.692517141979179,-1.4804768996574826,-0.04277905225945366,1.0
0.5598736417191448,-0.6925144830395034,-1.478344851407587,-0.05523814459250587,1.0
0.5435648553091196,-0.967187634210806,1.3386769015068178,-0.005297762966543306,0.0
0.5435648546181101,-0.9671883734375117,1.3332941984448938,-0.00590104784765488,0.0
0.5435648549087484,-0.9671891795835172,1.338802991486391,0.0706591126502855,0.0
0.543564854780837,-0.9671912434297355,1.3324087483820697,0.04520610987185886,0.0
0.6271579199303023,1.6078113970544399,0.15866288021710384,-0.05210855662553811,3.0
-1.731788180685641,0.05404923125837102,-0.0004816953220397188,0.001086944049753304,2.0
0.627157919777839,1.607810353992791,0.16574293238538204,-0.028085575909439067,3.0
-1.731788181828726,0.054052376563509474,-0.008753605549187018,0.018262576198407852,2.0
0.5435648547500138,-0.9671864849958443,1.3218018594706724,0.06450563427739632,0.0
0.5598736419631226,-0.6925149218293811,-1.4843222719653273,0.07349134397528348,1.0
0.5598736417979208,-0.6925142929695559,-1.4840445227854755,0.01643024121505321,1.0
0.6271579196244623,1.6078107791536151,0.15762804812502512,0.020055895226808167,3.0
-1.731788181412399,0.05404850622404667,-0.0012045440433895143,-0.020978786803924517,2.0
-1.7317881809555056,0.054053512752542686,0.0003829304177396877,-0.01735736076743681,2.0
0.6271579201215532,1.6078132907198621,0.15591178192407185,0.016369951103090752,3.0
0.5435648545852568,-0.9671913808074054,1.3380681269400239,0.06785399850030847,0.0
-1.7317881819844991,0.05405020561995851,-0.004768039173447279,0.010544147500923834,2.0
0.6271579203393484,1.6078132317058138,0.15610408633961897,0.01428706761030322,3.0
0.6271579196359502,1.6078127906596225,0.15526791762556827,0.07897704587796477,3.0
-1.7317881812189968,0.05405045045483004,-0.007481613237559558,0.010094450863176665,2.0
0.5435648549478976,-0.9671916252414267,1.332278910509904,0.02815218839911476,0.0
0.5598736415921914,-0.692517117949178,-1.4822099467163312,-0.02428965622175055,1.0
-1.7317881815101597,0.05404865052630696,-0.0060070960842691585,-0.007789215753211998,2.0
0.5435648544419207,-0.9671888595839633,1.3331741962627333,-0.002730191728246915,0.0
0.54356485507207,-0.9671909110524498,1.3275508812184762,-0.006602851296734207,0.0
0.5598736415340527,-0.6925153198338673,-1.4773221714181592,0.0038047115355862074,1.0
0.5598736416698822,-0.6925159626148393,-1.4785443101845164,0.035022203270101304,1.0
0.6271579197622201,1.6078132838643562,0.1582574998631697,-0.047548837354298774,3.0
0.5598736414408391,-0.6925174794118504,-1.4758313150442097,-0.03471944682800511,1.0
0.6271579198889972,1.6078113208088887,0.1607002755442572,-0.04717315725861865,3.0
0.5435648545539429,-0.9671900682554115,1.3284096044951519,0.06734805061687468,0.0
0.6271579206204044,1.6078105799735158,0.16464382479174836,-0.037390174667548806,3.0
0.5598736410951729,-0.6925199084140825,-1.4852674881379568,0.009114122653386026,1.0
-1.7317881820073115,0.054050514603871405,-0.008267488418940028,-0.07155481650867543,2.0
0.5435648543150426,-0.967187961747772,1.3270761017656088,-0.012200829553317041,0.0
0.559873641628273,-0.6925159564961447,-1.4760639748214235,-0.001183666965815984,1.0
0.5435648548488136,-0.9671883776225448,1.3303588451756614,0.03069147649823425,0.0
0.5598736411947869,-0.6925164452204925,-1.4790882722230405,0.034397315962966364,1.0
0.6271579195825032,1.6078126170571616,0.1601769395887976,-0.030987323297449028,3.0
0.6271579204661962,1.6078133428897028,0.16220211392400907,-0.034001896972837974,3.0
0.5435648548167983,-0.9671888201935183,1.3391448398288581,0.027765470320401667,0.0
0.559873641512556,-0.6925161180824496,-1.4758149883956322,-0.0368455015620241,1.0
0.6271579196488927,1.6078099642630277,0.1622016416327011,-0.025022443594114627,3.0
0.6271579200559863,1.6078099302463342,0.1573281294586406,0.016306000810460113,3.0
0.5598736415820472,-0.6925153178258056,-1.4820914645484886,-0.0647314385046733,1.0
0.5598736412682315,-0.692516560860615,-1.4780797764080351,-0.038361063844216545,1.0
-1.7317881813675153,0.054050050486129396,-0.007825011518142725,-0.010889011435499656,2.0
0.5598736414173389,-0.6925146827712833,-1.483153967158911,0.05443583201260577,1.0
0.543564854551051,-0.9671876577833578,1.3365169572620843,-0.03727825805556423,0.0
0.6271579196370775,1.6078106405554171,0.15373255080809034,-0.005631007668963086,3.0
0.5598736415028186,-0.6925165556305252,-1.476203932322677,-0.004489703624898278,1.0
-1.7317881813918368,0.05405018462937169,6.779943232761749e-05,-0.008020575221920486,2.0
-1.7317881812940588,0.05404913382396689,-0.007432809229620838,0.03329139008605454,2.0
0.5435648545575241,-0.9671881346258044,1.3317306834752147,0.00937240540402304,0.0
0.5598736411027935,-0.6925174231426566,-1.4778691067003555,-0.03544626008307826,1.0
0.5435648545822358,-0.9671898341778008,1.330447806220142,-0.022873764092629593,0.0
0.5435648542490816,-0.9671891651216467,1.3303674869012805,0.009659306093673516,0.0
-1.731788180861872,0.054050801786264965,-0.0010192451151436943,0.0860908891352833,2.0
0.5598736408439562,-0.692517878929846,-1.4745414023394137,-0.047684803182177604,1.0
0.6271579196670517,1.6078130134786974,0.1658000028195293,-0.013053839674980333,3.0
0.6271579198216609,1.6078099754606885,0.16372422136645837,-0.012204430807870266,3.0
0.5598736413884443,-0.6925154427751922,-1.4773178620393694,-0.0046827972594764376,1.0
-1.7317881815988247,0.05405332087883218,-0.005695370837424609,0.09377219601912569,2.0
0.543564854296041,-0.9671895775068302,1.3348517745866988,0.03465807196743842,0.0
-1.731788180556542,0.05404767877173122,-0.008409995886603124,0.0018257394082314186,2.0
0.5598736409841669,-0.6925149118506082,-1.4791664302537022,-0.06488308356610174,1.0
-1.7317881816840326,0.054049895172867096,-0.003958051040072956,-0.0012858202167391974,2.0
0.5598736414800981,-0.692515641837297,-1.4827600675947874,0.054953286026914704,1.0
0.6271579193898071,1.6078108696336302,0.16406642663279875,0.09002640195458508,3.0
-1.731788181643314,0.05404984234370951,-0.008214646825232028,0.04203704125046404,2.0
-1.7317881817657157,0.05405117675429699,-0.0009698890441680993,0.0328747567373038,2.0
0.6271579199402204,1.6078125653984112,0.15875810685828826,0.04260819757111282,3.0
-1.7317881817765604,0.05404749569589456,-0.008704284378071445,0.004911244098972749,2.0
0.5435648549750096,-0.9671871239106968,1.3322528345245113,-0.014215908623522079,0.0
0.5598736415523864,-0.692515198417867,-1.4766422775817458,0.028397304498544818,1.0
0.5598736417693159,-0.692517157941997,-1.4758591508267727,-0.004295959201024297,1.0
0.5435648543440851,-0.9671895131164735,1.3320800392366012,0.00536750721726789,0.0
0.6271579201285706,1.6078115694982853,0.16447294179379016,0.024131982666641134,3.0
0.5598736416756951,-0.6925153095168435,-1.4841767758376345,-0.015640474717577995,1.0
0.5598736414695745,-0.6925175542594038,-1.4770771053011933,-0.02503054323757824,1.0
0.5435648553453873,-0.9671895900946442,1.3300783079301668,0.06344037965102803,0.0
0.5598736417972109,-0.6925160332301152,-1.4804231754157318,-0.06430318880283317,1.0
0.6271579202743046,1.6078131559321007,0.16404511409313774,0.006726870110668643,3.0
0.6271579200717121,1.6078109380182968,0.1690231864973061,-0.0026157156619322653,3.0
-1.7317881814288418,0.05405169325888108,-0.00498465985844153,-0.025948751567951178,2.0
-1.7317881814026521,0.05405071039114325,-0.005761921887048884,0.03447765757003733,2.0
0.6271579198175816,1.6078136834518715,0.16146611790709414,0.015382808102391931,3.0
0.5598736418504061,-0.6925170674840658,-1.4775471381690042,0.06108040929963309,1.0
0.5598736419199815,-0.6925151185187819,-1.4765950256338158,0.0047895065281891485,1.0
0.5598736415291794,-0.6925137598236458,-1.4829829509998114,-0.013229297787173641,1.0
-1.7317881815159752,0.0540492150493311,-0.007517928887530021,0.036273812645667446,2.0
0.5598736415778636,-0.6925134422042146,-1.4800530843062267,0.013810669790089611,1.0
0.6271579201468103,1.6078114195722981,0.16119905487468017,-0.051427977635862536,3.0
0.5598736412985005,-0.6925179198986372,-1.4769242715974085,0.03947646807300226,1.0
0.5598736413378183,-0.6925168587048183,-1.4817162016381358,0.006389253182252285,1.0
0.5598736419653086,-0.6925160557441069,-1.4819511449945364,-0.003748197134549745,1.0
0.6271579202614587,1.6078107621739868,0.16009232115987804,-0.015518570608403908,3.0
-1.7317881814196567,0.054049582305741604,-0.014580554727739814,0.012557721453398757,2.0
0.6271579201746588,1.6078127815317722,0.16021292597779271,0.03328884589965778,3.0
0.543564854642881,-0.967188850481863,1.3292387910792436,0.010269230023875696,0.0
-1.7317881816186584,0.05405068838509588,-0.002301698227198543,-0.013709002632245969,2.0
0.5598736410027707,-0.6925139006805053,-1.4790790620212335,0.028819745649408347,1.0
0.5598736422691731,-0.6925167642364782,-1.4805031675485891,-0.037602051531723725,1.0
0.5435648549816054,-0.9671904302762719,1.3325695194294949,-0.033019342571374816,0.0
0.5598736407811866,-0.6925175165607235,-1.4768045630169229,-0.03214210100619228,1.0
0.5598736420459842,-0.6925174307192673,-1.482599406635589,-0.03245396129050558,1.0
0.5435648550543359,-0.9671915855283786,1.3329579536865084,-0.014956741065072119,0.0
0.5598736413882096,-0.6925190597398726,-1.4809805747534428,-0.02102044297828913,1.0
-1.731788181529496,0.05404986252436866,-0.0064529680314012,0.03934361244790354,2.0
-1.731788180941187,0.05404931511235604,-0.0020928014467435758,0.03481550947369033,2.0
0.6271579200295975,1.6078102824113578,0.1579034581926896,-0.005112673431658554,3.0
0.5598736420016984,-0.6925163542100268,-1.478889087656601,0.03750931582300021,1.0
0.6271579196712214,1.6078077918682512,0.1625757011136655,0.0583508101829136,3.0
0.6271579208041835,1.6078106341204226,0.1616692518723975,-0.03189316011896064,3.0
-1.731788182454446,0.05404976102132341,-0.01007113014926311,0.016130458405754697,2.0
0.5435648549070305,-0.9671886959674748,1.333279175238026,0.051854993142340204,0.0
0.6271579202247037,1.6078119305077958,0.1580968661742071,-0.0048855101953715115,3.0
-1.7317881814700358,0.05404987645322218,-0.0060655458807359385,-0.037271772892383224,2.0
0.5598736413178561,-0.6925174400582743,-1.4801656366044682,-0.018762188643259944,1.0
0.6271579200457765,1.6078124139239889,0.1595279301341353,0.016302368790709003,3.0
-1.7317881815093457,0.05405224720854481,-0.0033677367553937095,0.025640136097377336,2.0
0.5598736416252249,-0.6925135461574619,-1.4823663072157258,0.005290778009072572,1.0
-1.7317881813644933,0.05405046140772598,-0.009803335819312031,0.028745282010639063,2.0
0.5435648548894729,-0.9671907182736982,1.3284362497865239,0.008168485978302066,0.0
0.543564854621291,-0.9671871612188543,1.3321249494158462,0.0326887810473677,0.0
-1.7317881810577638,0.054052497073013774,-0.0015123681469671481,0.071391892778237,2.0
-1.73178818137919,0.054050550538363815,-0.003220762561119581,-0.03834184965278376,2.0
0.6271579200179842,1.6078080154574408,0.15891713765596122,0.05975937296238837,3.0
0.6271579205797208,1.6078103811909734,0.1642553947842103,-0.035355241314407995,3.0
0.6271579195817522,1.6078116933911484,0.16440066798788555,0.04459486986445966,3.0
-1.731788181121214,0.054054197000280316,-0.0082036068113596,0.03551608275468321,2.0
-1.7317881812657454,0.05405082508084388,-0.006348988998072369,-0.032287639319913054,2.0
-1.7317881817969183,0.054053213372672965,-0.0063773685746180975,0.01228586650009552,2.0
-1.731788182180573,0.05405031030149042,-0.001251076135014351,0.03718366781722631,2.0
0.6271579205467254,1.607814414431338,0.1565734415993212,-0.06475788913047016,3.0
0.6271579197302656,1.6078111529790087,0.16121998869374501,0.0330623619718625,3.0
0.6271579195868806,1.6078101946764756,0.15996683651336843,-0.04500733347163083,3.0
0.6271579202646397,1.6078132206017848,0.16280817745347356,0.06831054548122663,3.0
0.5435648544896591,-0.9671900153794074,1.3295361516140245,-0.06274234818130386,0.0
0.5435648546938763,-0.9671882957419409,1.3368037991303414,-0.008714181855364385,0.0
-1.7317881826269694,0.05404970841375653,-0.0027459246373428363,0.03721631885325699,2.0
0.5435648543805551,-0.9671877475525139,1.3340027943562298,0.001393497688998704,0.0
0.5598736420266063,-0.6925146920668916,-1.4742218901997157,-0.036797059463010484,1.0
0.559873641384004,-0.6925154974410589,-1.4769823763576408,0.023069016059979724,1.0
0.5435648543752857,-0.9671870934248863,1.3362992640960927,-0.028456315607287546,0.0
0.6271579202372249,1.607810419010466,0.16055573958177924,-0.042217721850416695,3.0
-1.73178818167389,0.05405195090047656,-0.010983647612077508,-0.035854444132058044,2.0
0.627157919037586,1.6078094122091136,0.154558082110532,0.0075798202990675035,3.0
0.6271579199022829,1.6078138956899075,0.15927162234310294,0.007390450259007907,3.0
-1.7317881817326057,0.054050958673795405,0.0018472429259281979,0.021420634570556294,2.0
-1.731788180961489,0.054049345389882646,-0.009811023848002623,-0.0012585685314825865,2.0
0.5598736407808539,-0.6925151405577655,-1.4717605707516221,-0.08943029543972261,1.0
0.627157920210905,1.607812414848498,0.15546291928005365,-0.04447338630502286,3.0
0.5435648547081259,-0.9671887624424951,1.3323951105327259,0.08397729297317798,0.0
-1.7317881808847997,0.05405025972294628,-0.0008834830332164847,0.007971375271693967,2.0
0.5435648536132307,-0.967191598668009,1.3291969775638781,0.00976529627283711,0.0
0.5435648546012914,-0.9671906688623482,1.3297550568573306,-0.00563383883884177,0.0
0.5435648547201963,-0.9671888035226645,1.3287001120910564,0.04164760469499957,0.0
0.5598736413499013,-0.6925147452673,-1.4823086965099812,-0.10872672974232214,1.0
0.5598736411186029,-0.6925141252938092,-1.4800008471350932,0.021095057170138137,1.0
0.5598736407733093,-0.6925185263475254,-1.4778127172483744,0.033957425638486236,1.0
0.5598736421242707,-0.6925175202949047,-1.4812901163485057,-0.04954723632150486,1.0
0.6271579191407407,1.6078126575575489,0.1583411508190736,0.0415957896652582,3.0
0.5435648548429053,-0.967190742046786,1.3318633581343151,-0.010473998154365793,0.0
-1.7317881811867573,0.054049505675482064,-0.0075019224772396725,-0.0008165366441900407,2.0
0.5435648544316031,-0.9671889254853332,1.3342053880923246,0.05147077754194608,0.0
0.5598736403324545,-0.6925165933036463,-1.4794711933538296,-0.0005877800264489544,1.0
0.5435648551651221,-0.9671870581321494,1.33715897087882,0.0025032272171433218,0.0
0.6271579200128541,1.607812404068404,0.16087669231468876,-0.025153078726217425,3.0
-1.7317881811696119,0.05405196482786976,-0.004886515837372412,-0.03522487675101677,2.0
0.5435648547302947,-0.9671880407881178,1.331776251647243,0.01671376345402018,0.0
0.5435648550775695,-0.9671901354501684,1.3332074639880285,-0.018126933864302423,0.0
0.6271579209631375,1.6078116945836096,0.16048259216608013,0.05440081733440753,3.0
0.6271579207210695,1.6078090020748088,0.1607621658693595,-0.050712490498782736,3.0
-1.7317881811188343,0.054047661550773264,-0.007416815052614515,-0.029004866925866166,2.0
0.5435648544997809,-0.9671899844295249,1.323179398568765,-0.014961061773369252,0.0
-1.7317881811953872,0.05405199957128552,-0.005631752077666776,0.007676381576391517,2.0
-1.7317881816803944,0.05405365861514446,-0.00551210353265329,0.004870539769174745,2.0
-1.7317881817256247,0.05405465552744989,-0.006524863258683021,0.032308336176621766,2.0
0.5435648549388346,-0.9671906301628262,1.3281064543974017,-0.020929362801433,0.0
-1.7317881811244749,0.0540513620179171,-0.0058363144341807855,0.010230714952709583,2.0
-1.7317881814328409,0.054049971460216686,-0.005979264689724002,-0.02327553754795987,2.0
0.6271579202673279,1.6078150771645086,0.162083975772716,-0.0385648379082703,3.0
0.5435648549580326,-0.9671870985676831,1.327379673878504,0.06154232527200295,0.0
0.559873641426191,-0.6925176812285735,-1.4807927621334003,0.007779136526317638,1.0
-1.7317881821357393,0.0540499038564574,-0.0001705688406266367,0.018445640935070985,2.0
0.5435648546273757,-0.9671915107196085,1.32484822283982,0.008236742212337106,0.0
-1.7317881810099027,0.05405013668952258,0.00043672562662067197,-0.04799195465129035,2.0
0.6271579198333783,1.6078117511584298,0.15563525940552142,-0.03050780975397282,3.0
0.5435648546907941,-0.9671866542940964,1.3389713645241657,-0.011532407810997177,0.0
-1.731788181340863,0.05405130319655935,-0.003354565797263084,-0.025923190010988008,2.0
-1.7317881813346134,0.054052516579575,-0.00424062817542915,-0.05822921663599431,2.0
-1.731788181531125,0.05405287297332109,-0.007555810919364484,-0.07418630859404224,2.0
-1.7317881813512677,0.05404972069273606,0.0007651504747500657,0.06777095484020854,2.0
-1.731788181245514,0.05404707108681092,-0.00399012692370265,-0.035337250401820716,2.0
0.6271579197627916,1.6078113178765958,0.1634031713241059,0.003304809795583588,3.0
-1.731788181079301,0.054048790607005744,-0.007090385826342207,-0.031623186410820715,2.0
0.627157920322218,1.6078110940447234,0.16001846640707726,0.013880652154173313,3.0
0.5598736420120694,-0.6925143034300719,-1.4841636993500327,-0.012432866361746026,1.0
0.627157919552491,1.6078082973582928,0.16733209158927737,-0.028250725082996413,3.0
-1.7317881812079123,0.054050142532811,-0.0032460953417595977,-0.02221909268392872,2.0
0.6271579202140529,1.6078134276927127,0.16601699998761882,0.04119593326670024,3.0
0.5435648539156791,-0.9671873746824124,1.327556098644656,0.020739047152854528,0.0
0.5435648547147124,-0.9671930122890482,1.3291017642981209,-0.017483802706630355,0.0
0.5435648550261237,-0.9671902955164845,1.3275189017235476,-0.016665723384793895,0.0
-1.7317881811254905,0.054047475712106524,-0.001321729244443916,0.03395130748775029,2.0
0.5598736419946605,-0.6925171681917184,-1.4824078498249715,-0.012385297680442475,1.0
-1.7317881815869287,0.05405109439426063,-0.009747358905937987,0.004356520155076653,2.0
0.6271579202555752,1.6078116195178265,0.15777899520020616,0.0036492982202125353,3.0
0.5598736412784049,-0.6925144907699575,-1.4808153275643858,0.06611740360465666,1.0
0.5435648550929206,-0.967189165359793,1.3311660693221903,0.026801684957892515,0.0
0.5435648538983938,-0.9671910629472572,1.3403569339550119,-0.01372494322702987,0.0
-1.731788181369404,0.0540530067708493,-0.003251954354093377,0.054833031920005965,2.0
-1.7317881814045897,0.05405174631663838,-0.006782805449566429,-0.02435912842580809,2.0
0.5435648549024217,-0.9671900225066068,1.32879457162647,0.019587962038209276,0.0
-1.7317881805713191,0.0540500077638749,-0.003897002095738326,0.009625677266222049,2.0
0.6271579200885268,1.6078118736339821,0.16497116133111928,0.08864772866586126,3.0
0.5598736422183198,-0.6925157637007229,-1.474873395174186,-0.043566071627247106,1.0
-1.7317881820287209,0.054049996545785364,-0.007342920693634097,0.059145314468196965,2.0
0.5598736411671965,-0.6925149807448904,-1.4778910701239247,0.058476003392688373,1.0
0.559873642038534,-0.692519024701318,-1.4775025880255308,-0.013931984445391643,1.0
0.6271579194917382,1.607811618235342,0.16162145305168996,-0.028624317149253595,3.0
0.5435648546316304,-0.967189568716173,1.3279614493192113,0.022911248082061377,0.0
0.5598736418881036,-0.6925137757742145,-1.4814409985337023,-0.053364211240692204,1.0
0.5598736419252088,-0.692516994920039,-1.4802022020250007,-0.0508778460074251,1.0
0.5435648546615984,-0.9671904626012894,1.3282152301378203,0.009229999643753773,0.0
0.5435648548936112,-0.9671889976664871,1.335504315216148,0.01011734794355379,0.0
0.5598736420270383,-0.6925162999510834,-1.477596371432788,-0.025732236567261306,1.0
0.559873640845306,-0.6925147064480858,-1.4802328921644428,0.004044217202101502,1.0
0.5598736410270981,-0.6925152328954067,-1.4820640527986202,-0.07833494351453045,1.0
0.5435648542504892,-0.96719032345479,1.3310786514850703,0.016096698728300857,0.0
0.5598736413323556,-0.6925184116433475,-1.4844999417745581,-0.05984523641605252,1.0
-1.731788182138022,0.05404870401017081,-0.00021061030754168243,0.010912669818354136,2.0
0.62715791945325,1.6078101768333763,0.16027246989644645,0.028095011268144416,3.0
-1.731788181934737,0.05404772020440427,-0.0029259487689005602,-0.01742415108167427,2.0
-1.7317881813062526,0.05404945768933488,-0.0021784309976991263,0.04503032245808838,2.0
-1.7317881807184203,0.054050082559232236,-0.004702335702087466,-0.06022349595812894,2.0
-1.7317881817609477,0.05405124190615383,-0.00589127778050292,-0.005584334604602722,2.0
-1.731788181759324,0.05405335350192126,-0.005163792658503064,-0.017199249392191782,2.0
0.5435648547301074,-0.967189529787345,1.3311601289007167,0.014464768699846847,0.0
0.5435648549101311,-0.9671901030316443,1.335409247802595,0.05615471959834986,0.0
-1.731788181577317,0.05405342296773001,-0.009403878731953816,0.03292468630094035,2.0
0.5435648543189215,-0.9671869216860953,1.3311825451046342,0.041544242493287455,0.0
0.5598736416664641,-0.692515123164987,-1.4758469821904299,0.0016963614656081247,1.0
0.5435648546472102,-0.9671888410283324,1.3305751019133856,0.03579348507460009,0.0
-1.7317881811028084,0.05405335272990744,-0.0012403520953638957,0.03460070651280084,2.0
0.5435648545786115,-0.9671915131796812,1.3313305040768912,-0.03288585549148198,0.0
-1.7317881821295875,0.05404937467769444,-0.011668571454550157,-0.02381275891733679,2.0
-1.7317881816958918,0.054047690286595534,-0.006742962280446247,-0.03355635820687173,2.0
0.5435648542958809,-0.9671874754084862,1.3336076010953142,0.0025654128173816316,0.0
0.5598736415625115,-0.6925167200904289,-1.4766305065351872,-0.010255114270572237,1.0
0.6271579197979047,1.6078148163166524,0.16187230124974233,0.012622612297698229,3.0
0.5598736415509586,-0.6925154654966551,-1.4864734528503658,-0.0062216369625891855,1.0
0.5598736417211891,-0.6925151292037918,-1.4763988986906467,0.021571596149505746,1.0
-1.7317881811531612,0.05405260400325881,-0.007789755504558637,0.028420622267607266,2.0
0.5435648546435958,-0.9671872965119095,1.3309302411056065,0.0216847351667803,0.0
0.559873641207057,-0.6925147204958412,-1.4701214655877874,-0.04396485546721442,1.0
-1.7317881820700893,0.05405027633311054,-0.002725007222513063,0.005648857879740865,2.0
-1.7317881817561984,0.054049338780560396,0.004432763165784822,0.002343165533027802,2.0
-1.7317881816738252,0.05404769442776766,-0.00012962607027091575,-0.05901981126509769,2.0
0.6271579190829822,1.60780895456642,0.15956666636161465,0.03979720107571724,3.0
0.5435648548409439,-0.9671905852658442,1.3362517410855377,0.008146577227914521,0.0
0.543564855315315,-0.9671905471579685,1.3320296607255533,-0.01948976054942523,0.0
0.5435648552200287,-0.9671874436587898,1.3331595554870477,-0.046994600963579505,0.0
0.5435648545339617,-0.9671849640864477,1.3264583231874032,-0.013606642358161607,0.0
0.6271579204855783,1.607811267090938,0.15980197909891167,0.023019632040073384,3.0
0.6271579200136488,1.6078118139429727,0.16234284459580983,-0.021013116098038256,3.0
0.5598736415237535,-0.6925148080050139,-1.4812669194144235,0.016604089376782788,1.0
-1.7317881812706182,0.05405176423549906,-0.005580565099050279,-0.0010378849062990423,2.0
-1.7317881820257826,0.05405024616006235,-0.005573774357221769,0.0030648362566029286,2.0
0.5435648544894598,-0.9671885953393208,1.3299210851466403,0.04804835628890295,0.0
0.5598736412526911,-0.692515655296161,-1.4817303150340915,-0.02252945334194776,1.0
-1.7317881816830774,0.05404860842539333,-0.011170960851798173,0.011963552716830294,2.0
0.5435648550509905,-0.9671911783468488,1.332054721601751,0.018122025791521567,0.0
0.5435648544581096,-0.9671931404915217,1.3368227328198365,0.015145603543623713,0.0
0.5435648548776751,-0.96719177265759,1.3358240566275534,-0.00534844885507651,0.0
-1.7317881805395812,0.0540513475307792,-0.008355005522811787,-0.017692218767164078,2.0
-1.731788181484569,0.054051445580118485,-0.007632132907900514,0.005796805039374031,2.0
0.5435648552354277,-0.9671919433265734,1.3302965584356197,0.03465831910155016,0.0
0.5598736412541565,-0.6925141879713016,-1.4790047681171814,-0.0077317574044703345,1.0
0.6271579201284092,1.607813487647612,0.15477066589891902,0.023261687454485997,3.0
0.6271579199741307,1.607810778594851,0.15793231960205878,-0.04208196374897333,3.0
0.6271579194615245,1.6078117233061158,0.15773871005699447,-0.02025212869704477,3.0
-1.7317881813833191,0.05405261066109345,-0.0019622435369944847,0.005428800284454278,2.0
0.6271579194848933,1.607812717529187,0.1618773726539024,-0.0026736401555040143,3.0
-1.7317881815805487,0.05405141528288842,-0.0012714054021344923,-0.0042985072827130145,2.0
-1.7317881811680929,0.05405286248754683,-0.00828607738943423,-0.030191227976201877,2.0
0.5435648542747357,-0.9671911020187027,1.3334883901346901,0.04751375857705571,0.0
0.6271579201827695,1.6078115301699571,0.1651605959715701,0.019856850087410467,3.0
0.6271579192711734,1.6078124592764726,0.16258622093659,-0.042962285677806605,3.0
0.6271579206287117,1.6078125105056453,0.15878179891483132,-0.048136662158529055,3.0
-1.7317881811894116,0.054052043304299906,-0.012839967143436683,0.009629380322337048,2.0
0.5435648542704388,-0.9671901619946192,1.333451425086453,-0.03494477197303198,0.0
-1.7317881823777612,0.05405161679740994,-0.011494567924873715,-0.05325809722504545,2.0
0.6271579203817003,1.6078085773112194,0.15365682083594143,0.0020446803760206162,3.0
0.5598736424330532,-0.6925149433947456,-1.4815661138743788,0.0013196604080914314,1.0
0.5598736408100152,-0.692515746923074,-1.4816400515624224,0.0017520204545264724,1.0
0.5598736415986436,-0.6925174887947805,-1.4785351113059573,-0.0032047539723466536,1.0
0.6271579194929839,1.6078116820350452,0.16233133848040993,0.019520643756573336,3.0
0.6271579196541638,1.6078120970155863,0.16477067111297197,0.045108890778235364,3.0
0.5598736419496301,-0.6925142713476412,-1.4715321181144265,-0.08271306065498002,1.0
0.5435648547787914,-0.9671891110900233,1.332261046997551,-0.009443779193955518,0.0
0.627157920529259,1.6078100626608474,0.15553386800807892,0.0001819094431783921,3.0
0.6271579198532734,1.6078110261420002,0.1643953162786954,0.0034183681565513875,3.0
0.6271579201072498,1.6078139137396086,0.16242541188731274,0.03171381454747944,3.0
-1.73178818133746,0.05404811987566847,-0.005222846724342023,-0.055997921198277616,2.0
0.6271579203967776,1.607811414389755,0.15810949434388027,-0.0027954994489322394,3.0
-1.731788182437093,0.05405066796137042,-0.011058745924397281,-0.06670691677192242,2.0
-1.7317881814839184,0.05405101206912313,-0.008853479250527941,-0.0034184237991541793,2.0
-1.7317881815141294,0.05404956895618127,-0.009665891947376258,-0.030082235080535997,2.0
-1.7317881814310765,0.05405071713547769,-0.008130983221652534,-0.03822492777120459,2.0
0.5598736416107393,-0.6925177808526423,-1.4774094968122748,-0.013799264202386072,1.0
0.627157919746791,1.6078128104745,0.16115063834123716,-0.0026400079020224222,3.0
0.6271579199067212,1.6078114585389203,0.15852125448865811,-0.01649388771022279,3.0
0.5598736419497211,-0.6925158520211392,-1.477768799983677,-0.04943798134451506,1.0
-1.7317881811193738,0.054052326609258045,-0.00577231967389017,0.02044264377612694,2.0
0.5598736415560602,-0.6925142668303441,-1.4809263465557767,0.004330392946122445,1.0
0.5598736416826978,-0.6925149817193139,-1.4787153331177103,-0.007348453536169368,1.0
0.5598736421199689,-0.6925145023644227,-1.476333621160099,0.05554341131809419,1.0
-1.7317881820202523,0.05405080709385077,-0.008462084584274094,-0.02626262355205211,2.0
0.5598736418427471,-0.6925159303620545,-1.4784556119597956,-0.0167484774411256,1.0
0.5598736416345115,-0.6925159274111189,-1.4699850119418159,0.008930763843482022,1.0
-1.7317881815362215,0.05404728074688979,0.0010087148274244236,0.025575511933247377,2.0
-1.7317881811291036,0.05405315615511151,-0.007656874961944092,0.01595890767285807,2.0
0.6271579197493231,1.607813026086255,0.16593871423186177,-0.01070853599288836,3.0
0.5435648544123575,-0.9671916715704281,1.3360053075452587,-0.012853269400036267,0.0
0.627157920045943,1.6078134479889927,0.1623539421907365,-0.013152801116374273,3.0
0.6271579202043414,1.607810845794455,0.16573778926323127,0.01196177226029285,3.0
0.5598736417274798,-0.6925175168933415,-1.4782930862720807,-0.022678171149815265,1.0
0.5435648546187917,-0.9671891704215878,1.3352907588845633,0.0031099093026973486,0.0
0.5598736418853736,-0.6925167318098607,-1.4746005403813196,0.03361669250663262,1.0
0.5598736420573903,-0.6925140636988804,-1.480346447377858,0.016838378576273582,1.0
-1.7317881814334315,0.05405170883876023,-0.005484234397624521,-0.033381622942542766,2.0
0.5598736407540658,-0.6925169418951442,-1.4753260131901014,-0.04212319973813164,1.0
-1.7317881817191287,0.05404883469166184,-0.006254499131445381,0.02449477705274136,2.0
0.559873641153649,-0.6925157486255366,-1.47238874961778,-0.028290166842793115,1.0
-1.7317881819811582,0.05404976507801687,0.002356298803289882,-0.0326176552709473,2.0
0.5435648548022319,-0.967189973172932,1.325684094859051,-0.0023261834474926626,0.0
-1.7317881813050633,0.05405378014495409,-0.004944806620378269,0.020585855573686286,2.0
0.5435648539858067,-0.9671913524972344,1.3347609562272695,0.010617173251988337,0.0
-1.7317881814303695,0.05404770671671365,-0.00018627839562510834,0.0035068800137204714,2.0
0.6271579195588434,1.6078086754571899,0.15514673644982008,0.03220357342153347,3.0
0.6271579197291642,1.6078102344909597,0.16743716349304338,0.029409903574173536,3.0
0.627157919512166,1.6078126537257744,0.15718060675177492,-0.0072225244062319735,3.0
0.5598736414031247,-0.6925199469402621,-1.4788183989605546,-0.05121950719775158,1.0
-1.7317881814543339,0.054049198486662724,-0.0046748529288984575,-0.020337730092304347,2.0
0.5435648551632714,-0.967188912942727,1.3313842821452528,0.08525028020331281,0.0
-1.731788180734726,0.05404784409681938,-0.003220465995636016,-0.005081368837021255,2.0
0.6271579193368856,1.6078125529259457,0.16103434715731,0.006284431327998012,3.0
0.5435648544851391,-0.9671913377662341,1.32916914283058,0.0366670954553904,0.0
0.5598736414053755,-0.6925177598421324,-1.4813989167822637,-0.00225919022459975,1.0
-1.731788181505529,0.054048946861209424,-0.006679847287226475,-0.03177488401312486,2.0
0.5435648547511924,-0.9671943176544229,1.3308440930767398,-0.037176098683213706,0.0
0.543564854588146,-0.9671885916334173,1.3371487964329214,-0.026260378629234325,0.0
0.5435648550219468,-0.9671884848489626,1.3322646432381708,0.05938144826490749,0.0
0.6271579190818353,1.6078114781743285,0.15425884208921306,0.014191299292865353,3.0
-1.7317881813505023,0.054048792688708644,-0.0037168234316465962,-0.005440750713557752,2.0
0.543564854168115,-0.9671890764379825,1.3281361691376665,-0.024170427530898465,0.0
0.5435648552154795,-0.9671893236628981,1.336547474022243,-0.029446758254054003,0.0
0.5598736418644381,-0.692517544545159,-1.4792846377351883,0.026595489746259252,1.0
-1.7317881817567726,0.05404842282877678,-0.012519778433722777,0.007887592891371895,2.0
-1.731788181534989,0.05404994581902764,0.0013468498233798433,-0.00044470903467839503,2.0
-1.731788181600345,0.054049098743318084,-0.001179968827811453,0.009840796683415526,2.0
0.6271579194890838,1.6078129656637978,0.15747589860893926,-0.00030182622293981997,3.0
0.543564854882731,-0.9671868072183863,1.3328864975766546,0.0314124562775081,0.0
0.5435648544557644,-0.9671896106289734,1.336956643348549,0.039733152516207224,0.0
0.5435648545231049,-0.9671925052944582,1.3327693522547643,-0.011580949975407305,0.0
0.5435648545073966,-0.9671899107986944,1.325061258964071,0.025118797403050105,0.0
0.5598736414093268,-0.6925171284806474,-1.4775839643202224,-0.03373134455086644,1.0
0.5435648541400843,-0.9671918700764488,1.3336844474545932,0.06797632106236313,0.0
0.5435648547147424,-0.967189920282475,1.3293777589665612,0.015405469297691581,0.0
0.5435648546470717,-0.9671919650165771,1.3300839505831556,-0.03234816152921773,0.0
0.5598736408276138,-0.6925158021839625,-1.4707125684035494,-0.010051565871328333,1.0
0.6271579200320667,1.607812102815922,0.15495396078451884,0.022310377824536477,3.0
0.5435648549152167,-0.967188637029331,1.3321412436195317,0.07116398158035582,0.0
0.5435648552752718,-0.9671877293991363,1.3329481762819864,-0.046238475508139865,0.0
-1.7317881819457088,0.05405089284278568,-0.008201634000791465,0.054996415877466114,2.0
0.5435648542738405,-0.9671905247342953,1.3371416466756494,0.0023866050625698182,0.0
-1.7317881817666883,0.05405475779104419,-0.003947328182263781,0.07766912764076245,2.0
0.6271579190745847,1.607811267639442,0.15907498559968783,0.016277711087665226,3.0
-1.7317881816707934,0.05405102153532595,-0.006882203047809751,0.05626089053350131,2.0
0.5435648538762903,-0.9671903662001712,1.3347852746700621,0.03395430974404828,0.0
0.5598736414678163,-0.6925136291139816,-1.477427021312421,-0.1044865147224501,1.0
-1.7317881816475966,0.05404991833641486,-0.006407931149416362,0.05180361870331437,2.0
0.6271579202279902,1.6078104612194795,0.15854942410847286,0.014611625940344874,3.0
0.5435648544004607,-0.9671884051742814,1.3368456027951252,0.016037880983316648,0.0
0.5598736417198249,-0.6925181211707995,-1.482537658313831,0.042382088151199454,1.0
0.6271579206175197,1.6078117617021168,0.15684547214997654,-0.010309288566452583,3.0
-1.7317881818103305,0.054053246820279836,-0.01031817958410384,-0.014099085076990247,2.0
0.6271579201112535,1.6078113568147319,0.15555964392538985,-0.04197375420245732,3.0
0.5598736416754883,-0.6925174856609537,-1.481449660409183,0.007231194974359066,1.0
0.6271579200553852,1.6078149995172986,0.1628512884359769,-0.00840817751333392,3.0
0.5598736416387038,-0.6925145747603684,-1.4796577815421856,0.04091891531818613,1.0
0.627157919561588,1.6078116111201668,0.1563567477580705,-0.02532686144993541,3.0
0.5598736417797419,-0.6925148141163643,-1.4803566453839039,-0.028391960282498234,1.0
0.5598736411008488,-0.6925186463952474,-1.4803732197639181,0.02375893553534308,1.0
0.5435648551719198,-0.9671887422359078,1.3419219633643102,0.0009711991596527578,0.0
0.6271579200712137,1.6078102609845248,0.16133998360164817,-0.02158800742037901,3.0
0.5598736413282929,-0.6925156716973119,-1.482930347941351,-0.022779820392226972,1.0
0.6271579195508566,1.607811355094328,0.163536549576393,-0.04909468937556149,3.0
-1.7317881813875569,0.05405096446328219,0.0027220167741134438,-0.03847657672849548,2.0
0.6271579199389662,1.607810581023581,0.15728123184010862,0.022841593666917324,3.0
0.5598736421355617,-0.692515398093835,-1.4792723007152844,-0.04132867106186968,1.0
-1.731788181375742,0.05405440788288112,-0.0023351215055438003,-0.0006165097825393251,2.0
0.6271579200728205,1.6078126473737235,0.1674138288524863,0.04475011436828575,3.0
-1.7317881815201497,0.05404963753301678,-0.007414048778848194,-0.0401527322373266,2.0
-1.7317881817588696,0.05404923740425479,-0.006177461542398915,0.0072708199757511695,2.0
0.6271579200812808,1.6078083739882667,0.16537732276597272,-0.003179010947729704,3.0
0.6271579199748875,1.6078134643202822,0.15505794236058426,-0.061219966224507094,3.0
0.559873641106869,-0.6925148022758014,-1.4816082618787925,0.0057352110758044725,1.0
0.5435648543333449,-0.967187748340725,1.329333159771693,0.02082373256543588,0.0
0.6271579197397636,1.607809544926583,0.1579254153404924,0.016567694509302386,3.0
0.5435648559415501,-0.9671879115962451,1.338893840320003,0.004453060945328135,0.0
0.5598736415572794,-0.6925145580996257,-1.47467466769614,-0.042814481284957795,1.0
0.5598736412761269,-0.6925133533854666,-1.4758434364929847,0.02930264776901151,1.0
0.62715792029856,1.607814113828176,0.16194004282198854,-0.06130030099742366,3.0
0.6271579196750343,1.6078125925655569,0.16111282131619833,0.024579080462258318,3.0
0.5435648545632658,-0.9671929556075637,1.3316203607640262,0.019417794964990014,0.0
0.6271579206320316,1.6078129339976197,0.16315811466905653,0.014910848448511713,3.0
0.6271579202546738,1.6078114349401096,0.16375383045949662,-0.041992151954353046,3.0
-1.7317881814399725,0.05405209783761928,-0.0016202909828023642,-0.03488947440084632,2.0
0.5598736417835674,-0.6925163835815479,-1.4787486945992845,-0.030922948644568557,1.0
0.5598736410872167,-0.6925104595858274,-1.472232712094281,0.029644736602012913,1.0
0.6271579199983893,1.6078106168344235,0.1648146588475388,0.05316787512079166,3.0
-1.7317881819349945,0.05404783165728995,-0.0040428237792931206,-0.04238317078216498,2.0
-1.731788181205923,0.05405094987786398,-0.010116349743053279,-0.012571859907520773,2.0
-1.7317881816169545,0.054049743824127076,-0.0015371453983428491,-0.02355084176882764,2.0
0.5598736411485056,-0.6925153564526956,-1.4797962598582233,-0.08241008939099691,1.0
-1.7317881808664013,0.05405120759444198,-0.012329236271108556,0.047703023871687775,2.0
0.627157919389476,1.607812593821056,0.15953570068443126,0.0056109748358071365,3.0
0.6271579199792575,1.6078095247788413,0.16074647751042512,0.07603515892283394,3.0
0.5598736414519301,-0.6925153706028677,-1.4760984091141822,-0.05660792299895474,1.0
-1.7317881811734375,0.05404976190562055,0.0007135373345339928,0.040339084346725784,2.0
0.6271579200615378,1.607810307813049,0.15787838778582725,-0.018135725567199706,3.0
0.6271579201625856,1.6078115846142396,0.16732876161176938,0.03087140330720235,3.0
-1.731788181851952,0.0540509743286301,-0.006774608285709188,0.013528135554898624,2.0
-1.7317881813377016,0.05404869047058837,-0.0035666486407034,-0.045403309149103656,2.0
0.5598736414185674,-0.6925162890870261,-1.477564787633399,-0.0027623050525029647,1.0
0.5435648542693059,-0.9671900683042166,1.330873055780361,0.05377605763797586,0.0
0.6271579192887321,1.6078104802116469,0.15893393704186712,-0.02408170463019261,3.0
0.5435648547115135,-0.9671889888477344,1.3317057520420448,0.0654937969632312,0.0
0.6271579199311746,1.6078136242299244,0.16513921701452328,-0.020432211773262043,3.0
0.5598736411229905,-0.6925155887506943,-1.474821319184257,-0.0006180125653609643,1.0
0.5435648549377907,-0.9671881412907269,1.3284744779366764,0.0001725283144696386,0.0
0.6271579198000171,1.6078121690281915,0.17113487245190634,0.020516296341758354,3.0
0.5435648547193377,-0.9671913572729156,1.33141502765846,-0.010352447263082633,0.0
0.5435648543188173,-0.9671875890991687,1.3276299808185643,0.06698860737731818,0.0
-1.7317881809156659,0.054053134671550485,5.1554354077853234e-05,-0.011108503811207636,2.0
-1.7317881819059464,0.0540516366609191,-0.0008147355068763928,-0.0015964706315319346,2.0
-1.7317881809593911,0.05404947414309167,-0.011547199620940871,-0.02409162451099355,2.0
0.5598736410025387,-0.6925162923146482,-1.4785579378640332,-0.021527484960239575,1.0
0.5598736418100071,-0.6925126563027086,-1.485178936381152,0.060065090921843284,1.0
0.6271579202076923,1.6078091419747036,0.1597236706545024,0.034190183816960526,3.0
0.5598736413995725,-0.6925158145253643,-1.4760596801474584,-0.05980127079360724,1.0
0.6271579198734114,1.6078124330737955,0.16012773587362703,-0.05654776901408598,3.0
-1.7317881808403945,0.054050725540977826,-0.006771117106066842,-0.02840788829957619,2.0
-1.7317881809922482,0.05404960131690709,-0.003264591065380517,0.019514752243698048,2.0
0.5435648548809079,-0.9671884946078005,1.3388644931756448,-0.043461131181853345,0.0
0.5598736411138382,-0.6925177836685429,-1.4839653630589622,-0.02361711048724306,1.0
0.559873640703663,-0.6925184244783748,-1.4761034683637642,-0.035206223120429446,1.0
0.5598736413810773,-0.6925143452969457,-1.4719774337911216,0.008012507533861263,1.0
-1.7317881816671936,0.05405085604130109,-0.010468349897145993,-0.09899309456347487,2.0
0.627157920037953,1.6078109149349025,0.15796598693401565,-0.02519767665176683,3.0
0.5598736414558226,-0.692516204536296,-1.4811548061329094,0.022316922635577774,1.0
0.5598736411473412,-0.6925136538493615,-1.4849381987877592,0.0063854885393157795,1.0
0.5598736415672761,-0.6925120121201443,-1.4818677747891944,-0.0248954983969187,1.0
0.5435648549259071,-0.9671901597360575,1.3328138382256596,0.04079964642504931,0.0
0.6271579198836906,1.6078130039027017,0.16019981839781428,-0.030801604508598,3.0
0.6271579206141824,1.6078112714891293,0.1608485500608186,-0.0031333030513393373,3.0
0.5598736412253377,-0.6925164357801705,-1.482001471080805,-0.019789666091338382,1.0
0.5435648549673127,-0.9671899366101493,1.330093047137118,-0.01843347055444201,0.0
-1.7317881816405727,0.054052290947989606,-0.011075366526455683,-0.05611839946183377,2.0
-1.7317881811664373,0.0540520870048858,-0.001038595055767884,0.04542184706338102,2.0
0.5435648547525859,-0.9671893508404513,1.3319374687360148,-0.042368172371188034,0.0
0.5435648548421417,-0.9671921101606497,1.3321415784205026,-0.0002359304718401834,0.0
0.6271579198703782,1.6078101445387432,0.1603188643205223,0.07288306996936454,3.0
0.6271579195751927,1.6078142553704595,0.16484333127236808,0.0835757937467075,3.0
0.6271579200950659,1.607808556136467,0.15830699987187133,-0.005567956555855303,3.0
-1.731788181535702,0.05404794286100015,-0.011684005075836945,0.017319418730822968,2.0
0.6271579202568586,1.607809443770898,0.1582533569329051,-0.05652528769761158,3.0
0.627157919749322,1.607809017906881,0.16616894982733785,-0.01486136440977964,3.0
0.5435648551127479,-0.9671887701448921,1.3238450815471836,-0.003885469114995565,0.0
0.6271579193212945,1.6078125725119843,0.16005549648709055,0.09236197205907595,3.0
0.5598736415927832,-0.6925156114850763,-1.4809652829442101,-0.022459348732955773,1.0
0.6271579198963043,1.6078121669204135,0.16763630888707606,0.008560717213875432,3.0
0.6271579204952378,1.6078140307970774,0.16316108519722325,-0.0038381544711311158,3.0
0.5598736417859239,-0.6925148527929539,-1.4805214944429486,-0.056532380971906035,1.0
0.6271579202203038,1.6078117700716845,0.16016291181828687,0.006291332838374111,3.0
0.5435648551445479,-0.9671894007339231,1.3373538170037713,0.04644038548275374,0.0
0.5598736418258955,-0.692515893843844,-1.4816366908808223,-0.03308423357501968,1.0
0.5598736421018566,-0.6925137199067442,-1.47444486256125,-0.0282352037446159,1.0
0.6271579203732272,1.6078119361215553,0.16022962380408234,-0.04061334102056359,3.0
-1.7317881819555396,0.05405124702378547,-0.004910229807256315,-0.006327618903059052,2.0
0.5598736418689457,-0.6925159896433449,-1.4766820733077064,0.03220275467702077,1.0
0.5435648547078352,-0.9671886439976861,1.3363349050291478,-0.0217850324394247,0.0
0.543564854891098,-0.9671880218438359,1.3311993420125923,-0.03607617289221583,0.0
-1.7317881816215328,0.05405092641846051,-0.003844290150564519,0.009673777117658572,2.0
-1.7317881814776048,0.05404893964398507,-0.004560467741577265,-0.001033381374475914,2.0
0.5598736417391865,-0.6925189397166761,-1.4690777683952359,-0.07132249595784067,1.0
0.5598736421655235,-0.6925168204786997,-1.4759913656955863,0.01391024305437146,1.0
-1.731788182076217,0.05404794747487318,-0.016166289661622455,-0.06949314775412363,2.0
0.5598736417178233,-0.6925175430664147,-1.4788519964365787,0.02397539593185607,1.0
0.5598736408059827,-0.692516494407076,-1.475868835754897,0.02263204774575458,1.0
0.5435648542073414,-0.9671939821172626,1.3346274374933953,0.024406700563889338,0.0
0.6271579197259026,1.6078120014738033,0.16244803937365385,-0.002374531574635968,3.0
-1.731788181826993,0.054048190985375395,-0.007345569151309026,-0.049685343033581124,2.0
-1.731788181557627,0.05404921178550451,-0.0032694269309182056,-0.032121954275054786,2.0
0.6271579196064637,1.607811488438776,0.1696036651588319,0.025302679118019835,3.0
-1.731788182084024,0.05405173260879346,-0.0039013249297225384,-0.012136073134365728,2.0
0.559873641443581,-0.6925151534541683,-1.4746148731942699,0.009355722051508251,1.0
0.5598736422055637,-0.692513955441491,-1.478769168591678,0.038831326276757394,1.0
-1.7317881820512355,0.05404937697290997,-0.009266594785781523,0.00660445126350437,2.0
0.627157919486422,1.6078121052605618,0.15958795839690143,0.02624973591508932,3.0
-1.731788181872023,0.054050837564647666,0.0023274589347182877,-0.0028059233875327282,2.0
0.6271579192331381,1.6078107966695345,0.1662285433106834,0.0182969254132665,3.0
-1.7317881815004257,0.05404985602948069,-0.0035681674447473857,0.05398891458759977,2.0
-1.7317881816366427,0.05404696948606238,-0.0070842736516264935,0.022847806496021767,2.0
0.5435648550674076,-0.9671888276607405,1.3287752269371806,0.024885344053933455,0.0
0.6271579194478136,1.6078110954574334,0.16448055981604504,-0.025724969614323204,3.0
0.6271579198145102,1.6078137016006349,0.16629448938752114,0.0359313723599581,3.0
0.5435648545242928,-0.9671860109743518,1.3310178632226592,0.08203925909876052,0.0
0.5598736415355581,-0.6925171998463876,-1.4749417288375304,-0.04666312092549618,1.0
0.5598736420298601,-0.6925187269172628,-1.483056559533986,-0.05161522534965922,1.0
0.5598736420563298,-0.6925160798214509,-1.4767886718563985,-0.026393070675785592,1.0
0.5598736404505149,-0.6925143613540276,-1.4767344509596654,0.0012103045017177497,1.0
0.5598736413041597,-0.6925164359388456,-1.4798942984425154,-0.014859559193272122,1.0
-1.7317881815991603,0.05404856050570175,-0.012514342991135253,-0.0002159238461924592,2.0
-1.7317881812359108,0.054047742627257055,-0.0076467291317295575,0.04444374460446234,2.0
-1.731788181466055,0.05404844645025543,-0.006639679272807079,-0.019556591412629235,2.0
0.6271579197658541,1.6078117133627132,0.16168426663379554,-0.07136031444338423,3.0
0.627157919841887,1.6078115145606577,0.161216548377991,0.01952230187757606,3.0
-1.7317881807707605,0.054052009737234404,-0.006100418737576317,0.022068979391328594,2.0
0.6271579193559593,1.607809857214983,0.16715614662194953,-0.004215839887297373,3.0
0.5435648545901597,-0.9671897009828957,1.3370524255425078,-0.05189414574884098,0.0
0.5598736414203141,-0.69251631392498,-1.47356819973116,-0.08957577684772319,1.0
0.5598736418151394,-0.6925192412268465,-1.4783320712055068,0.053401662086836166,1.0
0.5435648547689184,-0.9671908414853733,1.3322896199033438,-0.05199552642940025,0.0
-1.7317881814056126,0.05405118845599671,-0.008538848204371799,0.0023902743727061025,2.0
0.6271579194358551,1.6078086217599732,0.1571105496565843,-0.034500115017633004,3.0
-1.7317881810965696,0.054052243742269857,-3.990900184095787e-05,0.03930760345884809,2.0
0.5598736419624432,-0.6925153082184724,-1.4736891680719175,0.025598156418444127,1.0
0.5598736410486228,-0.6925155143474222,-1.4832794412429982,0.0045730493004349435,1.0
0.5598736418045586,-0.6925165109937822,-1.4753570509200442,-0.057440662633005374,1.0
-1.731788181457103,0.05404995531590571,-0.007988013772036692,-0.0028640536333992216,2.0
0.6271579198922839,1.6078115176506937,0.16655392944525876,0.003626648542252922,3.0
0.5435648543536565,-0.9671887281047062,1.334555427373698,0.026184453753492966,0.0
0.6271579198709903,1.607811488310597,0.16141614727454648,-0.030042045927622565,3.0
0.5435648550004881,-0.9671904459645937,1.3323807597975414,0.008492142976941541,0.0
0.6271579196345888,1.607810866692548,0.1634835780503002,-0.005795978316403041,3.0
0.5598736412310357,-0.6925176870181837,-1.4778381206411195,-0.01901021312299095,1.0
-1.7317881809687798,0.05404962693393301,-0.008997698743031248,-0.01694037592923021,2.0
0.5598736412300758,-0.6925167132798586,-1.47959404389728,-0.04036105574395162,1.0
0.5435648547250156,-0.9671885142894294,1.3340013005783924,0.07524850565482083,0.0
0.54356485477401,-0.9671880746857687,1.3383407828806775,-0.042070886203616,0.0
0.5435648550168123,-0.9671890503986553,1.3357634350904328,-0.014227305039631138,0.0
0.627157919757144,1.6078098280920872,0.159495709047465,0.014974064768779074,3.0
0.6271579201374679,1.6078128609644031,0.1581362227597116,-0.026696065092367872,3.0
0.5435648547526193,-0.9671881279825767,1.3239217506456946,-0.008896523642825678,0.0
0.6271579201779606,1.607810716819555,0.15676066753281853,0.006600500982486613,3.0
0.5598736412200518,-0.6925161960841008,-1.469908469055613,0.041120897388390434,1.0
0.6271579199511125,1.6078118781147521,0.16274525561267827,0.019314747673946343,3.0
0.5435648547656204,-0.967191180471758,1.3322308391825237,0.06695693195801314,0.0
0.5598736415016092,-0.6925131022945692,-1.4846828254966593,-0.053899601096045135,1.0
-1.7317881813329081,0.0540512431145164,-0.007311496029777954,-0.005067186245750281,2.0
-1.731788181556317,0.054049512275819396,-0.0028549249609655407,-0.04308472678607638,2.0
0.6271579195685744,1.6078085725629834,0.157950587476668,-0.019448353464374804,3.0
0.6271579194145624,1.6078125097447247,0.1573016111725203,0.02126041053185183,3.0
-1.731788181012284,0.054048411995058165,-0.005746296987124988,-0.0032843475601519513,2.0
0.543564855338448,-0.9671906272022536,1.3300847435396836,-0.014408159155125777,0.0
0.6271579201272918,1.6078091847065832,0.1595304079042229,0.021694531552544305,3.0
0.559873641686288,-0.6925186190685554,-1.4799063169674491,0.017560433862361842,1.0
0.5598736417295176,-0.6925170073805288,-1.4754890285520836,0.022595077614684808,1.0
0.5598736421313278,-0.6925163582213733,-1.4824623388374731,-0.04032470521133649,1.0
-1.731788181317687,0.05405084398798641,-0.0017205324688424734,-0.001698256428797322,2.0
0.6271579201829431,1.6078113363855346,0.15151274135385412,0.06843649261840513,3.0
-1.7317881816198055,0.05405228600314202,-0.0032712227944799977,-0.03857659247346602,2.0
0.6271579202953395,1.607813105123272,0.16226893428855746,0.017595794797421967,3.0
-1.7317881817349896,0.05404920808259839,-0.003112050611815451,-0.0016548654094767766,2.0
0.559873641422373,-0.692514754144526,-1.4846371810371533,-0.013064469841002624,1.0
0.5598736418080985,-0.6925152875859363,-1.477004299890527,-0.02911059665593901,1.0
0.5598736419849916,-0.6925155953987183,-1.4845312465299754,-0.08000920995715662,1.0
-1.7317881816221177,0.05404902833197346,-0.003685241414323781,0.003337937369105017,2.0
0.5598736413531882,-0.6925136873195085,-1.4825889973212119,-4.639504205925862e-05,1.0
0.5598736410792523,-0.6925155031463521,-1.4726442652512497,0.043390910951800914,1.0
0.6271579198612434,1.6078132795510214,0.16595775438005086,0.03686015278672834,3.0
-1.7317881809593372,0.05405022136524715,-0.011204191998672685,-0.048990344796959885,2.0
0.5598736409473759,-0.6925149515246555,-1.4793367264998116,0.022262114916980335,1.0
0.5435648541795258,-0.9671894373768842,1.3261588585566786,0.01394291817788243,0.0
0.6271579201535731,1.607810266229466,0.15774417185257508,-0.017958809950849773,3.0
0.5435648550227702,-0.9671892914547656,1.3359232536272232,0.008897297729860929,0.0
0.559873641922968,-0.6925142435816487,-1.4789916968798391,0.03606279992344561,1.0
-1.7317881820248318,0.05404962599952135,-0.004231517471180362,0.05895099624523863,2.0
0.6271579190856266,1.6078108765017167,0.16037621054735743,0.015643218448429204,3.0
0.5435648547419786,-0.9671896169220673,1.3298542027167481,-0.03242041512613897,0.0
0.5435648544476469,-0.9671909125879133,1.3335427253436976,0.0032071863104859563,0.0
0.5435648550329562,-0.967188338514555,1.3343412475889826,0.019978993365743238,0.0
0.5598736411674666,-0.6925174672256503,-1.4768998143172765,0.057212564005746744,1.0
0.5435648551201013,-0.9671908284275832,1.332235701545124,-0.04468844890090313,0.0
-1.7317881818893504,0.05404819971196196,-0.010420960442654802,-0.002068490131111116,2.0
0.5598736419058342,-0.6925173094047462,-1.4812414659017876,0.005376759233852788,1.0
-1.7317881820716725,0.054050428049179214,-0.004369300402841263,-0.00085086090901801,2.0
-1.7317881817982483,0.05405170813738315,-0.010278987810459841,0.012484378178364144,2.0
0.559873641455135,-0.6925179258742056,-1.4759880117052975,-0.03857122536903261,1.0
-1.7317881814918537,0.05405004611869725,-0.014401137331569799,-0.03958169984208671,2.0
0.5598736411798707,-0.692514796654655,-1.4707206106156367,0.02725473226575741,1.0
0.6271579201502341,1.6078100007978136,0.16280025402498424,-0.044523900178406475,3.0
0.5435648542972127,-0.9671893372132278,1.34244151556946,0.038553744643532215,0.0
-1.7317881816105827,0.054050217403784226,-0.0031953466515893085,-0.01143399348976033,2.0
-1.7317881812763465,0.054052199911140256,-0.0021028076678195544,-0.06613977086003549,2.0
-1.7317881817732736,0.05404710498243695,-0.00847846004814872,0.024394710338156454,2.0
-1.7317881816187743,0.05404959341079945,-0.004412252785614235,0.005077185806552,2.0
0.5598736414066733,-0.6925156591550022,-1.4782044538244747,0.03483390577208211,1.0
0.6271579200437907,1.6078087248974324,0.1588882950585378,-0.02197842541466593,3.0
0.6271579194256459,1.6078125448688345,0.1635045603563335,0.0018575773513957198,3.0
-1.7317881817177005,0.05404913117246748,-0.00801413979065304,-0.02497514722463244,2.0
0.559873641609259,-0.6925159597453915,-1.4767957304255679,-0.04062911681530671,1.0
0.5598736412442109,-0.6925159529994948,-1.4799497291844195,-0.00987244957896715,1.0
-1.7317881822557641,0.05404564420603579,-0.012524688761891114,0.027706785068237365,2.0
0.5435648538879468,-0.9671917460207816,1.3279178168339822,0.03252723306833324,0.0
-1.731788180801275,0.054052693972368115,-0.0021996996223979846,0.002003966746487076,2.0
-1.7317881817477108,0.054049572191441915,-0.012644337026625138,0.030151353498423312,2.0
0.5435648550130312,-0.9671888449381947,1.3338402574429282,-0.025405733405247523,0.0
0.5435648547730395,-0.9671881305983451,1.3335466785337284,0.0764302561403151,0.0
0.627157920142131,1.6078134233834132,0.1479387632321717,-0.007983295335952705,3.0
-1.7317881811531393,0.0540537192668674,-0.005459523520178644,-0.011614589335592474,2.0
0.5598736413643394,-0.692512927568156,-1.4795408415731324,0.04648363824348221,1.0
0.5598736418473171,-0.6925170090701991,-1.4832658377921693,0.06326488608880898,1.0
0.5435648550953599,-0.9671906918968278,1.333050715501358,0.013280398828353412,0.0
-1.7317881812900844,0.05405028076742076,-0.0017171721449377299,0.02544646904427936,2.0
-1.7317881815748193,0.05404759609975543,-0.0029283409546862643,-0.03396562606109313,2.0
-1.731788181987091,0.05404679686191599,-0.005663385741909923,-0.05325879130953433,2.0
0.5435648545654688,-0.9671888115168216,1.337477435938403,-0.04785677427385308,0.0
0.5598736414976544,-0.6925149104993111,-1.4790999716288098,-0.0005709642982860247,1.0
-1.731788181632296,0.05405017404486685,-0.0030035361362456673,0.01572464527094119,2.0
0.5435648554164538,-0.967189232426617,1.330842475720914,-0.04112624807656102,0.0
0.5598736421280667,-0.6925138413657796,-1.4803808962303158,0.04593976604805155,1.0
0.5598736410338937,-0.6925157014848917,-1.4824907884792677,-0.04420528811437502,1.0
0.6271579197737741,1.6078129180185194,0.1602991999421755,-0.019123705751260205,3.0
0.5598736407513469,-0.6925132661746941,-1.4806238012327584,-0.014406040922045059,1.0
0.5435648550102191,-0.967189096213448,1.3360836173681647,-0.018229189478280894,0.0
0.6271579197685551,1.6078112964901359,0.157754017650105,0.03295866407130599,3.0
0.6271579204481555,1.6078092137429802,0.15590989862223192,-0.0050688543091957925,3.0
0.559873641048682,-0.6925147365769327,-1.472879393716344,-0.030755405371291056,1.0
-1.7317881814517049,0.05405145117233919,-0.004879893260273159,0.014083642428718715,2.0
0.5598736417308038,-0.6925160231351495,-1.4772970643796388,0.025450783331899648,1.0
0.627157920014565,1.6078099481110804,0.1606994087931715,-0.008538343540297574,3.0
-1.731788181244325,0.05404991736238249,-0.006215186513040389,0.02741135144612495,2.0
0.5598736413823321,-0.6925171678982415,-1.4799385396535216,0.025470015552337407,1.0
0.6271579202634414,1.6078129208621532,0.16255836764957962,-0.002802058012995538,3.0
0.5435648546128025,-0.9671882512478088,1.3311969898519165,-0.036162533283540306,0.0
0.5598736416750436,-0.6925172710676363,-1.4722068906297345,0.029714983275569335,1.0
-1.7317881820004284,0.05404895890377642,-0.002793076545889894,-0.035502960095066406,2.0
-1.7317881812311686,0.054051291668091195,-0.0014788277459698899,0.03969273991891135,2.0
0.5598736406497343,-0.6925155858192124,-1.4813166199354366,-0.10727548239242303,1.0
-1.731788180868574,0.05404795686753359,-0.008569438399554614,-0.060640929863913014,2.0
-1.7317881814360732,0.0540473971929867,-0.012176461132340773,0.003675821223125414,2.0
0.5435648547157582,-0.9671888173836982,1.3433671982901463,-0.008490318609229525,0.0
0.5598736408972421,-0.6925174640149708,-1.4776611335532714,0.006668591659148934,1.0
-1.7317881820672207,0.054050579313655575,-0.006621424971217054,-0.048969482820587364,2.0
-1.7317881819987033,0.054050317721987075,-0.0026396742438123165,0.04793881011073373,2.0
0.5598736414889594,-0.6925176687669955,-1.4782653584200154,0.0213777578809107,1.0
0.5598736417991366,-0.6925146920126156,-1.4746449372901074,0.0002671544910421131,1.0
0.543564854439669,-0.967191774296752,1.328886014809772,0.02468305645434574,0.0
-1.7317881808168223,0.054049202660732175,-0.007156375133973246,0.014219271249355294,2.0
-1.7317881812467402,0.05404952326893327,-0.008136133885420652,0.058703394813981354,2.0
-1.7317881821557417,0.05405046576705286,-0.004750748524192267,-0.009139391542432113,2.0
-1.7317881812927054,0.054049209531099165,-0.011438946332931117,-0.025626896237465342,2.0
0.6271579196872155,1.6078114893983166,0.15720742163077542,1.6028467470643754e-05,3.0
-1.7317881818026892,0.054047914319748445,-0.0041619747030882575,0.05599957570693989,2.0
0.5598736413394042,-0.6925164370942842,-1.4818626713029095,-0.022285505464406462,1.0
-1.7317881815498544,0.05404873830388541,0.0002259072756531987,-0.008660880922679437,2.0
0.5598736414139879,-0.6925149278527691,-1.4852491155129393,-0.045371999415246306,1.0
0.5435648546061521,-0.9671885225054666,1.3364171696124705,0.012182768538695255,0.0
-1.7317881814449922,0.054051407872953545,-0.001956558503497057,0.016451496505235346,2.0
0.5598736422424264,-0.6925166674094785,-1.4762180505743299,0.1000575363122209,1.0
0.6271579198929293,1.6078116778164182,0.15456220246811953,0.03381161550395925,3.0
-1.7317881812991216,0.054049672143704694,-0.005625007260102102,-0.04739852909278613,2.0
0.5435648555867634,-0.9671910602909406,1.3361806060147325,-0.007093252353345684,0.0
-1.7317881816520024,0.05405003629123601,-0.0027876000008201273,-0.03133147648958726,2.0
0.5435648547112529,-0.9671918245731478,1.3315552465414395,0.01019212797836385,0.0
0.5598736417276281,-0.6925180754126893,-1.4816600446277772,0.0038973884314877057,1.0
-1.7317881816537375,0.05405002617730784,0.0043000078583586,-0.006382961721676432,2.0
-1.7317881810791398,0.05405420670970937,-0.005105179534976762,0.03476839975140899,2.0
0.543564855495394,-0.9671908661743192,1.3345242636624721,-0.00027381631479084576,0.0
0.5435648552502362,-0.9671882444151008,1.3358461182267567,0.04730958695751548,0.0
0.5598736414207534,-0.6925170245151464,-1.4800936855678066,-0.048682906947770624,1.0
0.5435648541394361,-0.9671903951519816,1.3399334545156583,-0.04500754390770453,0.0
0.6271579198599998,1.6078082471119743,0.15860297586360184,0.07334024696654287,3.0
0.6271579189656153,1.6078110717294583,0.15706800462178874,0.046404293556417425,3.0
0.5598736412158127,-0.6925141605077749,-1.4764749762068397,-0.0005257933780190923,1.0
0.5598736413869466,-0.6925168094214275,-1.4768315327154278,-0.02556535846714223,1.0
0.5598736411649486,-0.6925136969808778,-1.4804925484748188,-0.014287510422481851,1.0
0.5435648548697334,-0.9671911603950321,1.3396525094058627,0.040494066079140245,0.0
-1.731788182136176,0.05405249436248037,-0.008488157951038086,0.028537337024742034,2.0
0.5435648544689381,-0.9671890518175249,1.337903823171069,-0.06839186211655836,0.0
0.5435648548253235,-0.9671904621209149,1.3376876863621274,-0.006707355485071353,0.0
0.5435648550140891,-0.9671886980934684,1.3305863161974836,-0.007264852319304315,0.0
0.5435648550156194,-0.9671878194691147,1.331755563362451,-0.008259806883183821,0.0
0.5435648544940361,-0.9671889684006645,1.333434266745641,0.035445665793556555,0.0
0.5598736414247316,-0.6925121249413265,-1.476158480259777,-0.046120181621762374,1.0
0.5435648540789129,-0.9671913486849667,1.3358707340295985,-0.07228192511310814,0.0
-1.7317881817748042,0.054046704486581165,-0.004222383634617561,-0.028041498785248194,2.0
0.5598736412180824,-0.6925165912111616,-1.477401474899892,-0.045799000033132954,1.0
0.627157919980397,1.607811250921336,0.15805688103461282,-0.010205895414711017,3.0
0.5435648549502312,-0.9671886142817392,1.3337884465442076,-0.015382263269314906,0.0
-1.7317881815700014,0.054052123088587055,0.0014191087930410977,0.0624442139233684,2.0
0.6271579194866271,1.6078092103213486,0.1630452306569095,0.007778498303170391,3.0
0.5435648550688673,-0.9671927098150873,1.3338394729011105,-0.04968070639196139,0.0
0.543564854860907,-0.967193499882632,1.3347510350003433,0.05066532017321943,0.0
0.5435648546484995,-0.9671911708810517,1.3357732120675387,0.005062945211145898,0.0
0.5435648545890626,-0.9671899960361687,1.3299623799242768,0.07984545372278368,0.0
0.6271579200889359,1.6078130000339168,0.16291989937962556,0.0491603067615088,3.0
-1.7317881809866207,0.05405052584695084,-0.004998789230825259,-0.028617355413184782,2.0
0.5435648543826825,-0.9671928941434725,1.3312314107764505,0.04049984085573709,0.0
-1.7317881814865428,0.054052362756443754,-0.0024307769713559596,0.005338124846724104,2.0
0.6271579203994797,1.6078110569582134,0.15383980973466146,0.00012154666404940642,3.0
0.5598736414643412,-0.69251609155317,-1.4785688592869883,0.028765640255048953,1.0
0.6271579195603922,1.6078109768736022,0.1656352913517017,0.0071274233904532105,3.0
0.5598736408850444,-0.6925165524188196,-1.4813233910543895,0.031597209379096346,1.0
0.5598736409998462,-0.6925142351632292,-1.4785844396728463,-0.005367763032553973,1.0
0.6271579190014848,1.607812832452276,0.1597639607255007,0.026928067224719156,3.0
-1.7317881817729068,0.05405143613614119,-0.007211082357228989,-0.019518690936454357,2.0
0.6271579198698656,1.6078114929501082,0.16076946048888346,-0.0409510084379518,3.0
-1.7317881815062366,0.05404889227354197,-0.008303273128776252,0.02020500988660179,2.0
-1.731788181653603,0.05405034509287289,-0.003491440816285241,-0.005983575542309654,2.0
0.6271579197557858,1.6078120759277574,0.15955098426060155,-0.03836054467766713,3.0
0.559873641275266,-0.6925158396492178,-1.4818763952469047,-0.004643541785663849,1.0
0.5598736413997217,-0.6925163881598383,-1.4819776435997498,-0.04437855111498915,1.0
0.5435648547159624,-0.9671892879463528,1.3373026969973438,-0.006116524641457599,0.0
0.5435648549356834,-0.9671924179744817,1.3302531964637343,0.005453556890379525,0.0
0.5598736419191348,-0.6925196731417875,-1.4729287575542624,-0.02440321574120199,1.0
0.6271579193006283,1.607812073620955,0.16681000812989716,-0.01913475732912467,3.0
0.627157919806762,1.6078107376427924,0.159653487150545,-0.05766603961042814,3.0
-1.7317881811871207,0.05404824851658975,-0.009080888976593976,-0.04831234032425466,2.0
0.5598736420351368,-0.692514924801877,-1.4844213163412192,0.011740568816458742,1.0
-1.7317881815610494,0.054047832948169276,-0.003919441317684087,-0.004906611826204066,2.0
-1.7317881814992422,0.05404889456798185,-0.0024489656816903353,-0.0038908778768582813,2.0
0.5598736414906652,-0.6925194356916081,-1.4811879367473748,0.005060584728688677,1.0
-1.731788181562248,0.05405097295859475,-0.0043164027693027174,0.05681280186382504,2.0
-1.731788182097399,0.05405139225408807,-0.006475008925926608,0.03359237559560605,2.0
0.559873641583015,-0.6925170639239301,-1.4797836227609842,0.0029299014488075948,1.0
0.5598736416409379,-0.6925164835382526,-1.4771751224628775,-0.016885387547250552,1.0
-1.7317881820012058,0.054050708920360895,-0.00438186595200483,0.06258005591945145,2.0
-1.7317881811070213,0.05405094775988602,-0.004516751642103198,-0.02587872592252496,2.0
0.5598736415379046,-0.6925156502058709,-1.4819865470207978,-0.03596986471697501,1.0
0.5598736418247716,-0.6925163132071878,-1.4853946757599377,0.019422113683923235,1.0
0.5598736412775869,-0.6925156492813846,-1.4780312339994286,-0.0158315444766036,1.0
0.543564854789575,-0.9671930794015219,1.3307015321039355,-0.025694157855307227,0.0
0.5435648556230768,-0.9671911281349181,1.335074976410253,0.06843412856021919,0.0
0.62715792017568,1.607811101276494,0.15580132481901995,-0.00804423646801661,3.0
0.5435648548913847,-0.9671905557974946,1.3286679284363347,-0.00595623907628864,0.0
0.5435648550785099,-0.9671913431485214,1.3348862362070677,-0.06948496332718082,0.0
0.627157920428205,1.6078135466930248,0.16373735807114237,-0.02125864078454036,3.0
-1.7317881818422693,0.054049306071366765,-0.013185204061902277,-0.00970826052853803,2.0
0.5598736418672503,-0.6925152882927655,-1.483318611552597,-0.009224056593739089,1.0
-1.7317881817333483,0.054052957858089654,-0.005983724887648907,0.051575844314362886,2.0
-1.731788181710248,0.05405337925009413,-0.004843673604128949,-0.006832400485904857,2.0
-1.7317881820395573,0.05404916893700533,-0.00330118137807058,-0.02497977233940537,2.0
0.5435648543728263,-0.967193339618468,1.3339177258512795,0.024366412673418106,0.0
-1.7317881814202287,0.054051557902146136,0.0004237189387403165,0.005051228754319835,2.0
-1.7317881819555183,0.05404908102690135,0.0008059113581946515,0.08500714868407284,2.0
0.5598736409425084,-0.6925158134355347,-1.4786765335732668,0.025512641637492898,1.0
0.6271579205481969,1.6078088970533884,0.1624118004067172,0.03429950815307912,3.0
0.6271579204362542,1.607808695619059,0.16332757772731582,0.007992547576417689,3.0
0.5435648549574582,-0.9671913873912064,1.3355180651272662,0.08558784974260493,0.0
-1.7317881817828993,0.05404740705477842,-0.0008408891326691175,0.06842232902565495,2.0
0.543564854472851,-0.9671906513804928,1.3311236986514605,0.04108547000235922,0.0
-1.7317881819555028,0.05405013641396686,-0.007812043649373006,-0.042518468521058325,2.0
0.5435648547551466,-0.9671880900602811,1.336226764477798,-0.021955738205160592,0.0
0.5435648543892726,-0.9671883334255902,1.334532415221113,0.005250837552385372,0.0
0.5598736416231164,-0.6925184904361026,-1.4762051758833103,-0.022568129399133767,1.0
-1.7317881808177926,0.054047705882624496,-0.013147073600387593,0.035969436095761274,2.0
0.6271579199204842,1.6078130038437355,0.16568624601048532,0.08533458300297732,3.0
0.559873640989041,-0.6925172653695623,-1.4768471965085705,0.012525337974147356,1.0
0.5435648548183059,-0.9671883884715979,1.334024711345873,0.09436045964316929,0.0
0.6271579203932971,1.6078121672110675,0.1648460702150586,0.02795591143708932,3.0
-1.731788180950952,0.05405273020517633,-0.008106881847258916,0.008642602404158274,2.0
0.6271579208210535,1.607812634757199,0.15225379592386587,-0.017547458048852826,3.0
0.6271579197640234,1.6078112390361552,0.15815381332796616,-0.0331656734504537,3.0
-1.7317881819638419,0.05404903087488619,-0.004982129687963798,-0.00815883291858478,2.0
0.6271579198031438,1.607811970997514,0.15986676564796184,0.015511218162175487,3.0
0.559873641732065,-0.6925179195057434,-1.483164016878102,0.02810914963897088,1.0
0.5435648541923764,-0.9671876941135497,1.3343772727214325,0.09375653553793038,0.0
0.543564854589688,-0.9671887942845556,1.3370966550282704,-0.022143904691142736,0.0
0.5598736417654039,-0.692512971089858,-1.4757104196610633,-0.07363306094056035,1.0
0.543564854947882,-0.9671891273893651,1.327125070588831,0.013235579626714521,0.0
0.5598736413971788,-0.6925153656181315,-1.474949024439346,0.012137615331869094,1.0
0.5598736413610261,-0.6925154049099745,-1.4850590693909491,0.04117645742864464,1.0
0.6271579193958607,1.607810207346433,0.1586657900786815,0.030201415771268825,3.0
0.5435648548223044,-0.9671898296969722,1.3328094358094684,0.0068671112186673,0.0
0.5435648550764147,-0.9671895754466161,1.3372685167660205,-0.013385670853114547,0.0
0.543564854898499,-0.9671875455176907,1.3354118911069288,0.05946549701503653,0.0
-1.73178818157837,0.0540509985485477,-0.010426573819554127,-0.014960825209808818,2.0
0.5435648545509449,-0.9671909088537579,1.337117590668991,-0.05560695638062085,0.0
-1.731788181562904,0.054048490379205116,0.0012798999164497428,-0.02339038565573013,2.0
0.5598736416099952,-0.6925155814806162,-1.480740949318395,0.039165379125881875,1.0
0.6271579205800109,1.6078116204968658,0.16135113455610361,-0.07817552038533714,3.0
-1.7317881816804679,0.05405080934345695,-0.0027473179321237497,0.011794631533214913,2.0
0.5598736414630866,-0.6925178266808665,-1.4793313447854093,-0.009821968477926943,1.0
0.6271579196757792,1.6078110536210568,0.16623517723589093,-0.01835361659929179,3.0
-1.7317881811884779,0.05405025671726939,-0.00910155771299164,-0.026176203050369655,2.0
0.627157919589303,1.6078117513290449,0.15767509886081105,-0.04589977455434614,3.0
-1.7317881813650429,0.054048054813480295,-0.001065495344200282,-0.016424931312030492,2.0
0.6271579196452249,1.607811265761615,0.15663711067517105,0.004698051774726028,3.0
-1.7317881807462188,0.05405088649890274,-0.006539397799689738,-0.016801823158121825,2.0
0.5435648543981494,-0.9671903200966816,1.3394923928966491,0.006186653347145359,0.0
-1.7317881816719565,0.05404978593446666,-0.00013759863677804748,0.04747414176763607,2.0
-1.7317881819565846,0.0540496649632371,-0.006781618668162143,0.04237804699145427,2.0
0.6271579201414975,1.607812217421005,0.15133530475094495,-0.01279817313505404,3.0
0.627157919906006,1.607810923372918,0.15993289711958145,0.04426579566132611,3.0
-1.7317881813079636,0.054051903033279156,-0.000707626965373976,0.03561554169022899,2.0
-1.7317881819621928,0.0540511040858252,-0.0019252231471869547,0.0193813294625193,2.0
0.6271579190011003,1.6078100648040994,0.16202046828933908,0.025563184377708582,3.0
0.5598736419145174,-0.692513739991491,-1.4738211200351823,-0.04255710122402886,1.0
0.5598736414731293,-0.69251416079411,-1.4777305915886991,-0.007200554651856636,1.0
0.5435648545849634,-0.9671899885748054,1.3342574541854177,-0.045196438719803514,0.0
0.627157920220777,1.6078109263940368,0.16257249462718623,0.004708030966447972,3.0
0.5435648545623664,-0.967190629197866,1.3372148958312855,-0.0488289535019646,0.0
0.5435648548224219,-0.9671914847517518,1.3295066796813757,0.030133984030467062,0.0
-1.731788181355966,0.054051164139992024,-0.0010923756324736308,0.012986464237335738,2.0
-1.7317881815060145,0.054048476786750066,0.00457580731776824,-0.04868879266519626,2.0
0.6271579197175879,1.6078108194006977,0.164901609372811,-0.00674259471597092,3.0
0.6271579198452918,1.6078106399064196,0.15674155611111942,0.01640035148775845,3.0
-1.7317881814433564,0.05404839748614573,-0.0027401596366770408,-0.04606800079358084,2.0
0.5598736412594385,-0.6925170260635645,-1.47641469389928,-0.04146709520215445,1.0
-1.7317881814022176,0.054049802148300116,-0.005289042931731586,-0.00682468994581195,2.0
0.6271579197692744,1.6078111404759035,0.15899270140633254,-0.05924864095728182,3.0
0.627157919944925,1.6078113745906406,0.15198527957750552,0.01826164555436703,3.0
-1.7317881811680704,0.054050239106651535,-0.0045318558467268245,-0.057990650362537914,2.0
-1.731788181185056,0.05405225894963686,-0.0012618266574963724,0.017020281453336426,2.0
0.5598736414031158,-0.6925155399470835,-1.4757199735623936,-0.009250675498006835,1.0
0.5435648549262797,-0.9671922131451461,1.3287169905548317,-0.011815644602454711,0.0
0.5598736416956439,-0.6925153374581143,-1.4807712731103142,0.013383078903171147,1.0
0.5598736417633431,-0.6925146995401513,-1.4765989845530134,0.02476695155811354,1.0
0.5598736417089536,-0.6925180897796273,-1.47951638971445,-0.003142118671880755,1.0
-1.7317881816638796,0.05405026082618454,0.0018156879872390334,0.05568013643298671,2.0
-1.731788181533645,0.05405240345333801,-0.010323728249599382,-0.028006689267807874,2.0
0.5435648543895812,-0.967188829539299,1.3283119036223476,-0.0014284179666218782,0.0
0.627157919773308,1.6078148479879164,0.16141598193645013,-0.049917731732122265,3.0
0.5435648545806137,-0.9671911460723888,1.3308990562324432,0.028430819992199034,0.0
0.5435648537261126,-0.9671874936553966,1.3291987392666893,0.021551507219728202,0.0
-1.7317881813946725,0.054052668897573694,-0.007065979883207892,0.00015206024416498687,2.0
0.5598736408072605,-0.6925188248005627,-1.4751726898511008,0.004288330342136854,1.0
0.6271579200386882,1.6078078785257661,0.15641124637826376,0.005391422951056932,3.0
0.5598736415166875,-0.6925169921810475,-1.477119098670136,-0.038254504450166246,1.0
0.5435648548690488,-0.9671880089756547,1.3295544794474452,0.04425196520118125,0.0
-1.7317881812421172,0.054052517824565334,-0.006825855024569339,0.03698661078231311,2.0
0.5435648540085845,-0.967190856719905,1.3339640939010924,0.04336263090143053,0.0
0.5435648542635175,-0.9671896655452445,1.3429997515865826,-0.005651621669305059,0.0
0.5435648542850016,-0.9671881177922413,1.3431326725751078,0.015262076865900913,0.0
0.6271579197978602,1.6078112612696713,0.16398043432548864,-0.0011667908486509494,3.0
0.5598736414036589,-0.692515607275799,-1.475895655172378,0.005011780512625652,1.0
-1.7317881814109448,0.05404997141622229,-0.0036441905953816267,0.020331468784871833,2.0
0.5435648550070171,-0.9671896919651106,1.333342624064871,-0.02903755598025458,0.0
0.6271579195131453,1.6078126925026188,0.166098012507899,-0.016290818337438506,3.0
0.5598736410923915,-0.6925180817545615,-1.4749979716971668,-0.06841700500601541,1.0
0.6271579196573757,1.6078072699904906,0.16164353743750276,-0.026104858535259283,3.0
0.55987364147388,-0.6925154650127507,-1.4760558806548263,-0.024655044779436627,1.0
-1.7317881808246383,0.0540523927919365,-0.0020484879597654,-0.023548554000487002,2.0
0.5435648544254952,-0.9671919797002859,1.3242390983280738,0.009187351777897429,0.0
0.5598736412200039,-0.6925144238660504,-1.470977374364884,-0.044618896856726334,1.0
-1.7317881816708596,0.05405106581352697,-0.005224214761902196,0.0168180199807135,2.0
0.5435648549805749,-0.9671918364506474,1.3276966119032305,0.02651862636167788,0.0
0.559873641713818,-0.6925155996444082,-1.4719719521649663,0.013808084470347029,1.0
-1.7317881813378053,0.054052047078523034,-0.005705079905177982,0.011553906045120632,2.0
0.5435648545370266,-0.9671924986051909,1.3359244367191354,-0.023465909065141146,0.0
-1.7317881812855567,0.054051607090738946,-0.0013282794910413635,-0.003948759960627666,2.0
0.5598736413432074,-0.6925160987842431,-1.4790262634532734,-0.0034424252775222186,1.0
0.5598736417785084,-0.6925155760344902,-1.4799629143550004,0.019321403367347032,1.0
0.5435648549369546,-0.9671876846944863,1.32970077194662,0.010750008828461841,0.0
-1.7317881809222098,0.05405076618596578,-0.003700536666445084,0.050127638627278544,2.0
0.6271579202220463,1.6078090427758778,0.15854628964105918,0.020198607135531708,3.0
-1.7317881816318101,0.05405164483161021,-0.004837225006263569,0.04144805302579175,2.0
0.5435648543392941,-0.9671919245762125,1.337365854763333,0.07205195153418216,0.0
-1.7317881816855003,0.054052289072653276,-0.005739268889400432,-0.03088424313351604,2.0
0.6271579197495228,1.6078093311486554,0.16118503513565072,-0.021521757479368995,3.0
0.6271579204704449,1.607810299239072,0.1491917614093432,0.016493110722820375,3.0
0.6271579203874728,1.607809100165137,0.15686797293657234,0.062059545675617195,3.0
-1.731788181292695,0.05404889776616615,-0.006378582392583274,-0.0213613453158879,2.0
0.5435648540535158,-0.9671872366208218,1.3336841759501925,-0.005732395887020264,0.0
0.5435648543530273,-0.9671897190313528,1.3329757651553917,0.01917744885446416,0.0
0.6271579196246829,1.6078095160125245,0.15942551876394184,-0.04202972431264322,3.0
0.5598736418545666,-0.692516966860049,-1.4755783756740077,0.027180686534845917,1.0
0.6271579196436948,1.6078111788118425,0.16241335377447874,-0.040361592813202125,3.0
0.5435648553131356,-0.9671860609779211,1.3376853519657197,-0.05943051026331338,0.0
0.6271579202827348,1.607813503018086,0.15512887907850792,-0.024184971404159837,3.0
0.543564854627854,-0.9671882356351588,1.3291891363700727,-0.03246638446021254,0.0
0.5435648547936415,-0.967188059629829,1.3350447766194824,-0.035659144027144554,0.0
-1.7317881813418026,0.054051487443145196,-0.0060155861888536695,0.021666560955005458,2.0
0.5435648545659947,-0.9671940226230502,1.3286373548691828,-0.026001437701980316,0.0
-1.731788181351268,0.05405125537287896,0.0010420010469126709,0.001480084121448651,2.0
0.5598736411447278,-0.6925153497798665,-1.4767725900772928,0.001312846222136691,1.0
-1.7317881816763914,0.054047497690353066,-0.007037810627810705,-0.021636341882155696,2.0
-1.7317881807672797,0.05405273751830181,-0.009019128374411226,-0.012809183213726734,2.0
-1.7317881820520797,0.054049356614035274,-0.00790919557149401,0.01775536529196579,2.0
0.627157919871822,1.60781100095007,0.16066316770585928,-0.029135601946009868,3.0
0.6271579192179206,1.6078118202062583,0.16177140714760344,0.01039173467267171,3.0
0.6271579196044711,1.6078126791777274,0.1590532686593976,0.023113982886428474,3.0
0.5435648549817444,-0.9671906964027913,1.3370652613765348,0.04084896538126664,0.0
-1.7317881820754266,0.05405139208702258,0.0014305710329072794,0.024879810210202507,2.0
0.5435648545722406,-0.9671902755407226,1.3298818703855926,0.04896526042002363,0.0
0.6271579199075615,1.6078111756988018,0.15505463559878271,0.10573998953912342,3.0
-1.7317881808912907,0.054049724482316965,-0.001265666730911898,-0.030908499662282644,2.0
0.5598736416397108,-0.6925151630601638,-1.4732895684282545,-0.01649896368572336,1.0
0.6271579189516975,1.6078115193279117,0.16203731800217194,0.03570581832824683,3.0
0.5435648544296172,-0.9671900739376106,1.3264289516244683,0.03503493655354422,0.0
0.627157920060633,1.6078135505015776,0.1587557525731916,-0.069288637475351,3.0
0.559873641470468,-0.6925148382613691,-1.4781584057481463,0.009108508671475701,1.0
0.543564854752687,-0.9671883974591159,1.328963815522214,-0.002910900455187318,0.0
-1.7317881810527846,0.0540485205610407,-0.009895683683584122,0.057266399812796395,2.0
0.5598736416502922,-0.6925168203641144,-1.4781156460429776,0.04539271236876198,1.0
0.6271579200613782,1.6078123079847357,0.16663108481295008,-0.07777025004992012,3.0
0.6271579202719608,1.6078106448005733,0.15399855201358964,0.007167730743715778,3.0
0.5598736413869037,-0.692516412216113,-1.4833064350529301,0.04291741303120101,1.0
-1.7317881812114775,0.054047289228802364,-0.00476672073502163,0.0729173654008783,2.0
-1.7317881810933944,0.054049744171600356,-0.009820998231872609,-0.027720251674793413,2.0
0.559873641255465,-0.6925160164989262,-1.4780467122267213,0.009246524256676257,1.0
0.5435648541185147,-0.967190069747088,1.3345792783462591,0.0451469064318089,0.0
0.6271579200983584,1.6078121981939333,0.16397605353666436,-0.007127196598674377,3.0
-1.7317881807921445,0.054049254658705324,-0.006117682129297181,0.03224743221957035,2.0
0.6271579198411343,1.6078139026590335,0.162847152605163,0.04315088185363396,3.0
0.5598736416465852,-0.6925134408182629,-1.47483375209633,0.01485553974454376,1.0
-1.731788181362791,0.054050674712888616,-0.011577487895966505,0.002388054651968746,2.0
0.6271579202829112,1.607811096074598,0.1647286110221572,-0.013706803997662383,3.0
0.5598736417049605,-0.6925167231950315,-1.4851824690185773,-0.006783332166341516,1.0
0.6271579201377371,1.6078089697799958,0.15891212117077397,0.007827144721656793,3.0
0.5598736413577952,-0.6925187200841069,-1.4790807665472565,-0.05579062522014765,1.0
0.5598736409179754,-0.6925165076538262,-1.483381646534128,-0.04279435235627859,1.0
0.6271579198676517,1.607811986425804,0.15395097404979038,0.025140861925015186,3.0
0.6271579203013651,1.607810148568212,0.1570239041870674,-0.002689519346007097,3.0
0.5435648552242461,-0.9671904238543323,1.33274927608857,0.011334142066899918,0.0
0.559873642027716,-0.6925174151140702,-1.4756806171575112,0.019808054075611148,1.0
-1.7317881810001883,0.0540506153350389,-0.008969583151221464,-0.00707059655453351,2.0
0.6271579204374452,1.607809020263432,0.15932544543586516,0.030348467632383448,3.0
0.5435648542120667,-0.9671921165282984,1.335040715643469,-0.00496608546678022,0.0
-1.7317881811913574,0.05404894541308941,-0.0019560000129167916,0.010710699058025654,2.0
0.5598736409146134,-0.6925181099283287,-1.4802686179340163,0.0007323517312680502,1.0
0.5435648545255223,-0.9671887898086496,1.3324556541916135,0.015379090725848997,0.0
-1.7317881819417449,0.05405050468573737,-0.008212508118434391,-0.019681184670289127,2.0
-1.731788181637514,0.0540505234184027,-0.002942151482052536,-0.04375894090337115,2.0
0.5435648550330858,-0.9671922006833633,1.3307119959629394,0.00022524683301948766,0.0
-1.7317881817163423,0.05405227639970736,-0.002973609053572362,-0.007940691716215616,2.0
0.627157919830856,1.607811288472439,0.15914348192033545,0.06384901024044762,3.0
0.5435648547418878,-0.967190756998576,1.3345870611714405,0.022459875259170262,0.0
-1.7317881814347516,0.05404999996209324,-0.006715627835851301,0.008766509610129938,2.0
-1.7317881814969465,0.054047232210253066,-0.00660425932275181,-0.025080125880034203,2.0
0.5598736411485752,-0.6925161197882046,-1.4819545006227093,-0.034004459607833416,1.0
-1.7317881820150056,0.0540526316763154,-0.007699147234027139,0.009939735887580594,2.0
0.6271579205185106,1.6078149103525894,0.15846535490729,-0.042498826027852946,3.0
0.6271579201006977,1.607813119406315,0.15797563007067725,-0.005639653221819848,3.0
0.5598736412508958,-0.6925169349971421,-1.4789307046529097,-0.023760183061686195,1.0
0.5598736409812887,-0.6925157489026836,-1.4791666471115965,0.07201499062253638,1.0
-1.7317881815876595,0.05404891803135085,-0.005773320437361271,0.010186620540209341,2.0
0.5598736402767165,-0.6925186241690469,-1.4836490541792426,-0.02685411045624079,1.0
-1.7317881812629812,0.05404987397100661,-0.007581916101314801,-0.029921903623206705,2.0
0.559873641107396,-0.6925170888163087,-1.4820355344254332,-0.057255588258896484,1.0
0.6271579198695688,1.6078091401507055,0.1579092389503943,0.01183433573347347,3.0
0.5435648549533675,-0.9671926579010078,1.339499726502043,0.04272020890284844,0.0
0.6271579194879107,1.6078117226095667,0.16048408912324655,-0.01656973161593285,3.0
0.627157919640744,1.6078124704004804,0.15997652096972514,-0.05557549456744815,3.0
0.6271579197879376,1.6078152190869976,0.15676228656673263,0.002535582425675355,3.0
-1.7317881813610767,0.05404988236971233,-0.00660576847365113,0.0024115187511961223,2.0
0.5598736419759824,-0.6925135963533526,-1.4783368737395008,-0.02762975691201239,1.0
0.5598736417024633,-0.6925137573846213,-1.4809793930174515,0.021637438858035003,1.0
0.5435648543985035,-0.9671902226074434,1.3321399004986951,0.05634787555951937,0.0
-1.7317881810319002,0.05405091132630342,-0.01090636793101709,-0.018089428360712343,2.0
0.5435648543461302,-0.9671900476531476,1.3310528696526698,0.041155075705818896,0.0
-1.7317881812979943,0.05405366814258377,-0.0017523111359368144,-0.06447525123347822,2.0
-1.7317881820024488,0.05404916390276847,-0.0028506687674457213,-0.04441874284440026,2.0
0.5598736418595375,-0.6925159733980446,-1.4772218767814067,-0.010813714217887575,1.0
0.5598736413794223,-0.6925156860142345,-1.4800835371154473,-0.06464265981423684,1.0
0.5598736420741186,-0.6925141993968151,-1.4811718232799096,0.0020060680109313697,1.0
-1.7317881812050149,0.05404965925453202,-0.0029725395631292595,0.06259288126529008,2.0
0.6271579197167979,1.6078102626893602,0.15655671779968847,0.008341713407980829,3.0
0.543564854261811,-0.9671901155371845,1.3388468625335626,0.020803216637357964,0.0
0.6271579200110156,1.60781350074515,0.16391036129479986,-0.00915271257268943,3.0
0.5435648547236287,-0.967191018558527,1.3312035160220288,0.0017995451605465783,0.0
0.5598736415487258,-0.6925178283444593,-1.4823729337619918,-0.007055660065350727,1.0
0.5435648541716853,-0.9671874556489531,1.3321710888636786,-0.0011891790053158897,0.0
0.5435648545231662,-0.9671885084752287,1.327459089029627,-0.049535729214210254,0.0
-1.7317881817549834,0.05405208161703378,-0.012172860545151664,0.03458411290100469,2.0
0.5435648551075274,-0.9671894168052169,1.329758197073426,0.02036020300872325,0.0
0.5598736414255884,-0.6925175033913823,-1.4741000060953446,0.01797572768125801,1.0
0.5435648545373142,-0.967190578829562,1.3412504622923722,0.03177159979437216,0.0
0.5435648550143666,-0.9671893383567892,1.3288722145990441,-0.001734533611343847,0.0
0.6271579195477316,1.6078110631598805,0.16154978734027858,-0.01302757222822,3.0
-1.731788181675219,0.05405043327949639,-0.008965089149261498,-0.07879991842781178,2.0
0.6271579187826681,1.6078121599692767,0.1614849186027122,0.027367018532221073,3.0
0.5598736416162682,-0.6925145380622304,-1.4716067153511114,-0.018982183036948694,1.0
-1.7317881812946885,0.054049841000238436,-0.0031010928214589674,-0.05930642230288359,2.0
0.5435648541366962,-0.967190105015878,1.3327251139994791,-0.0059330661945814715,0.0
0.5598736410798525,-0.6925141884546442,-1.4715289876031263,-0.013175993943466541,1.0
0.5435648556110774,-0.967191955405755,1.3314237819116175,0.011349021777123847,0.0
0.5598736415514466,-0.6925169577941658,-1.473288165519556,0.033890751465866766,1.0
-1.7317881813168197,0.054051332332659505,0.0004363178125143366,-0.09424347302752985,2.0
0.5435648549297116,-0.9671886887313846,1.3357905801645245,0.013968629203275509,0.0
0.5598736413671282,-0.692514167783838,-1.485342359188601,0.01736564023591418,1.0
-1.7317881817752374,0.05404708048576013,-0.004688127128751939,-0.06398695242954228,2.0
-1.7317881812258733,0.05404923350732346,-0.005923216893608197,-0.02012560070285579,2.0
-1.7317881812037272,0.05404984694107377,-0.005567326997881297,-0.039449668507388444,2.0
0.5435648553300498,-0.9671921583935055,1.3305402175121785,0.013179266281946498,0.0
0.5598736415673656,-0.6925159981539287,-1.4732020058905526,0.026357216668046246,1.0
0.5435648544770376,-0.9671908527471038,1.3355708713376784,-0.05750169653012755,0.0
0.559873640737914,-0.6925151914159351,-1.4801352699427743,-0.019162958458928677,1.0
-1.7317881812694085,0.05405049415518432,-0.006372195127967347,-0.031109988507348682,2.0
-1.731788181685934,0.05404918422161291,-0.005347381249335648,-0.005273070463334534,2.0
0.5598736421214171,-0.6925142273155703,-1.4836062321423513,0.027342522764134788,1.0
0.6271579201318055,1.6078084970796973,0.16425852551301717,-0.055781796030802876,3.0
-1.73178818143936,0.054053072591228435,-0.0020774538470553863,0.049715641674320556,2.0
0.5598736414762002,-0.6925145667192554,-1.48388676318584,-0.008286310378825705,1.0
0.5598736416514568,-0.6925157420939821,-1.4769590822747147,0.013109120857711267,1.0
0.6271579193092873,1.6078121792156654,0.1625461464240207,0.03701574303167652,3.0
0.543564855044627,-0.9671911951888111,1.3370807542731302,0.02804809595575691,0.0
0.5598736413207611,-0.6925168421313842,-1.4813808614603403,-0.035125887973274234,1.0
-1.7317881814147886,0.05404924302036699,-0.0018445197257997811,-0.0005858941978663675,2.0
0.6271579199895039,1.607809396170444,0.15896652673008266,-0.044533811644417255,3.0
0.5598736414839534,-0.6925158999583508,-1.4858774941397213,-0.00021199779507659165,1.0
-1.7317881821256809,0.05404724071995352,-0.005316560435172412,0.033811321891315735,2.0
0.5435648547571859,-0.9671893035854786,1.3341459653225123,0.009444317028019036,0.0
-1.7317881815850045,0.054051583648839115,-0.002977385472546052,0.010253836304667826,2.0
-1.731788181394222,0.054052826388765456,-0.004794603580899812,0.014351644218816113,2.0
0.6271579200777714,1.6078099483832482,0.16095088262743065,-0.016035226395933373,3.0
0.5598736418322954,-0.6925161445295804,-1.473033565399881,0.008916453253381477,1.0
-1.731788181358606,0.05405082976535886,-0.008441580383720544,0.005042013311452353,2.0
0.5598736414588813,-0.6925166184804923,-1.479350913843108,-0.023233127079594323,1.0
-1.731788181094755,0.054052261349334316,-0.007160447702343101,-0.04605470395819371,2.0
-1.7317881810050428,0.054050261401126364,-0.005760351848230551,-0.01706483258798486,2.0
0.5435648547214076,-0.9671892180093037,1.3310505008114968,0.055605423591426326,0.0
0.5435648547505257,-0.9671905419977499,1.3345735988812844,-0.009881930386070732,0.0
-1.7317881812659899,0.05405072942814555,-0.007371257984991891,-0.01633804813823109,2.0
0.5598736417706186,-0.6925188246145048,-1.4801339351304366,0.023670095105738236,1.0
0.6271579199257441,1.6078114254133749,0.16350071834363544,0.001305382708370558,3.0
0.5598736415440495,-0.6925151896980682,-1.4734739086119764,-0.024092822657409887,1.0
-1.7317881811388833,0.05404572255032446,2.9083051084189778e-05,0.03259140693943106,2.0
0.559873641604041,-0.6925151941743715,-1.4768571295049469,-0.0320523516292309,1.0
0.6271579196081706,1.6078125594289137,0.1656655183572222,0.06890348100719668,3.0
-1.731788181315665,0.05404930818211777,-0.005673567213061293,0.02243567722026503,2.0
0.627157920094874,1.6078103698533146,0.1659294552392341,-0.02672815999086756,3.0
0.6271579202478194,1.6078092076629615,0.1614865790678832,0.045122569883516886,3.0
0.5435648549117705,-0.9671908567600233,1.333373454131733,-0.030838080448910586,0.0
-1.7317881813709783,0.05404858477649197,-0.004057694758737286,0.005080360792165494,2.0
0.5435648538233381,-0.9671904807380232,1.332240829166358,-0.02239059303753089,0.0
0.5598736414884536,-0.6925185883115437,-1.4782296285081458,0.02241802888730153,1.0
0.6271579203412783,1.6078105094851638,0.15893758731491622,-0.011922814014852096,3.0
0.5598736408670756,-0.6925152865051478,-1.4832444511039564,-0.009395706106717947,1.0
-1.7317881812650193,0.05405090288465244,-0.006179955052754768,-0.00878981994972461,2.0
0.5598736409196362,-0.6925202792158631,-1.4849462220806786,-0.04965285023774057,1.0
0.5598736419228391,-0.6925157075200569,-1.479677611263588,-0.005531209374548334,1.0
0.5598736416807129,-0.6925168296271368,-1.4797995433975497,-0.06745021755620949,1.0
0.5598736409329458,-0.6925158297678163,-1.4739708535222042,0.1055496695714166,1.0
0.5435648543524985,-0.9671876175223755,1.327363106840992,0.0018917301251457587,0.0
-1.7317881814246785,0.054047113777441834,-0.0065188175639151425,0.01810985191263485,2.0
0.6271579196533076,1.6078115251907812,0.15975023275037795,-0.028421283116209974,3.0
0.5598736417033904,-0.6925156792207104,-1.4773149759788873,-0.003012814822370297,1.0
0.5598736417128334,-0.6925168967514851,-1.4792147649318408,0.017157325747884797,1.0
0.6271579198837811,1.60781291211464,0.16017866707542833,0.030413740599959906,3.0
0.5598736413854412,-0.6925179973508131,-1.4708134341726122,0.02211711698506259,1.0
0.5598736413365875,-0.6925143858589633,-1.4775266031387944,-0.008054288599710017,1.0
0.5598736414319436,-0.6925147731712024,-1.4771303775970537,0.01973051009857046,1.0
0.627157920290707,1.6078104958375194,0.16409836971727237,0.00015550440001430447,3.0
0.6271579200070034,1.607810039663483,0.15794970625185395,0.0020465342220233095,3.0
-1.7317881814992875,0.05404825592566875,0.0017400379571489654,0.015859246814101384,2.0
0.627157919829921,1.6078141800191377,0.16391637918091653,-0.020846767630341226,3.0
0.5598736416178558,-0.692515585675278,-1.4753782966018276,0.02838002446318328,1.0
0.627157919984101,1.607813546288307,0.1644726193787315,-0.018934489969326913,3.0
0.5598736416817613,-0.6925190842226583,-1.471834205562933,0.005655033572729792,1.0
0.6271579198553512,1.6078093098153565,0.16515087189935101,0.04250151675748112,3.0
-1.7317881814645297,0.054048016640783215,-0.012084607630031457,-0.02233324276571614,2.0
0.6271579192590483,1.607809234585836,0.16160741796256944,0.005632356690647868,3.0
0.6271579195249926,1.6078119089120342,0.15924758356675217,-0.06644319750990543,3.0
0.5435648549627184,-0.9671878622257611,1.3299709129398927,0.006660431189554679,0.0
0.5598736412237671,-0.6925138706949338,-1.4767853278100844,-0.019700530463098203,1.0
0.5598736414142362,-0.6925156964380034,-1.4725439791864723,0.003725951302169226,1.0
0.6271579193968002,1.6078116319160751,0.16766383194489554,0.04887684392263384,3.0
0.5598736418574091,-0.692516180659677,-1.477657669020143,0.02020843683337089,1.0
0.5598736415091852,-0.692515721858389,-1.4829679702964735,-0.036553431771546324,1.0
0.5435648550378038,-0.9671898073711894,1.3290446713359776,0.042294767506244196,0.0
0.559873641497378,-0.6925152602130763,-1.4778655897968824,-0.01171610977211767,1.0
0.5598736412020349,-0.6925211980888836,-1.479011167394757,-0.05305360090995636,1.0
0.5435648551001904,-0.967188709835171,1.3354425974630342,0.0006634989739592751,0.0
0.5598736412924342,-0.6925174353147548,-1.480200091028094,0.06229929092788452,1.0
0.559873641388949,-0.6925156988995078,-1.4806389678159728,-0.08795627923345153,1.0
0.5598736417894776,-0.6925146287659858,-1.4774947947264752,-0.024787132971644806,1.0
0.5435648542020856,-0.9671870989672701,1.3309703400555457,0.01128295362822436,0.0
0.559873641699795,-0.6925163158048502,-1.4780356169313649,-0.04535143094947677,1.0
-1.7317881809190285,0.05404982137812445,-0.0015737781835339904,-0.007272423053491011,2.0
0.6271579202496054,1.6078097760011771,0.16104833036740568,-0.02491275463406245,3.0
0.6271579195443746,1.6078122902070608,0.1648776379342902,-0.05361205778385532,3.0
0.5598736415137836,-0.6925155982302158,-1.4724638444066487,0.00993819058415355,1.0
0.5435648538922725,-0.9671881380144154,1.3301180690853123,0.00019730169004457054,0.0
0.5435648544996711,-0.9671907222533939,1.3328811392930415,0.008597315678209752,0.0
-1.7317881811580649,0.05405027111678559,-0.0037675407464564515,0.007214443130520141,2.0
0.6271579201743097,1.6078125477368863,0.16125556526885362,0.017532046768123363,3.0
0.5435648547111386,-0.9671872525133773,1.3305028628601214,-0.005485923073394212,0.0
0.5435648544798866,-0.9671905104511321,1.3315353582977745,0.004271988938240321,0.0
0.5435648550610428,-0.9671897246885104,1.3336051839857181,-0.011735530631209266,0.0
-1.7317881823153827,0.054050908982646154,-0.006389502148015941,-0.01922885750296664,2.0
0.5435648542559461,-0.9671895203056194,1.3320690414292917,-0.04041473809093616,0.0
0.5598736413664979,-0.6925170572721655,-1.4837374361556859,0.04186205878699898,1.0
0.5598736419170554,-0.692515154603998,-1.4845197010152569,0.01374450427697753,1.0
0.5435648544281284,-0.967188273697511,1.3318390819511663,0.00858567576254601,0.0
0.5435648549730931,-0.967189623670293,1.327989213877553,-0.0024605035767724624,0.0
0.5598736412588332,-0.6925157225587264,-1.4777775805871565,-0.05408853709407603,1.0
-1.731788181372409,0.05404965445208054,-0.001092555329568227,-0.022474658422719535,2.0
0.5598736408968316,-0.6925154938268057,-1.4788350274119224,-0.06767065863062559,1.0
0.543564854426746,-0.9671901662085165,1.339965371157692,-0.007813717738166786,0.0
-1.7317881811504783,0.05405061711832983,-0.008821970599950423,0.005173678714875548,2.0
0.5435648548144747,-0.9671920172182036,1.3301749419177218,0.08935120791519197,0.0
-1.7317881808203777,0.05405170239986735,-0.004914626905713265,-0.023846701683446277,2.0
-1.7317881821547847,0.054049074693271464,-0.004243004248036296,-0.033641552900980275,2.0
-1.7317881808317859,0.05405146659467108,-0.005186748315104369,-0.004797401310921457,2.0
0.5435648544670486,-0.9671893925225864,1.3382432926410797,0.025829120350697128,0.0
-1.7317881811854219,0.054049769988230426,-0.003686014914744746,0.017450106245518945,2.0
-1.7317881810190008,0.054048150692854485,0.0027467935616951934,-0.03223474821731586,2.0
0.6271579197732655,1.6078132285027869,0.15769168144575907,-0.03760523774377985,3.0
-1.7317881815431717,0.05405018108964761,-0.004275003813845111,-0.04922254043446838,2.0
0.6271579204016979,1.607809958357549,0.1667350083004844,0.05881907199064931,3.0
-1.7317881816269953,0.05405244306095312,-0.0019000128291068476,0.08812748995614793,2.0
0.5598736414207767,-0.6925166769414602,-1.4739174291754387,0.010408331189904562,1.0
-1.731788181466399,0.05404851651711256,-0.0018407447921281238,-0.04292705606503407,2.0
0.5598736410920542,-0.6925135724003754,-1.4761514462974419,0.04437995143841199,1.0
0.559873641207253,-0.6925153021766881,-1.4769096581429595,-0.03684151103232819,1.0
0.5598736418443714,-0.6925169947835338,-1.47831475977973,-0.05659243752631421,1.0
0.5435648542785871,-0.9671883123313271,1.3248023336029233,0.03579557838889859,0.0
0.627157919587558,1.6078121157293064,0.1649871352429637,0.0175700535880786,3.0
0.5598736414455173,-0.6925152540844278,-1.4762765791480388,-0.06763790523481011,1.0
-1.7317881824683552,0.05405178345630722,-0.0012924078521645104,0.020292112857955603,2.0
0.5435648551357212,-0.9671895958869473,1.3315304057185608,0.045502176490207075,0.0
-1.7317881810583877,0.054048981323925833,-0.010455709650649691,-0.025074820238794805,2.0
0.5598736405305317,-0.6925184338816057,-1.4790792862938686,0.059004497194429656,1.0
0.5598736411258872,-0.6925171816824244,-1.4817012076817448,0.09063080859543839,1.0
-1.7317881819567116,0.05404721626056888,-0.0034233545067589243,-0.02582834216207337,2.0
0.6271579193780028,1.607812259120911,0.16832803834947854,-0.0317351942094194,3.0
-1.7317881812665332,0.05404845843506423,-0.0067848895933102235,-0.0031220510463880148,2.0
0.6271579201892363,1.6078112359215282,0.16022703679019654,-0.04516179088941488,3.0
0.6271579202038701,1.6078133654228026,0.16241325087591318,0.0035113492242930845,3.0
0.5598736412423149,-0.6925140213910798,-1.4770807941831998,0.042453843216228415,1.0
0.5598736417887349,-0.6925164919749007,-1.479472827239139,-0.09746527127111468,1.0
0.5435648549764183,-0.9671883457742546,1.3385155507582942,0.11608625419457337,0.0
0.5435648542852077,-0.9671903225989367,1.325699011738002,-0.017003806712092038,0.0
0.6271579195399711,1.6078090623043033,0.1571617481849665,-0.020888654663738973,3.0
0.6271579193961712,1.607813472435775,0.16136546744519048,-0.01907956583312267,3.0
0.5435648549773238,-0.9671908391714367,1.3435998872848898,0.032069073625074766,0.0
0.543564855056105,-0.9671890987536764,1.3313576990849496,0.03177871301922938,0.0
-1.7317881816194776,0.05404817536087374,-0.007262001465713847,0.01233830716447694,2.0
0.6271579195357234,1.6078135202991175,0.1591137374941323,-0.033520370502249264,3.0
0.6271579203182435,1.6078119672804492,0.15849793983085178,0.04131378202500003,3.0
0.5598736413703231,-0.6925175476517076,-1.481431067315773,-0.010133317354904664,1.0
-1.7317881819449286,0.05405316900951384,-0.007269386946433307,0.01498067794699012,2.0
0.5435648550666491,-0.9671889022875366,1.3342379758120573,0.07091754546426529,0.0
-1.7317881812337634,0.05405110678914148,-0.00969070583652161,-0.0311344770866961,2.0
0.5598736416692803,-0.6925159219051923,-1.4733403005289405,-0.08765176082298133,1.0
0.5598736417042808,-0.6925132781452191,-1.47902563255804,-0.036094777741138014,1.0
0.5435648547352278,-0.9671910775064951,1.3236179115473945,-0.02834434645112316,0.0
0.6271579199682777,1.6078122084352402,0.1654370330981144,-0.003173624329210392,3.0
-1.7317881816767553,0.05405091103207166,-0.0023037899194233544,0.012737843506117435,2.0
0.6271579201631998,1.6078107431565722,0.15984289566617713,0.016087779791070803,3.0
-1.7317881816601417,0.054049282930946144,-0.006405974783361165,0.05978580095031195,2.0
-1.731788181096496,0.05404663723106652,-0.005467708118888674,0.005845213169215224,2.0
0.6271579201573,1.607811096376717,0.16152749818555995,-0.06626718091884887,3.0
0.6271579198167048,1.6078142438291545,0.1562069435048135,-0.0010680584686114062,3.0
-1.731788181558663,0.05404902882185831,-0.011619814981756986,-0.044606985460884034,2.0
0.6271579200631263,1.6078078161157574,0.15925378590068198,0.020333033268384006,3.0
0.6271579198187553,1.6078087263146308,0.15822629477108216,-0.006854931601198614,3.0
-1.7317881813420541,0.05405077926316129,-0.0037136683367666274,0.001391485186369127,2.0
-1.7317881818851475,0.0540502001385648,-0.009941732368822296,-0.02261231069121034,2.0
0.5435648549399213,-0.9671907183743083,1.3308437609674095,0.023752478257533672,0.0
0.627157919325178,1.607813447522684,0.16383104329620415,0.04283127593114359,3.0
0.5598736409155697,-0.6925157082141509,-1.4830924785988309,-0.050464165135869495,1.0
0.6271579192817609,1.6078097004925025,0.15955336764508746,-0.03031130072806664,3.0
0.5435648548562233,-0.9671879756776566,1.3271530883864753,-0.004209264923221724,0.0
0.5435648542587591,-0.9671892750057425,1.3329379384942095,-0.013381457072435217,0.0
0.6271579197048058,1.6078085307012053,0.16487481812520677,0.034332255275712584,3.0
0.5435648554544125,-0.967190458828919,1.3293000479392143,0.011469726615861339,0.0
-1.731788180784232,0.054051068900156256,-0.0008447750068968816,0.08771024892648377,2.0
0.5435648550897432,-0.9671922264876719,1.3345533910122835,0.031129249074145854,0.0
0.6271579203817766,1.6078104348374695,0.16032056661741997,0.06383629559450532,3.0
0.627157920194179,1.607811332947647,0.16753138034401155,-0.061676779615494864,3.0
0.6271579205962041,1.6078124145553072,0.1537499886783567,0.008327030818026418,3.0
0.543564854985223,-0.9671915248133749,1.338210382962567,-0.002233654770731535,0.0
0.6271579198388362,1.6078093711641355,0.1584240209645887,-0.026024614322121487,3.0
0.543564854890162,-0.9671899917365913,1.333806303256781,0.04744754295693833,0.0
0.6271579200523483,1.607810667442437,0.15698391546383736,-0.002461668435271443,3.0
0.6271579201949835,1.6078109274687085,0.15635415160758454,-0.012168863810085898,3.0
0.6271579195395588,1.6078134529379648,0.16463249731038487,0.04197954144952793,3.0
0.5435648548960158,-0.9671877587921874,1.3269805426145953,-0.03494556513658961,0.0
0.5435648546007282,-0.9671899639887218,1.3354902014976369,0.04763716147188614,0.0
0.543564854180718,-0.9671882771651862,1.332682792409728,-0.06233008267241958,0.0
0.6271579201263632,1.6078131635101016,0.1641286930154035,0.06142397719990588,3.0
0.5435648543107416,-0.9671880093742863,1.3316813822118334,0.050418516076584104,0.0
-1.7317881810101328,0.05405269060343852,-0.0010718487925260405,-0.020803737019332396,2.0
0.5435648547036102,-0.9671889396618825,1.3304657792088868,0.014778910278964033,0.0
-1.7317881816192997,0.05405186666144732,0.0007727469900834464,0.04855867566679205,2.0
0.6271579194885896,1.6078089466645207,0.16102143776731145,0.03392812326234064,3.0
0.5435648546417989,-0.9671933978065916,1.3303846537896813,-0.06393301768093958,0.0
0.6271579199615308,1.607812066392777,0.16166247753774723,-0.04183251225468871,3.0
0.5598736415013319,-0.6925172149689937,-1.4796966480275122,-0.0036423728285218267,1.0
0.543564854393464,-0.9671899609716545,1.3325342283022303,-0.00967631151123661,0.0
0.5435648548648827,-0.967186552685037,1.3352235414782971,-0.02724495211702227,0.0
0.6271579203931142,1.607811789963123,0.16019116079094134,0.05843174476006587,3.0
0.5598736414083998,-0.6925158121601862,-1.4869991517254424,-0.007142250480800085,1.0
0.5598736415620318,-0.6925183943465129,-1.4782140197928941,-0.04357482943547179,1.0
0.54356485428092,-0.9671899567575168,1.3307337559962562,-0.015809938599553704,0.0
0.543564854832513,-0.9671886202028493,1.33519213640274,0.003506924914920339,0.0
0.543564854992033,-0.9671898312882816,1.3317183950636238,0.05461832966056148,0.0
0.5435648547276792,-0.9671915273345039,1.3265269788506966,0.007609092237719108,0.0
0.5435648554397464,-0.9671888735461526,1.3317539211176417,-0.03843525586959925,0.0
0.6271579199400334,1.6078110557433152,0.16345585272550586,0.02179991382122606,3.0
0.5435648553863954,-0.9671919443909366,1.33333182401427,0.051354431618187237,0.0
0.5598736413007539,-0.6925173170808128,-1.483034077585437,0.03574835398315493,1.0
-1.7317881817098981,0.05405112675804767,-0.0012793569296968782,0.07794754599170896,2.0
0.6271579207955896,1.6078135499743718,0.15670360111750753,0.012326124534810077,3.0
0.5435648541853157,-0.9671896101568164,1.3371582778397901,0.08184106942616363,0.0
-1.7317881819660155,0.05405138661462567,-0.0090786056468018,0.09025869714485896,2.0
-1.731788182475544,0.05405288752214678,0.004149033715299847,-0.002711047456290754,2.0
0.5598736415239312,-0.6925142413458908,-1.4845130382475835,0.032161088307236185,1.0
0.5598736416512511,-0.6925175525717905,-1.4760778842348776,-0.024772894533747723,1.0
0.5598736414792909,-0.6925143918524934,-1.4788877785511878,0.027466782450239625,1.0
0.6271579196521401,1.6078147126280335,0.15688412224796125,0.032448695271990326,3.0
0.5435648539489528,-0.9671888745295211,1.334957873679286,0.01585092724714772,0.0
0.543564855108326,-0.9671896776934868,1.3289188018931422,0.005946658615379606,0.0
0.6271579200870463,1.6078120029412015,0.1621209567988101,0.016339788473932366,3.0
0.5435648548283128,-0.9671884827815297,1.325622006482561,0.046520483309293585,0.0
0.5435648545036902,-0.967191207507673,1.3303517717182807,0.018708941866647167,0.0
0.5598736417652436,-0.692515651255727,-1.4764802571305355,-0.015198161908262009,1.0
0.5435648545421431,-0.9671877859323873,1.3286396111696408,0.003252222839436566,0.0
-1.7317881812710405,0.05405033556099244,-0.009462082030129937,0.02557045790479115,2.0
0.5435648543066396,-0.9671865029183693,1.33391201913478,0.02372874299906769,0.0
0.5435648550808092,-0.967190416506632,1.3295795847984686,0.03707361849838116,0.0
0.5435648549936926,-0.9671897498720535,1.330789237009789,0.04416026654566539,0.0
0.62715791944301,1.6078107887076278,0.15724951673729393,0.06484780780409519,3.0
0.5435648547941218,-0.9671908691422878,1.3340293820624867,0.029811053436586393,0.0
0.559873641470721,-0.6925159082755017,-1.4753048932905453,-0.010792048253514805,1.0
0.5435648543932673,-0.9671904148878061,1.3371303737833473,-0.04047491666025178,0.0
0.5598736418640637,-0.6925137500905557,-1.476160798996869,-0.0882248618689947,1.0
0.6271579201006908,1.6078108577935197,0.1537820803983523,0.054743672195923826,3.0
0.5435648545901027,-0.9671931744604818,1.3347115905825815,0.018084254929392557,0.0
0.559873640799493,-0.6925179475344798,-1.4709996793816493,0.03241026280473363,1.0
0.5598736419547103,-0.6925168665146263,-1.47619415771643,0.07758631233635246,1.0
0.5598736420183125,-0.692514599151626,-1.4746839168409098,-0.054585269633797805,1.0
0.5435648543662323,-0.967189753448362,1.3341641600312553,0.07861139072012421,0.0
0.5598736409638044,-0.6925144808294785,-1.4777948769184426,0.040295239784033286,1.0
0.5435648546865757,-0.9671905435275,1.3334428100728406,-0.020005581703198997,0.0
-1.73178818154191,0.05405059515647902,-0.006657855625319733,0.044669279480968216,2.0
0.5435648549247235,-0.9671911622959447,1.3326751288817023,0.0350208271604757,0.0
0.5435648547673705,-0.9671893459956445,1.332036283036254,-0.027896507574554082,0.0
0.5435648546945784,-0.967189688985615,1.3416734712811031,0.0311278367775162,0.0
0.5435648549977511,-0.9671892636350813,1.341082463439942,0.03794310727418313,0.0
-1.7317881810720495,0.05405072330677832,-0.005148918196022968,0.03139288600713543,2.0
0.5598736413669274,-0.6925169732934666,-1.483322778346777,0.04790844610523409,1.0
-1.7317881813180775,0.054053999598779975,-0.008398675865138613,0.002815699278787194,2.0
0.5598736420495747,-0.6925181931718563,-1.480171389601167,-0.002986256965401378,1.0
0.5598736411296672,-0.6925159206457526,-1.484098703129128,0.0008242443383575572,1.0
0.5435648549225233,-0.967190192544922,1.3379595173661103,-0.0038801135190117938,0.0
0.6271579201375714,1.6078093766980275,0.15890661560970276,-0.020601605160457545,3.0
0.6271579199588412,1.6078127301827383,0.16470235223415713,-0.028452971441656323,3.0
-1.7317881813427973,0.05404872338278089,-0.005017607589320235,0.0331187216436188,2.0
0.6271579198756084,1.6078109644240626,0.15827318820181743,0.015708613382282504,3.0
0.5598736414138673,-0.6925139982139044,-1.4771652435373228,-0.04241514618805955,1.0
0.559873641668936,-0.6925166745683542,-1.4793787896771586,-0.002929200028831772,1.0
0.6271579201632149,1.6078112296997131,0.15606595858168262,0.032187799639255534,3.0
0.559873641228626,-0.6925165870571025,-1.4764025761406978,-0.012590221521776999,1.0
0.5598736411790995,-0.6925165758947955,-1.4802728760247352,-0.06312823818145617,1.0
-1.7317881815772247,0.054054890810561154,-0.0057331890900325635,0.007684819382401513,2.0
0.5435648546214275,-0.9671899153219591,1.330339857692223,0.07402253048809714,0.0
-1.7317881815588319,0.05404780160630849,-0.007050545595104411,-0.08063106508931735,2.0
0.5435648551825006,-0.9671878475362466,1.3341378124955885,-0.013608798267821692,0.0
-1.7317881817205707,0.05405084359545888,-0.007598546761181807,-0.009539133942082967,2.0
0.5435648544607199,-0.9671878013985235,1.332098780691371,0.05562164577878489,0.0
-1.7317881814036111,0.054050315500827936,-0.0033154334554560422,0.06914647938580792,2.0
-1.7317881822268018,0.054050930301186,-0.0065853019970961105,-0.004892028865531238,2.0
0.5598736413661045,-0.6925160900371153,-1.4740851357645433,0.03400986091936252,1.0
0.5435648543060558,-0.9671885627905398,1.3375473885177676,-0.007921217549434189,0.0
0.6271579189974532,1.607813055284458,0.16183073165397183,0.025152498258687837,3.0
0.5435648545111534,-0.9671896364769274,1.3393049214434787,0.0033438076044853575,0.0
0.5435648537147256,-0.9671869511683392,1.3311208868846667,0.008481105792974845,0.0
0.5435648545351702,-0.9671918414330506,1.331913968504397,-0.02329426910447459,0.0
0.6271579202000687,1.6078112492637666,0.17063876078198373,0.009825007729813593,3.0
0.5435648550492738,-0.9671911158193034,1.327162284284088,-0.02611855512320517,0.0
0.5435648548759637,-0.9671930482319897,1.3315048824861124,-0.0007374062516023275,0.0
-1.7317881814402742,0.05404698778253225,-0.0019210259855846554,-0.008921819697521203,2.0
-1.731788181453517,0.05404899175529022,-0.0017480958252287444,0.023890733976476765,2.0
0.627157919353408,1.6078125227050755,0.15711896413264367,-0.05050135057080508,3.0
0.5598736409588283,-0.6925168000590132,-1.4774057835700218,0.030941222150736348,1.0
0.5435648553135607,-0.9671894177315767,1.331787367858288,0.024752067304402683,0.0
0.5435648546096248,-0.967191849294056,1.339319374441254,-0.018269641058594376,0.0
0.6271579204748783,1.6078116584417563,0.16120586504590692,0.02808141793274102,3.0
0.5435648547711301,-0.9671893871300611,1.3347395865785723,0.0205691885458757,0.0
0.627157918868059,1.6078104152644788,0.15592247291922823,-0.020449624330113356,3.0
0.5598736408875025,-0.6925142727180269,-1.482934071071034,-0.03398915788703999,1.0
0.5598736414880396,-0.6925135623530679,-1.480812182106138,-0.0007084514345811573,1.0
0.5435648554702339,-0.9671866181830273,1.3318628751466097,-0.01405626100383444,0.0
-1.7317881821419718,0.05405152821137386,-0.002873376762535681,0.007909558961581126,2.0
0.6271579196574706,1.6078111111215156,0.16181714890132623,0.005289616338403404,3.0
-1.7317881805813797,0.05404998951684968,-0.010378061519950011,-0.002144748018214537,2.0
0.5435648546068466,-0.9671906163713223,1.3293956428673404,0.019294876891525613,0.0
0.6271579202699391,1.607809104242497,0.15277358127477275,0.029401408272392994,3.0
0.5435648546468104,-0.9671876130347972,1.3303116421176298,0.044319520239694744,0.0
-1.731788180910078,0.054052520343559445,-0.005235549479180106,0.044105064807571454,2.0
0.5435648552366593,-0.9671922817023716,1.3314211016366189,0.011079792438159541,0.0
-1.731788181769488,0.054053159979886745,-0.0032806673398096736,0.06363109284682252,2.0
-1.7317881810950633,0.05404678470044562,-0.007907737059348378,0.003905209815095495,2.0
-1.731788181399666,0.054049363533900566,-0.0009096797688008855,-0.01579709181261678,2.0
-1.7317881811346123,0.05404904356908462,-0.004647836282293418,0.05061010064409485,2.0
-1.7317881809583142,0.054047964294462264,-0.003070466621363057,0.010310544802878425,2.0
0.5598736422618138,-0.6925189973597914,-1.4792997818639675,0.09247351092804376,1.0
-1.73178818083671,0.054050303092963395,-0.005146279290548138,0.03899955646421543,2.0
0.5598736418087928,-0.6925129228530162,-1.477658169126936,-0.003160676005347886,1.0
0.5598736411139202,-0.6925153993063811,-1.4778223677899465,-0.024153772927820793,1.0
-1.7317881814679217,0.05405200784882294,-0.00515288764651112,-0.02422773949160678,2.0
-1.731788181334884,0.05404852715217651,0.00026681931249960693,-0.01803787710059667,2.0
0.5435648545587456,-0.9671892717553071,1.3294832418017424,-0.03337725595928305,0.0
-1.7317881817643157,0.05405162673122315,-0.0055622681252721715,0.018084445999026144,2.0
0.5598736417595793,-0.692513963624132,-1.4752931957473874,-0.010697863577261131,1.0
-1.731788181651965,0.05405086756219335,-0.004639759929094825,-0.06030354681916758,2.0
0.6271579203560722,1.6078103255353826,0.15455633707402777,0.028099494612577117,3.0
-1.7317881814069418,0.0540506979791425,0.0002664375723786225,-0.031525653183286546,2.0
-1.7317881810558426,0.054051415663699164,0.00014051351589866948,-0.021026711004393062,2.0
-1.7317881815828022,0.05404975697530896,-0.002409837124355303,0.012426486197591296,2.0
0.6271579192199906,1.6078089559804865,0.16087918035260582,-0.11767786232129279,3.0
-1.731788180639051,0.054050888627571105,-0.000941265127462584,0.05971824315272298,2.0
0.559873641494142,-0.6925156513039196,-1.4807440468655486,-0.04571849617856538,1.0
0.5435648546113003,-0.967190176719615,1.333536939008311,-0.10367002498484526,0.0
0.559873641310797,-0.6925138106594777,-1.4676233455889427,-0.06453915329583691,1.0
0.6271579198690789,1.6078113082984622,0.1598270763386324,0.0019827634125518493,3.0
0.5598736415430408,-0.6925163443839943,-1.4754731881386123,0.022422082598254945,1.0
-1.731788181782418,0.05404950216711165,0.0006022923308682993,0.015008344646641924,2.0
0.6271579193634386,1.6078101334585548,0.1657415720332343,-0.03737900328258141,3.0
0.5435648544394449,-0.967191450023886,1.3320333740564423,-0.0150236388449779,0.0
-1.7317881809754345,0.05404938174440109,-0.0026553389443996376,0.013133852465712083,2.0
0.5435648547615876,-0.9671901654735946,1.3399118586647518,0.024675630307021187,0.0
0.5435648544612589,-0.9671890259194176,1.3401119612955323,0.06719099353927271,0.0
0.5435648551468266,-0.967193427216126,1.3318656336799777,-0.012560501430706295,0.0
0.5598736414167295,-0.6925141730787355,-1.4892611121488037,-0.011807124931616822,1.0
0.5435648545295064,-0.9671894844816062,1.33612241467304,-0.017374958277904116,0.0
0.5435648549786815,-0.967189929992794,1.3330876539647163,-0.042300114669950525,0.0
0.6271579194069282,1.607810861854291,0.15653881739617417,-0.06741015821987811,3.0
-1.731788181530077,0.0540486993594884,-0.005778400915769738,-0.0503244188916553,2.0
-1.7317881814949272,0.05404770136715782,-0.0005716278704021319,0.06369741422394615,2.0
-1.731788181308501,0.054053748885475594,-0.006505299125241745,0.053704813227313644,2.0
-1.7317881820796512,0.054048154371920516,-0.003171926868924817,0.007729989293730612,2.0
-1.7317881809661337,0.0540486549621559,0.0030610044110516753,-0.0022185927052506688,2.0
0.627157920055362,1.607812892006524,0.16345738557145628,-0.024917557983382917,3.0
0.6271579200196274,1.6078113291109117,0.15593513758601382,-0.01085664396526247,3.0
0.5435648549726387,-0.9671903297099755,1.330379627645418,0.07020164614851773,0.0
-1.7317881815900744,0.054049023062754706,-0.004774687640712314,0.07087886181350417,2.0
0.6271579200940952,1.6078108465396812,0.16628021421224234,0.0098273412975054,3.0
0.5435648545613698,-0.9671903183097407,1.3269697536040845,-0.033816358042852705,0.0
-1.7317881822805161,0.054046901743074444,-0.006566018905335747,-0.01372113683762747,2.0
-1.7317881815769578,0.05405069873569301,-0.004073071742135605,-0.025389712181546654,2.0
0.5598736412128316,-0.6925144538889492,-1.483447888952709,0.01530536514989332,1.0
0.5435648548691631,-0.967190857982726,1.3375159885803944,0.01606958961903272,0.0
0.5598736416541816,-0.6925169901096934,-1.4745810588744808,0.015189434044303047,1.0
0.627157920196188,1.607810661384954,0.1607061965588258,-0.06439377746872949,3.0
-1.7317881810274756,0.054051752222337775,-0.0042503763251836085,-0.049978069529136845,2.0
-1.7317881810913378,0.0540482100303983,-0.00427971266496596,0.05254490533634211,2.0
0.5598736412771819,-0.6925147975798409,-1.4795491062269013,-0.03620702266753632,1.0
0.6271579194012356,1.6078121200963136,0.15403498799094095,-0.021753574342005942,3.0
0.5598736419132252,-0.6925167130192674,-1.4827369757376656,0.0038057949811559875,1.0
0.5435648550056532,-0.9671896124136059,1.337789217997578,-0.0636126752107442,0.0
-1.7317881811530371,0.05405226241488167,0.0018373003887048388,0.014022729854918552,2.0
0.5598736406334744,-0.6925159610908547,-1.4759731684149724,-0.06879806399218687,1.0
-1.7317881822452037,0.05405067248536996,-0.0028886391010737207,0.016040385504290836,2.0
0.5435648550655845,-0.9671898756779649,1.3317762284614243,0.039855507653096964,0.0
0.5435648542285768,-0.9671862881644658,1.3287111409446355,0.009684813071072607,0.0
0.5598736414505484,-0.6925163333741396,-1.4755191704500752,-0.012288192400046364,1.0
0.6271579201161105,1.6078116505060887,0.1596426248503831,-0.004373999983867596,3.0
0.6271579197501272,1.6078129152916978,0.16921908076799436,-0.034244856193666635,3.0
0.5598736413531645,-0.692515320319964,-1.4799105727045199,-0.016293688183147907,1.0
0.5598736417351087,-0.6925161685073445,-1.4789989064324671,-0.06537028856447243,1.0
0.5598736421497134,-0.6925152862653621,-1.4772492349212076,-0.06114274826435475,1.0
0.5435648557748637,-0.9671904048052151,1.3292064765132425,-0.023900735410259565,0.0
-1.7317881810692437,0.05405061019128618,0.0018039192429643168,-0.04249364649094,2.0
-1.7317881805298119,0.05405310066396628,-0.015183672300657133,0.025652166025825603,2.0
0.627157921164759,1.6078123135977533,0.1569424517523521,-0.007370177332420751,3.0
0.6271579200944354,1.6078107138107733,0.15692330528442844,-0.028673232545969464,3.0
0.5435648547172326,-0.9671914154414463,1.3357297169722995,0.004681471873103499,0.0
0.5435648542674003,-0.9671902871831081,1.3247685182780027,-0.01748543961962036,0.0
0.5598736413566403,-0.6925168549611727,-1.4787861536549276,-0.01270037994678504,1.0
-1.7317881812406521,0.05404856200888742,0.0006436144007295517,-0.026146713541427155,2.0
0.6271579201006425,1.6078136404685204,0.16049995754135185,0.013390724898406928,3.0
0.6271579204559727,1.6078114731113649,0.16422692046829973,-0.000811911559534213,3.0
-1.731788181589943,0.054050524026690305,-0.003142168985628927,-0.015863004747347732,2.0
0.5435648548004967,-0.9671909410357535,1.3420957817414478,0.020542767767432912,0.0
0.6271579209704969,1.6078128754127554,0.15676120951153114,0.010604982760838086,3.0
-1.7317881811816835,0.05404644114782707,-0.003319065036880447,0.02637638035955175,2.0
0.5598736409180634,-0.6925147657116382,-1.477330135201248,0.033349176007047655,1.0
0.6271579194766034,1.60781175020829,0.15801591361824263,0.04181598968465766,3.0
0.5598736413192773,-0.6925158693420066,-1.4742879382765213,0.027225003291942933,1.0
-1.7317881814492069,0.05405109690244909,-0.009393943087827619,-0.05434404962873988,2.0
-1.7317881817488232,0.054051931510051554,-0.004596803787823934,0.042818804261739576,2.0
-1.7317881816865117,0.05404675295327284,-0.0011737289388929057,0.020601536724203354,2.0
-1.7317881815546075,0.05405109963414096,-0.005704618635003713,0.07138020728487948,2.0
0.5435648548942515,-0.9671888065432758,1.3332335020548562,-0.019847132853859393,0.0
0.5598736416071496,-0.6925165615740559,-1.4751529475562968,-0.05560372936033255,1.0
0.6271579197904662,1.6078119285376629,0.1588610904716135,0.016568665643360212,3.0
0.5598736421790879,-0.6925162431554004,-1.4774252249091357,-0.04262228963398616,1.0
0.5435648552899892,-0.9671926450974666,1.3278381173409892,-0.008868195479750606,0.0
0.5598736414620036,-0.6925192800660765,-1.4809781483508815,0.028443359984412594,1.0
0.5598736416232635,-0.6925150219401709,-1.4787765124202223,0.039340815181430615,1.0
0.6271579197126275,1.6078098736628543,0.16508989136542626,0.10052545447564352,3.0
0.5435648547942329,-0.9671890518115531,1.3299891830507578,-0.028745639463845857,0.0
0.6271579195995913,1.6078157957852939,0.15663079249932094,-0.02625418939668613,3.0
-1.7317881811917584,0.054050938821905765,-0.010320642324717673,0.01286949061836694,2.0
0.5598736419537527,-0.6925159419909949,-1.481050036364979,-0.05984406549588888,1.0
-1.7317881816297036,0.05404999120435696,-0.00496548709950363,0.055931858055549406,2.0
-1.7317881813527622,0.05405136753314751,-0.003094438167246782,0.0026615398894742777,2.0
0.6271579198312209,1.607811178597868,0.16674001625283974,0.05611906189621274,3.0
-1.731788181188829,0.05405287938463877,-0.005524137602114506,-0.035412719854367086,2.0
0.5598736414206555,-0.6925151513385498,-1.470308780840322,0.017307227658125125,1.0
-1.731788181865201,0.05404864790155815,-0.0002474392954823573,-0.00581357323804587,2.0
0.5598736408137123,-0.6925170633815969,-1.47910466888991,0.02043347975198852,1.0
-1.731788181700537,0.05405063296894334,-0.002049072543060909,0.01769718219704135,2.0
-1.7317881811579603,0.054051529488211306,-0.002940091149494559,-0.010159919058488958,2.0
0.5598736412763771,-0.6925164161237563,-1.4739813045751156,-0.021232746046065315,1.0
-1.731788181407846,0.054048494949286256,-0.0057514511973678914,-0.020008965169845044,2.0
0.5435648550341134,-0.9671910713211458,1.3324339537215204,-0.03236770601731194,0.0
0.5598736410505022,-0.6925134567047442,-1.4796961095767118,-0.0190046330702101,1.0
0.6271579202446832,1.6078083976175814,0.1641209944042383,0.0036792004222507228,3.0
0.6271579195029212,1.6078110890593877,0.1624192147512868,-0.011827119536315357,3.0
0.6271579200203039,1.6078120297269156,0.1668034814762836,0.02936540472078461,3.0
0.5598736410985223,-0.6925162301909895,-1.4858718116042926,-0.020175149346291586,1.0
0.5598736410582111,-0.6925175853360132,-1.4776609263875513,-0.029453482303307292,1.0
-1.7317881815827163,0.054051118229914895,-0.005978006205269306,0.025562196402090086,2.0
-1.731788181008258,0.05405159180863223,-0.00979950507199943,-0.033365494480430205,2.0
0.6271579201240861,1.607813903482877,0.15903166191953255,-0.03736273146409105,3.0
0.5598736416770825,-0.6925165269423535,-1.4851228543147463,-0.001131898094242105,1.0
-1.7317881808145668,0.054052262028993714,-0.010008778875274118,-0.020631438621035517,2.0
0.5435648545573935,-0.9671884236112143,1.3274779263208885,0.022794505565545967,0.0
0.5598736415028762,-0.6925170476345439,-1.4780483440445917,-0.03500318285604399,1.0
-1.7317881811452618,0.054052192187671086,0.0012705943821350494,0.022133172981577836,2.0
-1.731788180940676,0.054051184325920786,-0.00763312557335761,0.01768667322629628,2.0
-1.7317881820798862,0.05405160372610747,-0.0008165311031229693,-0.001069307995395976,2.0
-1.7317881809530604,0.054047784736673765,-0.005043233254760315,-0.04901420994757138,2.0
-1.731788181902332,0.05405048263420818,-0.001828188916942032,-0.015910783342574765,2.0
0.6271579198768794,1.6078089160395328,0.16398086267404427,-0.008772550801651288,3.0
0.6271579199707745,1.6078093898939951,0.15897530831208934,-0.010833939463184127,3.0
0.5598736420544524,-0.6925160359018063,-1.4742503650304604,0.02739682974323943,1.0
0.559873641284675,-0.6925144556534563,-1.477644528219141,0.056837702278496376,1.0
0.5435648543494005,-0.9671905338183577,1.3327627988275574,-0.014226455465936564,0.0
0.5435648542975954,-0.9671892910154525,1.330476164613095,0.02077696928161961,0.0
0.543564854927031,-0.967188488747593,1.3324540798034716,-0.004225690182643816,0.0
0.543564855519256,-0.9671898943623115,1.332337195399725,-0.003890887616605822,0.0
0.5435648546379822,-0.9671883759910294,1.3277334831336014,0.023701238888005665,0.0
-1.731788182566156,0.05405060215127657,-0.002647971271813179,0.055435983600457754,2.0
0.6271579198662024,1.6078108550398977,0.15506567191153273,0.025372714038366717,3.0
0.6271579194301612,1.6078127140092673,0.1637989685902749,0.062317482172960285,3.0
0.6271579203571777,1.607811345223828,0.1641740260826267,-0.009101842792453234,3.0
0.627157919367987,1.6078106951883766,0.16030323181728934,-0.026297358035174016,3.0
0.5598736416087581,-0.6925159733623005,-1.480477169840968,-0.013676760279096263,1.0
0.5435648555476801,-0.9671907111980496,1.3286450151192175,-0.021480999661409303,0.0
-1.7317881811485656,0.05404824397124688,-0.009843531383978104,-0.09343503736247033,2.0
0.6271579196664798,1.607810235005693,0.1575364207818577,0.013485211018377484,3.0
0.6271579207796804,1.6078138740756678,0.16602323269531966,-0.07302623584955815,3.0
-1.7317881812731801,0.05404820199713178,-0.01297912244526715,-0.026418816990746677,2.0
-1.7317881810867937,0.05404914565846434,-0.008192461326751459,-0.04341696710974899,2.0
0.6271579196628934,1.6078095045416418,0.16101304437161884,-0.010407025057335154,3.0
0.627157920001103,1.607810412461592,0.1577551368927788,0.007341875785842699,3.0
0.5598736420424253,-0.6925128149847992,-1.4783635915185058,-0.00807607856211836,1.0
0.5435648548227371,-0.9671893886000785,1.3325290772533362,-0.007733785301040678,0.0
-1.7317881820488465,0.05404943792899248,-0.008404505594996628,0.05859750478897273,2.0
0.5598736418368494,-0.6925155374540641,-1.474920268532075,-0.04170178813058623,1.0
-1.7317881811095075,0.054048307336300706,-0.008646276337291607,0.03413538427389577,2.0
-1.7317881813311051,0.054052363970526984,-0.007456955082325296,0.05003623897081869,2.0
0.627157919738714,1.6078138629576082,0.15930268345844495,0.026082021670119037,3.0
0.6271579194689509,1.6078137991329995,0.15575002865302853,-0.026782373469182188,3.0
0.5598736417159167,-0.6925160060327828,-1.4772040790839218,0.07223740183028352,1.0
0.6271579195035247,1.607812386354071,0.16218519895595113,-0.011255240821375355,3.0
0.6271579198576601,1.6078128388212174,0.16105768008676988,0.06288320198114075,3.0
0.5435648546292616,-0.967189920276502,1.333632274344149,-0.03965533685792051,0.0
0.6271579195673656,1.6078103263632169,0.1529072347696086,-0.03493492263351543,3.0
0.5435648549032349,-0.967193021495022,1.332854361884922,-0.04457396516416444,0.0
0.5435648552384853,-0.9671915211246856,1.3338631151210076,0.05555164397024929,0.0
0.5435648551210058,-0.9671918067780682,1.3407201657252994,-0.0154480355606026,0.0
0.6271579200556557,1.6078077723594526,0.15964957018989792,0.06626049180407592,3.0
0.5598736424673408,-0.6925116761542675,-1.4757572478197234,-0.001592296506225131,1.0
0.5435648545113724,-0.9671918320077385,1.3357801079872467,-0.0077851995087189225,0.0
0.5598736414242631,-0.6925139028280303,-1.4798101215355663,-0.022200282514292843,1.0
0.5435648540502608,-0.9671908118321756,1.331834821832162,0.029833471711880142,0.0
0.5598736414392741,-0.6925167860761671,-1.480987921442368,0.049857187895787025,1.0
0.5435648544611935,-0.9671910299164416,1.3396648684622858,0.03572047368412497,0.0
0.5435648544804502,-0.9671886548094533,1.3348136909517085,-0.013396781806194887,0.0
0.5435648547992512,-0.9671867613021732,1.3254963880087847,0.0011767917719364923,0.0
0.6271579206345883,1.6078112017212294,0.15870197247613038,-0.014113351737632597,3.0
0.6271579193437287,1.6078136641539118,0.1640384232886486,-0.02217434539057127,3.0
0.5598736410542211,-0.6925143365153291,-1.4805452062513185,-0.022085967486833957,1.0
-1.7317881821247183,0.054052572536074595,-0.004936815947992287,-0.07778112672581329,2.0
0.5435648546043702,-0.9671875063436934,1.3437888611191067,0.028024061990513167,0.0
0.6271579199473671,1.6078110208237424,0.16032255012452526,0.04239503621640724,3.0
-1.7317881816029606,0.054050525447591174,-0.011568852277179908,0.048893259897452385,2.0
-1.7317881810712172,0.05405097568329386,-0.002039441928934468,0.06168557588207792,2.0
0.559873640688401,-0.6925157041004004,-1.4750061240398729,0.009902125129717268,1.0
-1.7317881818533876,0.054050349760345916,-0.003458102218825932,0.06237973378523279,2.0
-1.7317881810139535,0.05405225386613697,-0.002023401421157328,-0.03899916695210588,2.0
0.5598736411450671,-0.6925159700968304,-1.4790623424691902,0.02767613159129795,1.0
-1.7317881815380205,0.05404969023241719,-0.0021214857980652833,-0.01453780676980469,2.0
0.5598736407997469,-0.6925178075194096,-1.4824543783319821,-0.024783529206818686,1.0
0.5598736411882694,-0.6925184042348255,-1.4823981354187457,-0.03473818880461447,1.0
0.5435648551275121,-0.9671886702236592,1.3360802297720238,0.032481732744712985,0.0
0.5598736414924393,-0.6925166638978419,-1.4790335621206985,0.009500910153518867,1.0
0.5435648546703334,-0.9671872369862654,1.3341232833924899,0.018755172327004684,0.0
0.5598736409635746,-0.6925158354631413,-1.4764247824255252,-0.04025160735924913,1.0
0.5435648552538427,-0.9671926176338242,1.3362304056316952,0.007652718207846419,0.0
-1.7317881812562947,0.054049815433943244,-0.007927081406598157,-0.009564810493176552,2.0
-1.731788181235294,0.054049872267603015,-0.006346436032549652,0.013827172710336389,2.0
0.5598736414626073,-0.6925194407229991,-1.475980429657728,-0.016247728279270863,1.0
0.6271579197603464,1.6078127306484988,0.15623949742442134,-0.012172377970780345,3.0
0.543564854360132,-0.9671914023938559,1.328598034450533,0.054321116013107275,0.0
0.6271579200721394,1.6078088331856328,0.16161336196622458,-0.012866805414785024,3.0
0.5598736412508812,-0.6925168704573611,-1.4777374061714152,0.005662557558192599,1.0
0.6271579203363105,1.6078142631798513,0.16417479387089717,0.05287548787895018,3.0
-1.7317881811764704,0.05405022824688338,-0.005972287158345463,-0.02503009930878278,2.0
0.5598736415026602,-0.6925170268060722,-1.4750736102005295,-0.035022844334667784,1.0
0.55987364109335,-0.6925161677160366,-1.4841773230592512,0.02896391624255738,1.0
0.5598736417441806,-0.6925149736155725,-1.4781791710694945,-0.014160079313614429,1.0
-1.7317881813444036,0.054049149602843446,0.00435154975568151,-0.008733054619553439,2.0
-1.7317881813570994,0.05405032313099263,-0.0045389719578672145,0.01734627623690472,2.0
0.5435648548938031,-0.9671877659459227,1.332031256788374,0.035568449196399725,0.0
0.6271579194564356,1.607808989683379,0.16404162791517055,-0.035344972552134465,3.0
0.5598736415216821,-0.6925147205216744,-1.4801206153420061,0.01789198990436304,1.0
0.5435648542352952,-0.9671925776474403,1.330147665023294,-0.04983449713957752,0.0
0.5435648543409337,-0.9671874160595326,1.3347225075138378,0.0012152309700103612,0.0
-1.7317881817603389,0.054049201231696334,-0.005599534420795061,0.003127097732881313,2.0
0.5435648546347225,-0.9671870738829735,1.3373320948335778,-0.03196177850957715,0.0
-1.7317881813666018,0.05405091102274253,-0.009410392528222669,0.009075380631336984,2.0
-1.7317881817703313,0.05405369599127157,-0.012699754338493614,0.039064939687053685,2.0
0.5435648550395799,-0.9671888833341047,1.3322735453683052,0.07997726777761402,0.0
0.627157919901394,1.607810424833509,0.16453241621400458,0.033575606506762654,3.0
-1.7317881809699318,0.054050652506774786,-0.0030334753927236035,-0.034899832556793464,2.0
0.5598736417216534,-0.6925169882904255,-1.473687300296419,-0.03257461758501033,1.0
-1.7317881808279327,0.05404718321080781,-0.0063069285638185976,-0.019867604112025677,2.0
0.5598736419278091,-0.6925146007977206,-1.4783788002108984,0.025380620033362996,1.0
0.5598736413886958,-0.6925164171632914,-1.480653356922487,-0.02575386891137202,1.0
0.6271579201069415,1.6078073084719713,0.15941520341873613,0.012867512260714522,3.0
0.6271579192522517,1.6078130195027138,0.1632351222430411,0.03958233652529641,3.0
-1.731788181876433,0.05405196467668968,-0.007473866048417841,-0.01733421975811602,2.0
-1.7317881816308194,0.05405182297704208,-0.005719662408541106,-0.013222197063240033,2.0
-1.7317881816326957,0.05405043583667402,-0.009365158174255551,-0.007183342470166179,2.0
0.6271579206743799,1.6078129949599043,0.15432573794376805,0.01747193516621987,3.0
0.6271579204342669,1.6078074578644415,0.15798055738631617,0.021343038431904087,3.0
0.6271579201168763,1.607812421123456,0.16352453597382027,0.03529445244007394,3.0
-1.731788181133347,0.054052134090186,-0.0012730294721486892,0.019757538512196113,2.0
0.5598736414115673,-0.6925190635025632,-1.478311399444778,-0.06613136835830731,1.0
0.5435648544705018,-0.9671913764985618,1.3271518158552034,0.014712127043319692,0.0
0.5598736415610787,-0.6925125550294225,-1.4719850399585075,0.00770312908141843,1.0
0.6271579192750534,1.6078104436744585,0.15764571968186353,0.06194747896761573,3.0
-1.7317881815481257,0.05405012856190504,-0.002057450383286015,-0.03463273242958625,2.0
0.5435648543498114,-0.9671920434205692,1.3249961409556954,0.07404181136454106,0.0
0.5435648543921758,-0.9671923263970507,1.3357332000028852,0.03932635209817237,0.0
0.5598736417781752,-0.6925155654342976,-1.4741143159658554,0.02188128186954487,1.0
-1.7317881823471224,0.054051048234531746,-0.011091431675454481,0.01230568366255568,2.0
-1.7317881810390072,0.05405215493897884,-0.004577898009137941,0.0852173732590471,2.0
-1.7317881812463083,0.05405057909947642,-0.004978278757347698,0.017084569328488636,2.0
0.5598736418001058,-0.6925172375313667,-1.4770837706726878,0.009334367634459004,1.0
0.5598736414579906,-0.6925146138647429,-1.47902096151605,-0.026290295425790436,1.0
-1.7317881813099953,0.05405165775384812,-0.005379037036180567,0.009731164993722376,2.0
-1.731788180749768,0.054051671592332734,-0.0038204853960151913,0.0315313867050942,2.0
0.6271579199499389,1.6078130061619258,0.1562687178337231,-0.012938899178410167,3.0
0.5435648546681396,-0.967189837194618,1.3308664709779996,0.0004930670011106307,0.0
0.5435648553093072,-0.9671903476902796,1.3316166418879296,0.04957615774213822,0.0
0.6271579197763882,1.6078110719820062,0.1560011440485974,0.0105929202472888,3.0
-1.7317881818874832,0.05404996841119792,-0.006352612630849617,-0.019410277739756246,2.0
-1.7317881809156384,0.05404753996377424,-0.00933694005966652,0.034115151194985455,2.0
-1.731788181134645,0.05405214490484974,-0.006409183171589443,-0.02312229588739181,2.0
0.6271579195062518,1.607814267411994,0.15725372280420633,0.05436023465652408,3.0
0.5435648549272916,-0.967193465537425,1.3341036627927674,0.014799532272521619,0.0
0.5435648553124672,-0.967189676920822,1.3290427242457958,0.007887949865846552,0.0
0.543564854426988,-0.9671906593398254,1.3288488665385887,-0.04628323604044593,0.0
0.5435648543870596,-0.9671882453069851,1.336246953763867,0.09524629551802015,0.0
-1.7317881814482312,0.0540522018356009,-0.012938150613082969,-0.06131228239251634,2.0
-1.7317881815268596,0.05404851487504724,-0.003177601697605398,-0.05669409369691217,2.0
0.5598736412750299,-0.6925168609679728,-1.4750590241074337,-0.08111158901488053,1.0
-1.7317881811355862,0.05404893996372033,-7.297130930165097e-05,0.004950188071278366,2.0
0.5598736416473192,-0.6925176262388868,-1.4869784034092184,0.02406927107816094,1.0
0.5598736416432447,-0.6925176842957184,-1.4829093245690546,-0.011968165315829575,1.0
0.5598736414244577,-0.6925150696531305,-1.4813901457096021,0.009806862758192333,1.0
0.6271579202200043,1.6078114208075989,0.16243001578119365,0.0012456229873704615,3.0
-1.73178818220463,0.054052539456768134,-0.008504706712289898,-0.021146886281850432,2.0
-1.731788181860648,0.05405088190262437,-0.012535417885186063,9.689836391416034e-06,2.0
0.6271579194988386,1.6078118965587835,0.15639288854072575,0.023714754280632546,3.0
0.5598736409122645,-0.6925175727638206,-1.484361137974934,-0.03290205682759719,1.0
0.5598736416330649,-0.692516148401049,-1.4808059216404974,-0.06987862471065487,1.0
0.5435648553168171,-0.9671893637739614,1.326826994034788,-0.012862034595780811,0.0
-1.7317881816915568,0.054051776220251126,0.0011499531543717031,0.009460715765613999,2.0
-1.7317881813634293,0.05404934069974095,-0.007247359445083274,-0.06874652709436571,2.0
-1.731788181789818,0.05405173118926171,-0.003763621618008241,-0.0018330008744367207,2.0
0.6271579202502786,1.607811100698298,0.1641856975456296,-0.006493400181098505,3.0
0.6271579192101135,1.6078129266012182,0.1587551875733523,-0.0005937288447106661,3.0
0.5598736411566896,-0.6925174255586689,-1.4795993008839305,-0.0328517115275011,1.0
0.5598736413839245,-0.6925193834664297,-1.4857356212626773,-0.030667774368184197,1.0
0.5598736423871472,-0.6925164430727663,-1.4788979072560557,-0.036614968820062425,1.0
0.5435648550233668,-0.9671887744218403,1.3300835564974114,0.06009062910323124,0.0
-1.7317881821014023,0.054050438650903324,-0.0019037123063211346,-0.014986198686541455,2.0
0.5598736421244714,-0.6925153769571653,-1.4799846865107358,-0.055726926231252256,1.0
0.559873641217185,-0.6925128948808421,-1.4835720485239468,-0.03838158412678857,1.0
-1.7317881816056195,0.05404963962825382,-0.004314519458089419,-0.006887721397016372,2.0
0.5435648546332867,-0.9671875209457554,1.3359102065433064,0.024799371996287605,0.0
0.5435648547298526,-0.9671880475443545,1.3346841423643139,-0.05164397577935895,0.0
0.5598736417716472,-0.692516403525316,-1.4784607074255933,0.003434605090104931,1.0
-1.7317881815999991,0.054048767790127655,-0.0021689948589509473,-0.027191361073287318,2.0
-1.7317881821498324,0.05405234451812271,-0.00876067267594897,-0.023875994650375595,2.0
0.5598736410235337,-0.6925165261514667,-1.4773241476047025,-0.032582227509494285,1.0
0.6271579201867818,1.6078112389281687,0.15874916849897394,-0.05685874662527198,3.0
0.5598736416145238,-0.6925146328038739,-1.4741797521180355,0.015477181132097357,1.0
0.559873641186741,-0.692516245294112,-1.478577409581299,-0.027996447798359414,1.0
-1.731788181067142,0.054047992372436605,-0.009465641991479402,0.011236850912177096,2.0
0.5435648544762534,-0.9671891164745031,1.3344848008921022,0.052098275996671675,0.0
0.6271579192829755,1.6078097580853126,0.16007284813722839,-0.0035332780092954086,3.0
0.5435648550157253,-0.9671903162151427,1.3359021592259408,-0.038123036345323574,0.0
0.6271579198368941,1.6078125537031103,0.15982487991544608,-0.013303011477944184,3.0
0.5598736411457242,-0.6925134491730723,-1.4836648620536963,0.0292090041920962,1.0
0.5598736419962707,-0.6925176604645582,-1.4834288099631463,0.022620738132925297,1.0
0.627157920525945,1.6078109472586781,0.1672727206429662,0.03284193643700165,3.0
0.627157919100942,1.6078100488328466,0.1643671410407317,0.01151698652955165,3.0
0.6271579205331014,1.6078108134277709,0.15932072455281443,-0.014357965170410585,3.0
-1.7317881815670895,0.05404847763724067,-0.0013996386796964516,-0.04957184433601832,2.0
0.559873641490775,-0.6925162232213553,-1.4780188411903914,-0.05307211645083104,1.0
0.5598736421636641,-0.6925127565908086,-1.4792734769520384,-0.010153244158473029,1.0
0.559873641424062,-0.6925133593820296,-1.4683204392355638,-0.05906176958317092,1.0
-1.7317881808380426,0.0540514441539259,-0.0108782646400496,-0.0006599129478966697,2.0
0.6271579198691652,1.6078114912669943,0.16110778195043396,-0.06437014908214711,3.0
0.5598736416236688,-0.692516724183599,-1.4803228826505224,-0.02199672626195295,1.0
0.5435648546569876,-0.967190585984043,1.3331927956968774,0.023297420691225746,0.0
0.6271579201485333,1.6078121168967952,0.1622512648157851,-0.00931656268732467,3.0
0.5435648553036092,-0.9671915345328238,1.3304664720311927,0.08844903145173384,0.0
-1.731788181171852,0.054050483589939885,-0.009661806618641551,-0.06306289148490585,2.0
0.5435648549718386,-0.9671902290920256,1.3307911767456424,0.013814833228420666,0.0
-1.731788181311062,0.054054308848203225,0.005255369023473102,-0.0909147274245858,2.0
0.5435648543434458,-0.9671922983541617,1.327288023052182,-0.011802945887186552,0.0
-1.7317881817558622,0.05405176093939728,-0.003925106456089926,-0.08884815158707646,2.0
0.5598736413289664,-0.6925179872353354,-1.4814690376107227,-0.04019883879152006,1.0
-1.7317881809887306,0.05404927084942183,-0.008749166730681173,-0.0169797037143277,2.0
-1.73178818146739,0.0540490675708503,-0.004477660619309145,0.09935872599981813,2.0
-1.731788181106627,0.05404844810282097,-0.0018179945820401568,0.06489201588963493,2.0
0.627157920412587,1.6078104773045965,0.15787387322008667,0.0011133458975420406,3.0
0.5435648551022643,-0.9671925987229187,1.3303941716468326,0.010029611357547945,0.0
0.6271579205632819,1.6078109376961334,0.16180634730413002,0.023814922463533457,3.0
0.5598736414163726,-0.6925173358680292,-1.4785696600977676,0.03351624388143708,1.0
-1.7317881812005922,0.05405172180367869,-0.006747190973678074,0.00026407408155832676,2.0
-1.7317881810004123,0.054050818838358335,-0.007216926079551981,-0.005403702294558963,2.0
0.5435648552588803,-0.9671895388196815,1.3370575543976837,-0.0004602102510678333,0.0
0.6271579198286527,1.6078165386638,0.15162710898601592,0.05540660804626619,3.0
-1.731788181381998,0.05404972420693739,-0.008295736716091028,0.062411378680815636,2.0
0.5435648555662194,-0.9671866291815757,1.334781377016015,-0.03579954984627076,0.0
0.5598736415223243,-0.6925173747422168,-1.4757740780457136,0.015372763224716597,1.0
0.6271579193321444,1.6078136735275372,0.15912926476163686,0.02739657816371519,3.0
-1.73178818117115,0.05405107065744595,-0.005718156261400368,-0.003847157508307906,2.0
0.5598736420148579,-0.6925166387234647,-1.4746262215787225,-0.013352793822432851,1.0
0.5598736413891605,-0.6925153824143968,-1.4748418230564695,-0.048782460074176894,1.0
0.627157920067782,1.6078131971987393,0.15359618380497653,-0.012919267724639156,3.0
0.627157919561133,1.6078102019889526,0.16365364688774459,-0.024184342235791835,3.0
0.5598736413775776,-0.6925134677671339,-1.4791694876962502,-0.03784101244389797,1.0
-1.7317881816838827,0.0540515983524184,-0.008389592828748703,-0.01406380505055804,2.0
-1.7317881817924141,0.05405116808811612,0.0014588969051674565,0.012331010123298037,2.0
0.5435648552175485,-0.967191146210686,1.3334214812796883,0.005967514526964591,0.0
0.5598736413170453,-0.6925168593208856,-1.4746037431621684,0.030358332860300357,1.0
0.5598736410823167,-0.6925177516754811,-1.4764020669640696,-0.0497562395543311,1.0
0.6271579198853119,1.6078085345567026,0.1620362270503895,-0.012784298365523241,3.0
0.5435648544087623,-0.9671899681647437,1.3395177357196812,0.04514623679456551,0.0
0.6271579199958766,1.6078125439927322,0.16183106813965378,0.006171268737004561,3.0
-1.7317881807963238,0.054050859991182094,-0.004846033686140086,-0.03315740686453726,2.0
0.5435648551598592,-0.9671881455552302,1.3347574333227719,-0.05247594228799657,0.0
-1.7317881808135902,0.05404933100077586,-0.004765691140773993,-0.04493858393079625,2.0
-1.7317881815407477,0.05404744638457836,-0.004766192116711921,-0.015283150632685562,2.0
0.5598736410640033,-0.6925169226803152,-1.4827473528916575,-0.022275194128760528,1.0
-1.7317881817924856,0.05405244040389406,-0.004478196799722392,3.349818623069786e-05,2.0
-1.7317881813625742,0.05404880371639209,-0.00827238835571646,-0.016643988093966666,2.0
0.5435648542500465,-0.9671910557664618,1.3409508521354545,0.03421256052623459,0.0
0.5598736413995669,-0.6925157744138241,-1.4769318464955454,-0.12248617482032736,1.0
0.5435648545895752,-0.9671895793386172,1.3284707868677477,-0.03020210881982989,0.0
0.5598736415876169,-0.6925172856579523,-1.4779339691615538,0.007300184179112933,1.0
0.5435648545420501,-0.9671875942413738,1.3323765904128533,0.058034303012194394,0.0
0.6271579205217406,1.6078124715869313,0.16311606340340495,0.0024053693615258337,3.0
0.5435648551780553,-0.9671872229188025,1.3348457486151017,0.09000106314738122,0.0
-1.731788181381128,0.05404969195479474,-0.0009222971618743702,0.022633590432630704,2.0
0.6271579202541495,1.6078128565221737,0.16316231550229027,0.068751682867303,3.0
0.5435648545662971,-0.9671889389169884,1.3355741052215047,-0.021623513538490263,0.0
0.6271579199720805,1.6078092363922287,0.1657448044175876,0.04510609582572271,3.0
0.5598736417614142,-0.6925166693549258,-1.4777601996523952,-0.008310924313558237,1.0
0.5598736413246693,-0.6925167316187938,-1.4739534355778923,0.015345720484853529,1.0
-1.7317881812550229,0.05404947378128313,-0.0032495006820057043,-0.024286072749547635,2.0
-1.7317881811988547,0.0540512580666282,-0.003419044855084908,0.02442977467370599,2.0
0.5435648546131657,-0.9671894090405232,1.3322976181090382,-0.005986018859841596,0.0
0.5435648546355882,-0.9671899076481401,1.3357707042949285,-0.044578194866976194,0.0
0.5435648550505313,-0.9671906064187472,1.3374690190165668,0.04912151341151792,0.0
0.5435648551529189,-0.9671904196328613,1.330840586644744,0.026310766512885966,0.0
-1.7317881814599838,0.05404883815650979,-0.003419797485744695,0.04340816395231273,2.0
0.5435648544265034,-0.9671908398924791,1.3365682853586296,0.008357157128628178,0.0
0.5598736418468513,-0.6925157854608102,-1.4810774271936493,-0.0017310120791750687,1.0
0.627157920714837,1.6078102175889166,0.1549738001335975,0.034312480540294024,3.0
0.5435648542570695,-0.9671885217491513,1.3378975637312618,-0.011517939062777257,0.0
-1.731788181133763,0.05405073995946093,-0.005430982095714352,0.06403099108872927,2.0
0.6271579199754885,1.6078112559718774,0.1573115673808569,0.028773685213683616,3.0
-1.7317881822368992,0.05404853442176123,-0.0023549842693911965,0.00897731395153552,2.0
-1.7317881817247422,0.05405065802124399,-0.005712216098946001,-0.03783761698979943,2.0
0.6271579197927432,1.6078108756774216,0.16131472200074928,-0.013289179237117,3.0
0.5598736418361192,-0.6925146057973596,-1.4802518283508315,-0.020935921063174132,1.0
0.5435648543981512,-0.9671875118745661,1.324910121171355,0.03058935933524987,0.0
-1.7317881808175613,0.0540538410014913,-0.002040288715560866,0.10702237368815716,2.0
0.627157919950392,1.6078115312283447,0.16330281543393244,-0.008931710111764857,3.0
-1.7317881811980995,0.054049614668586606,-0.008554335557369048,-0.0002820738181022654,2.0
0.6271579194146576,1.6078062253478538,0.16227949772485767,0.006952636794618114,3.0
0.5598736413879378,-0.6925140786582217,-1.4782987231059892,-0.00745906219807745,1.0
0.543564854321295,-0.9671896339363537,1.331437574374691,0.0004562278324385514,0.0
-1.7317881814642775,0.05404837623642873,-0.007880821515132532,0.05156977251094999,2.0
0.559873641307071,-0.6925130246092593,-1.4795617700619188,-0.013447077218972096,1.0
0.5435648544884377,-0.9671913132754534,1.3305779214371443,-0.024893957506586337,0.0
0.5435648554826141,-0.9671911783831701,1.3359943982220863,-0.04369321135729869,0.0
0.6271579203801018,1.6078088931914891,0.1566446523988608,-0.02788363370793101,3.0
0.6271579196569717,1.6078150155376523,0.16291906183736066,-0.04112016651949667,3.0
0.5598736407891015,-0.6925182462333688,-1.4821590176599768,0.023390146093172193,1.0
0.543564854698604,-0.9671908685124783,1.3358668289435587,0.010112126836927682,0.0
0.5435648546603697,-0.9671919184204971,1.3338401334795178,-0.05332479776940312,0.0
0.6271579194231482,1.6078107932250176,0.16916811065890125,0.07809647889956911,3.0
-1.7317881810094375,0.05404886444280898,-0.009228479404295612,0.04361572310807685,2.0
0.543564854983662,-0.9671892221999089,1.327223663276513,0.026501706133830925,0.0
-1.7317881816346503,0.0540496744628958,-0.004156713422260918,-0.025129741512317057,2.0
0.5598736416120444,-0.6925163855565929,-1.4748455590164065,-0.0233703024785264,1.0
0.5435648541202794,-0.9671905768882485,1.3317579464040992,0.01525873320340319,0.0
0.6271579198283139,1.6078106150371487,0.165241217903548,-0.04679004368176119,3.0
0.5598736411266934,-0.6925150270767653,-1.4782554183843188,-0.05616901386378363,1.0
0.5435648554477113,-0.9671891746454809,1.334358657713701,0.046009748295738846,0.0
0.5435648544199524,-0.9671905068747015,1.324314210376065,0.017885029981737504,0.0
0.5598736415520958,-0.6925139718747545,-1.4817915058136923,0.009570355319925127,1.0
0.5435648549455341,-0.9671880075707635,1.3339121071652789,-0.04913980022791265,0.0
0.543564854630869,-0.9671877808905164,1.3368970818974646,0.07632785400345792,0.0
-1.731788181717199,0.054051034193706146,-0.0053528536543935015,-0.00763527010503436,2.0
0.5598736412759004,-0.6925145621972306,-1.4749255397510488,-0.042430004982199405,1.0
0.5435648546279226,-0.9671891608155009,1.3295181500236086,-0.0146575198046144,0.0
0.5435648538780232,-0.9671934741246072,1.3320851657898551,0.009842739334131361,0.0
-1.7317881818640584,0.05405043309279306,-0.007796979340162091,-0.0035177909537098743,2.0
0.5598736419271033,-0.6925176697191424,-1.4783471906139967,-0.005975682039738904,1.0
0.5598736411329284,-0.6925140875956071,-1.4716902411070636,-0.04365111645968178,1.0
0.6271579199210424,1.6078110160735393,0.16277672642878466,0.0016917298423161677,3.0
0.5435648547430454,-0.9671898246604538,1.342297484001322,0.0026385347493719288,0.0
0.543564854784621,-0.9671905477824606,1.340914537666296,0.016283414365406885,0.0
0.6271579194223662,1.607814025349081,0.17197310462690316,-0.016860066014953337,3.0
0.5435648548847375,-0.967189753794705,1.337126857618504,0.06305433984497139,0.0
-1.7317881814164438,0.05404793787976103,-0.0010515446737851472,0.033567038255942996,2.0
0.5435648549110851,-0.9671905171677853,1.3316892563937217,0.01689391054379494,0.0
-1.7317881816093181,0.054046896388584,-0.007371293765667999,-0.013691267571037832,2.0
-1.731788181167754,0.05404698758415826,-0.0030772738343162326,-0.009354848615337408,2.0
0.5435648550547005,-0.9671905254258418,1.3359970083616428,0.051906077511339486,0.0
0.6271579199533207,1.6078084360267317,0.15952800759133173,0.03287074069848587,3.0
-1.7317881815971174,0.05404975304118705,-0.008884776533251867,-0.09201947017444781,2.0
0.5598736418877903,-0.6925113576152998,-1.4702819456430642,-0.00607062851036719,1.0
0.5598736414918497,-0.6925159060852895,-1.4747338771279228,0.01362777329205863,1.0
0.5598736411285283,-0.6925130579278188,-1.4777080417795856,-0.010167190506652901,1.0
0.5435648550156135,-0.9671909143601803,1.33335146154326,0.04401760868245436,0.0
0.559873642128649,-0.6925165487982591,-1.4779930587534669,-0.05337361744695363,1.0
0.6271579201438925,1.6078087801191978,0.16365273858951584,0.008137602934033353,3.0
-1.7317881812793845,0.054052024061053305,-0.0066960326106846905,0.011397324598397566,2.0
0.5435648549744869,-0.9671900139546109,1.3314727612966804,0.004686637557148091,0.0
-1.7317881806756639,0.05405174886452851,0.002073799455230272,-0.0016568958416916125,2.0
0.5435648546489961,-0.9671866417023114,1.3284884631268061,0.05345897843642893,0.0
0.5598736418084926,-0.6925148650411482,-1.4813016647549722,0.01722306569782182,1.0
0.6271579197996681,1.607813463009574,0.16283206916919787,-0.02552857038867796,3.0
0.5435648550911455,-0.9671907369631805,1.3287572123099591,0.04373240510157796,0.0
0.5598736421175806,-0.6925149013248533,-1.4829836336933846,0.037250096971241785,1.0
0.6271579206225478,1.6078088990259074,0.16172549581167942,0.023470065086306488,3.0
0.5435648552120325,-0.9671910113240281,1.3302367562827497,0.05612850992187091,0.0
0.5435648547848291,-0.9671913127632072,1.3267902837609615,0.03537498767977804,0.0
-1.7317881813094587,0.05405175243794913,-0.0071445268135864,-0.0013198860454415567,2.0
0.6271579196850088,1.6078120174682238,0.1585357432541221,-0.05940402195226378,3.0
-1.7317881813205915,0.054051649832407726,-0.0065489144722310644,-0.047948650683622744,2.0
0.5435648539422959,-0.9671892808058209,1.341001781685567,-0.02081803919188612,0.0
0.5435648544828146,-0.9671897531283385,1.335633892705808,0.0032418017233923086,0.0
0.5435648542904604,-0.9671908001546121,1.33125196180219,0.03576211080253408,0.0
0.5435648547031158,-0.9671907810723647,1.3343110279447574,-0.00013162635006921055,0.0
-1.7317881809113458,0.05404994851773883,-0.005571292210628714,-0.03759965562919115,2.0
0.5598736413951344,-0.6925183019186784,-1.477084045451912,-0.004693559644911952,1.0
-1.7317881824143784,0.054049506318003565,-0.0022812438844457264,-0.006836880366619442,2.0
-1.7317881817807854,0.05405429160734426,-0.003988720120516311,-0.05469293871213301,2.0
-1.731788181870289,0.054051991084780635,-0.0066751354325104645,0.039332498385413237,2.0
0.5435648549963097,-0.967189447764931,1.3316194061265054,0.040792346501893194,0.0
0.5435648548506441,-0.9671893192281723,1.3274812924607708,0.03339374587195031,0.0
-1.7317881815906955,0.05405153704855372,-0.00416517569602131,0.009642350965178383,2.0
0.5598736408811613,-0.6925176492387182,-1.478703797299769,-0.048816557049516464,1.0
0.5598736418802521,-0.6925137836363882,-1.47519197883706,-0.0279032739661093,1.0
0.6271579202744728,1.6078092698653228,0.16004993455833696,-0.03085008384826062,3.0
0.6271579204473114,1.6078108362224857,0.15535086732039485,0.020739072002220065,3.0
0.5435648545351055,-0.9671885619153253,1.3299185823091981,-0.017933724937252517,0.0
0.559873641868821,-0.6925170496628077,-1.48339881001165,-0.012377034775302201,1.0
0.5435648543500945,-0.9671898255609884,1.3289153632842714,0.06265349287502806,0.0
-1.7317881816663305,0.05404954302765919,-0.011466435699244134,0.0351866348788888,2.0
0.5598736417621022,-0.6925155821578589,-1.4786343794955337,-0.03868006924696459,1.0
0.5598736415536808,-0.692513562708936,-1.476107300190783,0.0277013426889479,1.0
0.6271579199135092,1.6078143207040607,0.16339107869014122,-0.0025529370992519408,3.0
-1.7317881811960685,0.05405132060551226,-0.006381847470333227,-0.00693816775737046,2.0
-1.7317881811554043,0.05404887032140903,0.0013583249526343526,-0.04712220928649604,2.0
-1.7317881818262382,0.054047576371902994,-0.0017960715736218727,-0.019882163953182454,2.0
-1.731788181578297,0.05405070965571056,-0.004561556047238901,0.053960065289639675,2.0
0.5435648545388685,-0.9671906520428153,1.335972380061612,-0.0033864623808347815,0.0
0.6271579198123892,1.6078127014888384,0.15769290356148902,0.028022038183644068,3.0
-1.7317881813951295,0.05405047146592683,-0.011680618757529435,0.04193617342289643,2.0
0.559873641329416,-0.6925156529019157,-1.483666527826204,0.0296528945568111,1.0
0.6271579203646821,1.6078129260099556,0.16370216694609477,-0.03900501989901387,3.0
0.5435648550083262,-0.9671908609791362,1.3328188747053773,0.05147698217223744,0.0
0.6271579198228364,1.6078133002018824,0.1609842389580961,0.04901402201717657,3.0
0.6271579201919535,1.6078112330962409,0.16556809139076767,-0.0001245592625820239,3.0
0.5598736414762288,-0.6925174589898121,-1.4744119516870045,-0.04811605638719562,1.0
0.6271579204582926,1.6078107668956525,0.15944622323951094,-0.03919080458473943,3.0
-1.7317881811584488,0.05404995957560424,-0.013226255564428586,0.057217928893010764,2.0
0.6271579202006361,1.6078102794144515,0.15809540108026882,-0.010838590197822443,3.0
0.5435648548551782,-0.9671877070687778,1.3348433554213226,-0.009681549239621168,0.0
0.5435648545390558,-0.9671897161611027,1.3301155712917114,0.0074544219709745925,0.0
0.5435648549782828,-0.9671864972067741,1.3373528564579513,0.017498116457570326,0.0
-1.7317881815724805,0.054049556682946844,-0.0007659394804132637,0.03553232870714071,2.0
0.6271579194284184,1.60781215443504,0.16587883918549787,0.011263881710662726,3.0
0.5598736416402977,-0.6925167128756785,-1.4807330518932207,0.01609374694907316,1.0
0.5435648550475287,-0.9671884720420364,1.333513527395469,0.011294164879111883,0.0
0.6271579203122104,1.607812220457283,0.16085663918968102,0.01720335564352521,3.0
0.5598736417561786,-0.6925150128897428,-1.4813422463147843,0.03114765946001608,1.0
-1.7317881813068536,0.05404940382524549,0.00022536833493226065,-0.023973826683450265,2.0
0.6271579197060569,1.6078149121964003,0.15800278795865044,-0.032616274245673225,3.0
0.5435648544822016,-0.967190518953334,1.3308642472128709,0.0496828263849054,0.0
-1.7317881818616192,0.05405227859087322,-0.0026844786162362596,0.027719918448330574,2.0
-1.731788181411352,0.05405026567911166,-0.0099847370976461,0.05385634995102572,2.0
0.6271579196811911,1.6078097746550883,0.16636150120697585,-0.03500004173856713,3.0
0.5435648551220991,-0.9671880695089515,1.3267740818356786,0.036630923502416535,0.0
0.5435648550888137,-0.9671871757340446,1.3306145358177839,0.029441029101174344,0.0
0.5598736414691236,-0.6925160997772456,-1.4746467693725178,0.0659985845626605,1.0
0.5435648540195677,-0.9671891571636576,1.3388291978313251,-0.013217468038865842,0.0
-1.7317881815982359,0.054052194938997225,-0.0018719408525580772,0.01018865633144983,2.0
0.5435648541619629,-0.9671910812776099,1.3356992577593887,-0.026029293453853804,0.0
0.5598736418490412,-0.6925189007684786,-1.483456937579037,-0.0024209980211877,1.0
0.6271579199840702,1.6078136468113966,0.160102836220245,-0.02869541942920761,3.0
0.5598736415038589,-0.6925154251686073,-1.475980837297309,0.011740819423503858,1.0
-1.7317881815142553,0.054053630761474014,-0.007058295838663185,0.08913090717549048,2.0
0.543564855164067,-0.9671911454643819,1.3317713311252333,-0.011329498806092797,0.0
0.5598736416497052,-0.6925189808766333,-1.4804139895839499,-0.04683817293696695,1.0
0.5598736420140351,-0.6925146089185973,-1.4801268756612047,0.029402079758997966,1.0
0.6271579198154325,1.6078078548161847,0.15745655502570968,0.0025941368624679572,3.0
0.5598736417546978,-0.6925150697716385,-1.4823571215298414,-0.012199426179224043,1.0
0.5598736412800965,-0.6925161594460223,-1.4789103980323042,0.04021738066271639,1.0
0.5435648542856892,-0.9671897183579652,1.328315372178112,-0.03795254866912442,0.0
0.5435648552635888,-0.9671904452262244,1.3326430986485482,0.09411992498266743,0.0
-1.731788181274174,0.05405112201536202,-0.005541968063417269,-0.019860127577926986,2.0
0.5435648551249036,-0.9671870421741968,1.3327853127071636,0.05930501945926965,0.0
0.5598736413495763,-0.6925164331412605,-1.4775470452637955,-0.036756600926809234,1.0
0.5435648553042361,-0.9671892014128303,1.334036319936711,0.01546813727964215,0.0
0.5435648538862582,-0.9671888382146415,1.3279091480397078,-0.0357491088646022,0.0
0.559873641291697,-0.6925147484695158,-1.4839616045588693,0.01076456778639523,1.0
0.5435648545920807,-0.9671900258728598,1.3256547012876398,0.05307580744646427,0.0
-1.7317881817258804,0.054048846319771304,-0.006437296777879341,-0.006541761927271935,2.0
-1.7317881808584121,0.054049223167799254,0.004725705610521259,-0.03253198418986029,2.0
-1.7317881819391396,0.05404981997283971,-1.8600749098074266e-05,0.04519895385565537,2.0
0.5598736412701146,-0.6925171198036876,-1.473168344579695,-0.03170337562713925,1.0
-1.7317881814215823,0.054048436346654544,-0.001429401314090823,0.010744939614289491,2.0
0.62715792014272,1.607811946513442,0.15978144659100146,-0.002906394183964254,3.0
0.6271579190678469,1.6078115055929008,0.15651711770658408,0.03625193047412922,3.0
-1.7317881812807934,0.054049391654644334,0.003910151789936456,-0.03358663367162586,2.0
0.5435648541182105,-0.9671881193783878,1.3334634821372067,-0.021324568261967203,0.0
-1.7317881811249782,0.05404790577546919,-0.0025822425978020273,0.028975459991883227,2.0
0.6271579196385251,1.6078174572628423,0.15502248981970354,-0.007569052333202143,3.0
-1.7317881812415294,0.05405118334992217,-0.015203718951536214,0.05248586430532781,2.0
0.5435648550621762,-0.96718907869391,1.3349925413472978,0.04287454392631292,0.0
0.5435648547157197,-0.967189910266324,1.3285495143543133,-0.048341876997323806,0.0
0.6271579196438698,1.6078108959570696,0.16203781976322632,0.022539252891223275,3.0
-1.731788181381224,0.05405141880216636,-0.0027486343944754677,0.030922738469089543,2.0
0.5435648547515091,-0.9671911014883314,1.3301231223675019,0.0027486850652207974,0.0
-1.731788181536394,0.05404957956750186,-0.004566022271098237,0.028068201805012103,2.0
0.5435648545393803,-0.9671872283831728,1.3345352557770442,0.08388480477670823,0.0
0.5598736422485346,-0.6925128461541037,-1.4685579172813743,-0.046384252160977205,1.0
-1.7317881815855292,0.0540528036165272,-0.005687235984361273,0.07208139421057225,2.0
0.6271579199291514,1.607811110464048,0.1553109505750568,0.009932056275160719,3.0
-1.7317881820609995,0.05404966514390292,-0.010610166671045008,-0.033332573927790966,2.0
0.6271579193883219,1.6078111504603618,0.16372770498392286,-0.036697746482272184,3.0
0.5598736407400224,-0.6925160231208185,-1.4802343085326917,0.020297980999861912,1.0
0.6271579201741994,1.607811856466481,0.16142812275322102,-0.0016031164511974686,3.0
0.5435648551320669,-0.9671900496511313,1.3356393983487913,-0.03600784241401246,0.0
0.5435648549361926,-0.9671912896191812,1.3313435206118878,0.02494486675095496,0.0
0.5598736415487386,-0.6925148391047655,-1.4780873919196182,0.022264276770399837,1.0
0.6271579191280298,1.6078098069789257,0.15797907324712823,0.05556032079582035,3.0
0.6271579201593428,1.6078131263393156,0.155886343534371,-0.043456347209180075,3.0
0.5435648549671058,-0.9671884171770817,1.3281093527348915,0.024860636296247907,0.0
0.6271579200196582,1.6078137971538262,0.16373101032190127,0.006749908080687324,3.0
0.6271579190298624,1.6078107504342598,0.1535942415635092,-0.04427282062192981,3.0
0.5598736410829502,-0.6925185569724328,-1.4803291069345532,-0.0582046332464301,1.0
0.559873641328337,-0.6925150352783698,-1.4741950870182678,0.05869086101753302,1.0
-1.7317881816235734,0.05405101671795216,-0.008318292186171276,0.10784046427977914,2.0
0.5598736411245386,-0.6925171479901417,-1.4787360708064843,-0.024239304960800498,1.0
0.5598736418919169,-0.6925164329888042,-1.480283482556556,-0.03917450749689375,1.0
-1.7317881812738822,0.05405244131329613,-0.0005913870156964561,0.030040704878465697,2.0
0.5598736411919903,-0.6925155473086243,-1.486429417158026,-0.05236638944309838,1.0
-1.7317881809058915,0.05405124728185726,-0.00691532152661928,0.0399405109310593,2.0
-1.731788181485459,0.054048474837003944,-0.003962191134005037,-0.011185886477499721,2.0
0.559873641459576,-0.6925160369837521,-1.480243549357194,-0.025129202602855224,1.0
0.5435648551111636,-0.9671897687145271,1.3277988888051575,0.011913357728772696,0.0
0.5435648545187924,-0.9671898845960015,1.3312033705279855,-0.022296556643257876,0.0
-1.7317881822978665,0.054051766100793416,-0.010295766587394145,0.004370159509144026,2.0
0.559873641820601,-0.6925159311111524,-1.4827611103040843,0.05220826441522335,1.0
0.5435648547734175,-0.96718863082354,1.333050124982709,-0.012824893594705577,0.0
0.6271579197029166,1.6078094181447116,0.15957084266661067,-0.06502442408938655,3.0
-1.7317881813959892,0.05404999301758516,-0.011649929752141666,0.007646179213283577,2.0
0.6271579202999109,1.6078119372826312,0.16641717890367988,0.026139334659811178,3.0
-1.7317881812098799,0.05404916190962941,0.00023195546918450494,-0.04149142343397558,2.0
0.5598736414710829,-0.6925174639496735,-1.47505456097251,0.004157684455940712,1.0
0.6271579195179211,1.607812836689302,0.159176984466819,0.02385577618124951,3.0
0.5435648548378893,-0.9671863911397689,1.3309136555502543,-0.0013474124029986124,0.0
0.5598736415024506,-0.6925200827997859,-1.478980632541828,0.031893794876809406,1.0
0.5598736417265366,-0.6925128544301984,-1.4818879956927262,0.06117030042215383,1.0
0.6271579200549193,1.6078126149276095,0.1575123998251321,-0.05837030445458166,3.0
0.627157919780357,1.607810272106712,0.16100263510345797,-0.008791481688033818,3.0
0.5435648550486911,-0.9671909480225065,1.3362126602164517,-0.029869751340534132,0.0
-1.7317881816110523,0.054049527099046805,-0.005202483083685049,-0.04233827653431026,2.0
-1.7317881814248992,0.05404768821627207,-0.008625275045198248,0.023348409791110476,2.0
0.5598736416380342,-0.6925140334223671,-1.4729212602544428,-0.029719068561269366,1.0
0.5435648553244248,-0.9671907465333999,1.3335278368225225,-0.011716263786657197,0.0
0.5435648549097014,-0.9671899571848566,1.3288162693363799,-0.004762946978299908,0.0
0.5435648545042344,-0.9671878697942647,1.3279618458160956,0.0215569522316833,0.0
0.5598736407476718,-0.6925151307480811,-1.4754314934098443,-0.03761283735842796,1.0
-1.7317881810096065,0.05405046135619691,-0.004847504592692571,-0.014269224691235411,2.0
0.6271579198102384,1.6078121596354922,0.1606155893240573,-0.09105555555545432,3.0
0.6271579193773628,1.6078093210871809,0.15426859007054225,0.03517674566227155,3.0
0.6271579198940532,1.6078133061904694,0.15282517940658083,0.045411622024389996,3.0
0.5598736411288499,-0.692513390161526,-1.4746987491891212,-0.026047577475304288,1.0
-1.731788181702867,0.05404838427122373,-0.009050951363753,0.015016713203180557,2.0
0.5598736418745855,-0.6925152496133753,-1.4825027172392935,-0.05157733286073601,1.0
0.6271579196876912,1.607810595482898,0.15677249165649226,0.03815615144406158,3.0
0.5598736411404809,-0.6925164214546604,-1.4744917594959674,-0.06333527883954324,1.0
-1.7317881809473885,0.054050903858230914,-0.0023196183706727844,-0.032704415787004185,2.0
0.5435648546649602,-0.9671896739534552,1.331203680904057,0.009571896081416122,0.0
0.6271579204923894,1.6078098954958122,0.16700784363941448,0.013087715024069876,3.0
0.5435648553060278,-0.9671893341090138,1.3352033808474026,0.020409318917414956,0.0
0.5598736408992544,-0.6925160161134704,-1.4819132790010923,0.030527556234582157,1.0
-1.7317881814385485,0.05405023203408129,-0.006644875866417569,-0.01754278088890297,2.0
0.6271579194937813,1.6078102148405495,0.16325570623185817,-0.002943682102517899,3.0
0.6271579202981232,1.607814296492353,0.15776480222718642,0.022579847884455932,3.0
0.5435648549217825,-0.9671895450516198,1.3276876689951664,-0.035270806420102475,0.0
0.55987364154388,-0.6925131399115247,-1.4827539298658199,-0.01800463268983734,1.0
0.5435648553258728,-0.96718985737551,1.3350752207439338,0.017616261200030608,0.0
-1.731788180849307,0.05404857752527599,-0.005461612692560171,0.04504548539683926,2.0
0.5598736416821031,-0.6925157852433041,-1.4783688679072668,-0.029203529358453214,1.0
0.5598736416284413,-0.6925146111132268,-1.4845673796919345,0.016061759148723185,1.0
-1.7317881810588618,0.05405189371256218,-0.007411559235066439,-0.04840660675577494,2.0
0.5598736413557843,-0.6925167684847875,-1.4764077267371436,0.07621277164199099,1.0
0.627157920116003,1.6078131147861288,0.16099259130863205,-0.002893554809727406,3.0
0.5435648546914547,-0.9671916833275941,1.3361059998527833,0.024251673719449928,0.0
0.6271579200968406,1.6078090037031967,0.16500338444908555,-0.059801791390464105,3.0
0.6271579205906037,1.6078107197583842,0.15894035041565432,0.03361429535271824,3.0
0.5598736413950874,-0.6925138427797396,-1.4806001709314256,0.012939952567522053,1.0
0.6271579197872215,1.6078096443264784,0.1556789709489069,-0.04181670665208525,3.0
0.5598736421660568,-0.6925147860443515,-1.4779475620908646,-0.07677391769482161,1.0
-1.7317881814467853,0.05405016695018491,-0.011146172666437096,0.06858528516530782,2.0
0.5435648550821713,-0.967186961854875,1.338424132664143,0.051150022157845636,0.0
0.627157919091351,1.6078119686072738,0.15911249347447579,0.056088696172146624,3.0
0.5598736410218262,-0.6925162757528996,-1.4773353948614374,-0.05346346786831688,1.0
-1.7317881817041827,0.05404846633790423,-0.005393642459844455,-0.06533501751202364,2.0
-1.7317881817578185,0.054051136512130414,-0.004212932370065224,-0.034998099392392026,2.0
0.5598736412403661,-0.6925146885871544,-1.4819224150931125,-0.05511891973903924,1.0
0.5598736417245078,-0.6925178538334537,-1.4778030563385338,-0.0012956508630612312,1.0
-1.73178818185891,0.05404977859415478,-0.004380561328420557,-0.015225492378548373,2.0
0.5435648542051976,-0.9671925961712451,1.328814912899698,0.0004767560481558582,0.0
0.5435648541188378,-0.9671910855620581,1.3277383619997118,0.0008057855174378785,0.0
0.6271579201265364,1.6078112808894351,0.160316315389552,0.037784927006353566,3.0
-1.7317881808859894,0.05404969617030845,-0.003021651992974982,0.005785050369310922,2.0
-1.7317881812596978,0.054048375317671524,-0.00393975691030346,0.02730172715258698,2.0
0.5598736418363387,-0.6925145534228492,-1.4818634947932348,0.02038338812223542,1.0
-1.7317881818598146,0.05404908754550348,-0.0047168529721140105,-0.020391128569200646,2.0
0.5435648547460339,-0.9671896988616561,1.333810860095008,0.019378734959857712,0.0
-1.7317881813037996,0.05404800978841497,-0.00980662538411286,0.0027598982500244167,2.0
0.5435648543064366,-0.9671925357353418,1.3359375161397753,0.013095003590752146,0.0
0.5435648544460554,-0.9671856524143494,1.3246067848663592,0.04173472287567095,0.0
0.5598736407327163,-0.6925159092183852,-1.479336861020842,-0.030470649525392326,1.0
0.6271579200598241,1.607813205343193,0.16084708134327524,0.04201811286935819,3.0
-1.7317881816473295,0.05404874913311647,-0.007789000665381312,-0.0447712390296706,2.0
0.5598736413685077,-0.6925154232323364,-1.4757072677327068,0.05490116861207098,1.0
0.6271579199670367,1.6078119415476138,0.15516319070038992,0.003272479104524233,3.0
0.543564854974369,-0.9671898302637306,1.3355730113555027,0.05107908495263215,0.0
0.5435648560011407,-0.9671870578471197,1.3374409737020934,-0.007183661084488734,0.0
-1.7317881811715745,0.05405049963466401,0.0016882046654857839,-0.0005673232982022229,2.0
0.5435648552065654,-0.9671896689641623,1.3358280995478975,-0.04184008710585145,0.0
0.5435648542026968,-0.9671882310131215,1.3305952041683522,0.05655065531537448,0.0
0.6271579206093457,1.6078104027469018,0.1544935654346253,-0.011359523893765204,3.0
0.6271579196701964,1.6078120973924968,0.1601265599756325,0.031822556492516085,3.0
0.5435648546318541,-0.9671892499268108,1.3306820468530955,0.07694719926472311,0.0
0.6271579198860006,1.6078110407056152,0.1663223928524392,-0.024687285735456668,3.0
0.5435648546107877,-0.9671906342110914,1.3372059322409238,-0.0053377853313866476,0.0
0.5435648545798686,-0.9671909305766965,1.3349400589939486,-0.02421224258287924,0.0
0.5598736412936163,-0.6925169900915603,-1.4827371141307917,-0.013428261347895315,1.0
-1.7317881812413691,0.05405055350948411,-0.0032735222236204994,0.04583555091033024,2.0
0.5435648554257131,-0.9671907847849216,1.3365877112899651,0.016760520735732257,0.0
0.5435648545874795,-0.9671900632031543,1.3321229851670353,-0.0450458397025182,0.0
0.6271579196058484,1.607811595264014,0.1647292146093791,0.0018417546721160587,3.0
0.627157919018869,1.6078114846279958,0.15517295234977962,0.02965847026669612,3.0
0.5598736422009138,-0.6925178284008172,-1.4815841218471517,-0.04051023739837301,1.0
-1.7317881820672234,0.054048795336681055,-0.010325301040487393,-0.02804238970806871,2.0
-1.7317881813919043,0.05405154482815422,-0.006254874794525885,0.09086611312976163,2.0
-1.7317881813610443,0.054049625587817805,-0.0013549605018251304,0.028144903993698688,2.0
0.5435648552625034,-0.9671901441216461,1.3304791384768242,0.002018939025236775,0.0
0.6271579194956642,1.6078101965095937,0.16903094090975632,-0.049697122107072354,3.0
0.5435648543124846,-0.9671878124735717,1.339930434342783,-0.011927494026166682,0.0
0.6271579199221768,1.6078122952762297,0.1635213788274167,0.03803512513913473,3.0
0.6271579207697549,1.607809881905362,0.15461823578311432,-0.006099257387157763,3.0
-1.7317881815824554,0.054049840275791544,-0.013852397184917698,-0.04641208772186132,2.0
0.5435648543880774,-0.9671894311810103,1.3333065231958974,0.03403049510869246,0.0
-1.7317881811112787,0.05404818124397736,-0.002201232754160117,0.01584751541514746,2.0
-1.7317881807064461,0.05405033512797751,-0.010135997899607781,0.05529086052581338,2.0
0.5598736418137605,-0.6925159582660553,-1.4832387625172236,0.0004281313437675209,1.0
-1.7317881809062459,0.05404772036646721,-0.002493458126984687,0.016968248255472357,2.0
0.543564854258766,-0.9671917989793553,1.3361523979041452,-0.008817501467164781,0.0
0.5435648552060806,-0.9671886128292372,1.3339660903869703,0.012761925125519772,0.0
0.5435648536772564,-0.9671901120987396,1.3341019384693014,0.026683215896375203,0.0
0.5435648549443395,-0.9671920209774955,1.3318942228431667,0.03089453174920692,0.0
0.5435648553875645,-0.9671913422664412,1.3316814719049945,0.08629405194779406,0.0
0.6271579189027022,1.6078119097768375,0.16146354308240551,0.0017240736807632388,3.0
0.5598736410302809,-0.6925156859248359,-1.479331268111218,-0.01611990961085947,1.0
0.5598736416230002,-0.6925157294467106,-1.476548039166218,-0.006128013149663007,1.0
0.5598736415667801,-0.6925136976229266,-1.474739176983474,0.009935555963982868,1.0
0.5598736416882937,-0.6925141654142505,-1.4776038964406406,0.07883751220028132,1.0
-1.7317881810480225,0.054048530469106806,-0.006119739410045527,0.0047638009891932676,2.0
-1.731788181732601,0.05404921139376057,0.0015312435773587889,0.01140888952414194,2.0
0.5435648540223057,-0.9671901745594519,1.3382619164420089,0.03606280278805664,0.0
0.627157920164592,1.6078097803504183,0.1560162687340324,-0.043367682513606565,3.0
0.6271579197051402,1.6078113364905313,0.15844182960427972,0.042211662386377455,3.0
0.5598736411664826,-0.692516631317921,-1.4759288739665763,-0.015891192638252612,1.0
0.5435648548469897,-0.9671921799137456,1.3352598848632355,0.014043470344327028,0.0
0.5435648549369964,-0.9671876923707763,1.332857583821175,0.04899812967592381,0.0
0.5598736410466161,-0.6925157791046399,-1.4807142699715836,-0.04552675686985993,1.0
-1.731788181062303,0.054051835354311975,-0.006857248616581048,0.016307914649782495,2.0
0.5435648546683203,-0.9671896852459745,1.3353886795188135,-0.018081621672004944,0.0
0.5435648548749746,-0.9671879821685697,1.347516954405044,-0.047184581626210226,0.0
0.6271579204030449,1.6078127590175624,0.1554921969872691,0.03349333492186845,3.0
0.6271579201671897,1.6078113312835367,0.1635682931348384,-0.01739015019471809,3.0
-1.7317881813288865,0.05405317781973742,-0.003338867629746705,-0.027211250234540574,2.0
0.5435648542576451,-0.9671902415927205,1.336306613571848,0.07757709710765076,0.0
0.5598736409601938,-0.6925181375291201,-1.4773305023867014,-0.014235404789288978,1.0
0.543564855010072,-0.9671871118294877,1.3316614663153066,-0.004002254072957442,0.0
0.5435648545972085,-0.9671911639714501,1.3321923860786957,0.030729261128962862,0.0
-1.7317881817029546,0.05404825828085988,-0.009994528347048979,0.022520258800276992,2.0
0.5435648544439824,-0.9671893702562766,1.3249931527086432,0.05304262291321868,0.0
0.5435648542432879,-0.9671899186555454,1.3268067599336837,-0.009537778574796481,0.0
0.5435648547433083,-0.967191518628286,1.3323800451201417,0.023023726060625017,0.0
-1.7317881815432172,0.05405049814062363,-0.006872426524551781,-0.020364657298486563,2.0
0.6271579206925976,1.6078131304184726,0.15023166241983674,0.022639454399336283,3.0
0.5598736412256798,-0.6925163157743326,-1.4788263322822204,0.017248957957022783,1.0
0.5435648550002615,-0.9671906044301484,1.3345092795203786,-0.03488838851149123,0.0
-1.7317881817728917,0.05404949519072886,-0.0009503862721449538,0.07580776224906441,2.0
-1.731788181273934,0.054048966831195235,-0.005203858015732374,-0.0362441134152323,2.0
-1.7317881808897504,0.054050879194635686,-0.007096990535626834,-0.04874144099880022,2.0
-1.731788181815104,0.05405120860734332,-8.723193218272731e-05,0.028241492936201977,2.0
0.6271579196546851,1.6078116273802279,0.16190326412085776,-0.04373491824769579,3.0
0.6271579198612728,1.6078112323448734,0.16129370568527027,0.024651132726855804,3.0
0.5435648540067296,-0.9671908179254566,1.3391644365775832,-0.08813870212668322,0.0
-1.7317881813949267,0.054048653198827734,-0.005149923953072705,-0.042982080123325786,2.0
0.5435648552812166,-0.9671874694162238,1.3336091131971688,-0.031966422610723716,0.0
0.543564854787577,-0.9671906159083999,1.3352065447086736,0.04269252550140547,0.0
0.5435648545735426,-0.9671921101946183,1.3351601442763699,-0.026936758323196985,0.0
0.5598736418295622,-0.6925157753937855,-1.4792454893847675,-0.08880447378298446,1.0
0.5435648553148018,-0.9671875085249485,1.330907772846906,-0.005287681742223386,0.0
0.5598736417453115,-0.6925153130340722,-1.4778936997237853,0.029982305991835666,1.0
0.5435648539979634,-0.9671883361705497,1.3369196939393602,-0.032323866781635235,0.0
0.6271579200574513,1.6078123048712838,0.16392387189834493,0.0008609237449556923,3.0
0.5598736414050525,-0.692517480091326,-1.4767411638208885,0.000836586999150209,1.0
0.6271579191724781,1.6078119391098156,0.1655657270447779,0.0008040070626043466,3.0
0.5598736420813445,-0.6925158267846865,-1.482249652364353,0.03208823201653423,1.0
-1.7317881820013665,0.05404899419114953,-0.0026168074293931127,-0.02156051848663252,2.0
0.6271579197891493,1.6078121277032407,0.15251093883716157,-0.004003780535239654,3.0
0.5598736414382967,-0.6925151317412465,-1.4671939449201499,0.0032224991202981323,1.0
0.5435648544562687,-0.9671915783328986,1.3255713797671256,-0.02050540202859558,0.0
0.6271579197715234,1.6078093326587652,0.15525813693028026,0.04726116755509119,3.0
0.5598736418748522,-0.692514829711761,-1.4792264878260089,-0.10010362236587668,1.0
0.5435648549156162,-0.9671881961031116,1.328251988656489,-0.011792365636248386,0.0
0.5435648549319634,-0.9671917258342606,1.326767294367325,-0.007342459477530806,0.0
0.5598736421677146,-0.6925171776697527,-1.4781214511808092,-0.06013242308146148,1.0
0.6271579206796754,1.607809944381153,0.1597548279730594,0.027101199853621277,3.0
0.5435648550989118,-0.9671891039960874,1.3288874588405044,0.013918093091721201,0.0
0.5598736424004629,-0.6925143870385436,-1.4866189923214135,0.0006074110686041937,1.0
0.5435648550402525,-0.9671892154538558,1.334586173661902,0.02926575881957824,0.0
0.5435648546155568,-0.9671903618905917,1.3355805668200875,0.021279099962567008,0.0
0.5435648548438456,-0.9671869767988519,1.3342237334233282,0.024379617648043177,0.0
0.5435648544531105,-0.9671909272145395,1.3341856924834745,-0.026948991992936776,0.0
-1.731788180953205,0.05405129200506096,-0.005069513639881697,0.012100228391640204,2.0
0.5598736421483665,-0.6925169860635481,-1.4727970090410882,-0.02971040076417159,1.0
0.6271579198741517,1.607812370553771,0.15778110620610755,-0.013410853812685582,3.0
0.6271579200494873,1.6078093802794133,0.16771105868149921,-0.06713506326834094,3.0
0.6271579205288407,1.6078094449645701,0.16535100076731135,0.012354823255371876,3.0
-1.7317881819769418,0.05405171464260105,-0.005833824306126653,-0.03653441475047425,2.0
0.5598736419232246,-0.6925163601786404,-1.4869426085399875,-0.02296348966586889,1.0
0.6271579198484636,1.6078113813362065,0.16428391695452033,0.034297015460315654,3.0
0.6271579195817101,1.607812581225746,0.16251460154593686,-0.015083229220333646,3.0
0.5598736412117424,-0.6925149816972014,-1.4803143241735923,0.06466986574171424,1.0
-1.731788181330913,0.054050184872706596,-0.006487956041155898,0.015385185411189106,2.0
-1.7317881820326304,0.054050452038129075,-0.009638923487831932,0.03563724852707609,2.0
0.5598736411205627,-0.6925149419006902,-1.4726574094549971,-0.07465395631573161,1.0
0.5598736408004116,-0.692516736552319,-1.474339709263852,-0.04968861250899096,1.0
-1.73178818197688,0.05404800097128729,-0.002406126505952052,-0.07384441787622034,2.0
0.6271579197801446,1.6078105690062388,0.1629412931877529,0.03112239667684382,3.0
-1.7317881809442146,0.054048653591957936,-0.00843318911137762,0.0013220129764926992,2.0
0.6271579201954011,1.6078088750455508,0.15936641882076485,-0.012302385353205159,3.0
0.5598736415064994,-0.6925166226199682,-1.4823157773997602,-0.04204606447495224,1.0
0.6271579192712631,1.6078118125435026,0.1638249520226018,-0.02561352417986654,3.0
-1.7317881813235885,0.05404928318665432,-0.0051768227668367315,-0.01248969361834051,2.0
0.5598736412371558,-0.6925154511157319,-1.4815003057186025,0.005518904238315072,1.0
0.6271579200055878,1.6078095299887372,0.16919749230434306,-0.046623471833655894,3.0
0.5435648550455916,-0.9671890134678178,1.3410009220817762,-0.02133096228056916,0.0
-1.731788180949381,0.054052847570498906,-0.004501458932430499,-0.03789008584252507,2.0
0.5598736418187387,-0.6925166954095091,-1.4819596036832539,-0.022756235533003953,1.0
0.6271579200296518,1.6078077728206652,0.1576984705903781,-0.06036918063760829,3.0
-1.731788181701458,0.05404845478364276,-0.00532066611619396,-0.06050593552318423,2.0
-1.7317881813291183,0.05404830900984976,-0.0059939347809107296,-0.059829607239135815,2.0
0.5598736421988562,-0.6925147479927899,-1.4744125288334349,0.06648163859142985,1.0
0.6271579198325986,1.6078132842046744,0.16017283342535735,-0.008891021169986838,3.0
-1.7317881814462701,0.054050327275299605,-0.0015547177750375291,-0.08141371460284305,2.0
-1.731788181906796,0.054053933927425205,-0.011843750010605024,-0.00294522253761091,2.0
-1.7317881815933571,0.054053131184138424,-0.0027972454345326398,-0.006513468103067377,2.0
-1.7317881807836062,0.054053617443221395,0.0015198093526326611,0.024601072328353076,2.0
0.5435648549207002,-0.9671898109473771,1.32896892328965,0.022333427329320053,0.0
0.6271579197914459,1.6078114408226258,0.15821096597506387,0.0156296386687721,3.0
0.5598736405721609,-0.6925164092465905,-1.4793937866725502,0.06302936097105405,1.0
0.5435648541324457,-0.9671865606510173,1.3341650983391806,0.03574677701614481,0.0
0.6271579197481751,1.6078121396491276,0.1606053349176308,0.023514280586394442,3.0
0.6271579202981696,1.6078094837691244,0.16097871018415083,-0.09332166222365121,3.0
0.5598736412519811,-0.6925126094880046,-1.4812208688294008,-0.018427535450383496,1.0
0.5435648541422187,-0.9671916525506596,1.3385438256223252,-0.009667859306748574,0.0
0.5435648552754725,-0.9671908684004402,1.328908800705443,0.04016556103192738,0.0
0.5435648551272936,-0.967189941741626,1.3241293973144366,-0.04912485432665049,0.0
0.5435648545361931,-0.9671911827520144,1.331089134653641,-0.013983456699423864,0.0
0.5435648544414222,-0.9671901706150694,1.3380412029885456,-0.0423315082035918,0.0
0.5598736417587571,-0.6925143919393817,-1.4784518661286168,0.00759562624914647,1.0
0.5598736411397848,-0.6925168061806353,-1.4838590732772494,-0.0256804174838022,1.0
0.5598736412996009,-0.6925146565505464,-1.4742412734005055,-0.019499982812574805,1.0
0.6271579198394499,1.6078096598262654,0.16255056545518534,0.01146454360688161,3.0
0.5435648550862036,-0.9671908738230726,1.3310671468795865,-0.016452301317673064,0.0
0.5435648548691819,-0.9671906921271097,1.335477798202858,-0.003203891735357568,0.0
-1.7317881814589182,0.054050986419562054,-0.0069133891005529165,0.017863625476437526,2.0
0.5598736415574445,-0.6925170483402079,-1.4813011869710497,0.03627339842401557,1.0
0.6271579197864807,1.6078134888670814,0.1481883805440019,-0.027133510487727445,3.0
0.5435648546173982,-0.967190206497579,1.3315965007226094,-0.006179897345333007,0.0
0.559873641115437,-0.6925164436394728,-1.4768200686210753,0.023865649306239127,1.0
-1.7317881815574656,0.05405000754822813,-0.007360110164871658,0.06919732716968417,2.0
0.62715791986445,1.6078113894162542,0.1632656881449011,-0.030983138983667242,3.0
0.5598736411506018,-0.6925178997213464,-1.4844615599639297,-0.040677552159212496,1.0
0.543564853959622,-0.9671898795979942,1.3347622679734568,-0.0514079971993876,0.0
0.6271579203256138,1.6078125732939497,0.1651994295613924,0.05469418830684175,3.0
0.543564854850618,-0.967190737209595,1.3345694767690628,-0.010224483909359946,0.0
0.5598736418077488,-0.6925162808511555,-1.4727364044676574,-0.007150136155768166,1.0
0.5598736415940179,-0.6925146230503348,-1.4799116020304939,0.025603993051564054,1.0
0.5598736413873667,-0.6925172316043734,-1.4771729948992578,0.008208862620153145,1.0
-1.7317881812622455,0.05404870079839184,-0.0010123444067732695,-0.0068750482297494355,2.0
0.5435648552461841,-0.9671910532117677,1.3309122831140088,-0.017214238044619388,0.0
0.5598736410212127,-0.6925153605461308,-1.4739898622620846,0.03778595417738272,1.0
0.5598736413341466,-0.692515394623228,-1.4776080230112902,0.02257584993317445,1.0
0.559873641493892,-0.6925151818162328,-1.4786012114622753,-0.004871761660224507,1.0
0.5598736418760267,-0.6925137684531598,-1.4746587130254176,-2.2629979588160547e-05,1.0
-1.7317881818372045,0.05404703007411229,0.0014979231744964641,-0.027792684172596182,2.0
0.6271579201371607,1.6078127958713055,0.16703918270615886,0.031109883021980707,3.0
0.6271579199005429,1.6078099525154144,0.16540425912867995,-0.01823559020959445,3.0
-1.7317881813696232,0.054051984771710984,-0.011799947551251076,0.03676689539377359,2.0
0.627157919890502,1.6078119839124854,0.15944893160927776,0.06859558937390144,3.0
0.6271579198363401,1.60780995531052,0.15858448671447423,-0.061450269560563965,3.0
0.6271579198512715,1.6078105079846678,0.1620513479564798,-0.0424048976022741,3.0
0.6271579195575676,1.6078113907911546,0.163525379468512,0.007157745732837778,3.0
-1.7317881812357565,0.05405054530610194,-0.005805730099653658,0.022385615273584628,2.0
0.5598736410901443,-0.6925155755807171,-1.4736943137118679,0.022638327908454985,1.0
-1.7317881811358187,0.054052275945591165,-0.005358224453613453,0.03087661719581985,2.0
0.6271579200378957,1.6078128174107018,0.15771571598511167,0.025861599736339103,3.0
0.5598736417844646,-0.6925137418382874,-1.480275258342988,-0.028795180402556984,1.0
0.5598736410531641,-0.6925159266686224,-1.4725772186762658,-0.0033815251587965994,1.0
0.6271579197790981,1.6078117657435511,0.16500739615195176,-0.015722895413835043,3.0
0.6271579198083811,1.6078124219879433,0.16354722902133986,0.058813167131010355,3.0
0.543564854975407,-0.9671894078838843,1.3345979372642642,-0.020310123101896838,0.0
0.5435648548866512,-0.9671907442548641,1.3333627130217747,0.03661714265658454,0.0
0.5598736413798975,-0.692514309344084,-1.4800659292796041,-0.015106586547298715,1.0
-1.731788181607279,0.054048622212011704,-0.0036914417758815866,-0.016244671453929434,2.0
-1.7317881824558687,0.054046572490064816,0.001955904042775194,0.02590549948972941,2.0
0.5598736411698492,-0.6925188988404367,-1.4802538471162963,0.03772440452077011,1.0
0.5598736410321615,-0.6925141113706085,-1.4753130282936546,0.0009898672899877601,1.0
-1.731788181522054,0.05405071150720193,-0.009178380080259785,-0.0038875756486582303,2.0
0.5598736416372618,-0.6925170116476153,-1.4791291038906444,-0.009397427170263067,1.0
0.5598736419104265,-0.6925168785405318,-1.4753284034814576,-0.018140259290733943,1.0
0.5435648548182671,-0.9671891641651144,1.3349750511236727,0.045809793306311956,0.0
0.543564854473506,-0.9671906201188579,1.3375265076882699,-0.0050542759479094545,0.0
0.5435648540963597,-0.9671900084607108,1.336375382862733,-0.016852869202324254,0.0
0.5598736416169469,-0.6925157006341285,-1.4770630611425446,-0.06289638429026777,1.0
0.559873641514191,-0.6925173662087988,-1.4791434743413625,-0.01968106560794522,1.0
0.5598736418958083,-0.6925149645064574,-1.4820292895518814,-0.04564714229755781,1.0
0.6271579199555772,1.6078132885285674,0.15743339464762746,-0.008764396738146206,3.0
0.5598736413845657,-0.6925147486931122,-1.4813898321176404,-0.031185814161182872,1.0
-1.7317881809533704,0.054048976426409316,-0.004822459796163465,0.035247943684974345,2.0
0.627157919760412,1.6078134791823493,0.15783960225042698,0.025986876314729818,3.0
0.6271579197507766,1.6078117487093557,0.1622783118518981,-0.009763396598735919,3.0
0.6271579204902247,1.6078150761960002,0.15881713889591093,0.005062662630339096,3.0
0.5598736412370612,-0.6925142144139196,-1.4729374246604643,0.039019166760621206,1.0
0.5598736409304187,-0.6925189376120107,-1.4808363142315684,-0.001762107637258012,1.0
0.5435648546517665,-0.9671887202206155,1.3306497215201567,-0.045075983637734296,0.0
0.6271579201056207,1.6078117695955692,0.1574366387964598,0.04818028958950983,3.0
0.5435648549441908,-0.9671920394812384,1.3333837111139113,0.002294425623772402,0.0
-1.731788181725974,0.054048116273511256,0.000563278328413421,0.08297286134485722,2.0
-1.7317881815758551,0.0540529576512462,-0.004965605240338715,0.02716132109803738,2.0
0.5598736415637702,-0.6925156898912568,-1.4792332214559343,0.010592603122687078,1.0
0.5598736420876377,-0.6925166418989209,-1.4825463441367814,-0.017070084656966446,1.0
-1.7317881818134275,0.05405003210982783,-0.006120937949743221,0.011741026098363281,2.0
0.5598736413551819,-0.6925153556920532,-1.4720402377567028,0.007300421687989362,1.0
0.5435648545457473,-0.9671882130758346,1.3359877855407618,0.047878369385079535,0.0
-1.7317881815919733,0.05404880811950173,-0.006380675555452963,0.06638647644300255,2.0
0.6271579192795047,1.6078120103851414,0.15789404250808292,-0.01717112430338874,3.0
0.559873641122742,-0.6925164049605301,-1.4826097102422837,0.003857268313771018,1.0
-1.7317881816791727,0.05405109376757908,0.0006664302342979845,-0.006790908469789662,2.0
-1.7317881813835754,0.05405149657037742,0.0045238527995457405,-0.0011664721987065029,2.0
0.543564855472938,-0.967188525907425,1.339553956686594,0.0663309279990815,0.0
0.6271579202843315,1.6078117853890066,0.16201055845221882,-0.0217651143891026,3.0
0.5435648541125109,-0.9671889944095685,1.3332980180953886,-0.008604003587114412,0.0
0.6271579203803704,1.6078095648140436,0.16193887497024478,0.039429121743411864,3.0
-1.7317881810561415,0.054048837218108894,-0.00014731407330980731,0.008683175686521735,2.0
-1.7317881816511238,0.05404887750760238,-0.007119354338021667,0.023840756360467515,2.0
0.543564855230148,-0.9671894123540656,1.3322354483802832,-0.029197982494148213,0.0
0.6271579193567675,1.6078131124500121,0.16423190229908435,-0.023392122951259406,3.0
-1.7317881822482981,0.054050523926322654,-0.0013451529081164703,-0.06343750335684446,2.0
0.6271579193465254,1.607810134135201,0.15652381948870633,-0.044655189912272665,3.0
0.5435648548175316,-0.9671891858804613,1.3298286452281822,0.023846290282842093,0.0
0.5598736410467245,-0.6925151669919771,-1.4821883654979857,-0.06559962003443674,1.0
0.543564854742853,-0.9671937044063805,1.3370458320574463,-0.02270861888162234,0.0
0.5598736413025797,-0.69251706398332,-1.4751287877078716,0.007583332208900328,1.0
0.5598736408428909,-0.6925176163038852,-1.4841126039456038,-0.005238783928053907,1.0
0.6271579196709476,1.6078101598198034,0.16167106887198376,0.03121899923726839,3.0
0.5598736419852739,-0.6925146797944777,-1.4809114771167569,-0.024302698311484454,1.0
0.6271579204773433,1.6078107952472411,0.15986793499788357,0.01646876423482532,3.0
0.6271579204491007,1.6078101715841147,0.16326964840179195,0.101138327880622,3.0
0.5435648546935142,-0.9671912478676457,1.334967080063657,0.030351721596196552,0.0
0.5435648537923035,-0.967190863856303,1.3338472368648577,0.012189039608304211,0.0
0.6271579196131927,1.607808991245957,0.16062374654906955,0.01229304310577596,3.0
0.5598736418792553,-0.6925159347953553,-1.477110209994371,-0.025975285790855736,1.0
0.6271579203878102,1.6078099112937008,0.1508886126092087,-0.0014110742462798622,3.0
0.543564854872437,-0.9671891859978526,1.3322929521995899,-0.012832132373243332,0.0
0.6271579199047996,1.6078126273459659,0.16425253579598384,0.07108876237467615,3.0
-1.7317881815003515,0.05404913269439582,0.0005862221255042467,0.04394654664833139,2.0
-1.7317881819423506,0.054047639258791795,-0.007298867156556589,0.011619565901606125,2.0
0.6271579197960094,1.607809055616906,0.1665348952877407,0.03943759866491631,3.0
0.5435648550563861,-0.9671907765344634,1.3306620931604505,0.04423526469340736,0.0
0.5598736417633211,-0.6925140644061658,-1.4724659823691553,0.0477108692315522,1.0
0.5435648554033252,-0.9671894995741979,1.338805038027285,-0.0202816298855688,0.0
0.6271579205357227,1.6078122695544605,0.16327483545729252,-0.006869698667921742,3.0
0.5435648546854356,-0.9671891495693724,1.3314715170221907,0.014966952671117181,0.0
0.627157919565206,1.6078115793614869,0.1634686248221075,0.06006757151770784,3.0
0.5598736416230146,-0.692515805787006,-1.4788533913403745,-0.003836893720117782,1.0
0.6271579194499506,1.6078126272343318,0.1587631999427218,-0.01848716138188264,3.0
0.5435648550892046,-0.967188914183638,1.329287899609651,0.00843469964152267,0.0
0.6271579203791748,1.607811842616917,0.15927068156850374,-0.0743588751245711,3.0
0.5598736416401799,-0.6925177562183855,-1.475469849881043,0.029505480555633158,1.0
0.5435648548276484,-0.9671892795682678,1.336436773949889,0.029290762071608335,0.0
0.6271579204835366,1.6078111588850446,0.15977454028646274,-0.022958587180419494,3.0
-1.7317881813918652,0.054052071521407605,-0.0032070425640919453,0.02483194708233305,2.0
0.5435648545656337,-0.9671889609967813,1.326670259141113,-0.030432038182129244,0.0
0.5435648550852363,-0.9671883149856305,1.3355889366614193,0.060202465613351394,0.0
0.6271579193924836,1.6078089318816822,0.16263724286182782,0.028479214690976026,3.0
0.5598736420000551,-0.6925151259358621,-1.4815159753862803,0.013075865118754682,1.0
-1.731788181352028,0.05404960991875827,-0.0014516557191834888,-0.0006468160381363362,2.0
0.5598736419750344,-0.6925169286683656,-1.4742875434360825,-0.009267941347733797,1.0
-1.7317881820770917,0.05405106542467006,-0.005493667974528727,-0.045566375213773595,2.0
0.5598736421017706,-0.6925155162017468,-1.4784116710541915,0.024599526012516346,1.0
0.5435648548346689,-0.9671910463922345,1.3375131724564553,0.023820649467616726,0.0
0.5435648539211768,-0.9671864854403482,1.3339524415412027,0.07939790279955118,0.0
0.6271579199015008,1.6078128481045748,0.1646325759741867,-0.031004256260837075,3.0
0.5435648547630234,-0.9671911168844903,1.3333234207632967,0.02300223312318323,0.0
-1.7317881810328237,0.05405058112191224,-0.0036942942011402944,0.08891606750609557,2.0
0.6271579203439512,1.607811704571496,0.16552075232598973,0.024146971930900995,3.0
0.627157919930937,1.6078121146745201,0.1613353513279274,-0.03939235961060948,3.0
0.5598736420724104,-0.6925182989374126,-1.4839794955302916,-0.0252405465563393,1.0
0.5598736415402823,-0.6925186268522439,-1.479989684727148,-0.013933794530175618,1.0
0.5435648545116797,-0.9671903973029804,1.3355587678110499,-0.011931145504176498,0.0
0.5435648549602322,-0.9671918876057133,1.3337442483352981,-0.015016473153289857,0.0
0.543564854123661,-0.967186351811984,1.3340094005238479,0.04870741691868117,0.0
0.5598736416093378,-0.6925180301711958,-1.48234234875273,0.007977156258212272,1.0
-1.7317881814431555,0.054049886879935345,-0.006246314949953149,0.11496798107702877,2.0
-1.7317881816269327,0.05404895361273332,-0.002325690932760456,0.05244837455846117,2.0
0.6271579198315259,1.6078115473609589,0.16156562975566266,0.02929942233153698,3.0
-1.7317881814343463,0.05404877692043027,-0.00418523028273831,-0.006696430331048353,2.0
0.6271579194096542,1.6078126432817492,0.1630098844506138,0.06227266016753967,3.0
0.6271579200634818,1.60781416033776,0.15737602064817321,0.062294459493931906,3.0
-1.731788181783064,0.05405457836019869,-0.00260361226624157,0.008948083144991483,2.0
-1.7317881811674165,0.05405010699856165,-0.0038188750046108167,0.04184812507957785,2.0
-1.7317881815817222,0.054051068242848256,-0.0051659975008818615,0.043845309902956806,2.0
0.5598736414639193,-0.6925155651479183,-1.4808263634261203,0.07348422783991107,1.0
0.5435648549957607,-0.9671878137704898,1.3335300305205573,-0.01212643922494341,0.0
0.5435648552833527,-0.9671898447063006,1.3396068298951234,-0.015477864545920096,0.0
0.5435648551607075,-0.9671908621294879,1.3312942713280644,-0.021320549962394658,0.0
0.6271579196743359,1.607809870374313,0.15329551537620842,0.04916983984059108,3.0
0.5598736416960867,-0.6925163766421324,-1.4777591021481213,0.04546284112010456,1.0
0.5435648548587443,-0.9671905971318523,1.3273062306455237,0.046038852604642425,0.0
0.5435648548086223,-0.9671882313551693,1.3303969477775965,0.026611130460446362,0.0
-1.7317881811617195,0.054048201819481854,-0.0021217638609263975,0.03343517653526898,2.0
-1.731788181626999,0.05404972294153841,-0.006978902197973446,-0.020413162965724412,2.0
0.543564854204871,-0.9671908130408936,1.3373195845088828,0.03309265138890102,0.0
0.5598736416806056,-0.6925156168762177,-1.4733437500623803,0.044966157595414835,1.0
-1.7317881813322082,0.05405149558151946,-0.00477760131517911,0.04441286873367131,2.0
0.5598736413507229,-0.6925163596961929,-1.4772349002726148,-0.029430486205164804,1.0
0.6271579204249181,1.6078143365982718,0.1554220637060931,-0.01399146093885081,3.0
0.559873641550199,-0.6925175543602188,-1.4747945362857837,0.050184976181534974,1.0
-1.731788181213354,0.05405350150634756,-0.004722469362643495,-0.06289021691979059,2.0
0.6271579197978917,1.6078115463763893,0.15862975871967086,0.04801942768233717,3.0
-1.7317881810856164,0.054051857155211,-0.010621241747379453,0.01020013180103395,2.0
0.5598736417196775,-0.6925149755938614,-1.474498997420413,-0.03602837632641187,1.0
0.5598736417613785,-0.6925146108620299,-1.4773594725261583,0.037124002500258116,1.0
0.6271579210307361,1.6078114010091658,0.16471448872179031,0.02889494157803277,3.0
0.5435648547647065,-0.9671892773743406,1.3359555411911503,0.09500384209852063,0.0
0.6271579199219004,1.6078116739405066,0.1623319720726096,-0.012653528696643691,3.0
0.5435648542414763,-0.9671925042007647,1.335353679259448,0.0140912348318,0.0
0.5598736421788647,-0.6925158177869766,-1.479897327944372,-0.07103486153616254,1.0
-1.7317881811151214,0.05404824703897533,-0.004309149177430844,-0.09223378238998774,2.0
0.5598736411093284,-0.6925163450998784,-1.4784559159974395,0.07397529464463477,1.0
0.5598736416455331,-0.6925170023787536,-1.484107866311069,0.05548249778507585,1.0
0.5598736422986571,-0.6925175738501458,-1.4822734700625646,-0.06631505286500478,1.0
0.5435648546174635,-0.9671866677502878,1.3345759750992459,-0.008455957536053148,0.0
0.5598736414200461,-0.6925164675593881,-1.475084553777213,-0.05837128219197244,1.0
0.5598736416922825,-0.6925180590428084,-1.4740794002349598,-0.04341285370653523,1.0
-1.7317881813949203,0.05405155569850372,-0.01277628064539717,0.01748226227361615,2.0
0.6271579193347832,1.6078125338291032,0.15872761291625023,0.011466322366953996,3.0
0.5598736414967236,-0.692516827139011,-1.47467480827114,-0.01906002828509247,1.0
0.6271579196849261,1.6078089749639894,0.16263384517004903,0.0384884484534401,3.0
0.5598736416283748,-0.6925141318771186,-1.483131930556598,0.038579684243321914,1.0
-1.7317881817951724,0.054049977772401336,-0.0037951400956338114,0.011902949090853852,2.0
0.627157920962347,1.6078110344142853,0.16113881374106012,0.02028681541831365,3.0
0.5435648544769646,-0.9671853732585066,1.329784408644705,0.03308590268870055,0.0
0.5435648546382453,-0.9671938473566536,1.3337386303650884,0.0033154419424774526,0.0
-1.7317881816823693,0.05405380249860161,-0.0037827997705116184,-0.0389003504989979,2.0
0.5598736409400507,-0.6925183046319866,-1.4831312374727317,0.0357481141366671,1.0
-1.7317881812054106,0.054050256983206736,-0.011238422539078122,-0.008724079582135417,2.0
0.5598736415069021,-0.6925188121012005,-1.4791243486182295,-0.01994318008080257,1.0
-1.7317881815066214,0.054052098999074316,-0.0018644061941097165,0.024022647791936164,2.0
0.6271579194583266,1.6078111078513284,0.16054866744286,0.0006654905333784585,3.0
0.5598736416465048,-0.6925143499398808,-1.4803160110842404,-0.01471347124157005,1.0
0.543564855312993,-0.9671898836304985,1.3224925734475197,-0.047612144831957595,0.0
-1.731788181141217,0.05404761483061889,-0.0062972427362451774,-0.004463347238815223,2.0
-1.7317881812067846,0.054050685320875196,-0.01104543182423418,-0.03474805093767376,2.0
0.6271579196635877,1.6078105971884695,0.16247237547209004,-0.05888497835421458,3.0
0.543564854423849,-0.9671927842460072,1.3310282435302647,-0.021676934613857866,0.0
0.5598736415606707,-0.6925147685626308,-1.4820701732858803,-0.030767932340506232,1.0
0.5598736414431758,-0.692513120258768,-1.48240275489072,0.02062237252777591,1.0
0.5598736420142063,-0.6925168353538033,-1.4786904399059986,-0.011340291616615199,1.0
-1.7317881822851866,0.05405261517552252,-0.0045814416861347735,0.04892548022819438,2.0
0.5435648549506107,-0.9671900803447512,1.326096355121767,-0.007972281589414439,0.0
0.559873640850314,-0.6925176525054465,-1.4770407239816459,-0.003432384226251737,1.0
-1.7317881810747708,0.054052232695654,0.000994417825303622,-0.019225233259987387,2.0
0.6271579202352728,1.6078110110384718,0.1555517907222668,0.002557099815707808,3.0
0.5435648549985188,-0.9671888159743816,1.3302276737543828,-0.04003347918084539,0.0
0.5598736414753264,-0.6925158631218288,-1.4794071734158125,-0.032925336333685135,1.0
0.6271579200880264,1.6078133449589855,0.1618229856046537,-0.05174013418174053,3.0
0.5435648545583053,-0.967191427632452,1.327825573588313,-0.01985105874020398,0.0
0.6271579190725186,1.6078116722832883,0.16433307262871463,0.010347651502799893,3.0
0.5598736417975834,-0.692516841030165,-1.4814282366047498,0.07492001126140586,1.0
0.5435648549678869,-0.9671900568459266,1.3348906866667338,-0.03198055782768944,0.0
0.5435648550305517,-0.9671930001597955,1.3321665465296457,-0.010956524947339391,0.0
0.5435648543805086,-0.9671868574796159,1.3342914937915913,0.03724747736437652,0.0
0.559873641308351,-0.6925164470141333,-1.4819722720674917,-0.07403016919850354,1.0
0.5435648545848722,-0.967192304187243,1.3308194371511377,-0.0022120684928311355,0.0
0.5598736418547695,-0.6925146044113744,-1.4823040793135065,-0.03526045526276558,1.0
0.55987364137475,-0.692519595901262,-1.4823828416422948,-0.013512122860234912,1.0
0.6271579205139615,1.6078136058775256,0.15992776815536014,-0.0017649294374213187,3.0
0.5435648544788889,-0.9671903529459474,1.3361076318527993,0.006880070434863154,0.0
0.5435648546577596,-0.9671891702281301,1.329497070751038,0.007098075595697975,0.0
0.5598736416311617,-0.6925164472057191,-1.4753369839636779,-0.02007630911854637,1.0
0.6271579195426912,1.607810068167579,0.16198911763795812,0.13708824720286308,3.0
0.6271579200184698,1.6078112490456464,0.16268235385243396,-0.027458437776305966,3.0
0.543564854973938,-0.9671899446272757,1.3355757911139563,0.045636294016250994,0.0
-1.7317881812315639,0.054051105149417876,-0.0034551248431269463,0.018169963737365267,2.0
0.627157919901324,1.6078118216509565,0.15744308293143652,0.0339593360726441,3.0
0.6271579194407072,1.607811606654878,0.15378343077574483,0.07340432788381132,3.0
0.5598736414810326,-0.6925134895757231,-1.4806853605679715,-0.08555124020889367,1.0
0.6271579199019123,1.6078130483986297,0.15839166333379787,0.010228765284996104,3.0
-1.7317881813082765,0.05404846889010131,-0.010260146940900185,0.03334184629820878,2.0
-1.731788181771735,0.0540466612476899,-0.0003045578712400292,0.022157180823846438,2.0
0.5435648544448081,-0.9671907902645768,1.3421641558819597,0.034741483433294564,0.0
-1.7317881812429414,0.05404891042305312,0.005010408586373979,0.04335356113042912,2.0
0.54356485430116,-0.9671913256163671,1.332991320951121,0.08755172950764557,0.0
0.6271579202192238,1.6078080579197211,0.16050612223198463,-0.02768025993151217,3.0
-1.7317881818158216,0.05405045291684466,0.0012082239320273,0.004886997356007145,2.0
0.6271579203121271,1.6078117333224706,0.15992124243504516,0.02262801850835907,3.0
0.5598736407433467,-0.6925156083736271,-1.4792818642523795,-0.02466829951274402,1.0
0.5598736414710398,-0.6925173618686156,-1.4722748442608447,-0.03202782464252408,1.0
0.5598736415403263,-0.692516283871525,-1.4809445004630322,-0.0058386463227545,1.0
0.6271579201731605,1.6078126223153197,0.16148508403381587,0.01802276184817603,3.0
0.5435648545921489,-0.9671908958356266,1.3335641886405545,0.02043167808408474,0.0
-1.731788181619982,0.05404968857567531,-0.008959208970308635,-0.01663333522773227,2.0
0.6271579203326106,1.6078114898884477,0.16555862004833746,0.031501192424190916,3.0
0.5598736407763937,-0.6925168200018708,-1.4741814618199083,-0.039145656329006746,1.0
-1.7317881819700627,0.05404926727465234,-0.0056998646035101705,-0.02750196059945025,2.0
0.5598736419958841,-0.6925167913853438,-1.478441852934444,0.06978035461441616,1.0
0.559873641895528,-0.6925151603426941,-1.470117526368107,0.011523419707057371,1.0
-1.7317881815281868,0.05405029578408633,-0.008959331870061638,0.028704539913336134,2.0
0.6271579195563227,1.6078100949376728,0.16235159804336816,0.0509947846134633,3.0
0.54356485437015,-0.9671900829545661,1.3354759217147798,0.00330718800097295,0.0
-1.7317881817692469,0.0540507017110563,-0.0044493961475382685,-0.03899993352201326,2.0
0.5435648544800966,-0.9671895285241267,1.3348902249811239,-0.0317379859102032,0.0
-1.7317881814428395,0.054050906701707695,-0.012031542639124064,-0.05266703983903582,2.0
0.6271579204851383,1.6078111118413458,0.1553670784728138,0.015737786909223395,3.0
-1.7317881817096998,0.05405412226231273,-0.00449070635850188,0.01982387754944229,2.0
-1.7317881816411842,0.05405236333584518,-0.0010901064005703186,-0.02942005541593077,2.0
0.5598736417679653,-0.6925180672521809,-1.4764338887948656,-0.07330755986380134,1.0
0.6271579202231073,1.6078136492119435,0.15650587080801368,-0.006862099668027073,3.0
-1.7317881818220924,0.05404947490875348,-0.006948162792314714,0.06646506220084221,2.0
0.6271579191579904,1.6078117476120115,0.16279272598315098,-0.008528684286529122,3.0
0.6271579198685916,1.6078089496214336,0.1598404949252178,0.02816631959594585,3.0
0.6271579202586747,1.6078115245861322,0.15636068975132109,0.0016028558183550246,3.0
0.5598736414365317,-0.6925169998592536,-1.4830685989273433,-0.057864994332644144,1.0
-1.7317881811300089,0.05404900008746114,-0.004987831650282059,-0.07418744221382384,2.0
0.5598736422367744,-0.6925162435595813,-1.4757679633224954,0.021206462474994213,1.0
0.559873641420529,-0.6925150454793917,-1.4757992882173776,-0.04444580500238632,1.0
0.627157920005237,1.6078131671602627,0.1639643578171942,-0.008956829113755897,3.0
-1.731788181617323,0.054054358871538095,-0.005493906230830769,-0.016444258653758436,2.0
0.5435648549001894,-0.9671905087484922,1.332122807069884,-0.01725550329795136,0.0
0.6271579199287249,1.6078088610575354,0.16020241447403907,0.027038286699403533,3.0
0.5598736418160893,-0.692515349297357,-1.4772859517919,-0.031239618729605866,1.0
0.5598736412279856,-0.6925136722709601,-1.473464643867105,0.0009275608432070363,1.0
0.6271579198086694,1.6078098762831652,0.16580764625273448,-0.03894959488295237,3.0
0.5598736414187161,-0.6925171598364975,-1.4776242479461026,-0.00010326825136041297,1.0
0.5435648549689992,-0.9671908898159648,1.3384086681750944,-0.024510481108193868,0.0
0.6271579204814016,1.6078117709533941,0.1645609034566821,0.005878025008930209,3.0
0.6271579201574241,1.6078132714154927,0.15603764570548564,-0.007445218238645625,3.0
0.5598736415065776,-0.6925141121947036,-1.4764463878739178,-0.03253959168414458,1.0
0.543564854397536,-0.9671892586207519,1.339053189339353,-0.12727155928949396,0.0
-1.7317881817374556,0.054047595958783286,-0.009029158012296264,0.029509523266765515,2.0
-1.7317881811938771,0.05405113411983219,-0.0016457971893540416,-0.07846727939040281,2.0
-1.731788182479114,0.05404612150291214,0.0008358878423053962,0.04073688982512446,2.0
0.5435648547454823,-0.9671870841451697,1.33161282354842,0.022976946967160294,0.0
0.5435648543657542,-0.9671894103003278,1.3297147523613064,0.019363876462049127,0.0
0.5598736415549105,-0.6925151110504353,-1.479693957665751,-0.05275479696151648,1.0
0.5435648549293511,-0.9671901513733103,1.3365607813121374,0.0070672056877885666,0.0
0.6271579199820722,1.6078114107100758,0.15997339243205272,0.029912213120129386,3.0
0.5435648550129135,-0.9671905891949678,1.3359168592768507,-0.029961058020239902,0.0
0.5598736422563578,-0.6925195430718005,-1.471707389391355,-0.007588743996311764,1.0
0.6271579194437732,1.607811882774015,0.1622629685687953,-0.01989658378949778,3.0
-1.7317881810183855,0.054047977726574256,-0.0015470845538499256,-0.0012241070742593197,2.0
-1.7317881815129215,0.05405016444297927,0.0027073894235747804,0.06878495028098455,2.0
0.5598736414454967,-0.6925169693142612,-1.4790789854275403,-0.015193169947939972,1.0
0.5598736416365852,-0.6925148328796712,-1.482477772888249,0.050139150352235665,1.0
0.6271579203800842,1.6078131314420696,0.1638748475598027,0.03816992811401689,3.0
0.6271579204084441,1.6078101670580902,0.15155685553805273,0.01960458722603257,3.0
0.6271579201233747,1.607810078250143,0.15642742332271334,0.04086391902743798,3.0
0.5598736408224042,-0.6925148958832875,-1.4774941577653684,0.015381700248495554,1.0
0.627157920128993,1.6078098153808746,0.16130165625170265,-0.06319324138490154,3.0
0.5435648550194206,-0.9671872846635491,1.3326940743847586,-0.008536935364316031,0.0
0.6271579195693888,1.607810948818092,0.15556212563432573,0.05262255664249571,3.0
0.6271579194209831,1.607808758997984,0.17014395630909612,0.006365311718502627,3.0
0.6271579201084891,1.6078117347061238,0.15701115573924762,0.045656364828214176,3.0
0.5598736417256156,-0.6925153165703127,-1.4828872728027989,0.0036778565191801183,1.0
-1.7317881813158384,0.05405206899377128,0.006394291886041236,-0.010755191620644547,2.0
0.6271579197089066,1.6078089525117518,0.1604981287054757,-0.02547859630367494,3.0
0.6271579195477089,1.6078101084578371,0.16702749739121842,0.001507567570040434,3.0
-1.7317881814691933,0.054049416289879595,-0.014231057217828481,0.012003599226074657,2.0
-1.7317881811991866,0.0540507309411125,-0.0016721001207993297,0.030330453672083615,2.0
0.5598736408661115,-0.6925153612243533,-1.4786194287566212,-0.04080172388789664,1.0
0.6271579199053812,1.6078132389776696,0.16342029634080252,-0.03643570110016436,3.0
0.5435648547134558,-0.9671888422101803,1.3363609491020523,0.028678840444202967,0.0
0.6271579203073852,1.6078110719067922,0.15895855749555451,0.012524689475663233,3.0
0.6271579193586406,1.6078125082418846,0.1584935211627914,-0.018905620697133415,3.0
0.6271579196973921,1.6078104091470053,0.15497408239806462,0.003974321950578921,3.0
0.5598736409331433,-0.6925187185269912,-1.4841209484450526,-0.05498372661914797,1.0
0.5598736414842651,-0.6925158641085216,-1.483312471034932,0.027799283601218923,1.0
0.6271579194933752,1.6078135525910489,0.1631683065083527,-0.0037169734933101117,3.0
0.5598736413100645,-0.6925152553983542,-1.4739265446967111,0.019619239182078342,1.0
0.5435648550168727,-0.9671913752902592,1.3327368463830385,-0.025304953623914116,0.0
-1.7317881815133345,0.05404909657289059,-0.0064039724245981465,-0.06157952014514566,2.0
0.5435648543862421,-0.9671891832988414,1.3289265938978116,0.014504156926506888,0.0
-1.7317881818178378,0.05404886104358408,-0.008461835372534804,0.0802130012099512,2.0
0.6271579199994344,1.6078097347987468,0.15613659380737596,-0.04388997968763645,3.0
-1.7317881810354814,0.05404876925861782,-0.004206586842029525,0.04166320462694105,2.0
0.6271579199372236,1.607812260111835,0.1582556563421079,0.01307892320311634,3.0
0.5598736417811104,-0.6925183249591561,-1.481699600481929,-0.017247908790829453,1.0
0.5598736414499631,-0.6925170370820751,-1.4756781362236189,-0.00879198069997338,1.0
-1.7317881817126037,0.054052129139916257,0.002006383413894971,0.004800375747209881,2.0
0.559873641276604,-0.6925161450336923,-1.479153070082428,-0.03591819182606913,1.0
0.5598736410157106,-0.6925144072070742,-1.4765276396548794,-0.06480861036682622,1.0
0.5435648549138197,-0.9671897247987032,1.3365700919023682,0.03874049220629742,0.0
0.6271579196579059,1.607811328261276,0.15941920639590776,0.04049632705493131,3.0
-1.7317881811269404,0.05404848965066013,-0.012467760104385535,0.02878921844295245,2.0
-1.7317881815393636,0.05405351746883746,-0.007154850321332011,-0.04440837330730188,2.0
0.5598736416297255,-0.692516625974821,-1.4765810457150228,0.008531304096402542,1.0
0.5435648546194691,-0.9671891559392336,1.3295505936870873,0.04808860889645204,0.0
0.5598736413041714,-0.6925140644212685,-1.4805871256856433,0.04637010911650458,1.0
0.5598736412024242,-0.6925167789623771,-1.476524982226083,0.01570996566839323,1.0
-1.731788181617582,0.054046564563324996,-0.007683544959870533,0.0021063626485380155,2.0
0.5435648548204592,-0.9671901081841416,1.3333632911012512,0.008836732959337165,0.0
0.6271579197430931,1.607812758071843,0.16670743437794178,-0.00554252674446587,3.0
0.6271579196476801,1.607813218389444,0.15747161240856253,0.005095271959269499,3.0
0.6271579196420473,1.6078092507979083,0.16534236152935036,0.001707679001327697,3.0
-1.731788181623947,0.054048765097224866,-0.0020237866383758935,-0.021492406910883215,2.0
0.5598736411610645,-0.6925129472580489,-1.477105858166055,-0.015578576614427546,1.0
0.5435648547575569,-0.9671928813925987,1.3348622114993365,0.019779534484858682,0.0
0.5598736413818127,-0.69251487997441,-1.4718349036554093,-0.009268172584649738,1.0
0.5598736417537454,-0.692514606309063,-1.4739151152097734,-0.030389841465655633,1.0
-1.731788181627839,0.05405256505585961,-0.00506892465074974,-0.03640577894756738,2.0
0.5598736415509806,-0.6925157910961482,-1.4787391307971338,-0.04206408019825665,1.0
0.5435648556709921,-0.9671909151491443,1.336667727766107,-0.05203110616624195,0.0
0.5598736415147482,-0.6925133461342342,-1.4764568204477484,-0.034406426639532695,1.0
0.5435648546706311,-0.9671880514646802,1.3305754050641914,-0.05572394738753726,0.0
0.6271579191498784,1.607814985981597,0.16140473114153472,-0.007889533009623056,3.0
0.5435648548386952,-0.9671914398650497,1.3371295041631235,0.047053321155672484,0.0
0.5435648542655669,-0.9671921544020528,1.3322775963366151,0.0739039892537818,0.0
0.5598736413463208,-0.6925162112306251,-1.4804297690591084,-0.006034629863114155,1.0
0.5435648547372632,-0.9671918628879,1.332968844840669,0.026243248506424423,0.0
0.5598736418126739,-0.6925150105558555,-1.4836631621254588,4.934205674878908e-05,1.0
0.6271579194722277,1.6078136454354328,0.1595731018392683,0.04874743661391051,3.0
0.5598736413608641,-0.692516852115872,-1.4736814494000385,-0.022844153548253428,1.0
0.6271579201146995,1.6078106825905076,0.1578161516855572,-0.029996306672168113,3.0
-1.731788181253082,0.05404986489930163,-0.007259741278628731,0.009166525108326112,2.0
0.5598736422857482,-0.6925155005899767,-1.480240305021203,-0.0022892895243826253,1.0
0.5598736410066449,-0.6925159983031534,-1.483010002111465,-0.08418145891085305,1.0
0.5598736414208657,-0.6925159269253065,-1.476188000868404,-0.08095004156858508,1.0
0.6271579194832837,1.6078116766804698,0.1642290091789785,0.010651273011908022,3.0
0.5598736413827193,-0.6925159314712048,-1.4765214992498261,-0.053444776302924206,1.0
0.5598736412961428,-0.6925119154101097,-1.4793306256072694,0.039639899889144715,1.0
0.6271579192147162,1.6078103318538823,0.1586616855436953,-0.03329086101540953,3.0
0.5435648543156992,-0.9671901416102541,1.3295623708499786,0.07987618500363533,0.0
0.559873641421732,-0.69251441292731,-1.468653637704039,-0.012611347900271663,1.0
0.5598736411447769,-0.6925188810198772,-1.4806785762021308,-0.05637341610939153,1.0
-1.7317881810878075,0.054050382876494954,-0.003699084557671957,-0.055681269074689,2.0
0.5435648547104517,-0.967189260403925,1.3297217600737508,-0.0023208143140899984,0.0
0.6271579198792521,1.607810027669133,0.1570532444701155,-0.00887083862249363,3.0
0.5435648544550743,-0.9671895902015526,1.3273004493336378,0.05791367616317344,0.0
-1.731788181899254,0.05405062279316176,-0.005314425166032206,0.010077493565518207,2.0
-1.7317881815079175,0.05404850274702618,-0.0007327638264975311,0.01910914377998789,2.0
-1.7317881815467742,0.054049973837738935,-0.0022952645427306633,-0.03182560439417967,2.0
-1.731788181383843,0.05404970171625553,-0.005318879580301355,-0.014327336593913175,2.0
0.5435648544583245,-0.9671918973360977,1.3345223806411812,0.043208405020744495,0.0
0.5435648540051152,-0.9671892499441249,1.3304963198834452,0.029339366456133515,0.0
0.5435648553611238,-0.9671932978393377,1.3382549820074323,-0.027150162391507523,0.0
-1.7317881811059717,0.05404945178182427,-0.006978132242171317,0.0020728551409159267,2.0
-1.7317881813297022,0.054049917512099456,-0.004151962235844363,0.022201797951606983,2.0
-1.7317881817858995,0.05405348376469724,-0.007213489472871681,0.029010882706377975,2.0
-1.7317881814867415,0.05404788387835515,-0.010070471990456959,-0.013662143974204208,2.0
0.6271579192369595,1.6078112323241618,0.15532104117841494,0.043909721827355266,3.0
-1.7317881816014482,0.05405353273194273,-0.009321048327311324,0.016867996594200452,2.0
0.5598736411005931,-0.692515579418398,-1.4741906783575416,0.014235218344824212,1.0
0.5435648549693196,-0.9671915355960118,1.3348638304127272,-0.01708401455506556,0.0
0.543564854959742,-0.9671898135339433,1.3415110867592455,0.010544929785721389,0.0
0.55987364175134,-0.6925163033953836,-1.4811873936271265,-0.031093869537312566,1.0
0.5435648555361307,-0.9671894556789878,1.3305420451479995,0.053868884732944246,0.0
-1.7317881813161593,0.054052573791862596,-0.002081926211385234,-0.03177218636127165,2.0
0.6271579202045502,1.607811559045231,0.1633196911038573,0.008297986884363595,3.0
0.5598736417019743,-0.6925177532436858,-1.4810386458673743,0.0517518822178972,1.0
0.5435648543881355,-0.9671900247832927,1.3381965237526032,0.0338675125535488,0.0
0.5598736420263726,-0.6925153891072107,-1.4844219935193486,-0.025511258690582385,1.0
-1.7317881814374616,0.05404938716305476,-0.003954439947948547,0.0238052623396796,2.0
0.5598736417319384,-0.6925156772625183,-1.4807277286154577,-0.023562066047597342,1.0
-1.7317881818035807,0.05404717295599588,-0.0006820345877423334,0.022029353101664515,2.0
0.5598736420841846,-0.6925171718241638,-1.4782557456317647,-0.04187316551381273,1.0
0.6271579205650398,1.6078111888982138,0.15566480599207422,0.0006015173105133403,3.0
0.6271579195016914,1.6078115073800412,0.15982308873861428,0.02948840315436069,3.0
-1.731788181826093,0.0540506332321377,-0.0035485237644928475,0.05012266934007027,2.0
0.5598736421334515,-0.6925117742675824,-1.4776357865724707,-0.0068193909478235955,1.0
0.5435648551896232,-0.9671876268612551,1.338857608437583,0.0277028043492577,0.0
0.543564854659139,-0.9671879800365727,1.3302668933416544,0.003486415368437249,0.0
-1.7317881813185851,0.05404972389824303,-0.005079871128757815,0.01017151413738483,2.0
-1.731788181110457,0.05405162326250112,-0.0025233130091621477,0.02740202946323632,2.0
0.5435648547695646,-0.9671892776003457,1.3322043090229,-0.026778503929668913,0.0
0.5435648546162849,-0.9671899184047127,1.3296127629920433,0.02192285962289247,0.0
0.6271579194748331,1.6078117879490759,0.16109275201215315,-0.09263325270499452,3.0
0.5598736417713512,-0.6925186611092999,-1.4812014567947593,0.03490893072177275,1.0
-1.7317881810287017,0.05405080593994553,-0.004232955488284906,-0.014990940908792137,2.0
-1.7317881816051068,0.05404891279346213,-0.005169158111312293,-0.018667689103323726,2.0
0.6271579199533739,1.6078130078507726,0.1643129741690833,-0.04074661806853109,3.0
0.6271579192158706,1.6078134846357757,0.16115168190469012,0.004636288598794675,3.0
0.5435648548599605,-0.9671886983589716,1.3391706612405425,-0.0026617885606354495,0.0
0.6271579199944752,1.6078128800377347,0.15613924413613017,0.04066570831550606,3.0
0.5598736418288179,-0.6925182873724584,-1.4750719523271085,0.007613604812769511,1.0
0.6271579195923421,1.6078115516972524,0.16226754408195346,0.027861501210178507,3.0
0.5435648544274106,-0.9671878088015097,1.3244768547899617,0.03271155270299359,0.0
0.5598736413737113,-0.6925154355658095,-1.4804270070280867,-0.007746096620301318,1.0
0.5598736419476642,-0.6925189668891981,-1.4780535490555837,-0.0248403873109896,1.0
0.5435648544186926,-0.9671890127591228,1.3402193157910984,-0.01681124029269052,0.0
0.5435648548920833,-0.9671881553449356,1.3262713215839659,0.01151292752942645,0.0
0.5598736411474481,-0.6925140890293782,-1.476642710437102,0.005566445205928435,1.0
0.627157919629056,1.6078102285341396,0.16197621651914668,-0.006890281762389684,3.0
0.6271579197610608,1.6078105512730065,0.15936591586142612,-0.04754259998608998,3.0
0.5435648549395048,-0.9671900504748634,1.3379759414026304,0.010934362965439069,0.0
0.543564854445582,-0.9671884080136088,1.3350257672971766,0.013020943277811866,0.0
0.6271579200693239,1.6078146648703857,0.16236512651000284,0.0163670414480229,3.0
0.5435648544909388,-0.9671917471107478,1.329039664544348,0.06456828743035987,0.0
0.5598736413013278,-0.6925166498150376,-1.479295699308623,-0.06908283931893161,1.0
0.5598736417028667,-0.6925170290932176,-1.4735022899134405,-0.06672994941364278,1.0
0.5435648552893864,-0.9671905381712532,1.3361080594037174,0.01606992580272738,0.0
-1.73178818175675,0.05404850710067168,-0.008385857056598897,0.038664355598081394,2.0
-1.7317881814989484,0.0540499711014832,-0.004900122065441378,-0.0584226354478261,2.0
0.5435648539333193,-0.9671928720687879,1.3318111221870872,-0.018359394906138964,0.0
0.5598736412173118,-0.6925148005576506,-1.478223520643603,-0.07685527983432094,1.0
0.543564855141595,-0.9671900305330898,1.3277244618743844,0.0026507758543272285,0.0
0.5598736414652433,-0.6925155041895281,-1.4706155501171336,-0.0455995561762692,1.0
0.627157920376389,1.6078118998441968,0.16403914003764683,-0.019017588736399218,3.0
0.627157919781795,1.6078105926505177,0.16241791870511318,-0.036134014465283144,3.0
-1.731788181695656,0.054051021965839004,-0.010048845176186797,-0.015373381977870049,2.0
0.5435648556267958,-0.9671908477348723,1.3342554770756139,0.004430832752669076,0.0
0.6271579198216984,1.6078102929625901,0.1662708019582946,0.011746154439269619,3.0
0.5435648543904057,-0.9671899193906107,1.3382821301849657,-0.03254249621632104,0.0
0.5598736413609889,-0.6925161576093963,-1.4755504386191802,-0.07527433923520072,1.0
0.559873641516228,-0.692516909672222,-1.4747311901319171,-0.03742034325219318,1.0
0.5435648548359298,-0.9671900375652478,1.32621522359713,0.011176623123491254,0.0
0.6271579205049082,1.607810215623365,0.16417504796434873,-0.039541671574037596,3.0
0.5598736416859135,-0.6925156882039398,-1.4794737982162123,-0.06554050903862574,1.0
0.6271579197059497,1.6078128525745932,0.15554445044357854,-0.016528395373426857,3.0
0.627157919379999,1.60781262032396,0.1584096125194932,-0.015855975451213967,3.0
0.5598736417572081,-0.6925151728571003,-1.4807462949121466,-0.03909353393353954,1.0
-1.7317881813740634,0.05404973384538244,-0.006578707964546331,-0.007194847453118108,2.0
0.6271579199884136,1.607809011366441,0.16467986588817599,-0.030801164962153873,3.0
0.5598736408252364,-0.6925131677409416,-1.4814710058988616,-0.04212914154299724,1.0
-1.7317881822066357,0.05405175676581835,-0.005225211858431784,0.04661880029594117,2.0
0.627157920484166,1.6078130557649148,0.15465226326733447,-0.010593696793227572,3.0
-1.7317881806354456,0.05405181523921966,-0.00016647565047472293,-0.03137386417151562,2.0
0.6271579198224322,1.6078103508056152,0.15792542967627385,0.04137128020832075,3.0
0.6271579198457954,1.6078111387257283,0.1595323940733496,-0.07764543691250657,3.0
-1.7317881818585639,0.05405054417068757,-0.00012154493063589304,0.06877519665252742,2.0
-1.7317881810637066,0.05405050015819745,-0.002253975922385925,0.07316634359604204,2.0
0.5598736416335246,-0.692516277819021,-1.4779645015367384,0.08924246598126111,1.0
0.6271579196440599,1.6078129361345286,0.1585118401852239,0.06007392007705294,3.0
0.5435648548764285,-0.9671922719466957,1.332270886533772,0.03594140706077691,0.0
0.5435648550475906,-0.9671894629221633,1.337628845390154,-0.02330417502685117,0.0
0.5435648546134308,-0.9671902289270512,1.3295667752375644,0.025193064310807034,0.0
0.5598736410463923,-0.6925127536721247,-1.4764050964238027,-0.06069917022674759,1.0
0.6271579198076119,1.6078123982558132,0.15905927643064632,0.038044709731053054,3.0
0.5598736417016813,-0.6925156232173355,-1.4835540143140313,-0.011275615708375122,1.0
0.54356485559328,-0.9671910736463516,1.3297288094833684,-0.03868326590160586,0.0
0.5598736410021505,-0.6925168207137028,-1.477148427943823,0.05148600504379692,1.0
0.5598736418652404,-0.6925166478918915,-1.4790607989623445,-0.007146493409113234,1.0
0.5598736409190423,-0.6925135211015546,-1.4736208341302477,-0.06770386534382934,1.0
0.5598736419808996,-0.6925131528909517,-1.4865356079523562,-0.03945965107988232,1.0
0.627157919875919,1.607812829082717,0.15857184765054164,0.06657369252314725,3.0
0.6271579198497953,1.6078094803341254,0.16648334878886561,0.008120082787777573,3.0
-1.7317881815733003,0.0540502843879938,0.006727042728018409,0.10611656565614688,2.0
0.5598736417879809,-0.6925171110798943,-1.4786351809502931,-0.039717098923164544,1.0
0.6271579195232002,1.607810864584998,0.1620835934042092,-0.08282752695003232,3.0
0.5598736414492398,-0.6925122857215357,-1.4761416035807258,-0.026523817085696545,1.0
-1.7317881807881956,0.054050961474433445,-0.005285862124832209,-0.008450847897235287,2.0
0.6271579199760178,1.6078117689913742,0.15985774515633278,-0.003886924703583116,3.0
0.5598736416563602,-0.6925143593160289,-1.4781705822002567,-0.022085560170188354,1.0
0.6271579200721566,1.607809619709325,0.16108923487760982,0.008080353832331773,3.0
-1.7317881819272263,0.05404943045917957,-0.0037411828032815095,-0.06165258516765323,2.0
-1.73178818143612,0.05404905420303994,-0.005102504677384747,-0.05523364986421471,2.0
-1.7317881814761502,0.05404678652898218,-0.01031195267007269,-0.07084642829163429,2.0
-1.7317881814530551,0.05404871390685126,-0.009942659689129437,0.014388851840051519,2.0
-1.731788181376558,0.05404661035441761,-0.01078951990450917,0.029696937455020177,2.0
0.5435648541634616,-0.9671909726253672,1.3280416368826504,0.03842479335568445,0.0
0.5435648550250717,-0.9671884782223408,1.3300031462241684,-0.03427452248132799,0.0
0.5598736417753375,-0.6925167349528544,-1.481935361493303,-0.05618026083634798,1.0
0.5435648548361903,-0.967191027328211,1.3384245930858725,-0.00880215892715674,0.0
-1.7317881823631949,0.05404932676339706,-0.01000369498845851,0.01854451279523086,2.0
0.6271579198767635,1.6078104966832738,0.15469693537564336,-0.044701370349963354,3.0
0.5598736411073314,-0.6925161457104911,-1.4746094272766859,-0.04782635005006076,1.0
0.627157919636328,1.607812160280063,0.16421028008242444,-0.07110732946698789,3.0
-1.7317881812615978,0.054049740809003224,-0.004779628617891227,0.035340371242809754,2.0
0.5598736422434084,-0.6925177807864509,-1.4761095625904455,-0.03209998038746875,1.0
0.5598736417148984,-0.6925186422053373,-1.4799903349060317,0.0652258145578931,1.0
0.559873641524263,-0.6925147700783197,-1.479402249505294,-0.059337047461926154,1.0
-1.7317881815816216,0.054050908159167584,-0.009852310629881324,0.030543589186363764,2.0
-1.7317881811825844,0.05405184255274041,-0.00416213346963189,0.08071548116018418,2.0
0.5598736420771863,-0.6925170988827712,-1.480739975224868,-0.07672371997232312,1.0
0.5598736416255794,-0.6925148770785648,-1.4786652619146932,-0.10908707890053693,1.0
-1.7317881815212823,0.05405435966585126,-0.0038166077283501637,0.0005383796192972,2.0
-1.7317881816894583,0.05404961302869484,-0.006587721711288392,-0.0010659509101967515,2.0
0.543564854993748,-0.9671886944981705,1.3351909878118813,0.008612477917498267,0.0
-1.7317881814907747,0.054048899052189577,-0.009328898434623607,0.012142417534036243,2.0
0.5598736410059504,-0.6925129777635293,-1.4844063367964082,0.002762144894971538,1.0
-1.7317881814241904,0.05405084095597391,-0.002130521513856373,0.014104117407929238,2.0
0.5598736422039396,-0.6925160198151722,-1.4787622642646743,-0.09154777037845321,1.0
-1.7317881810939328,0.05405164059316572,-0.004058567557009995,-0.0043898695571409265,2.0
0.6271579199620925,1.6078113393797304,0.15669305757594673,0.007039777051148353,3.0
0.6271579204417085,1.607811509967126,0.15960092109080615,-0.0058527105897061265,3.0
0.6271579203215968,1.6078117187479755,0.16241278335102338,0.010102200614273514,3.0
-1.731788181450472,0.05404780887110413,-0.007840860073259287,0.021588403188088336,2.0
0.5598736416671044,-0.6925174713110921,-1.4774187601122617,4.5214903194268654e-05,1.0
0.6271579198329144,1.6078120032524066,0.16050152252863925,-0.027007929403906377,3.0
0.5435648543506236,-0.967190624625265,1.3300965908965618,-0.03732897814546037,0.0
-1.7317881814350486,0.054049942413309716,0.00047491149056438903,0.029132459775121543,2.0
-1.7317881817973535,0.05405188506916439,-0.014915237038657965,-0.0017921190525805044,2.0
-1.7317881813458709,0.05405201414238928,0.00039123645751142674,-0.07422582727461602,2.0
-1.7317881814088365,0.05404774443870343,-0.004058708326340811,-0.00837691777067828,2.0
0.5598736406054022,-0.6925174020171224,-1.4797372979811674,0.045098600850542056,1.0
-1.7317881817121525,0.054047894352462655,-0.0025681234510249082,-0.025397560670342472,2.0
0.6271579198093808,1.607813156970352,0.1600307010177693,0.02034930196006658,3.0
-1.7317881802286608,0.054052818008533406,-0.006513734786399283,-0.04787293804380255,2.0
0.5598736414923132,-0.6925163757620028,-1.4749851497937065,-0.06157465495006248,1.0
0.5435648542748218,-0.9671908756800106,1.327604809407543,-0.028420215552082323,0.0
-1.731788181116666,0.05404709849797494,-0.000262245645802956,0.04004305836379371,2.0
-1.7317881806490714,0.05405234188644129,-0.0015658206692732636,-0.011984450405284437,2.0
0.6271579198987279,1.607811524508231,0.16325725278944422,0.015236584777147557,3.0
0.5598736416501425,-0.6925163908139202,-1.4791741946078805,-0.013272587131571943,1.0
0.5435648543392904,-0.9671892755370612,1.3402615194035674,-0.009798395631285813,0.0
0.5598736418895688,-0.6925158283663739,-1.4737061860019045,0.015217823557538288,1.0
0.5598736411052296,-0.6925177278381832,-1.4784531390606976,-0.0024429341816607445,1.0
0.5435648549449801,-0.9671931632116925,1.3304519127689862,0.07571562063473838,0.0
-1.731788181210247,0.054050747783625945,-0.002915803105389209,-0.06518346965432173,2.0
0.5598736415138884,-0.6925162932238862,-1.4800186720884418,0.09612043690384407,1.0
0.5435648548562126,-0.9671912386800213,1.3310805672310415,0.03384128129449257,0.0
0.5598736409164456,-0.6925176625222959,-1.480426054682494,-0.017211752224302816,1.0
0.6271579197958121,1.607812053667339,0.16344914810877179,-0.03530159103080152,3.0
-1.7317881817663816,0.054050066425617965,-0.0032651648588378408,-0.03394538102717405,2.0
0.5435648545308598,-0.9671891509382043,1.3312450974131567,0.005621464152784091,0.0
-1.7317881817205438,0.05405038061681507,-0.00952037855758381,-0.033088568923738015,2.0
0.5598736415004254,-0.6925176126055537,-1.4818296312518089,0.02807746770551231,1.0
0.5598736415886084,-0.6925176060023811,-1.4760223552246485,-0.06124233261526893,1.0
-1.731788181732739,0.05405360118337639,-0.0049617502339194645,0.019857015381280086,2.0
0.5598736421816013,-0.6925167993352208,-1.4762066244400158,0.06333386243280086,1.0
0.5435648544620153,-0.967190277169254,1.332875011840476,-0.02240920184796093,0.0
0.5435648541737553,-0.96719032148028,1.3349710247941413,0.016911336396421704,0.0
0.5598736417430927,-0.6925137568111203,-1.4750532543391062,-0.06607213980793661,1.0
0.5598736413673013,-0.69252044622146,-1.4770583057244355,0.015013044335562593,1.0
0.6271579199350892,1.6078109520776032,0.16024908446633473,0.040367440278221575,3.0
0.5435648543155801,-0.9671891537668648,1.336539030820874,0.04624131292017809,0.0
0.5598736414131176,-0.6925132442690436,-1.4737801602139453,0.01788921376281298,1.0
0.6271579198749865,1.60781118669524,0.16115364938915966,-0.008138392780309816,3.0
0.5435648544983698,-0.9671896840707928,1.3304159437144198,0.04410459711214248,0.0
0.5598736417225499,-0.6925158649738556,-1.4808520094102386,0.019176386980586612,1.0
0.559873641619979,-0.6925149509880625,-1.4760532070443788,-0.007221334177129018,1.0
-1.7317881815472116,0.05405000679770381,-0.0024195108667045624,0.08312574041528911,2.0
-1.7317881816749003,0.054050977173160104,-0.007740643444761752,0.01869475636428628,2.0
-1.7317881817617133,0.054045899930492046,-0.010993175537095145,0.026195507386353022,2.0
0.6271579193676944,1.6078118550204614,0.16512296092392595,-0.014346597094648516,3.0
0.6271579201598703,1.6078081481197308,0.15938706521618096,0.0762249932120222,3.0
0.5598736410318926,-0.6925153560723879,-1.4794095556769653,-0.01961523787535663,1.0
0.5435648548006973,-0.9671893357545066,1.3328419679737435,0.05432833685921987,0.0
0.543564855285487,-0.9671885885954191,1.3364464064207353,-0.035294892168884894,0.0
0.6271579194855569,1.607810246799406,0.16015018575187911,0.03447831341573304,3.0
-1.7317881811854228,0.054047835758382526,0.0008054553905061344,-0.09046794068881252,2.0
-1.731788181048128,0.05405048692044889,-0.005638127153378167,0.03363093706363695,2.0
0.6271579200502198,1.6078107121753578,0.1573500916243032,-0.0018089309280084512,3.0
0.5435648543611247,-0.9671895113830059,1.3306226754600683,0.0006455487939293928,0.0
0.6271579193459361,1.6078112905979207,0.16310592377589048,0.024739797414095304,3.0
0.6271579197208907,1.6078081891841114,0.15834730339063907,-0.015368209624911085,3.0
0.6271579195498613,1.6078101449180109,0.15821305743910888,0.005628052928500092,3.0
0.5598736420195533,-0.6925165644881452,-1.4797308784584615,0.024747398373663482,1.0
0.543564854488853,-0.9671876729908729,1.3336364749807113,-0.00578591286418154,0.0
0.6271579198424916,1.60781059197367,0.16008810366536558,0.04152206705096472,3.0
-1.7317881811384792,0.05405324133061992,0.0009640828269290062,0.028728478506186088,2.0
0.5435648546991971,-0.9671886291196542,1.33417401335488,0.055331101316210315,0.0
0.6271579200339957,1.607811940606616,0.16229591947275093,0.0521685182320067,3.0
-1.7317881809710924,0.054050582182174824,-0.003318375845144226,0.005953550964701088,2.0
0.6271579194813193,1.6078093256987813,0.15702719147383262,0.028042625140618886,3.0
0.6271579190912422,1.6078124880715299,0.1571273357044522,-0.024782891850755516,3.0
-1.731788181924017,0.054053034048963076,-0.003997012084034214,0.061495921863380695,2.0
0.5435648551586968,-0.9671903428456488,1.327402696027598,0.013629822079517545,0.0
-1.7317881814350724,0.05404852860019009,-0.0024339145098211043,-0.04991515698502506,2.0
-1.73178818176892,0.05405280536017527,-0.0077462863993145665,-0.011456593994127061,2.0
-1.7317881820602963,0.0540508464956973,-0.011090627457390659,-0.03672807929006738,2.0
-1.7317881811631852,0.054049401876709396,-0.002109165087003802,-0.020171145865877323,2.0
-1.7317881820407623,0.05404514509848061,-0.00377997052438911,0.03651370381047495,2.0
0.559873641647811,-0.6925141984624102,-1.4744944902265276,0.012993146090462001,1.0
0.5435648546459197,-0.9671900815424144,1.3321514600731152,0.002070062352915023,0.0
0.6271579204694375,1.607810554545514,0.15909432940714166,0.02648086716218295,3.0
0.6271579205068177,1.6078086579113269,0.16293690878172362,0.046510166191888316,3.0
0.5435648543575226,-0.9671918547023499,1.3348390989410972,0.007860783439785217,0.0
0.5435648540675518,-0.9671885746199198,1.334692298069024,-0.041208155308130434,0.0
0.6271579201604625,1.6078134042332957,0.1605853130884397,-0.09379083387549171,3.0
-1.7317881814437317,0.05405329344364252,-0.006722159159160359,0.11355425238603532,2.0
0.5435648545570781,-0.9671894092266243,1.3363842572918365,0.0017052579050853731,0.0
0.5598736420214033,-0.6925152740847671,-1.4753849681054578,0.018570514948312473,1.0
0.5435648552554448,-0.9671860534229678,1.3309857451081228,0.019360500936859502,0.0
0.5435648545287923,-0.9671902068831107,1.332712272872793,0.04911287335175951,0.0
0.6271579194730568,1.6078085218012343,0.16530059502497088,-0.020484047843114615,3.0
0.5598736420081961,-0.6925155876797902,-1.4813774776257485,0.026409015262092904,1.0
0.6271579195339367,1.607813164369371,0.15821011282920389,0.02333534426935863,3.0
0.6271579202582337,1.6078126741351448,0.15760598677678767,-0.014786344881272067,3.0
0.5598736419866169,-0.6925150780914818,-1.4780898315358744,-0.02416865501726258,1.0
0.627157919100603,1.6078132899236737,0.15875175892743898,-0.03321544201788585,3.0
-1.7317881806961095,0.054051168583386724,-0.004924828986362782,0.0021104614820410305,2.0
0.5598736417943585,-0.6925167553104886,-1.4790775977799762,-0.015390578373957048,1.0
-1.7317881819981633,0.054053712990195735,3.232607796981184e-05,-0.05508616597537942,2.0
-1.731788180841168,0.05405005382571906,-0.007144945539693697,0.011126005644465184,2.0
0.5435648555788641,-0.967189499342768,1.3320340404228843,-0.012408475311977113,0.0
-1.7317881814300977,0.05405202314808204,-0.005338407217390762,0.06673663468373744,2.0
-1.731788181041407,0.05404756825326413,-0.006870263188298721,0.01963169301147596,2.0
0.5435648547515061,-0.9671891243017501,1.331636924802243,-0.014439440115314003,0.0
0.5435648547604658,-0.9671886043488803,1.3324300103804676,-0.02323483348275195,0.0
-1.7317881813281537,0.05405060866314007,-0.0034960813849011364,-0.024369929797678637,2.0
-1.7317881811590474,0.054049811495203305,-0.0032225996168881053,0.011998988244466432,2.0
-1.7317881815765606,0.05404743906084041,-0.0012598808299448274,0.007984491465576107,2.0
0.5598736413434068,-0.6925169029678816,-1.4774510228901756,-0.009043212545644955,1.0
0.6271579198697723,1.6078131544423744,0.16656822352241007,0.04101583869968686,3.0
0.6271579206455316,1.6078126209850485,0.15963153666640859,-0.01126087820215761,3.0
0.5435648551462398,-0.9671885341592649,1.3267340724491175,-0.004727754606495954,0.0
-1.7317881810570612,0.05404923012259969,-0.006765103630848061,-0.0262338436437253,2.0
-1.7317881818141807,0.054049215135974105,-0.005524812631727517,0.004236871787153438,2.0
-1.7317881812924967,0.05405130889966979,-0.002454874593567418,-0.0046505592493947,2.0
-1.7317881817551377,0.054050885288912213,-0.009527768177253421,-0.028661228483416498,2.0
0.543564854042891,-0.9671891021069983,1.3303792406439383,-0.011811313816605757,0.0
0.559873641431466,-0.6925145984226493,-1.4805177018544102,-0.04397990598571692,1.0
-1.731788181100305,0.05404828007728064,-0.007187799040439534,-0.012415365363949335,2.0
-1.7317881813992484,0.054047594912978086,-0.001684247544580193,0.029499836711850493,2.0
0.6271579197255567,1.6078118612710481,0.1639838878227681,0.00757285243118134,3.0
-1.731788181490326,0.05405148690790701,-0.013967330075000116,0.018738430644342326,2.0
0.6271579202116235,1.607809825064878,0.16485886893664273,-0.010142737189922712,3.0
-1.7317881812124514,0.05405251900154077,-0.0038768766433402327,-0.062444303821929135,2.0
0.5435648545048093,-0.9671895356914684,1.332197063236721,0.006863361452365474,0.0
0.5435648546417018,-0.9671909803960638,1.331756880001043,0.05650440477967609,0.0
0.5598736418575911,-0.6925150142832144,-1.4793954094494706,-0.00305632855681812,1.0
-1.7317881816698233,0.054051507023889785,-0.0075497727260097226,-0.0037789489392606947,2.0
0.5435648548914267,-0.9671930545128727,1.3336435801757596,0.10965046253876244,0.0
-1.7317881819316885,0.05404881028397334,-0.00741920788674824,-0.004919729420495405,2.0
0.6271579199571242,1.607811261898441,0.15742963821513176,0.0031532858750109257,3.0
0.6271579203052078,1.6078117123658575,0.15681951444065992,0.017648777753537535,3.0
0.6271579201302521,1.6078104757074012,0.15842833542393295,-0.0020966362101782227,3.0
0.5435648552288838,-0.9671926085105483,1.3261096416355203,-0.02202342191055213,0.0
0.5598736413993888,-0.6925154844649799,-1.4803745933939925,-0.05991801277999715,1.0
0.5598736416610204,-0.6925171144316524,-1.4784629433687477,0.021633508258706597,1.0
-1.7317881812203955,0.05404813974523156,-0.006790110192858352,-0.0675384938511794,2.0
0.5435648554073517,-0.9671906258764885,1.3280777494607665,-0.05051683843355414,0.0
-1.731788180450495,0.05404970234131999,-0.005898316820454498,0.037919626292435026,2.0
0.6271579193389127,1.607812214898947,0.16218991754375378,-0.05326516776256945,3.0
-1.7317881813116827,0.0540514069556126,-0.00888114191016699,0.032230569480299565,2.0
0.5435648546515557,-0.9671907147903108,1.335867326298181,0.07418149199657409,0.0
0.6271579208473581,1.6078120769515363,0.15895925672615546,0.04732231079622086,3.0
0.6271579194510475,1.607806151622047,0.16110179089959162,0.02695878742741839,3.0
0.5598736412477323,-0.6925162588940519,-1.4764728810109429,-0.03185326954989827,1.0
0.5598736424298909,-0.692515422803541,-1.4774801122854075,-0.04633455910633133,1.0
0.5598736413800907,-0.6925170774043086,-1.4772950401729634,-0.052338807578534804,1.0
0.6271579191672741,1.607812475368686,0.16355444718635742,0.005680086744307474,3.0
0.5435648554247818,-0.9671900333292067,1.3312762540004661,0.05491937667376489,0.0
0.5598736418145254,-0.6925139752020036,-1.48044641546821,-0.06370861397828148,1.0
0.559873641695223,-0.6925173370140317,-1.4760580712811362,0.008411505866404368,1.0
-1.7317881822723076,0.05404859918987654,-0.011261118524798221,-0.006903689415013997,2.0
0.5598736416292485,-0.6925167364836704,-1.4854260151510563,-0.032860599757466656,1.0
0.6271579197332617,1.607811560573837,0.15420343998279526,0.06696233776953944,3.0
0.5598736411700553,-0.6925170329907001,-1.4759589708097143,0.032710144699208285,1.0
0.5435648551183269,-0.9671904631746017,1.335390185188368,0.05403090110795737,0.0
-1.7317881807192341,0.054050363560670125,-0.005328420633631456,-0.12375256684789882,2.0
0.5598736414030845,-0.6925156291451239,-1.4829000632932157,-0.020687883806198737,1.0
-1.731788180957075,0.054047761177420606,-0.009130057262084754,0.020886519695046915,2.0
0.5435648545272446,-0.9671895354127018,1.3252637824778017,0.0315484673823712,0.0
0.559873642385909,-0.6925142579042397,-1.4806280512919943,-0.01006342658860341,1.0
-1.7317881811177047,0.05405067545873066,0.0004301988562179465,0.06419407122217474,2.0
0.5435648548158392,-0.9671897590884982,1.3328639000761648,0.061176785486465414,0.0
-1.7317881808186835,0.05404777876210115,-0.010664442796137914,-0.06139472405693022,2.0
-1.7317881814857972,0.05405285167016195,-0.0034170926372005333,0.003115361514078016,2.0
0.5598736418049904,-0.6925162969574693,-1.47635581615434,-0.012389831846371222,1.0
0.5598736413426908,-0.6925165817819253,-1.4775782163778663,-0.013880226470468222,1.0
-1.7317881811647051,0.05404842561456703,-0.003905392753703831,0.01457165102286688,2.0
0.543564854362107,-0.9671914989775043,1.3376040443603159,0.029148066878058435,0.0
0.5435648544743312,-0.9671891732941985,1.3298696343544036,0.07707621915838699,0.0
0.627157920124728,1.6078147508743705,0.16274683104955467,0.008117779659591332,3.0
0.6271579195603397,1.6078123622465816,0.15678085768883712,0.03043905675384408,3.0
0.627157919158241,1.6078086084726906,0.15953879334765916,-0.015572923863654494,3.0
-1.7317881811482216,0.054049405335716956,-0.004030858342347525,-0.04729635426178765,2.0
0.5435648546577784,-0.9671897783675938,1.3311601287079073,0.02514056410818357,0.0
0.5598736417547491,-0.692512743075802,-1.4761506705623033,-0.040132592065222496,1.0
0.5435648542810674,-0.9671893476414805,1.3244717381568347,0.022204273755593255,0.0
0.5598736421886595,-0.6925147939382185,-1.4730531894346168,-0.02617554153121271,1.0
0.5598736420789789,-0.6925160337463682,-1.47432942907297,-0.039729733535316884,1.0
0.5435648541733231,-0.9671903485623509,1.337886643852181,0.05127740063278337,0.0
0.6271579200544299,1.607812875597962,0.16256632726277925,-0.07077628012104087,3.0
0.5598736420077745,-0.6925177211403055,-1.4811957059387513,-0.02434877992778781,1.0
0.5435648557236206,-0.9671891981898757,1.3289033633669507,-0.00930336567400674,0.0
0.5435648547513781,-0.9671886515901095,1.330849981322687,-0.011175317852234011,0.0
-1.7317881809845996,0.05404990927035142,-0.0019253322206365818,-0.04483974901352928,2.0
0.5598736413982254,-0.6925149055016564,-1.4798708713515711,-0.050038934912440144,1.0
0.6271579195879926,1.6078121017946885,0.158090048552561,-0.03391637720749745,3.0
0.6271579191744971,1.6078137544401303,0.16507705690243477,0.01541037422936036,3.0
0.6271579199831153,1.6078115334500855,0.1566167966681386,0.008892626796691876,3.0
0.6271579194859647,1.6078110873974374,0.1625382333475181,-0.009828109044371931,3.0
0.5435648550823962,-0.967188329334337,1.3329612373241178,-0.0436605300998904,0.0
0.6271579206791928,1.6078096020847341,0.15706141006716642,0.04784843448946651,3.0
0.5598736413529516,-0.6925151503289044,-1.4756174790291496,-0.06804426287544704,1.0
0.5598736419889452,-0.6925129067884334,-1.479803183784437,-0.025341618714389107,1.0
0.5598736412062852,-0.6925175134190679,-1.4720421231976564,-0.00676152662873985,1.0
0.5435648548989142,-0.9671894423926419,1.3319010864980516,0.007781660358360361,0.0
0.5435648545029261,-0.9671906956730852,1.3262960923553204,-0.01514728729651949,0.0
0.6271579202248369,1.607814957708386,0.16311376574797193,-0.041077590140321606,3.0
0.55987364157369,-0.6925136292496511,-1.4820542618344879,-0.018178995458380302,1.0
-1.7317881818040712,0.05405049591449394,-0.0027714394480444215,-0.018720120285175203,2.0
0.543564854287328,-0.967189064034799,1.3317351111780096,-0.00795581949343674,0.0
0.6271579198687907,1.6078119582877923,0.16002873257680864,-0.01328984055709511,3.0
0.5598736411168744,-0.6925178953311364,-1.4798079941103635,0.037784557335777305,1.0
0.543564854959447,-0.967189501818624,1.3307416780747887,-0.04090547675999072,0.0
0.5435648550717266,-0.9671888935362224,1.3307876580756166,0.020434634512438706,0.0
0.6271579199424272,1.607813284492359,0.15718342785754041,-0.05643111871262766,3.0
0.5598736416999264,-0.6925128473990824,-1.4682254218764867,-0.0045685368151163145,1.0
0.6271579201173183,1.6078107252527014,0.16575725640455147,0.028447661095725864,3.0
-1.7317881818363163,0.05404965639036547,-0.0028789081974993297,0.002801437340238733,2.0
0.6271579191448184,1.6078128585417055,0.1600498263659254,0.03684960312471002,3.0
0.5435648549089184,-0.967188694267399,1.3310412326192202,-0.05456164552291798,0.0
0.5435648544754909,-0.9671894506929358,1.3339690361008705,0.007593457467752443,0.0
0.5435648548933543,-0.9671908103854905,1.336879720355916,-0.03249262106730562,0.0
0.627157920343026,1.6078134672435427,0.16131747746183006,0.0002136390105650019,3.0
0.5435648551522243,-0.9671902880373419,1.3345238906153272,0.046435194930017,0.0
-1.7317881810190976,0.05404993879144668,-0.0016097820117197139,0.007134786254531044,2.0
0.6271579197733341,1.6078094129322993,0.16084534516207044,0.05558025893575591,3.0
0.559873641348702,-0.6925153464671694,-1.481186303626015,0.033120380011882014,1.0
0.6271579198885135,1.6078107435949756,0.15784300474503932,0.05280040911678662,3.0
0.5435648542186821,-0.9671893574435647,1.3318558198926163,0.03757850102585434,0.0
0.5598736413748967,-0.6925165797787617,-1.479284011999205,-0.03137765025672823,1.0
0.5435648549450884,-0.9671916674201105,1.3329381704830143,0.03561522429922916,0.0
-1.7317881816521359,0.05405107614529828,-0.004421353794749541,-0.025772400292839556,2.0
0.6271579192930986,1.6078104229915282,0.1615508753770759,0.08545623776035173,3.0
0.6271579194711308,1.6078104742915942,0.1599159328579194,0.018479719946903096,3.0
0.5598736410811314,-0.6925171539744516,-1.47680430675075,0.010232905793925919,1.0
-1.7317881807482216,0.054050428676666956,-0.007683115779175318,0.015021084090527818,2.0
0.6271579198149354,1.6078095497733422,0.16246817665036992,0.01807942088707726,3.0
0.6271579198106226,1.6078114737478468,0.15120165118225354,0.025608801227010144,3.0
-1.7317881817720515,0.054052100644185315,-0.0063793003771952465,0.012752006515747184,2.0
0.5598736413086002,-0.6925155003925347,-1.4784119978287524,-0.017334190852709295,1.0
0.6271579195740555,1.6078127908639008,0.16230856626081913,-0.01380483750395951,3.0
0.6271579199904311,1.6078141155917607,0.15355385399738178,-0.005921037007864315,3.0
0.5435648548700747,-0.9671895223714616,1.327995171336562,0.025762209459198476,0.0
0.5435648545156185,-0.9671906091166685,1.3320016681044748,-0.017951637229140338,0.0
0.5598736412320316,-0.6925144696818387,-1.4845413369360385,0.03160707796876286,1.0
0.5598736416973309,-0.6925184926578293,-1.4772708227409521,-0.04311535525649527,1.0
0.5598736413006791,-0.6925166858732084,-1.4773871929618407,0.009271478750201885,1.0
-1.7317881814753318,0.05405056682687291,-0.005331952922738207,-0.00950387028039118,2.0
0.6271579203819179,1.6078111138798479,0.16136942099877818,0.05722111584954226,3.0
0.5435648545350646,-0.9671880496561629,1.3381478227988208,0.023445210653994172,0.0
-1.7317881810843376,0.054052111095337294,-0.008435776743435373,0.00803125469375264,2.0
-1.7317881810587972,0.05405113435645273,-0.006483585131070516,-0.02895111826236634,2.0
0.627157920130065,1.60781152486378,0.16431867438921438,0.04830127768998141,3.0
0.55987364150004,-0.692514095906418,-1.4739333408423125,-0.036414965493326464,1.0
0.5598736415182757,-0.6925169910487405,-1.4776008902837348,-0.02596558637569556,1.0
0.5598736410054411,-0.6925165690598559,-1.4792346215025258,-0.03312160871493161,1.0
0.543564854947931,-0.9671898685186309,1.3277110144739839,0.027495801059171675,0.0
-1.7317881817072542,0.05404812175651552,-0.002684428257530781,0.03821786220105641,2.0
0.6271579203335383,1.607813408991228,0.15878202318890072,0.015246526717249055,3.0
0.6271579209842303,1.607813058747319,0.16468062068090955,-0.03260941741273536,3.0
0.5435648545484546,-0.9671890166184257,1.330522794513382,-0.02020359221139769,0.0
0.5598736416354341,-0.6925161188298135,-1.4754136785219143,-0.030504788634878786,1.0
-1.7317881811974154,0.054051391898902325,-0.005541674765557092,0.010416757835955468,2.0
-1.7317881813602125,0.054050929915541536,0.002010798420811567,-0.04241614320216373,2.0
0.5598736415205422,-0.6925154350936961,-1.4766003887319974,-0.006270595801338992,1.0
0.6271579201388453,1.6078140344490157,0.1601449816610738,-0.083541580426719,3.0
0.6271579195330356,1.607809839183312,0.15517482674625707,-0.02209288498662586,3.0
-1.7317881815784075,0.05404911918406057,-0.010580626179290828,-0.026501110268842245,2.0
0.6271579199214156,1.6078100508466917,0.159985660932712,0.030064107225682958,3.0
0.5598736412547042,-0.6925123317216972,-1.4756229738274562,-0.02671466744982226,1.0
0.6271579203291715,1.607811440097607,0.1590899246912689,0.02133282994565764,3.0
0.5598736419202694,-0.6925150583326701,-1.474326185386787,0.01544539703771478,1.0
-1.7317881810750322,0.054046280404780614,-0.007617745383364304,0.038755394515997944,2.0
-1.731788180590138,0.05405159740769193,-0.007066170923409281,0.029677057126545104,2.0
0.5435648552826743,-0.9671863672764405,1.3409201722199675,0.07704037168314434,0.0
-1.7317881818811605,0.05405140478323452,-0.004414121843900183,-0.007540583008097223,2.0
-1.7317881813716485,0.05404949732871217,-0.005471775703113806,0.0026717765037716067,2.0
0.5598736419758293,-0.6925163149235678,-1.480039648776773,0.007294040102845095,1.0
0.5598736411824717,-0.6925155647080401,-1.4840882356221012,0.027808554298993367,1.0
0.6271579206146273,1.607810217225556,0.16170572335449074,0.026114133298684644,3.0
0.543564853941761,-0.9671881964062032,1.3255053105791956,0.03656638269444714,0.0
0.5598736414052421,-0.6925164216167691,-1.4765560457388889,0.04275981222972166,1.0
-1.7317881819593413,0.05405040095911727,-0.0014782501873221864,0.004170995999084118,2.0
0.5435648547617732,-0.9671884904534239,1.3277848159492684,0.009040130634977417,0.0
0.6271579200633493,1.6078097736740535,0.15675046228832937,0.06412940239790794,3.0
0.5435648543390079,-0.9671896968789427,1.32662333458629,0.01335973320937435,0.0
0.5598736414810195,-0.6925143445879961,-1.4816530645903647,-0.018102946856213064,1.0
0.5598736409613655,-0.6925153222053322,-1.4805841501337222,0.03768804670006829,1.0
0.559873641499159,-0.6925157797897998,-1.4734896042365313,-0.04187055371498628,1.0
-1.7317881819003378,0.05405009537626256,-0.0035692591715922495,0.02647646053468756,2.0
0.6271579201022159,1.6078109558732279,0.16000580333147274,-0.003492561384382968,3.0
-1.7317881809350972,0.05405108874902662,-0.0033052180003497115,0.00841473397573753,2.0
0.5598736413271818,-0.6925178035581553,-1.4808911998099612,-0.030526086498564437,1.0
0.6271579208305761,1.6078107873989667,0.16378738275279103,0.05774743410321804,3.0
0.559873641935821,-0.6925154369476906,-1.4754898792965525,-0.0036923380044259387,1.0
0.6271579197246965,1.607809744079197,0.15646184713121672,-0.03179700809163258,3.0
0.5435648539292625,-0.9671899260087227,1.3378678574569969,-0.002231527434410434,0.0
-1.7317881810686793,0.05404961132561623,-0.002586097570737171,-0.025964767257037842,2.0
-1.7317881815801275,0.054052259004682364,-0.0034935306284827107,0.032158409559378306,2.0
-1.7317881814962384,0.05405094444014074,-0.005500305630064846,0.004076404232426393,2.0
0.6271579198480892,1.6078154499394928,0.16426031819078377,0.06475123830960804,3.0
0.6271579199013242,1.6078131394167048,0.1618402096658569,-0.057030425207773607,3.0
0.5435648552670066,-0.9671921057981958,1.3337646818728301,0.006936537126012845,0.0
0.5598736412649101,-0.6925152870052785,-1.4806787784930628,-0.020543635927116798,1.0
0.543564854783805,-0.9671858772926071,1.3297512273332737,0.046750735190862,0.0
0.5435648541658896,-0.9671893485876626,1.330498408241211,0.007641479939739536,0.0
0.55987364130339,-0.692519083922526,-1.4813830064183227,0.025718105626887623,1.0
0.6271579192211302,1.6078166737769954,0.15665436785251935,0.013072652224333207,3.0
0.559873641703756,-0.6925164786933724,-1.4788401703006746,-0.031545929354646486,1.0
-1.7317881812558622,0.05405112583272295,-0.010879496411978828,-0.0004983187011428141,2.0
0.5435648561332767,-0.9671863159268171,1.3338749335746545,-0.05050599170446933,0.0
0.6271579207327111,1.6078127308263233,0.15858641450203492,-0.0244690354030541,3.0
-1.7317881809343356,0.05405135829163601,-0.0070036739808106915,-0.003967830160394667,2.0
-1.7317881818968737,0.0540486071965067,-0.005931430357455874,0.017440501240281712,2.0
-1.7317881814315474,0.05404773548652037,-0.01010373024977827,0.03600999071648704,2.0
0.627157919828222,1.60781107772449,0.15970590389979966,-0.06426412723605503,3.0
0.559873641421277,-0.6925135137102653,-1.477906823689548,-0.035466420799895974,1.0
0.6271579198647776,1.6078106008371036,0.1650640294631346,-0.015317138488283522,3.0
0.5435648548578195,-0.967189138255717,1.3325948033230237,0.0030379646887419625,0.0
-1.7317881814563973,0.05405236675214532,-0.00479750881544409,-0.01483597938786729,2.0
0.5598736412577984,-0.69251541288602,-1.4833657772856594,0.0031984565700161373,1.0
0.5435648546674304,-0.96718820381762,1.332495923320425,-0.028386032104348088,0.0
0.5598736422420669,-0.6925163643532795,-1.478528182483534,-0.015403953622154944,1.0
-1.731788181233341,0.05405073433768357,-0.0005722965927147674,-0.023997217544833,2.0
0.55987364178434,-0.6925182589120891,-1.4827379075380247,-0.029841812317110732,1.0
-1.7317881810638038,0.054050796528635384,-0.004686494497638214,0.035295126113386664,2.0
0.5598736418679102,-0.6925150924633843,-1.4808871734360076,0.018232742081086686,1.0
0.5435648546319881,-0.9671875592967619,1.3343314110815903,-0.03885812901801808,0.0
-1.7317881814023615,0.05404934959028577,-0.0006486831958647719,0.004936518158417521,2.0
0.5435648540918321,-0.967188984828306,1.3335627825901981,0.015351589202436351,0.0
0.5435648547195411,-0.9671906865049247,1.3360851582154012,-0.007133163722273838,0.0
0.6271579194089536,1.6078099565677413,0.1672342668691913,0.013809857443749067,3.0
-1.7317881814915528,0.054053089060528435,-0.006364624280518857,0.0032843713137852668,2.0
0.6271579198704391,1.607813286840789,0.16230292551152842,0.002914442968657446,3.0
0.5598736425225165,-0.6925158339014335,-1.4837517975590298,-0.06278390343244787,1.0
0.543564854313073,-0.9671856154862494,1.3319978458707349,0.06450578830584537,0.0
0.5598736417185128,-0.6925164695501796,-1.4808621718640882,-0.015490174254565506,1.0
0.6271579201039987,1.6078107211825141,0.16172013607371905,0.005393391146955038,3.0
0.543564854704353,-0.96718981992221,1.3335897504237544,0.018901257021841384,0.0
0.5598736416752751,-0.692515543899178,-1.4768897813213917,-0.05643099182876881,1.0
-1.7317881817094691,0.054048135783068094,-0.0025657961425732206,0.014379320988322048,2.0
-1.731788182337389,0.05405026901085511,-0.00194242644954267,-0.009661838277415267,2.0
0.5598736413918186,-0.6925165699343089,-1.4795615318610242,-0.017993830795143998,1.0
-1.7317881813183738,0.05405032954500435,-0.0011198438786019257,0.010702711563615097,2.0
-1.7317881809762212,0.05405127003180429,-0.005224607534431147,0.009583500422799238,2.0
0.5598736412940691,-0.6925174857441029,-1.4817439341170944,0.014074637127423456,1.0
0.5598736415754008,-0.6925154058995985,-1.4794777288035688,-0.09556126015142992,1.0
0.6271579199700718,1.607813540454331,0.16318781083024683,0.018556553637356428,3.0
0.5435648543920717,-0.9671886464375833,1.3320737765783774,0.05168808477863476,0.0
0.5598736419916567,-0.6925162743593112,-1.4695746888082892,-0.006321920865078443,1.0
0.6271579201295674,1.6078132516405603,0.16058817801379574,-0.011871008339831342,3.0
0.5598736414174016,-0.6925159643252671,-1.4782020658822015,-0.026371941033852587,1.0
-1.7317881812776397,0.05405002082639099,-0.005291084781873982,-0.038076479265099765,2.0
-1.7317881812717162,0.054052927106204324,-0.005734922524909563,0.05265752746086649,2.0
0.543564854246798,-0.9671908545483957,1.3354013967527936,0.03727553497010154,0.0
-1.7317881811817133,0.05405293768881406,-0.003453946834206094,-0.07841731692165121,2.0
-1.7317881817716911,0.05405147620954976,-0.0072597825309582585,0.0006425942667879822,2.0
0.6271579197953764,1.6078107973545495,0.15842530517700354,0.03409743807771015,3.0
0.6271579198670862,1.6078138489535418,0.1685711655456053,0.010680881650797046,3.0
0.5598736415508712,-0.6925134658843107,-1.4741257302829844,-0.010615551881146735,1.0
-1.7317881819461225,0.05404914002063233,-0.0020051593816257924,0.04411564885178739,2.0
0.5598736413360745,-0.6925170597158726,-1.4772964432545983,0.0471448102772417,1.0
-1.7317881819137102,0.05404937353862257,-0.00048494327301915134,0.00030839851943009424,2.0
0.5598736410958662,-0.6925152879789944,-1.4831866178964075,-0.009062006426834995,1.0
0.5598736414962731,-0.6925188272261273,-1.4784868240666553,-0.05307499972838483,1.0
-1.731788181524038,0.054049497136160224,0.0011412378868656022,0.03270520005260608,2.0
0.6271579195568466,1.6078099185568733,0.1651515758570877,-0.00146048119914229,3.0
0.6271579196705481,1.6078139286719515,0.16438609297684192,0.008574649564601817,3.0
0.6271579195949066,1.6078124575637904,0.16293656903415396,0.031225519000444492,3.0
0.5435648545439613,-0.9671899307517842,1.3275401415625065,-0.004474940285144134,0.0
-1.7317881820393384,0.05404970466674228,-0.006319731749334856,0.018937544815893066,2.0
0.6271579195599968,1.6078094578522648,0.16170614874443162,-0.012437162701128322,3.0
-1.7317881814220217,0.05404591335734294,-0.011405088813959702,-0.011140218742018173,2.0
0.6271579200529122,1.6078120231327624,0.16285082406898385,-0.006456327046877054,3.0
-1.7317881827265755,0.054046732547091074,-0.009513861142500574,0.035630776008511146,2.0
0.6271579201901607,1.607812064943398,0.15878245230835344,-0.05432883209545638,3.0
0.5598736414852139,-0.6925169200359912,-1.4732184082643067,0.05357609632667698,1.0
-1.7317881811226434,0.054047267489192884,-0.002007598574743599,0.013885877808256812,2.0
0.6271579198579101,1.6078125657285967,0.1597853825159576,0.000421425501819532,3.0
0.6271579198204936,1.6078078447843418,0.1605788641508634,0.07748600212293197,3.0
-1.7317881820029415,0.05404768603598215,-0.009086917654884693,-0.01698065964019566,2.0
0.5435648544630187,-0.9671900203110511,1.3329246571426545,0.008467788913716032,0.0
0.5598736409987478,-0.692514676128652,-1.471084360823619,-0.06267578742873182,1.0
0.5435648545838049,-0.9671888023663509,1.326031842411652,0.016315618371243405,0.0
0.5435648543359346,-0.9671879300756898,1.3289110729932816,0.06046320034230321,0.0
-1.7317881814156946,0.05404834089289214,-0.007224841893858495,0.10942106080781658,2.0
0.6271579196554916,1.6078103373268728,0.16463511731863478,-0.03244948204797737,3.0
0.5435648543559205,-0.9671892516686981,1.336750951261292,-0.040625520637709966,0.0
0.5435648549454037,-0.9671875586693679,1.3330606734404187,0.010966926579579888,0.0
0.6271579200591962,1.6078148591089936,0.16177926765073938,0.02424163133505429,3.0
0.5598736409544943,-0.6925173753029878,-1.474001353798932,0.04129874653765901,1.0
0.6271579201216969,1.607812258804958,0.15885778936665004,-0.022073955112974764,3.0
0.5598736416842807,-0.6925115323477444,-1.4777333564546762,-0.03209999022601332,1.0
0.627157919942389,1.607809198697087,0.15919969580606555,-0.02924352931300756,3.0
-1.7317881816885525,0.05404720166710852,-0.0010675888330181728,-0.010760061227284476,2.0
0.5435648547175627,-0.9671878572033353,1.3315847948029051,0.051225962333074554,0.0
0.5598736417214027,-0.6925138603068126,-1.4783326242512833,0.014553376382169357,1.0
0.5435648546066809,-0.9671869534764832,1.335240203164554,0.05664711605029399,0.0
0.6271579197033708,1.6078131167254266,0.16084782946351212,-0.0422681079239238,3.0
0.5598736415103684,-0.6925161707508085,-1.481437968084534,0.05121861619219433,1.0
0.5435648547974218,-0.9671906711549185,1.3322521919572523,0.054354061714323,0.0
0.5435648551775278,-0.9671914352677874,1.3349788108080474,-0.005676465046368745,0.0
0.5598736415135837,-0.6925149746574873,-1.483099596438,-0.013044690377752766,1.0
-1.731788181392468,0.05404932558964153,-0.0025812196746779164,-0.030208260305664703,2.0
0.5435648545718738,-0.9671870622110607,1.3282654637496007,0.042311688177074064,0.0
0.5598736416720224,-0.6925155708922922,-1.476866935227372,0.035427485595270945,1.0
0.6271579200614884,1.6078107561048638,0.16544045862369186,0.004590188399932271,3.0
0.5435648550381561,-0.9671912324711225,1.3305429314975645,-0.06008631845067401,0.0
0.5435648546978875,-0.9671890814163356,1.334615923506074,-0.01364890890688846,0.0
-1.731788181190752,0.05405084579126473,-0.006368908303087622,-0.022601569397058596,2.0
0.6271579202883778,1.6078103143489113,0.1585908560525425,0.0035530789870763958,3.0
0.54356485477018,-0.967187931099562,1.3292476762772931,0.042387846040785784,0.0
0.55987364146214,-0.6925157687015957,-1.4771590174710425,-0.0017093643787181021,1.0
-1.7317881815646141,0.054050681122004375,-0.009598885108352148,0.005366014300315888,2.0
0.6271579200519596,1.6078123563221913,0.16435607397969942,0.028691275318784678,3.0
-1.731788181522845,0.05405293746861457,-0.0070113752938906785,0.05999615020921143,2.0
0.6271579196977428,1.607811864336349,0.16596627129432112,0.002190484655373316,3.0
-1.7317881813249751,0.05404914012193807,-0.005662115480907973,0.03145817220230907,2.0
0.5435648551401789,-0.9671866191541556,1.3318663455700743,0.059321765620245645,0.0
0.5598736412624297,-0.6925168167385248,-1.4854420494968072,0.044371968440318404,1.0
0.6271579199716273,1.607811150893975,0.1637981194419391,0.03369548004383284,3.0
0.6271579199678674,1.6078127668363182,0.16501743459527207,-0.047908575180535866,3.0
0.6271579197682167,1.6078095595116806,0.16267800701094623,-0.010336174371402815,3.0
0.5435648544188384,-0.9671889204629001,1.332799149166621,-0.04565245022574275,0.0
0.627157920060367,1.6078135869691232,0.16072807335998474,0.01439913341266171,3.0
0.5435648542483056,-0.9671920775351238,1.339583364590368,0.01672079508305605,0.0
0.6271579202263476,1.6078121720076723,0.16459089825515874,0.0009737641330441802,3.0
0.5435648552170441,-0.9671873326729022,1.3415033495465984,0.07156905428460456,0.0
0.5435648547371561,-0.9671904497667623,1.3366102747069908,0.059376066450806515,0.0
0.5435648538054149,-0.9671903137374437,1.329504461743156,0.0376090553679889,0.0
0.6271579203136971,1.6078123052480249,0.15913659135099925,0.061014053848720766,3.0
0.5435648553395652,-0.9671921568610379,1.3307522350723322,0.03867702396979628,0.0
-1.7317881814170366,0.054049959025186244,-0.007139271702145923,0.006983705022328955,2.0
-1.7317881813768183,0.054053148704381035,-0.0040295708971189925,-0.04124068686194682,2.0
0.6271579199376586,1.6078117766589197,0.1584025313423515,0.007519727999520539,3.0
0.5598736414082887,-0.6925157187961155,-1.4749602130151565,-0.015292432908539098,1.0
0.5598736421930525,-0.6925170544284843,-1.4792249433401328,0.04356996326603831,1.0
0.5598736414717623,-0.6925175671421165,-1.4818287607503058,-0.017011049080449717,1.0
-1.7317881820514744,0.05405110916678502,-0.0037697452108666637,-0.025426805968487717,2.0
-1.731788181647129,0.0540493142658428,0.00131130242086199,0.03209691133866183,2.0
0.5598736413056741,-0.6925179667593582,-1.4887999835471224,-0.02149140629871448,1.0
0.6271579196039921,1.6078119650334832,0.1551305362390465,-0.016191318168944764,3.0
-1.7317881809868299,0.05405079902952993,-0.00377175033937498,0.0019012758656829656,2.0
0.5435648542372871,-0.9671877939358647,1.328233334268666,-0.045516343802247484,0.0
0.6271579193811888,1.6078145719438588,0.1565870759218169,-0.002506373701679542,3.0
0.5435648549648029,-0.9671870895906255,1.325699523402137,-0.01085427456094329,0.0
0.5435648547472189,-0.967188026463238,1.3292933066760664,0.04175393354770941,0.0
0.6271579201616311,1.6078112099316206,0.16001958729630889,0.010223828533297199,3.0
0.5435648547644925,-0.9671872892267515,1.332476804317044,0.0362799294182587,0.0
0.5435648542427591,-0.967187775738337,1.337629816239244,0.04940076247662541,0.0
0.5435648547796573,-0.9671882404513735,1.3308153551995892,-0.0013805979389325553,0.0
0.5435648543488907,-0.96718910935204,1.3322777900461849,-0.0027568066988075107,0.0
0.5598736410047717,-0.6925186251288318,-1.4761042999009095,0.02983270520168528,1.0
-1.7317881816546947,0.05405030298800733,-0.0010116388608970592,-0.05439091540323779,2.0
0.5598736419658034,-0.6925182162650433,-1.4781516281806721,0.04627697796242606,1.0
0.627157920023335,1.6078101761435029,0.1633743332277543,0.026078553604421427,3.0
0.6271579199465526,1.6078088281289056,0.15356794980433888,-0.043504176657984034,3.0
0.5598736408432895,-0.6925153950521762,-1.4789163446788784,0.0040584809142081065,1.0
0.6271579202035571,1.607811467507292,0.15766861257703838,-0.04974709395072857,3.0
0.5435648544442588,-0.9671872591903088,1.335855163367154,0.005874955505021714,0.0
0.5598736416242114,-0.6925155300156965,-1.476172842230192,0.03683055974634393,1.0
0.5598736407892164,-0.692514473172154,-1.477495686562982,-0.007801146676518452,1.0
0.5435648547587256,-0.9671891300771638,1.3326830879049398,-0.029001854116787212,0.0
0.6271579199168216,1.6078100464516922,0.1519463579292821,-0.017340524351611746,3.0
0.6271579196094533,1.6078117729342267,0.16465157463034266,-0.01362126733834246,3.0
0.6271579197597724,1.6078104851676858,0.1594301856604213,0.02524942515516696,3.0
-1.7317881820951948,0.05404865587703312,-0.006168969841774201,0.05987213961060977,2.0
0.5598736410796746,-0.6925146889359068,-1.48205212761845,-0.046615517402240764,1.0
0.627157919431251,1.6078116697125675,0.1620297063420107,-0.01259786421278125,3.0
0.6271579201764417,1.6078115616515256,0.15538765847391064,-0.0021915554025816212,3.0
0.6271579202847226,1.6078115449812798,0.16800016577736795,0.007579931199893616,3.0
0.559873641561818,-0.6925184565299425,-1.475207780840422,0.02054715831203691,1.0
0.5598736411189824,-0.6925156234790939,-1.483269513210241,-0.020628423825458257,1.0
0.5598736416332801,-0.69251645721543,-1.4794240851856046,-0.006652886033244013,1.0
0.6271579197745379,1.607812493855668,0.15664942439145496,-0.0006173114499896529,3.0
0.6271579196448226,1.6078120594066023,0.15867009242471586,0.00825019350009224,3.0
0.5598736415279573,-0.6925141454624082,-1.4759062120147421,-0.00684640353927993,1.0
0.5598736417710286,-0.692517179964771,-1.4746983268570384,0.0009080369600323266,1.0
0.6271579197545638,1.6078112422903197,0.1627896407261135,-0.011996437769860317,3.0
0.6271579203562877,1.607811180150792,0.1663403451248279,0.022808700004441695,3.0
0.627157919716637,1.6078120928278732,0.15719486662116203,0.010398245321750895,3.0
-1.731788181505295,0.054049328414314625,-0.0040850308074915015,0.0026453482771541374,2.0
0.6271579197644958,1.6078116116804084,0.16644108179414674,-0.003356795801107199,3.0
0.6271579197207461,1.607812501887236,0.16357393212096605,0.05980233317682416,3.0
0.5435648539238158,-0.9671891792925974,1.3328214192067596,0.06398210097223428,0.0
0.559873641522016,-0.6925158973313769,-1.478819388498842,-0.004731605534294361,1.0
-1.7317881810622997,0.054049649076508666,-0.0038830815327274447,-0.028701839759276263,2.0
0.559873641622826,-0.6925179728484573,-1.4757360735574374,-0.00394786801699335,1.0
0.5435648549923535,-0.9671898143625148,1.3351549270573668,-0.06904954260971762,0.0
0.6271579199270957,1.6078116686619803,0.1545713937870023,0.04998630329889361,3.0
-1.731788181602833,0.05404923734493571,-0.00432831399449077,-0.01479506862678639,2.0
0.5598736420210517,-0.692514911520084,-1.4776610142788966,-0.004209057541022265,1.0
0.6271579196799875,1.6078114790628515,0.16161033613091744,-0.043929904792414765,3.0
0.6271579196989868,1.6078094619756962,0.1578125172615356,-0.035416419684418596,3.0
0.6271579200010041,1.6078117136453485,0.16056589232633467,0.02208719406163406,3.0
0.543564854528118,-0.9671921856898744,1.3306905671931475,0.00336054098803936,0.0
0.5598736414428317,-0.6925178230144943,-1.4775050145551258,-0.010800056787407083,1.0
-1.7317881813806488,0.05405332210258216,-0.005470146746052604,0.020435609897374845,2.0
0.6271579200891405,1.60781238353361,0.1667741030142493,0.04346222627105139,3.0
0.5598736412208769,-0.692515613810665,-1.4781717090778783,-0.035401488522847746,1.0
0.6271579201874787,1.6078120414211283,0.159725763509067,-0.044908747453709055,3.0
-1.731788181844431,0.05405138739123871,-0.007149234355545817,-0.016674820315704157,2.0
-1.7317881811707214,0.05404978483557908,-0.0009941549945322002,0.053935031574709295,2.0
-1.7317881808233637,0.05404998860124579,-0.006024092742399301,0.027598875660385463,2.0
0.6271579206016086,1.6078116805270701,0.1599877439189501,-0.00841385667594275,3.0
0.5435648545938513,-0.9671871479616786,1.331444314075245,0.0022274604157562655,0.0
0.5435648543582425,-0.9671890260844289,1.3317846204470036,-0.013818353588582891,0.0
0.5435648542261573,-0.9671918063491608,1.3340960010599687,0.02833126280561837,0.0
0.5435648550975014,-0.9671902181608931,1.332797579692904,-0.02548110705176617,0.0
0.6271579198141416,1.6078139488421566,0.1594615403620394,0.034703920178215185,3.0
-1.7317881812232592,0.0540488511993567,-0.005355872090150642,-0.04849771259972845,2.0
-1.7317881811561955,0.0540495115417416,-0.002097301904393225,0.006192924707966796,2.0
0.6271579199354126,1.6078119408615423,0.15788774946253797,0.01262623291583925,3.0
-1.731788181433341,0.05404805677866084,-0.009192016864767762,0.0026277801105454354,2.0
0.5598736420458589,-0.6925156958516505,-1.4773374059773665,-0.03491864454092132,1.0
0.5598736412781388,-0.6925145367261412,-1.4754648972442699,0.03834245389427296,1.0
-1.7317881809640088,0.05405371576037309,-0.00215697821216007,-0.002751542737953917,2.0
0.5435648553250825,-0.9671918770445072,1.337547755558707,0.05380949696682214,0.0
-1.7317881820051757,0.05404830058885154,-0.005163653970421836,0.037904652083247586,2.0
0.6271579205905631,1.607814470626416,0.15749799535026723,-0.0507449636331151,3.0
0.5435648548603933,-0.9671914923833317,1.3321196933303485,0.006594632825930166,0.0
0.6271579197987885,1.607812171447895,0.15770500940992702,0.005668552375137293,3.0
0.6271579205050484,1.6078096869873229,0.16251211211615393,0.03277034655546592,3.0
0.5598736415421367,-0.6925151389364486,-1.4839917427513443,0.016133530702671393,1.0
-1.7317881814211598,0.05404946859487094,-0.0034828634996066643,0.045199173190598456,2.0
-1.7317881824418926,0.05405019667053944,-0.0073378023796067384,-0.04522985492789058,2.0
0.6271579194878676,1.6078140164487298,0.16098649406549556,-0.014783615676289807,3.0
0.5598736407440992,-0.6925153771538135,-1.4749196933398547,0.04476135884347214,1.0
0.5435648543321445,-0.9671884346430352,1.3309226029092183,0.033982519577497323,0.0
0.5598736425916927,-0.6925142971660548,-1.4832019774800147,0.05304535792439336,1.0
-1.7317881811819242,0.05404968685222527,-0.011248209242262358,0.08416451377225564,2.0
0.5598736415886326,-0.6925175549483591,-1.477775318439596,-0.1018011574164945,1.0
-1.7317881813604201,0.05405097891524742,-0.004200384723797996,-0.0006294499823162575,2.0
0.5435648554799227,-0.9671911068336222,1.335586423141648,0.015074276032176167,0.0
0.5598736419469906,-0.6925156643565743,-1.47776035513299,0.012962883192727306,1.0
0.6271579203232531,1.6078108178281607,0.15488820870276002,-0.01220086764490594,3.0
0.5435648547904263,-0.9671901437376816,1.3270332013146038,0.04314542678765287,0.0
0.6271579202196493,1.607813144908981,0.16297584319354394,0.056403374393260125,3.0
0.5435648548857681,-0.9671888192885029,1.328074747027052,0.02964426075306907,0.0
-1.7317881816608125,0.05404761579256975,-0.008594814925137318,0.021431111617240463,2.0
0.6271579196728236,1.6078109495096797,0.16003945705555817,-0.0506341235122168,3.0
0.6271579193927563,1.60781080708376,0.16390918120567421,0.010779307009681265,3.0
0.5598736413912471,-0.6925169006240286,-1.4692726589259102,0.007912074553405932,1.0
0.54356485487999,-0.9671887174425452,1.328534730503121,0.0313279479565762,0.0
-1.7317881818520648,0.05405067387564202,0.00010987658269209793,-0.05762240672523005,2.0
0.5598736414694879,-0.692518484319809,-1.4722516107196453,0.04168392012422661,1.0
-1.731788181012796,0.0540503055111978,-0.001159996907623218,0.003406402084422899,2.0
-1.7317881818528602,0.05405141061194998,-0.002628901602310921,-0.03202929336128801,2.0
0.6271579199601842,1.607810437763391,0.1577086567860429,-0.018625143335253815,3.0
-1.7317881812172773,0.054048740900356766,-0.009372437631914709,0.0225656245989245,2.0
0.5598736410676651,-0.6925177680618115,-1.4752245563206392,0.04186048306706042,1.0
0.5435648548934536,-0.9671902534490036,1.3316458939901783,-0.011247819515143934,0.0
0.6271579198736379,1.6078088437235345,0.16321958012533688,-0.0444751917609136,3.0
0.5435648546181855,-0.9671936014297076,1.328714892835793,-0.03790524551064977,0.0
-1.7317881808928002,0.0540492802119632,-0.006861451017158451,0.048163074841466876,2.0
0.6271579205835629,1.6078087199853113,0.1670261157165922,-0.032346802847269415,3.0
0.5435648549828694,-0.9671911684936193,1.3369732833709433,0.0766056447802927,0.0
0.5598736412515194,-0.6925141424261811,-1.479436939968424,-0.014577937977159028,1.0
0.5598736414810793,-0.6925150602535909,-1.4826218345906073,-0.006398551729525951,1.0
0.5435648548176324,-0.9671878048031288,1.3355362326087405,0.002124593841327903,0.0
-1.7317881825844497,0.0540465366537708,-0.012829819054009432,0.04889254216601901,2.0
0.5598736413934678,-0.6925171819448238,-1.4828420421440216,0.06587757136279332,1.0
-1.7317881810884854,0.0540480787558692,-0.00523479442224317,-0.08702657056311103,2.0
0.6271579204505239,1.6078106698731622,0.15696136388561527,0.008554954402312624,3.0
0.6271579201439236,1.6078118035803561,0.16544397082901396,-0.009662014375300216,3.0
0.5598736410312986,-0.6925141122315908,-1.4767632511026971,-0.04157969581275053,1.0
0.5598736415615021,-0.6925179891142517,-1.4804678303105252,-0.02423119393844292,1.0
-1.731788181427658,0.05404773911874202,0.0008019864495741158,0.016454505755617663,2.0
0.6271579196227386,1.6078120642093907,0.15278976239720057,-0.009179119062872575,3.0
0.5435648553468327,-0.9671893716295861,1.334497976491391,-0.0018292156055608965,0.0
0.6271579198391025,1.6078117638019955,0.15425079907850728,-0.08474016318649535,3.0
-1.731788181899083,0.05405012684727099,-0.00719936280745266,0.011900989175192925,2.0
0.5598736409996016,-0.6925154587304312,-1.4832633369922457,-0.0141247210136394,1.0
0.5435648552019859,-0.9671889409167305,1.3296190680736863,-0.028887520845877472,0.0
0.5435648546451204,-0.9671900970910661,1.3283375152213637,-0.002734803487458553,0.0
0.5435648543624106,-0.967190199554589,1.3283671051949515,-0.005455043181030432,0.0
0.5598736421817926,-0.6925164128570731,-1.4801331865268326,0.05979263995599733,1.0
0.5435648547971083,-0.9671889106016183,1.3311710124476115,0.009089185622737007,0.0
0.5435648549146836,-0.9671886952431895,1.3359239048799896,-0.022252863276281263,0.0
0.5598736417512795,-0.6925172274012861,-1.473031703507541,-0.07072476167583332,1.0
0.5598736414297483,-0.6925178937003927,-1.4841526690089506,0.010952091546117655,1.0
0.5435648542473308,-0.9671902108040437,1.3370401727635872,0.04382317742679185,0.0
0.543564854610212,-0.9671895648507219,1.3352717975830994,-0.01305654557311911,0.0
0.5598736417977692,-0.6925162818366957,-1.4821432119926201,0.002181302047301228,1.0
0.6271579203862876,1.6078106776039285,0.1562013318287816,0.02134468290899788,3.0
-1.7317881818275858,0.054053583377526984,-0.0036293564451471577,0.07857709738760087,2.0
0.5435648543484002,-0.9671892072328985,1.3299734230363272,0.091042563141766,0.0
0.5598736416677823,-0.6925148669191304,-1.4792243562446417,-0.005608912674254656,1.0
0.5598736415522211,-0.6925156447778837,-1.4813686720813277,-0.04902180320467641,1.0
-1.7317881812688563,0.05404974930853924,0.0009818557274537155,0.018579244189744784,2.0
0.5598736414967774,-0.6925191515772342,-1.4748693563179693,-0.023879878534297676,1.0
-1.7317881811074092,0.05405007852104938,-0.006030860057643129,-0.026252207997450434,2.0
-1.7317881812410412,0.05405022419824342,-0.004104095119425366,0.0035163588887466364,2.0
0.5598736414814913,-0.6925163883138107,-1.4817103351558822,0.031057535279501745,1.0
0.5598736409452684,-0.6925149608986905,-1.4770989462819757,0.043689294212533265,1.0
-1.731788181353916,0.05404824233214832,-0.004556139253525666,-0.028047980409242935,2.0
0.5598736419581929,-0.6925163765442751,-1.4799670332933004,0.007474857738506596,1.0
-1.731788180794418,0.054052446900943844,-0.0011607753607768192,0.005312293504257491,2.0
0.559873641522729,-0.6925143127714217,-1.4788909600717743,-0.029482722696311508,1.0
0.6271579200943139,1.6078101878860551,0.15848830136632844,-0.004217171291258288,3.0
-1.7317881815376317,0.054051386234387426,-0.00715039312965768,-0.030237825580615173,2.0
-1.7317881818258865,0.054049678641408805,-0.009310612677241991,0.048811866295787196,2.0
0.6271579191253565,1.6078110109071915,0.16558712089930724,0.09255982762919399,3.0
-1.73178818144911,0.054049387775955464,-0.004428112678633529,0.03116853835566018,2.0
-1.7317881818839869,0.05405166210832763,-0.006580750008709515,-0.005245972543986005,2.0
0.5435648548889308,-0.9671902723670242,1.331510575123405,-0.034964765132727144,0.0
0.5598736417705332,-0.6925161993122871,-1.4770951391632428,0.024524909994448722,1.0
0.5598736419511842,-0.6925146517612685,-1.4833613534102104,-0.00913953961332453,1.0
-1.7317881815506275,0.0540478464738681,-0.004531726289746324,-0.06159275173000027,2.0
0.6271579198088757,1.6078113811558743,0.16400956709471248,0.0056083517112258926,3.0
0.559873641703582,-0.6925173262736559,-1.4786056037671917,-0.023296645711977045,1.0
0.6271579195804581,1.6078097845166526,0.16034412727164485,-0.03150089377942521,3.0
0.6271579206982986,1.607812628045937,0.16003218128881147,-0.07429443851256659,3.0
-1.731788181775016,0.054051302507581576,-0.0069425176422378936,-0.04941027694548651,2.0
0.6271579203344779,1.6078135010157393,0.16474158284006246,-0.04670192091504574,3.0
0.6271579193749953,1.6078123525049963,0.16264365172248466,0.024334143080338835,3.0
0.6271579196356576,1.6078145526417902,0.1636454282572134,-0.022984395512304058,3.0
0.6271579202520177,1.607811420223082,0.16520117201800552,0.005906764298548099,3.0
-1.7317881818204617,0.05405106294478045,-0.0005627621486366252,-0.003986062315688922,2.0
-1.731788181652984,0.05404977799441728,-0.007207829020050143,0.04118972225187937,2.0
-1.7317881808225426,0.05405084337672767,-0.005780023399248292,0.04554057020398024,2.0
0.5598736406586368,-0.6925140766519494,-1.4778102817670524,-0.02814615251974977,1.0
0.6271579194310887,1.607812268324455,0.16110882467211254,0.00015641533007383087,3.0
-1.7317881817138985,0.054050893138392384,-0.0068062791447345335,-0.07168501657458058,2.0
0.5598736418703666,-0.6925141380908061,-1.4827901639902479,-0.017822272431692186,1.0
-1.7317881815022418,0.054049258553027404,0.001828470371831413,0.03987868077226135,2.0
0.5435648541522589,-0.9671910925053255,1.3373311222418927,0.00857305701763744,0.0
0.5598736410888713,-0.6925119861726902,-1.4850534198289054,-0.06132056442729218,1.0
0.5435648544067324,-0.9671902919702405,1.3368280203283918,0.08403698250626616,0.0
-1.731788181581158,0.05405151693233494,-0.002156375742885153,0.003190904792535815,2.0
0.5435648537899808,-0.9671915581237854,1.3315823237607751,0.03535031852109058,0.0
0.5435648548545294,-0.9671928468939557,1.3293281473868104,0.04964735923111167,0.0
0.5598736424223919,-0.6925169030278531,-1.4812264767745302,0.002760304841393832,1.0
0.5598736414142975,-0.6925159970498901,-1.476827528369331,0.04519948553283111,1.0
0.5435648546089975,-0.9671898782499664,1.3328697839993862,0.03436227120318448,0.0
0.6271579200279472,1.607811505750187,0.16365375103937688,0.02152549420602154,3.0
0.5435648547198179,-0.9671897139704522,1.3367279365083131,0.0012014563805175993,0.0
0.543564855629755,-0.967188314550544,1.3402906320613504,0.009462831370094996,0.0
0.627157920202869,1.6078112056488725,0.15435558543650726,-0.02060069527275169,3.0
-1.7317881814450142,0.05405103850731834,-0.009588216221877036,0.0008830241964357504,2.0
0.5598736417636431,-0.6925155335034248,-1.479887020136473,0.02071506547816861,1.0
0.5435648546999907,-0.9671852467933205,1.3278723128885008,0.006458259439592543,0.0
0.5435648541829959,-0.9671906287660159,1.3322690147102498,-0.03519165235723771,0.0
0.5598736413265355,-0.6925148890882724,-1.4778492032663468,-0.019295000747177653,1.0
0.5435648545431558,-0.967190560320324,1.3411223766381937,0.014728646759512218,0.0
-1.731788181831928,0.054052567801319035,0.00032230356031795433,-0.019312189191798255,2.0
0.6271579196339491,1.6078101640082338,0.1617363005837661,-0.027806232636614282,3.0
0.6271579198334564,1.6078126560162207,0.15901310965228793,-0.052972957842436885,3.0
-1.7317881818496728,0.05405174305919083,-0.0021818144004745405,0.005483754128216013,2.0
0.5598736410233355,-0.6925141016604898,-1.4782620144919256,-0.065230699724236,1.0
0.627157920159518,1.6078125671605126,0.16213874671623585,-0.0464702878187448,3.0
-1.7317881816868594,0.05404967341457832,-0.0004373344541388753,-0.053917665691439944,2.0
0.6271579200790467,1.6078136499091948,0.16651989063677947,-0.0841883992585644,3.0
0.559873641147507,-0.6925204476297142,-1.4812510019799399,0.044297779283261646,1.0
0.5598736414808398,-0.6925170714053724,-1.47759970007529,-0.03581534629307645,1.0
0.6271579200765696,1.6078119984756716,0.1632006808556322,-0.0040503911221306975,3.0
0.543564854195595,-0.9671895505171838,1.3272609527303085,0.020868777367680183,0.0
0.5435648548618833,-0.9671878003488781,1.3358977350613468,-0.0029116611718351983,0.0
0.5598736418002842,-0.6925174083587704,-1.4816326908034931,0.03969328922884176,1.0
0.5598736417603724,-0.6925130760364964,-1.4765322636109786,-0.03402552719479623,1.0
-1.7317881817074756,0.05404962626124137,-0.005283545785329898,-0.024601492582979258,2.0
-1.73178818099817,0.054050943293760104,-0.004394452843037335,-0.07310598444360829,2.0
0.6271579199246966,1.6078070650577077,0.1639354090816635,-0.022266649332328553,3.0
0.6271579198375564,1.607813215667517,0.15742884480103952,0.04539942531940128,3.0
0.6271579192393549,1.6078134808364866,0.1611271917943575,-0.006795827867391233,3.0
-1.7317881810547693,0.05404999919287527,-0.0032602256552204697,-0.022748222749916093,2.0
0.5435648550543011,-0.9671922237187859,1.3293487989258899,0.05909591397867349,0.0
-1.7317881815937686,0.05405247614338066,-0.0033025679745951222,0.023202012232179495,2.0
-1.7317881821988637,0.054051008208811695,-0.004947804099932135,0.012061698429315194,2.0
0.6271579201985401,1.6078127576681973,0.15707304269232794,-0.013075899869298304,3.0
-1.7317881809777345,0.05404931219744571,-6.738403185243116e-05,0.034286974906806836,2.0
0.5598736418880572,-0.692516256265869,-1.479412547759717,-0.01166534388413414,1.0
-1.7317881812597533,0.054052278908890965,-0.009782420090814129,0.03601300598842177,2.0
0.6271579202933477,1.607809297055714,0.1653427181396783,0.003207313907807787,3.0
0.5598736411975442,-0.6925188309634563,-1.4787107813480247,-0.05406844280331498,1.0
0.5598736414333407,-0.692516069952012,-1.4811708664245251,0.08341398823206826,1.0
0.6271579196525802,1.60780892018994,0.16164199957931596,0.002570240997531346,3.0
-1.7317881813729747,0.05404796883109572,-0.009347098600062873,0.012973096596845486,2.0
-1.7317881819072225,0.0540503140474852,-0.007195654373788593,0.06481899322951624,2.0
0.6271579199513553,1.607810776702443,0.15481815251358527,-0.028840613574290134,3.0
0.5435648546111745,-0.9671893443799562,1.33315971893573,0.0608752162929635,0.0
-1.731788181154754,0.054052594312701534,-0.0053562484968223386,0.006056616551507548,2.0
0.5598736417130508,-0.6925166952090609,-1.4720784593107366,0.05289776322257692,1.0
-1.7317881813611393,0.05404916129926223,-0.004237538055988336,0.02256770053064393,2.0
-1.7317881811270934,0.054050194387109146,-0.00763887049341546,-0.01701939622762096,2.0
0.5435648546988636,-0.9671887211960787,1.325893593219774,0.011371566613831303,0.0
0.5435648544599263,-0.9671902886746021,1.3355023849582182,0.1478859040549654,0.0
-1.731788181364696,0.054052420424355124,-0.008801654239922699,0.020773115880904608,2.0
0.5435648546054177,-0.967191251480642,1.3351899234753188,0.08418227391575551,0.0
0.5435648544650061,-0.9671897826693868,1.337988511352837,0.012601619858617127,0.0
0.5435648548976784,-0.96719081835635,1.3348427515587873,-0.049841699091162865,0.0
0.5435648546273654,-0.9671860294578,1.3266381756446235,0.003771524061804138,0.0
0.5435648541711313,-0.967192945042456,1.3373490968486783,0.06124442039406377,0.0
0.5435648547352491,-0.9671917957900376,1.335206475982798,0.03118023741492593,0.0
-1.731788181963348,0.05404911490124201,-0.004459669036951574,0.010710693687687095,2.0
-1.731788181683308,0.05404971996064348,-0.0007238330157226449,-0.011223371996576236,2.0
0.5435648545827754,-0.9671893160710153,1.3330052929385436,-0.040802056448893786,0.0
0.5435648547563872,-0.9671889046011672,1.333865992524466,-0.0004616338069056072,0.0
0.5435648548866562,-0.96718837465063,1.3344487044401534,-0.015204789124394071,0.0
-1.7317881813501144,0.0540487691592963,-0.0066927360035036665,0.013431516949614081,2.0
0.5598736416405429,-0.6925161476947046,-1.4807321146329673,-0.12340931299291878,1.0
0.6271579197895614,1.6078110330749071,0.16674022566553048,-0.012061844183653421,3.0
0.5598736418556608,-0.6925128151334833,-1.4769486536308958,0.014665466185589273,1.0
-1.7317881816960965,0.05405101800334717,-0.004911654936690927,0.0161673593606181,2.0
-1.7317881812013927,0.05405186679232552,-0.011315337088788785,0.012481611812110003,2.0
-1.7317881816211191,0.05404995161749958,-0.010848136583740649,-0.04479861637045237,2.0
-1.7317881811634515,0.05405034408723765,-0.012755656388817822,0.07911039954438892,2.0
0.5598736417665038,-0.6925135082268511,-1.4803036656160196,-0.05473135551693017,1.0
0.5435648541771396,-0.9671896100713967,1.3328371380604846,0.010174437015090318,0.0
0.5598736414542829,-0.6925178422510913,-1.4779497591370496,-0.030565857677759344,1.0
0.5598736415462631,-0.6925152005224189,-1.473822064674158,0.007254080369666162,1.0
0.6271579201153454,1.607814295364645,0.16078939622511618,-0.0022544353189316822,3.0
0.6271579205950318,1.6078117765664068,0.15822608328078158,-0.005931895216595358,3.0
0.627157919885701,1.6078090768967794,0.15915316165308407,-0.0676587358038575,3.0
0.5435648549412057,-0.9671884914298509,1.327329625018813,-0.014749784215272507,0.0
-1.7317881810845197,0.05404902814655753,-0.003805770730141406,0.034363444300167315,2.0
0.6271579197084288,1.6078128577111364,0.16489017487479188,0.011371606394196055,3.0
0.5598736416290493,-0.6925154631239322,-1.4744469858478033,-0.08748938764444848,1.0
0.5598736415245866,-0.6925153462397732,-1.4718269262153505,-0.02563518466358933,1.0
-1.7317881823725365,0.054047737077599446,-0.007147271527749494,-0.046642996351011996,2.0
-1.7317881808420545,0.05405288823844744,-0.00570811154388837,0.05519383563125184,2.0
-1.7317881815635199,0.05404650980577774,-0.008081057653736736,-0.05371549694973166,2.0
0.543564855013882,-0.967186330158676,1.3358894285045029,-0.011551362509846981,0.0
0.5598736410357017,-0.6925145324386575,-1.4722495331057819,-0.008198432169249821,1.0
-1.7317881813397171,0.05404821813202278,-0.006003239746183408,0.010771687608715049,2.0
0.5598736418874877,-0.6925167110038257,-1.4793961582705273,-0.011966966934836402,1.0
0.5598736411223187,-0.6925173624625769,-1.4821463279091598,-0.006225291893023007,1.0
0.5435648551094414,-0.9671883878117891,1.3307622047605674,0.0677102121550485,0.0
-1.7317881811260185,0.05404949389400875,-0.0009956734518994312,-0.01623347111845063,2.0
0.6271579203767583,1.6078110219141557,0.1650779287148449,0.018319100005471444,3.0
0.6271579206798475,1.6078109201731428,0.1568363771989932,0.036588343873843236,3.0
0.5435648545428634,-0.9671909225958334,1.3392648264563896,-0.014716036614068359,0.0
0.6271579200610331,1.6078097859576337,0.1629432618463228,0.05473274830633196,3.0
0.5598736410359306,-0.6925151692424032,-1.4749687501910027,0.01790119593948898,1.0
0.6271579199055461,1.6078119682944567,0.15764169085405946,0.003509324614230486,3.0
0.5435648550961756,-0.9671904342659994,1.3311210209386601,0.006550814666919549,0.0
0.5435648545104707,-0.9671917207426314,1.3361062361146658,0.03553043059640144,0.0
0.5598736421121209,-0.6925151726508613,-1.4848640607264048,-0.021905767680725982,1.0
-1.7317881813700176,0.054046798882865586,-0.008197425080362948,-0.01565774075750448,2.0
0.5598736411261347,-0.6925161350567202,-1.4821104337311475,-0.013870245078055708,1.0
0.5435648549735911,-0.9671886559365226,1.3347866975339227,0.02701253508673486,0.0
0.5435648550926767,-0.9671905507994805,1.335103912318822,0.03339014045938952,0.0
0.5435648550316212,-0.9671906401829671,1.3385005414495699,0.0891475027645908,0.0
0.627157919731554,1.6078147012281268,0.15685859062918522,0.058274732642396514,3.0
-1.7317881814965457,0.05404997692210553,-0.007509504213279144,-0.04210725325039432,2.0
-1.7317881814548821,0.054051483669168274,-0.006432200076691666,-0.007844884644645328,2.0
-1.7317881812520797,0.05404905774282158,-0.008952117091064247,0.0011357393972753426,2.0
0.5435648544610141,-0.9671910192544546,1.3317794924900677,0.007015153802528621,0.0
-1.7317881813985194,0.054052091684419504,-0.005021829731190889,-0.007179420854203508,2.0
-1.731788181841301,0.05404950456184839,-0.005222373992411455,-0.02576180020291387,2.0
0.6271579202304035,1.6078107622018756,0.1582211555201343,0.02597103752165155,3.0
0.5435648556438053,-0.9671933790890214,1.3319293045015952,0.019538527346959808,0.0
0.5435648545604868,-0.967191330479788,1.3354006269549592,0.006919666799312806,0.0
0.6271579196970779,1.6078116746437274,0.1532389007498509,-0.028135277264349327,3.0
0.6271579199663634,1.607813058622316,0.15588757649092594,-0.0043603682912759425,3.0
0.5435648552038714,-0.9671900479839564,1.3321926170849898,0.002499440121763719,0.0
0.5435648553152252,-0.9671885965883904,1.334926200301908,0.024811627466909354,0.0
-1.7317881819416883,0.05405012204756189,-0.006377585622581036,0.014265985478124212,2.0
-1.7317881812504474,0.05405021247646893,0.0008125165792729281,-0.060795863043017234,2.0
0.6271579195877346,1.6078098244595738,0.1623678982031511,-0.013481765919149994,3.0
-1.731788181410168,0.05405006026229402,-0.008011076259146377,0.01840602254165059,2.0
-1.7317881821858745,0.054050140623452154,-0.01142888063994441,0.015414636550630465,2.0
-1.7317881822392522,0.054051486012180676,-0.0001823978691027471,-0.01910924830330457,2.0
0.54356485407731,-0.9671894046386522,1.3292286045434245,0.008930910405527,0.0
0.6271579197873327,1.607813064330878,0.16159914419925198,0.01607281069894296,3.0
0.6271579200825906,1.6078097078466012,0.15813411450945353,-0.012928384856217941,3.0
-1.7317881820261027,0.05405136124147157,-0.0026032317629016053,-0.05275785460443582,2.0
0.5435648547965294,-0.9671884025624297,1.3261403443771163,-0.01530865192454229,0.0
0.5435648551054746,-0.9671898694235916,1.3298415219222357,0.04544570746437203,0.0
-1.731788181786242,0.05405151246659726,-0.00929351756339731,-0.016054786581125583,2.0
-1.7317881814348215,0.054050894988832164,-0.006311482150187666,-0.042063945772025324,2.0
0.5435648552430483,-0.9671902561247838,1.332787039718124,-0.05746512404053015,0.0
0.5435648549526296,-0.9671895573490391,1.3334663190313663,0.00568173907228622,0.0
-1.7317881815643532,0.05404565553513344,-0.006818643336400734,-0.019263014712436334,2.0
0.5598736417369637,-0.6925150268544076,-1.4752083360288923,0.05584842921615154,1.0
0.6271579204938326,1.6078107315488386,0.15637188937265456,0.0075199220706043575,3.0
-1.731788181313428,0.05404967366013739,-0.005591720103793838,0.002358730010399668,2.0
0.5435648548969254,-0.9671874231867547,1.3328228551370336,0.011780767278431262,0.0
-1.7317881818663134,0.054050382312296676,7.333659894143587e-05,-0.024838026949570918,2.0
0.5598736401823043,-0.6925191132369831,-1.4740077476659226,-0.02538704759739581,1.0
0.5598736411978229,-0.6925160847458076,-1.4809914318246908,-0.022114140947317125,1.0
-1.7317881810428217,0.05405056484798434,-0.0068713093516878125,0.04750890295407125,2.0
0.5435648548198607,-0.9671887489176815,1.3284349490226395,0.06386866499000465,0.0
0.559873641928008,-0.6925167208944569,-1.4827637542028729,0.04072424186256339,1.0
0.6271579200037115,1.607813938055465,0.1634579944251009,-0.025512342206200373,3.0
0.559873641646661,-0.6925167574461489,-1.4815815489339534,-0.0196139656085073,1.0
-1.7317881814947234,0.054050043916838326,-0.007421783562312265,-0.028949496019488517,2.0
0.6271579203704435,1.607811325743648,0.15830417734160238,-0.04529135197151634,3.0
-1.7317881813460851,0.05404920314717808,-0.0016191831708166982,0.04953274016723953,2.0
0.5598736410676958,-0.6925173459564133,-1.4787649109347503,-0.04992097436655465,1.0
-1.7317881811246605,0.05404944263751044,-0.004482647768393648,-0.03884075546134602,2.0
0.5598736422403441,-0.6925156130132676,-1.472729019839393,-0.024292707458966868,1.0
0.6271579197689582,1.607807276675391,0.16525768963051732,0.00767887314314116,3.0
-1.731788181308076,0.05404992950761458,-0.010281824542581723,0.06815445775673336,2.0
0.5598736415757923,-0.6925156149370955,-1.4761551399786932,-0.04021241184894318,1.0
0.6271579198668854,1.6078150715006274,0.15790089849889363,-0.08419148395920313,3.0
0.627157920459883,1.607813169994666,0.15955200711790463,0.015644673035511522,3.0
0.5598736415698359,-0.6925154148574117,-1.4767485921389,-0.000984008986080139,1.0
0.5435648543476876,-0.9671885554533326,1.3335045018226608,0.015090604703726645,0.0
0.5598736418064846,-0.6925142177880313,-1.480316049792809,0.007251175601580744,1.0
0.6271579197967612,1.6078141122562886,0.1605715559726847,-0.039566234904988846,3.0
0.6271579203725972,1.6078123688811232,0.16107940775556429,0.01657907067166623,3.0
0.5435648548696106,-0.9671890553759972,1.3354252101151944,-0.02547180248327527,0.0
0.5435648551695115,-0.9671915896271821,1.3331968271365469,-0.028813542719342857,0.0
-1.7317881816358507,0.054051512711170466,-0.004040205994120456,-0.005600085765285071,2.0
0.5598736406641907,-0.6925143731058335,-1.4764821520629134,0.024503366533776622,1.0
-1.7317881814491602,0.0540515962875788,-0.012699231641697705,-0.020399325634365143,2.0
0.5435648548592238,-0.9671937466523509,1.3306616038419354,-0.006684102696220405,0.0
0.5598736416613663,-0.6925128989100319,-1.483228316116977,0.03033799679069614,1.0
0.5598736411447482,-0.6925168510296399,-1.4797408389163642,-0.026181492701744455,1.0
0.5435648546054831,-0.9671868991368157,1.3300187372069452,-0.013269770490311583,0.0
0.6271579205082602,1.60780956075046,0.16185184607232592,0.04675499221525084,3.0
0.5435648550252388,-0.9671908931937513,1.3305419255945048,-0.030432808367582186,0.0
-1.731788181868952,0.05405058536357089,-0.005890387633839792,0.045052525086460675,2.0
0.6271579193834005,1.6078112685361827,0.16314803992445503,0.030811471083799193,3.0
0.5435648549251622,-0.9671902227591719,1.334335092591089,-0.022693099627698072,0.0
0.5435648542948007,-0.967186850187667,1.335202064566284,-0.002692603346659289,0.0
0.6271579194395357,1.60781087424547,0.16009341863001847,0.03480144834888673,3.0
0.6271579193407956,1.6078108279560663,0.15913252179369003,0.04340811498911479,3.0
0.6271579206332143,1.607814150657186,0.16669589896881348,0.009914736006024666,3.0
0.6271579202850622,1.6078137516041873,0.16671541844955468,-0.034983647565726764,3.0
0.5435648545442939,-0.9671882431515726,1.333707568594004,-0.00013177182055411387,0.0
0.5598736413406299,-0.692514112559057,-1.4849015373339909,0.09051513300600858,1.0
-1.7317881814232385,0.05405098634911541,-0.00044666992962023026,-0.04883042383208633,2.0
0.6271579200407602,1.607811062783006,0.16197713941763503,-0.03428507959324644,3.0
0.627157919144927,1.6078098937208385,0.15651757459702176,-0.005639844640642298,3.0
0.55987364208443,-0.6925156274795191,-1.481989530838256,0.023739206101738252,1.0
0.6271579194389573,1.6078130278670022,0.16141652670544465,-0.03673378360860073,3.0
0.627157920534164,1.6078152493449882,0.1635616031401215,0.03828033878245834,3.0
0.627157919459806,1.6078121742872378,0.1596609628603615,0.05765433435760392,3.0
0.6271579201026722,1.6078107073836447,0.1601873279596569,0.025674234846265718,3.0
0.5598736425346127,-0.6925163789208018,-1.482199219945133,-0.028031476708937568,1.0
-1.731788182312542,0.054049130317058026,-0.00767315693604708,-0.006948675118337579,2.0
0.5435648544506668,-0.9671886351219184,1.3356803227702934,-0.030084545197934652,0.0
0.5598736409789079,-0.6925140314087485,-1.4798683381753839,0.0014133034130365339,1.0
0.5435648547715363,-0.9671875735608118,1.3362825527309452,0.003947971529754955,0.0
0.6271579197156301,1.6078104483958018,0.15830376037900767,0.06826728212117042,3.0
0.6271579201999063,1.6078145697768027,0.16238626391506916,-0.0408556723035578,3.0
0.5598736414805854,-0.692513412370749,-1.4744426098985253,-0.032588035729182285,1.0
0.6271579188295566,1.6078096675371158,0.16192017112155518,-0.00824107380785009,3.0
-1.7317881816171248,0.054052328369590785,0.007837265121838096,-0.00643097831760235,2.0
0.5598736413405019,-0.6925138347124009,-1.4856803348694323,0.05521065555325286,1.0
0.5435648550051811,-0.9671890282598752,1.334044721493478,-0.04405566431649273,0.0
0.543564854615826,-0.9671888690525797,1.3335265723543273,0.016599138986774915,0.0
0.5598736419184711,-0.6925151079308403,-1.4709827294399291,-0.006418600758222669,1.0
0.5435648546969154,-0.9671908328086746,1.33455233302382,0.07564984683870908,0.0
0.6271579203570271,1.6078129658122289,0.15672170402345856,0.014733973714181458,3.0
0.5435648549616773,-0.9671896226199761,1.3319378036937735,0.030957656159141842,0.0
0.5435648551387354,-0.967185809770319,1.3296812461568854,0.007941327269436053,0.0
0.5435648544290833,-0.9671881746840495,1.3331469463970762,-0.026777340987269214,0.0
-1.731788181585484,0.05405291908565735,-0.0001274821756171941,-0.0009377107402680845,2.0
0.5435648548910659,-0.9671901916947765,1.3375426660288656,0.025264986607516172,0.0
0.5435648554893587,-0.9671885464590164,1.3345247903800515,0.042180764661818165,0.0
-1.731788182027579,0.05404939870556773,-0.010563857033252176,-0.031248444540228144,2.0
0.5435648545115134,-0.9671889967285651,1.3280960414296603,0.05563237539679791,0.0
0.6271579205652458,1.607813478008242,0.16336374420815863,-0.0003405477878010215,3.0
0.5435648553448116,-0.9671899642596383,1.338761895370949,0.001507091662081333,0.0
0.5435648548030003,-0.9671907723774321,1.335123776710154,-0.0059109099215468135,0.0
-1.7317881812623528,0.05405033502451851,-0.005197142492988791,0.02040284267554006,2.0
-1.7317881815538658,0.05404939945970089,-0.004131460182271574,-0.03312496158092299,2.0
0.5598736412030278,-0.6925157951703915,-1.4806727049204027,-0.02335184033355659,1.0
0.6271579199448745,1.6078122130944195,0.15370559101468692,0.02283415935761842,3.0
0.5435648546717263,-0.967190151258775,1.3335859590787071,-0.01977112267641615,0.0
-1.7317881812586622,0.05404984165384627,0.0009332248873285889,-0.0076545241670361586,2.0
-1.7317881815776681,0.05404718968713818,-0.011180153038058964,-0.0036826452250443287,2.0
0.5435648547794842,-0.9671894442857152,1.324910149262308,0.034877003172660154,0.0
-1.7317881810358788,0.05404868109966351,-0.005196605868598797,0.03896825075000691,2.0
0.5435648542659257,-0.9671890225091286,1.330335358086292,-0.027126251697117822,0.0
0.6271579196645447,1.6078117327526091,0.15703484795452866,0.03282724243796484,3.0
0.5598736416183889,-0.6925179574391568,-1.4775252879531773,0.020660550755008254,1.0
0.5435648541474893,-0.9671911881325055,1.3247616201198993,0.07571234047063974,0.0
0.5598736415258421,-0.6925145328584961,-1.4758541883477825,0.0003324421085140281,1.0
0.5435648543875918,-0.9671894531276504,1.3305102473930566,-0.008510989128284529,0.0
0.5435648551244411,-0.9671887387828604,1.3346061444469193,0.02992101452074135,0.0
0.5435648553122895,-0.9671918612092568,1.3335593083577966,0.07139716135711559,0.0
0.5598736414129487,-0.6925169241239446,-1.4783136027970494,-0.013709332595704539,1.0
0.5598736414717463,-0.6925159792778711,-1.4713799681105693,-0.008276331299457894,1.0
0.6271579195601223,1.6078112848160446,0.16124104924365254,0.005516184253249134,3.0
0.5435648546418629,-0.9671901147853597,1.3288798497573002,0.0754384142860122,0.0
0.5435648545488175,-0.9671910362619263,1.3266499468556632,-0.053870845717188996,0.0
0.6271579199661189,1.6078103585792594,0.16179084855551587,0.006481300776094089,3.0
-1.7317881810709281,0.05405225457733877,-0.007709045469688447,0.017795902211355973,2.0
0.5435648546932403,-0.9671927644712267,1.3313606364541168,-0.02380321503896965,0.0
0.5435648545690905,-0.9671899994566536,1.33699818295089,0.06221986667732852,0.0
0.5598736416621317,-0.6925165413115548,-1.475532215166667,0.024672034152872,1.0
0.5598736417308822,-0.6925151837392896,-1.4817663160642862,-0.11887119380450963,1.0
0.6271579196496853,1.6078103053338166,0.15205602853599462,-0.009312165806780669,3.0
0.6271579197522391,1.6078099662591747,0.1613275104597193,0.03624483386328976,3.0
0.5435648547318287,-0.9671900869173119,1.336439908019514,0.02839741128533414,0.0
0.5435648543194068,-0.9671909920848668,1.335941564895216,-0.04488388115711666,0.0
-1.7317881816099214,0.054054272554755645,-0.010325932748240502,0.04268344437519506,2.0
0.5435648548105118,-0.9671911134833775,1.3327060711894856,-0.003011970000356145,0.0
0.5598736416047583,-0.6925180440882536,-1.4797752213476683,-0.002868543794266559,1.0
0.5598736415688332,-0.692515520352464,-1.4800113818213108,-0.014151095805842678,1.0
0.6271579202631314,1.6078106944006936,0.16212593307111414,-0.056779778950289454,3.0
0.5435648550151932,-0.9671909645602108,1.333847251381973,0.010313461078375703,0.0
0.5435648545332855,-0.9671896317187151,1.3298607771164328,-0.020447263362151122,0.0
0.5598736407421836,-0.6925154535097662,-1.4711442402825397,0.03181055907693352,1.0
0.5598736415446647,-0.692517767723666,-1.4739374887759376,-0.062403603192238075,1.0
-1.7317881814907936,0.05404801135436482,-0.005165476458962846,-0.03420599738337757,2.0
-1.7317881812959564,0.05405179885790365,-0.0020724993907626447,-0.02217647637777076,2.0
0.5435648547868165,-0.9671916485723555,1.3312330283066214,-0.04596820262397551,0.0
0.5598736408684764,-0.6925145773648441,-1.4771709181969424,-0.031289036645192184,1.0
0.627157919696239,1.6078124723094303,0.16152611679950718,-0.004100105565445402,3.0
0.559873641156941,-0.6925158944352655,-1.4847500161911682,0.002410585626381307,1.0
-1.7317881815929945,0.054049704100026026,-0.004759212034855288,-0.03839603767914765,2.0
0.6271579205727884,1.6078151875846305,0.15623230852442813,-0.0015372564789276435,3.0
-1.7317881818069805,0.054049585644061496,-0.002002129505997591,0.010755760064660388,2.0
-1.7317881821039902,0.05404975139375998,-0.0021828471911841557,0.06367142342758442,2.0
0.5435648543419956,-0.9671895693348456,1.3386809565074147,-0.01635695591197425,0.0
0.5598736410995167,-0.6925160264149061,-1.4800186503341997,-0.021717604227641383,1.0
-1.731788182047935,0.05404777463952104,0.001561540687125675,-0.049059162921183515,2.0
0.5435648548236929,-0.9671912998330789,1.3318191290391088,0.020535261775350467,0.0
0.5435648544545206,-0.9671896114189715,1.329348892818548,0.025426528420245443,0.0
0.5435648552603368,-0.9671893765526068,1.3348116654433122,0.03039162367553272,0.0
0.5598736418647732,-0.6925170039749526,-1.479118844262041,-0.02440670110758554,1.0
0.5435648541025944,-0.9671875738727583,1.3370261961622096,-0.06796902264311677,0.0
0.5435648543134366,-0.9671885769840166,1.3346904345139325,-0.006843350997012032,0.0
0.543564855128693,-0.9671883001580114,1.3381318886388653,0.07381781268968289,0.0
0.5435648547346097,-0.9671896056734894,1.3280789360563945,0.030037898386419726,0.0
0.6271579196229832,1.6078121356330706,0.15979866787440639,-0.039830147189004815,3.0
0.5598736416632837,-0.6925142452679094,-1.4812459105981988,-0.06103046362100863,1.0
-1.7317881816034824,0.054052375305737255,-0.00862259465880267,-0.012541389437319623,2.0
0.6271579197441971,1.607811107150947,0.1581083289933382,-0.023417527409015353,3.0
0.5598736418349133,-0.6925160432339921,-1.4790330982301851,-0.06085525740700372,1.0
0.5435648543044104,-0.9671855699377003,1.3363563210862326,-0.031684820560501044,0.0
0.5435648548330891,-0.9671919361966511,1.3305826694973932,-0.010584793042506037,0.0
0.5435648544335879,-0.9671878427139556,1.3312715957643633,-0.068558921734117,0.0
0.5435648547190036,-0.9671903576318347,1.3312109340460183,-0.017854659830879523,0.0
0.5435648547123062,-0.9671937712747699,1.335958180720534,-0.008947954966782452,0.0
0.6271579199607767,1.6078134292515465,0.15915292465833852,-0.02790281593270439,3.0
0.5598736414875481,-0.692513671372311,-1.4763189650532726,0.056091841469706624,1.0
-1.731788181512044,0.054051522629854916,-0.011782987600916126,0.03432916189660432,2.0
0.5598736420230692,-0.6925170196877456,-1.47927540086268,-0.038616205878684196,1.0
0.6271579205496852,1.607809467242085,0.15995871431648903,-0.031811876615989464,3.0
0.5435648540712954,-0.9671895624784941,1.3443772347484135,-0.003744351722917776,0.0
-1.731788181850047,0.054050870442110675,-0.005877506971503788,-0.02140822423763012,2.0
0.5435648550182303,-0.9671875672952714,1.3356523890741159,0.03197780415637278,0.0
-1.731788182027291,0.05404997211541518,-0.0068757776247307285,-0.04230374266752635,2.0
0.6271579196891213,1.6078119438450265,0.1583938379254788,-0.00449537758914613,3.0
0.5435648548249061,-0.9671882842403908,1.3306712668762648,0.024866509213675045,0.0
-1.7317881810766063,0.05404820768546707,-0.0062060625515463885,0.008360607657912961,2.0
0.5598736407638076,-0.6925151031705497,-1.4849440629022828,-0.03189244180446249,1.0
-1.7317881811284983,0.05405081691631418,-0.0030448651898103783,0.05151164909725645,2.0
0.5598736416037411,-0.6925149271155627,-1.4760423262879507,-0.002644841485145087,1.0
0.6271579201038513,1.607813776765546,0.16400520601428786,-0.0004776638806390153,3.0
0.6271579194321181,1.607809818876308,0.16058170112304096,0.052308641023069744,3.0
0.5435648549027176,-0.9671888607791396,1.3322429296739318,0.03960219984191895,0.0
0.6271579202297869,1.6078131492409933,0.15998657011482967,0.0006990342569888761,3.0
-1.731788181360693,0.054050823761079315,0.0059687618237977665,0.00707686533522269,2.0
0.5598736414325257,-0.6925160132982304,-1.479015530565273,0.02409279256983997,1.0
0.5435648547568339,-0.967191647920566,1.3296691294862932,0.0374596866547088,0.0
0.5598736409425724,-0.6925162803737106,-1.4863064331684523,-0.0282502109593567,1.0
0.5435648548689479,-0.9671902386101352,1.3336911452301388,0.02475652278011472,0.0
0.6271579198921973,1.6078121482278938,0.15873573866393748,0.006077379386724151,3.0
0.559873641240152,-0.6925156386777414,-1.4827932141637834,-0.009643841564525054,1.0
0.5598736420640997,-0.692513773742688,-1.4727734037711244,-0.0019937242974540008,1.0
0.6271579199931299,1.6078120869784023,0.15595198223205,-0.07565526291126523,3.0
0.5598736417668453,-0.6925153331540349,-1.4689094681381643,-0.013307907887685377,1.0
0.6271579197499382,1.6078113350728604,0.16754475258775722,-0.010264715625103954,3.0
0.5598736410302649,-0.6925175115581876,-1.4796297909361005,-0.01940913256279149,1.0
0.6271579195310535,1.60781216642882,0.16092772120312196,0.04219724541265799,3.0
0.6271579200933719,1.6078139625850512,0.1550145440767641,-0.005662931361501619,3.0
0.6271579199621269,1.6078149361722016,0.16127924380298544,0.0407878507040326,3.0
0.5598736413715483,-0.6925203447467068,-1.4790199663665333,-0.016772449126709926,1.0
-1.7317881809278572,0.05404971751780768,-0.0007919463994086018,0.014897646745636973,2.0
0.5598736413652596,-0.6925143745500446,-1.469289702097588,-0.014326643692685173,1.0
0.543564854924111,-0.9671905211255254,1.3291455852744343,0.012460783602495336,0.0
-1.7317881812649094,0.054052648657478504,-0.003400248452191135,0.026882233160797273,2.0
0.5435648547735752,-0.9671891737283812,1.3334880990732625,-0.015259853645856969,0.0
0.5598736412060685,-0.6925168720003512,-1.483213772435943,0.0022962897378659987,1.0
-1.731788181388678,0.05405001381553584,-0.0065635054357196625,-0.024534277304757587,2.0
-1.7317881816187173,0.054047511291429,-0.009135113702537175,0.020637117401870585,2.0
-1.7317881819045693,0.0540518058474544,-0.006211554814010387,-0.0027304066236129767,2.0
0.5598736417566764,-0.6925133248394111,-1.479917435679218,-0.04288492368103929,1.0
0.5435648544035105,-0.9671888321108106,1.334505990890863,0.025472757301179066,0.0
-1.7317881815539595,0.054049399292461726,-0.006150052864258296,-0.01910168993609078,2.0
-1.7317881810825104,0.05404917222649948,-0.000847731654496932,0.0003160218766504142,2.0
0.5598736415123611,-0.6925144299309436,-1.474694047252556,-0.02189218223738612,1.0
0.6271579198248968,1.6078112715212243,0.1606008043248268,-0.008198258943508712,3.0
-1.7317881818251577,0.05405131589315241,0.00013255234137599304,-0.08937998085354848,2.0
0.5435648557208016,-0.9671908466772515,1.3303288246170233,0.016116363551997526,0.0
0.6271579201347173,1.6078108548259007,0.15924857712397386,0.020647096418534523,3.0
0.5598736413081973,-0.6925169485350268,-1.4806370958532187,-0.042392537004992355,1.0
0.5435648546756873,-0.9671882842988233,1.327491608863244,0.013441963765437211,0.0
0.5435648547928992,-0.9671906461113463,1.3330906999889307,0.04794260440746194,0.0
0.5435648544708639,-0.9671880532907792,1.336964174766899,0.03348871416730632,0.0
0.6271579198441268,1.6078144276997428,0.1591187252998757,0.03963386007623736,3.0
0.5598736415577803,-0.6925128123978017,-1.4811104450671047,0.038870062073668686,1.0
0.6271579195245968,1.607813586574832,0.16001852167722233,0.028309684506057,3.0
-1.7317881808901094,0.05405053027524944,-0.00928913657312387,-0.061688082712106296,2.0
0.5435648552210829,-0.9671896075177385,1.3395784664568866,-0.008978773611978748,0.0
0.5435648541243798,-0.9671880927892695,1.3301460360356074,0.013797083475402224,0.0
0.6271579197477336,1.6078123723399371,0.16040281177529123,0.029904848352337064,3.0
0.5598736419888954,-0.6925160055386262,-1.4756178902569017,-0.021456381003289757,1.0
0.5435648542081497,-0.9671923200560458,1.3242438154913405,0.036744416803321626,0.0
0.5435648546971318,-0.967189624359086,1.3358922701527813,-0.013052699999184587,0.0
0.6271579193010096,1.6078093620067728,0.1622213812501673,-0.060996009621479434,3.0
-1.7317881812173783,0.05404874686161188,0.00029788484129564366,-0.03587308979012852,2.0
0.5435648549036148,-0.9671868768257206,1.331725577328851,0.03820981692523233,0.0
0.5435648546838211,-0.9671889604513924,1.3344751871689482,0.04938494214232518,0.0
0.5435648552716292,-0.9671910733629444,1.3348493097053822,-0.00539919618549753,0.0
-1.731788181968947,0.05405241824357506,-0.007650411584998856,-0.04353759011588572,2.0
0.6271579198209353,1.607812684930637,0.16332296795293316,0.04596632925438251,3.0
0.5598736408651894,-0.6925169767323788,-1.477913272310066,-0.03867759170333828,1.0
0.5598736421394774,-0.6925169542043392,-1.4724604748106154,0.018563617707364116,1.0
-1.731788181208555,0.05405193439433652,-0.0004151105695430691,-0.006915251703575814,2.0
0.6271579201875278,1.6078092355280822,0.16817314166358385,0.03033905387674332,3.0
0.6271579188853577,1.6078125729002084,0.15573008303145314,0.031081714978486517,3.0
0.627157919963968,1.6078117470733824,0.16288531884960067,0.007040344644118185,3.0
0.6271579202526555,1.6078129138432737,0.1622754152834563,-0.018875370705302933,3.0
0.54356485523804,-0.9671897489641944,1.331413246628073,-0.11018627687261581,0.0
0.6271579204167234,1.6078102395552587,0.1603335372222973,0.08476082394694666,3.0
0.6271579197757775,1.6078104838881315,0.16383745129725708,-0.029673787095580908,3.0
-1.7317881824892094,0.05405149054823804,-0.00359856327533772,0.020293298874485482,2.0
0.5598736417736146,-0.6925155929122099,-1.482098495094698,-0.04146792361291216,1.0
-1.7317881813856555,0.0540526996472395,-0.007667291474762232,-0.010341920074619192,2.0
-1.731788181636211,0.05404828491711652,-0.0055150363597617855,0.006244770577775042,2.0
0.5598736413753215,-0.6925153972767926,-1.4731183629274294,-0.041825321792011455,1.0
0.6271579200471439,1.607810852103094,0.15937103330931396,0.0027495395906007762,3.0
0.543564855107563,-0.9671904340608957,1.331034773276673,0.04195098061344803,0.0
0.5435648551989753,-0.9671901381241681,1.3330271377364815,0.037913787953686114,0.0
0.5435648543400174,-0.9671898751793461,1.3288259512508112,0.006810750138550109,0.0
-1.7317881822502839,0.05404984985525263,-0.008941050258483995,-0.052987747633274816,2.0
0.5435648546222688,-0.9671919966846633,1.332952123453597,0.04171362821249844,0.0
0.5598736411930625,-0.6925161294468403,-1.479687806589476,-0.014267913175121084,1.0
0.5598736410174111,-0.6925144749898866,-1.4808945556341344,-0.07051307306982972,1.0
0.5435648547471318,-0.9671875963347369,1.3299455466900039,-0.029832991066004694,0.0
0.5598736420083992,-0.6925149728201024,-1.4846921319252069,0.03724455220163404,1.0
-1.7317881812403357,0.05405298757187939,-0.0018459188515156416,-0.040632909977630534,2.0
0.5598736418011135,-0.6925146840373956,-1.4761883904321966,-0.04200538274275014,1.0
0.6271579202013573,1.6078104987591588,0.15863231995516888,0.03483781614948528,3.0
0.5435648548091603,-0.9671870494462678,1.3319812861806262,-0.01499630198921972,0.0
-1.7317881813294835,0.05405119807969294,-0.011102251206036758,0.0469565754342992,2.0
0.5435648550174695,-0.967188070312775,1.328678825346325,0.03850901041665566,0.0
0.627157919658212,1.6078107262858181,0.16051812450636935,-0.026292500716777332,3.0
-1.7317881812527274,0.05404945655526647,-0.0024390660615124285,-0.012278278677871533,2.0
0.6271579199323349,1.6078100583253485,0.16302922883140897,0.06403608274373289,3.0
0.5598736411302188,-0.6925190005764562,-1.477236472619612,-0.03849624578623849,1.0
0.5435648548271996,-0.9671903731485056,1.3346753608474429,-0.026405804407298273,0.0
-1.7317881818183827,0.054050108799971415,-0.008492732340915691,-0.07701055833064877,2.0
0.5435648550773301,-0.9671891720118924,1.3357856230601093,0.02631414518468582,0.0
0.55987364159836,-0.6925179786684492,-1.4829545879943649,0.046745399009602624,1.0
0.6271579201949387,1.6078098262884684,0.16077334962475506,0.029610231289287803,3.0
0.5435648542259135,-0.9671894039450741,1.3310313679758912,-0.007187664577760474,0.0
0.5435648545942552,-0.9671897269379227,1.3370475124586554,0.025101267429244328,0.0
0.5598736411664058,-0.6925163102216925,-1.4833268945927307,0.012457337187735205,1.0
0.5598736412337237,-0.6925138648112995,-1.485106129659475,-0.04497373810955968,1.0
0.54356485490621,-0.9671903025614929,1.3329563630587355,0.026896543870285283,0.0
0.5435648550048872,-0.9671918247339611,1.3343942151849788,-0.024859843869611455,0.0
0.5598736414373235,-0.6925178048492917,-1.4807238389674593,0.027369951788556487,1.0
-1.731788181837109,0.05404926909001093,-0.009516788845239115,0.031174604825266215,2.0
0.5435648548659188,-0.9671870842758195,1.3356527657153618,0.0019327630428826652,0.0
0.5598736412093814,-0.6925174238834784,-1.475779934116596,-0.010102630411505161,1.0
0.5598736419440888,-0.6925130088820535,-1.4807790148316207,-0.01734936529070171,1.0
0.5598736417263611,-0.6925177584147186,-1.4812194495383024,-0.012979292868226158,1.0
-1.731788180965014,0.0540498367273986,-0.007105588972950018,-0.05211917288870642,2.0
0.5435648549306331,-0.9671905751306742,1.3323415513555101,0.005020692648371945,0.0
0.5598736414309432,-0.6925184749631952,-1.4676682167579744,0.0364011198800882,1.0
0.6271579194077895,1.607810486312118,0.15335337417229622,-0.01511581272378264,3.0
0.5435648543079505,-0.9671895737231394,1.3364347027651966,0.004111003717266709,0.0
0.5435648541824487,-0.9671930045074842,1.333260754170716,-0.02695436059143209,0.0
0.6271579203124913,1.6078133592103274,0.15929801306488453,0.009446864394219222,3.0
0.6271579196016086,1.6078103245866846,0.1618499258026162,0.005063132317835282,3.0
0.5435648544175236,-0.9671886992923057,1.3298500038320005,0.0076553664690886,0.0
0.5435648545590308,-0.9671874204579516,1.3350967496033221,-0.03371143465503487,0.0
0.6271579197104725,1.6078125858902663,0.16286266879072486,0.027824168033519888,3.0
0.5598736414309138,-0.6925179635253256,-1.4841422087828762,-0.03542991412576339,1.0
0.6271579197535988,1.607811213284367,0.1649106486866133,0.007041703836589454,3.0
0.5598736410664662,-0.6925139218201026,-1.4785473473633381,-0.045751220090772156,1.0
0.5435648547699259,-0.9671901678070508,1.3380531701316682,0.04071694411965974,0.0
-1.7317881808304598,0.05404573678535847,-0.003873516680808599,0.037421463939924356,2.0
0.6271579201040752,1.6078117109705239,0.16134203995488644,0.013090450101557074,3.0
0.5598736419839728,-0.6925144046082576,-1.4712666109820824,-0.02771797710357378,1.0
0.62715791849771,1.6078106775449166,0.1582427898866204,-0.02347796694514777,3.0
0.5435648548427121,-0.9671872190657287,1.3324050832905394,-0.025563768031510937,0.0
-1.7317881818052407,0.05404608419856198,-0.004179890079663432,0.0221235178154867,2.0
0.5435648550825758,-0.9671873737717738,1.3315006247364898,0.04449231934596223,0.0
0.5435648546424336,-0.9671910435138873,1.3286575490386117,-0.050689366994319474,0.0
0.6271579204691295,1.607809816610638,0.15387962211842718,0.021847299629759225,3.0
0.6271579203841954,1.6078111554206211,0.16014890979869462,0.04490324261835645,3.0
0.5435648544750775,-0.9671906307815354,1.3324177014955174,-0.011631207046875808,0.0
0.5598736413107568,-0.692516542108204,-1.4789395138375088,-0.0418914846720656,1.0
0.5598736414443067,-0.6925131371673019,-1.4764860848302208,-0.0629213077598766,1.0
0.5435648546033905,-0.9671883085367516,1.3338641784337804,-0.024746409533888715,0.0
0.5598736414076024,-0.6925152568020899,-1.4793886424544296,0.037898727820595786,1.0
0.5598736414059879,-0.6925130864188507,-1.4786324884817992,-0.019969677762174395,1.0
0.6271579201611727,1.6078101136356244,0.16340851556714506,0.03188232479352489,3.0
-1.7317881816588145,0.05405202550149471,-4.894845232277897e-05,-0.012751573909946625,2.0
0.5435648552197047,-0.9671883432320476,1.3316200686662432,0.07506709093354694,0.0
0.5435648545465744,-0.9671895053204381,1.34047335043416,-0.03965676353466722,0.0
-1.7317881809331213,0.05405190872419986,-0.006812090716715442,0.002882704831289609,2.0
0.5435648544947891,-0.9671901006427909,1.3304427286111535,-0.025760924033035534,0.0
0.5435648548419816,-0.9671886997972774,1.3324910574528428,0.005807512232913239,0.0
-1.7317881814510334,0.054052325906731855,-0.011372872648139194,-0.0032352352732072627,2.0
0.5598736413829749,-0.6925170736817287,-1.4771320744687941,-0.030536336351512802,1.0
0.5435648540274283,-0.9671892957698142,1.3371172758563545,0.02960054380295825,0.0
0.627157920061287,1.607812379228936,0.15765088810648814,0.03418108205876759,3.0
0.5435648547312448,-0.9671902162080939,1.324986530987983,0.01908407637591953,0.0
-1.7317881815222156,0.0540509121015229,-0.008160634527324687,0.06398354537020963,2.0
0.6271579203127166,1.6078093677228344,0.16587570443958016,-0.015185136852417125,3.0
0.5598736415844755,-0.6925137305000971,-1.478288005747491,0.045890787327776975,1.0
0.5598736416238537,-0.6925162265025976,-1.4778322650170863,0.028166889056121813,1.0
0.5435648540815372,-0.9671929738249916,1.3277019694439391,0.0002601248696311747,0.0
0.5435648547620607,-0.9671874305483246,1.3281797950367558,-0.007048471836300309,0.0
0.5598736406362587,-0.6925180029412793,-1.47920439675923,-0.005479941413049395,1.0
0.5435648561166735,-0.9671911816280653,1.3360562167701042,0.009082720331340959,0.0
0.5435648544739043,-0.9671914272704732,1.3318278719237628,-0.07095414104515126,0.0
0.6271579200218693,1.607811065413284,0.1593734222891161,-0.015952167745770653,3.0
0.543564854617223,-0.9671868658271622,1.336656475724536,0.02258206185484861,0.0
0.5435648547569008,-0.9671898469309409,1.334960209451013,0.0060493479140038805,0.0
0.5598736412957989,-0.6925148986896411,-1.4780660312256209,0.007390338981271921,1.0
0.5598736417689708,-0.6925139053570308,-1.4798337911913715,-0.05178807603541427,1.0
-1.7317881815612401,0.054051085186972145,-0.00683078846415415,-0.014674876785364041,2.0
-1.7317881816794147,0.05404785085053463,-0.009019314456585586,-0.02750295055960413,2.0
0.5435648543381575,-0.9671879895954268,1.3338150708145746,0.021208816720930425,0.0
-1.7317881809106774,0.054051107672747706,-0.007585776159226198,0.013366206132812926,2.0
0.6271579198521031,1.6078145270677482,0.1585750479951835,0.04018954759283784,3.0
0.6271579199388677,1.6078137833996544,0.16059343476489185,-0.035239756730928634,3.0
-1.731788181511086,0.05404980518308785,-0.00010807306430547561,0.05407771983861192,2.0
0.627157920178304,1.6078102262409228,0.1578473825827112,-0.09283452256988996,3.0
0.5598736419289085,-0.6925182239503946,-1.4756773521069408,-0.050674318606981704,1.0
-1.7317881814449088,0.05404889020254598,0.0015310854713348053,0.07227216018238555,2.0
0.5435648547165907,-0.9671860812933292,1.3272251738732934,0.06928916293453237,0.0
0.5435648549162649,-0.9671900255360256,1.331510427485749,0.010492276245860318,0.0
0.5435648551288742,-0.9671908035920905,1.334083946317858,-0.0029036462226878367,0.0
0.627157920075287,1.6078126928333911,0.15706412405148448,0.034303106274532494,3.0
-1.731788181051683,0.05405082647559145,0.004437184479540722,-0.003910314964559565,2.0
0.559873641037516,-0.6925158632283156,-1.4776696865308758,-0.06302189553668563,1.0
0.6271579197252106,1.6078094199914184,0.16458034527858878,-0.006104307468368314,3.0
-1.7317881808904212,0.054052689077363866,-0.00020957331813170773,-0.05370216322207819,2.0
0.627157919897796,1.6078110927242875,0.16208291306331324,-0.03559474724918873,3.0
0.559873641336097,-0.692514153541561,-1.4820963617159046,-0.08890757899580501,1.0
-1.7317881816331733,0.05404812042456175,-0.006019896298571607,0.05039811523562213,2.0
0.6271579200559309,1.6078125821257552,0.1567824334741449,-0.004133700277742087,3.0
0.5435648547050793,-0.9671863250087788,1.3307230719721324,-0.047396914813279595,0.0
-1.731788181270736,0.05404952382254371,-0.006605113716194375,0.04169815423505816,2.0
0.5435648551599962,-0.9671897940065244,1.325985731319722,-0.03828215699351117,0.0
0.5435648551312123,-0.9671892585820994,1.32825540547855,0.0128778230401629,0.0
0.6271579197417437,1.6078102107069754,0.15634587056548055,-0.01944738523588382,3.0
0.5598736412230322,-0.6925171077495643,-1.4777023352946408,-0.07245338034066647,1.0
0.5598736411984112,-0.6925204351678415,-1.4760615122725849,0.02810130189483268,1.0
0.6271579194337759,1.6078117344754852,0.16730994393923473,0.05661289195686762,3.0
0.5598736413150487,-0.6925166711610038,-1.478058027998348,0.0075304404082542215,1.0
0.6271579201254472,1.6078117627293522,0.15725448209576268,-0.01779793675342746,3.0
0.5598736419124698,-0.692515244479223,-1.4896216301313332,-0.06929644274739358,1.0
-1.731788181517026,0.05405141892136733,-0.006560186169966215,-0.02066953124193503,2.0
-1.7317881814545721,0.054050625098136254,-0.005356884826872363,-0.01271787784225326,2.0
0.559873641945519,-0.6925165577711827,-1.4756411514951389,-0.028048516554798522,1.0
-1.7317881811771632,0.05404953081837867,0.005960080743694065,-0.04520550887357939,2.0
-1.7317881806172954,0.05404995522929924,-0.00686713605492825,0.011044685062073095,2.0
0.6271579193728524,1.6078123305293988,0.15924762809850326,0.009478904257393846,3.0
0.5598736416704513,-0.6925142595395888,-1.479431772073208,-0.052295384573942796,1.0
-1.7317881819082956,0.05405055275635529,-0.005094914262737035,-0.003089375864196457,2.0
0.5598736412543754,-0.6925168132045854,-1.4822408727475014,-0.02468801326855024,1.0
0.5598736420170997,-0.6925176509584743,-1.4850051618045832,0.001156338064146883,1.0
0.6271579205138942,1.607810076063113,0.16364998683321547,-0.010425646218575935,3.0
0.6271579202386963,1.6078109182617117,0.16235638209878656,0.018359570655208792,3.0
0.5598736409343653,-0.6925147067663204,-1.4812160988002303,-0.08264798761835083,1.0
0.5598736409386071,-0.6925151783121888,-1.476502614559087,-0.03489572714402524,1.0
0.5598736409670364,-0.6925169100998104,-1.479505953744035,-0.04653752493730845,1.0
-1.7317881821021168,0.054052303212315765,0.0023122456344541104,-0.031290390509726033,2.0
-1.7317881819321446,0.054051385577512434,-0.0033568379821292283,0.0583812191543666,2.0
0.5598736415073788,-0.6925131936112348,-1.481553046477141,0.004097183304097238,1.0
-1.7317881812736566,0.054050557427422416,-0.008528538488996864,-0.043417231550429106,2.0
-1.7317881810667421,0.05405275674403129,-0.006969589593088465,0.018954036106069994,2.0
0.6271579199452147,1.6078100042016548,0.16323147601697993,-0.0390752070288565,3.0
-1.7317881811449047,0.05405070410208501,-0.003972939354712707,-0.02076934076406626,2.0
0.5435648544159343,-0.9671901606885427,1.3329097700887824,0.013208429947593352,0.0
-1.7317881806981004,0.054051328392504455,-0.006884595812835966,0.014547990740552555,2.0
0.559873642165762,-0.6925150400431743,-1.472503410579022,-0.02293063258359075,1.0
-1.7317881813492555,0.05405019354670647,-0.001294743223680464,0.007208475910184383,2.0
0.6271579196890356,1.6078100561324231,0.16193686728546514,0.04710846704825449,3.0
-1.7317881815927858,0.05404944258606807,-0.007884577106029762,-0.021952054190428272,2.0
0.6271579200114685,1.6078091431620025,0.15632674786681355,-0.053002078751657036,3.0
0.6271579195240201,1.6078099026908395,0.16240035057702798,-0.010045583848627538,3.0
0.543564854572329,-0.9671909110891764,1.3390557523861764,0.039558090610685194,0.0
0.5435648549928187,-0.9671915904894294,1.3277246032927665,-8.951150326383149e-05,0.0
0.5435648544700633,-0.9671912433631034,1.3294764738676779,-0.0006560199376155565,0.0
0.6271579194701923,1.607812029302703,0.1632141463820713,0.01356996445973836,3.0
-1.7317881808461209,0.05404935977826844,-0.0077654783215732074,0.0058182120136516385,2.0
0.5435648549212616,-0.9671874488524346,1.332577780502876,0.02467325845665883,0.0
0.5435648547673287,-0.9671904048737667,1.325857707626344,0.025320723032509332,0.0
0.6271579194119522,1.607811028178889,0.1564966477244998,-0.12421975975636437,3.0
0.5598736416511038,-0.6925138828784214,-1.4820438293559917,0.03477249525484724,1.0
0.6271579199823748,1.6078114719576064,0.15782009935586308,-0.004654359858340166,3.0
0.5435648550760946,-0.9671903625279322,1.3387176215922152,0.028265308366045645,0.0
0.5435648545439067,-0.9671901426674517,1.329486148847,-0.009761689171502861,0.0
0.6271579200020632,1.6078087737081848,0.1629543525464523,0.011059138607641654,3.0
-1.731788181628462,0.05404778141322254,-0.0038320546342248338,-0.010492783275469214,2.0
0.5598736419379492,-0.692517226529377,-1.480103264912386,0.031338461145060885,1.0
0.5598736416809734,-0.6925194526258286,-1.484788592790559,-0.04467693288325477,1.0
-1.7317881811018678,0.054048154640162986,-0.0036412852331351776,0.02713124279352941,2.0
-1.7317881808715858,0.05404736924079226,-0.011288066879919454,0.008749284927978497,2.0
0.5435648545795865,-0.967185360209218,1.3358457920665074,0.032907067487066476,0.0
0.5598736409821384,-0.6925117604168968,-1.4823467099645133,-0.004540651391804689,1.0
0.6271579200160825,1.6078085374438253,0.16117602401548659,0.06183754603710305,3.0
-1.731788181588444,0.05405006655628954,-0.00038096235201426056,0.01444873455866417,2.0
0.5598736407813977,-0.6925179789275806,-1.4846719157666568,-0.032952211715640084,1.0
0.5435648550020991,-0.9671888957813286,1.329583013180413,-0.02183111308022944,0.0
0.5435648546056298,-0.9671888352703564,1.3347275543803476,0.00816643502734108,0.0
0.5435648551524376,-0.9671903714563206,1.332434054601894,-0.03004959902299834,0.0
0.6271579206509025,1.6078111180799177,0.1617983720952655,-0.011754990016292138,3.0
-1.7317881816365472,0.05404701020991625,-0.013795813619062607,-0.002004892073661961,2.0
-1.7317881815838398,0.054050288401432424,-0.00420849575891148,0.011220161455961589,2.0
-1.7317881812661635,0.05405199223664274,-0.004444204824202685,-0.02636952072957949,2.0
0.5598736413182622,-0.6925120802775719,-1.485744820121797,0.05965165416414031,1.0
0.5598736416409525,-0.6925158952939312,-1.481693911849964,-0.022362131968523522,1.0
0.6271579197537749,1.6078126409359894,0.15832087489384414,-0.0011067783303726822,3.0
0.5435648543926196,-0.9671899336172248,1.328715587385084,0.0464111538377602,0.0
-1.7317881809294209,0.0540462922908225,-0.0030923831833424746,-0.009587749031742952,2.0
-1.7317881811560796,0.05404940332662834,0.006276460893871693,0.02503137489291515,2.0
0.6271579198001201,1.607809881092823,0.1608082432027544,0.014467967320567342,3.0
0.627157920426454,1.6078114975608588,0.15957090813350203,0.006734825087017369,3.0
0.6271579198489639,1.6078113465869157,0.1599648337089406,-0.0323250254003551,3.0
-1.7317881808498008,0.05404957625779978,-0.00823742157599347,0.0456703131552365,2.0
0.5435648547786534,-0.9671912517616748,1.3337754171216814,-0.012984044520773813,0.0
-1.7317881815287004,0.05404922290782335,-0.006548931721340722,0.03991825081126277,2.0
0.627157920222507,1.6078103509946002,0.1622453478632955,-0.0011475651821126567,3.0
-1.7317881819115009,0.05405056033533242,-0.01154571093593438,-0.0316257376236715,2.0
0.6271579194372782,1.6078108514540532,0.16135831503012726,-0.00574794866913576,3.0
0.559873641845724,-0.6925170846907055,-1.4730804002585605,0.017748975652141008,1.0
-1.7317881816603702,0.05404910372974997,-0.005280521361251867,0.036557743005531676,2.0
0.6271579195342478,1.6078149683678953,0.15677516593131466,-0.014533407638048751,3.0
0.5598736419898539,-0.6925156505241623,-1.4771085988419892,-0.051466057522219714,1.0
0.5598736417106723,-0.6925172210052026,-1.4849796351555047,0.009421497727667668,1.0
0.6271579194678767,1.6078134708970135,0.15829487394123967,-0.02870630021489385,3.0
-1.7317881817029985,0.05404983404879816,-0.009118893215231917,-0.0020014425839516613,2.0
-1.7317881809215308,0.054049214294487356,-0.011216019719326505,0.012690050244200848,2.0
0.5435648548297536,-0.9671885354857863,1.3266420544756201,0.046917530144042964,0.0
0.6271579199538638,1.6078123932103447,0.16666220861577205,0.0023666775598429903,3.0
-1.7317881815003284,0.05404967539167901,-0.002995103819480984,-0.002385931547394551,2.0
0.5598736412931161,-0.6925173748601187,-1.4798195162877863,-0.036220756681894534,1.0
0.5598736410958243,-0.6925160732466219,-1.4730840882723328,-0.038340123650231026,1.0
0.5435648545442034,-0.9671907041037915,1.3298037953059625,-0.015606903831557736,0.0
0.5598736411550258,-0.6925164340095635,-1.4862489573796067,-0.04501141717409468,1.0
0.5598736416078074,-0.6925150215468387,-1.4710797944867287,0.03259404651988061,1.0
0.6271579199555627,1.6078101392885302,0.16419974426334075,-0.031008001236683822,3.0
0.6271579201768733,1.6078153098438892,0.15500437425077626,-0.034164292389478344,3.0
0.5598736419322248,-0.6925177204355614,-1.4771575590524557,-0.07976983717669363,1.0
0.5598736421697995,-0.6925169994241158,-1.4822043756802465,0.04087204735670567,1.0
0.559873641908596,-0.6925157647098029,-1.4783378428808134,-0.04834299990315619,1.0
0.5435648547050071,-0.967191038314036,1.3287264016406966,0.018454640747450384,0.0
0.6271579201701042,1.6078116254820263,0.16065048888017644,-0.05560915728674284,3.0
0.559873641164976,-0.6925146688607738,-1.476688432844778,0.02406529975110272,1.0
-1.73178818146494,0.05405027516690726,0.002492536582363988,0.021046888261503634,2.0
0.6271579198095557,1.607812036455642,0.16067329383352552,-0.017816290363590906,3.0
-1.7317881814117173,0.05404861235275557,0.0009623746488439537,0.027822891280584124,2.0
0.5598736411644264,-0.69251752765509,-1.4831316743585918,0.05871860366708404,1.0
0.5435648545760439,-0.9671863675158512,1.3348588055873183,-0.004347919038073118,0.0
0.5598736412905201,-0.6925149858525947,-1.4806888097163307,-0.021437268107559786,1.0
0.5435648546771016,-0.9671868926089593,1.3321480795582938,-0.031546885947822394,0.0
0.5598736424091901,-0.6925177112528397,-1.4793378119002636,0.005326150503669288,1.0
0.5435648545330753,-0.967187435831373,1.328760028914839,-0.041443151448173884,0.0
0.5598736413791561,-0.6925162265805772,-1.4757356946427298,-0.0705979079882014,1.0
0.6271579197095221,1.607812469892835,0.16318853044658155,0.013677169804246507,3.0
0.6271579196152587,1.607813911322046,0.16311475912951343,-0.06184615406754311,3.0
0.6271579207380156,1.607811348174158,0.16470982759006977,0.010829151797485453,3.0
0.5435648552378207,-0.9671908104272108,1.3244508648493112,0.05452383575557437,0.0
0.5598736415108551,-0.6925147706379415,-1.4817233962343859,-0.05786985115809411,1.0
0.6271579194346463,1.6078109331894184,0.16213222412850142,-0.10323510161189217,3.0
-1.731788181296335,0.05404923002042304,-0.006343354008015862,-0.012682645534206243,2.0
0.5435648548643356,-0.9671880322161339,1.3251228369932535,0.006267971946337361,0.0
0.5435648554874535,-0.9671913963713601,1.3309122959430946,0.07860700205370942,0.0
0.5598736413731488,-0.692516055818028,-1.477383727747952,-8.39725807358958e-05,1.0
0.5435648545817491,-0.9671907079968266,1.3252645251780137,0.0880681428600879,0.0
0.5598736412850446,-0.6925144268208517,-1.4811150865287006,-0.08724364415120768,1.0
0.6271579197727555,1.6078109937290694,0.15729964876901562,0.0028760322124882303,3.0
0.5435648548187898,-0.9671891332069865,1.3424011961741151,0.02622600248988504,0.0
-1.7317881811283005,0.05404817897297952,-0.006001585885793665,0.0579154778605173,2.0
0.5598736412025698,-0.6925163314881462,-1.4724552101172834,-0.019092310048306978,1.0
-1.7317881825300718,0.054048912083562856,-0.007845770677528311,0.07719318475706369,2.0
-1.7317881815945075,0.0540504591003822,-0.005698764111460115,0.02270511008538131,2.0
-1.7317881801440176,0.054050486590921855,-0.014335315067129751,0.04565849285728507,2.0
0.5435648549606243,-0.9671876177358095,1.3411131972818706,0.040539412067409505,0.0
0.6271579204615152,1.6078110808449395,0.15819261466492657,-0.0033652009908662606,3.0
-1.731788182837925,0.054048872085894296,-0.009096241199908746,-0.01963302753791879,2.0
0.6271579205012026,1.6078128441889494,0.16043329053623379,0.039559058297211215,3.0
0.5598736410086557,-0.6925156508160294,-1.4773111262398626,-0.024966303752181746,1.0
-1.7317881815582588,0.05404923941975349,0.0005860930973886472,0.030796139723647562,2.0
-1.7317881807387656,0.05404791208918252,-0.007457359429199252,0.08422594630712882,2.0
-1.7317881815195613,0.054051216404720576,-0.0023934494980905096,-0.04718640975938879,2.0
0.543564854841409,-0.9671889587403562,1.3362725941829678,-0.013124165827217458,0.0
0.627157919835612,1.6078127614381976,0.16810102769482405,-0.015589973001447257,3.0
0.6271579198278808,1.6078119208279,0.15977733468193328,-0.004959104491938795,3.0
0.559873641444733,-0.6925144618655866,-1.475614159153894,0.008239130074329751,1.0
-1.7317881822029133,0.05405192009520069,-0.009972897840074473,0.017800981191450783,2.0
0.6271579198162054,1.6078117853984804,0.15452398265967582,0.023144581735541146,3.0
0.5435648536701849,-0.9671878328922359,1.3303333632729424,0.01798097734449604,0.0
0.5598736411713867,-0.6925166698898848,-1.4819643837793453,-0.0027585378676162017,1.0
0.627157919903602,1.6078136132515655,0.16046731360591707,0.013320989162520174,3.0
0.6271579208770356,1.6078105106260474,0.15478118846776814,-0.08668315717688858,3.0
0.5598736414663981,-0.6925167935260371,-1.4844524597189572,-0.019752248152176754,1.0
-1.7317881817058898,0.05405166362899188,-0.004953448910528573,0.003962802337461708,2.0
-1.7317881819422545,0.054049880059099296,-0.005301143776424308,-0.10785264502023402,2.0
0.627157919832793,1.6078084899690726,0.15769941222631886,0.020380737584213895,3.0
0.5435648550579727,-0.9671879417366314,1.3345360267098436,0.04214265306100556,0.0
-1.7317881814820546,0.05405069791124068,-0.009499444230364616,0.03908157224679902,2.0
0.5598736418053244,-0.6925182458101844,-1.483283230207293,0.04139070774024593,1.0
0.5435648548831082,-0.9671915371718693,1.3356623135070118,-0.014112070614041615,0.0
0.5435648548739027,-0.9671887397078147,1.3370920882391548,0.037985726372746234,0.0
-1.7317881808646811,0.054048182321817906,-0.004691394288369261,0.01824195286423763,2.0
0.5598736415520384,-0.6925155972852974,-1.4755131940511717,-0.024667918605175938,1.0
-1.7317881810981786,0.054051174387394194,-0.005422028345038277,-0.06777084701358933,2.0
0.627157919741159,1.607810872694279,0.15784749440206203,0.07153844633844193,3.0
0.5598736418233675,-0.6925143914168624,-1.4796077225634,-0.0003371144885082791,1.0
0.6271579198785008,1.607809059217131,0.16229700289479002,-0.010500502227921746,3.0
0.5435648547201204,-0.9671918104810171,1.3249784880154905,-0.011199935613969756,0.0
0.5598736411582715,-0.6925183764466046,-1.4756192835138815,0.01730945327575092,1.0
0.6271579197896989,1.6078112226577286,0.163848848511744,0.031485732017887666,3.0
0.5598736420225421,-0.6925166326353808,-1.4806273201436675,0.004321720631691798,1.0
0.5435648549288717,-0.9671875491064869,1.3360698334774614,0.08213892067234127,0.0
0.6271579200263794,1.6078120414246897,0.16092954535267576,0.024073374482592957,3.0
0.5435648543888982,-0.9671913557875222,1.337512183541223,0.04150051878950968,0.0
0.6271579198631985,1.6078113924926989,0.16005344142673292,0.018511866816531237,3.0
-1.7317881808404638,0.05405079589271906,-0.0062767905195729844,-0.009723469495409996,2.0
0.5435648546874945,-0.9671896109227028,1.3322270458124916,-0.09819441961280559,0.0
-1.731788182563725,0.054049656022941296,-0.0056683105314759155,-0.027506264230345294,2.0
0.5435648547852524,-0.967187645019223,1.3382498903028974,0.011310301158586675,0.0
0.5598736412845524,-0.6925144306554869,-1.4768837333097824,0.004625959924952856,1.0
-1.731788181308179,0.054048271580713715,-0.0009083882976551134,-0.04647069634722758,2.0
-1.7317881807858633,0.05404881668397219,-0.0013785662660541621,0.04472759636382203,2.0
0.5598736414314204,-0.6925155660859875,-1.4750557531060662,-0.007405417680982709,1.0
0.6271579198328736,1.6078133188669286,0.1577217644812103,0.0465164951620643,3.0
0.6271579201684927,1.607812097403669,0.1540968976460649,0.029339182101310146,3.0
0.5435648547810824,-0.9671891450896037,1.335537829710747,0.00898293589321993,0.0
0.5598736413084732,-0.6925155225556486,-1.4822839601788544,-0.04688580156030587,1.0
0.627157919709347,1.6078107225325473,0.1565135462366917,0.0057424681318010845,3.0
0.5598736417355338,-0.6925153657149539,-1.4777178349709015,0.0195084950118182,1.0
0.5598736416259184,-0.6925157637635582,-1.4746884112933638,0.009295318128297253,1.0
-1.7317881814767244,0.05404839656651658,-0.009484794611651326,-0.02959453246768651,2.0
-1.7317881808756759,0.05405225561711926,-0.008507164093457156,0.031182682493795022,2.0
0.5598736414710871,-0.6925141370588686,-1.470882061017806,-0.024339130776257295,1.0
0.5435648549279998,-0.9671912330536627,1.3258447938508418,0.03473223122545208,0.0
0.5435648548787232,-0.9671886529601228,1.324715409926753,0.010354408165190985,0.0
0.5598736417227804,-0.6925187445436043,-1.4795175625667698,0.025297747467730253,1.0
0.5598736419236905,-0.6925151582388701,-1.4768333352192435,-0.026716230263633,1.0
0.559873642078618,-0.6925166741356881,-1.4803766208725369,0.027020491207191633,1.0
0.5598736414458533,-0.692516306590706,-1.4728596231224416,-0.007125742945010836,1.0
-1.7317881818457204,0.054049747024855224,-0.003224141442056026,-0.00240004813223384,2.0
-1.7317881810308753,0.0540501667424235,-0.007754390179229618,0.04639345521260626,2.0
0.5435648550831317,-0.9671910863054978,1.3335586323052953,0.058543004508591116,0.0
-1.731788181160023,0.0540479943531321,-0.008088780041033583,-0.048449282963735345,2.0
0.5598736408229682,-0.6925132576249158,-1.4770715851953742,-0.06386738340792053,1.0
0.5598736416824731,-0.6925181872581844,-1.4790306856491848,-0.0316316138678924,1.0
-1.7317881817617868,0.05405178033454061,-0.007695132707122425,0.0010785313816514374,2.0
-1.7317881813552893,0.054052500964670396,-0.007835004284452232,0.028143756964394945,2.0
0.5598736421371238,-0.6925162156870301,-1.4783280144025845,-0.0015503527921410822,1.0
0.5598736412073179,-0.6925177347306734,-1.4808480397895958,-0.010769201168630543,1.0
0.6271579207140069,1.6078116213444478,0.160937293997213,0.05962637228769257,3.0
0.5598736418028388,-0.6925139069407363,-1.4773780313477998,-0.0037629711405132403,1.0
-1.7317881814951985,0.054051397367751775,-0.008198191597474626,0.017639652408188246,2.0
0.6271579201001718,1.6078097684151051,0.16054534938869477,0.06069303955782029,3.0
0.559873641257519,-0.6925161695854687,-1.4730057129653318,-0.011429558127917627,1.0
0.6271579200234398,1.607812441935814,0.1607361389804179,-0.0024253801325534456,3.0
-1.731788181126468,0.05404891317082514,-0.00017411047526361804,-0.01373981009753627,2.0
0.5435648543765725,-0.9671864981868242,1.3327705024032819,0.002900476293655857,0.0
-1.7317881813349414,0.05404969974990309,-0.004503780503852452,-0.017793280769191382,2.0
0.5598736416496205,-0.6925148786311992,-1.4776608302535474,-0.04341619260663932,1.0
0.559873640911757,-0.6925118950217318,-1.4857906347184742,0.013979823267307345,1.0
0.627157919251484,1.6078110013163196,0.14983260417460953,-0.039984707444131115,3.0
-1.7317881812699458,0.05405136345544553,-0.006233552465302714,0.013265993323244579,2.0
0.5598736419943243,-0.692517632354591,-1.4788586574940152,-0.054072714373962445,1.0
0.6271579201626116,1.607810617017617,0.1555378463604776,-0.002384457691037397,3.0
0.5435648546789323,-0.9671903629579188,1.3297662386715325,-0.005080845614183371,0.0
-1.7317881808440903,0.05404924643325943,0.0012162583582044362,-0.007723164402687485,2.0
0.5598736417363113,-0.6925160919771844,-1.4791721963465145,0.024926787139280645,1.0
0.5435648548727052,-0.9671895059333445,1.3299822402845773,0.026027660684680005,0.0
0.6271579200337105,1.6078114616476102,0.15906676848984178,-0.018242346326583534,3.0
-1.7317881811766813,0.054049654456419,-0.0019006205293381662,-0.03892320614037377,2.0
-1.731788181366833,0.054050623965899526,-0.005633337005000592,0.023235328500386322,2.0
0.543564854745879,-0.9671920936989234,1.3369285517745653,0.055162136336567275,0.0
0.6271579201277403,1.6078090365455238,0.1567385995710959,-0.010300710459530892,3.0
0.5598736415728213,-0.69251577520399,-1.4812920645189436,-0.07906452067832287,1.0
0.5598736411326845,-0.692515719563975,-1.4746324433857294,-0.061742136194770765,1.0
0.5435648554923362,-0.9671894171737387,1.3352467378280606,0.008902084766056192,0.0
-1.7317881814745573,0.054051205404179785,-0.004808132821927694,-0.0009361708691220938,2.0
0.5598736417941654,-0.6925181625066255,-1.4790308741099767,-0.016670418625784167,1.0
0.5435648549611254,-0.9671875727101639,1.3418071922488075,-0.010353456169883738,0.0
0.6271579201365911,1.6078116116822438,0.16208320139612373,0.002962974951605744,3.0
-1.7317881811823783,0.0540491678981337,-0.004358394214116125,0.051119573703605085,2.0
-1.7317881818568372,0.054051500401057544,-0.00861702088625686,0.0548836771261544,2.0
0.5598736411675016,-0.6925154765853999,-1.4762003865524462,-0.07120509402168189,1.0
0.6271579201513429,1.6078093279869041,0.1663744534369706,-0.06438291848726484,3.0
0.6271579200825531,1.6078110063335431,0.1620735749569316,0.03754613779782087,3.0
0.6271579201056627,1.6078099215203019,0.1539190848521879,-0.03954393093435874,3.0
-1.7317881809913482,0.05404865635095601,0.0004369740000495703,-0.015402615805178425,2.0
0.5435648551680466,-0.967188620475078,1.329295097785891,0.013071771686578224,0.0
-1.7317881813751566,0.054050363328084335,-0.006950064746539868,-0.012540160927572402,2.0
0.5435648544684606,-0.9671906118973818,1.3307120142581979,-0.01230845541253073,0.0
0.5598736416550603,-0.6925159871219168,-1.4794552734070814,0.011282289083689064,1.0
0.5598736412217087,-0.6925154720175587,-1.4774232063621136,-0.07303333725435396,1.0
0.6271579201788526,1.607812058703132,0.15860992189014717,-0.011323400243727572,3.0
-1.7317881812582603,0.054048136074372206,-0.009604405354158144,-0.02635319874986908,2.0
0.6271579202248393,1.6078115507482753,0.15393407228582234,0.04817833938427275,3.0
0.55987364155774,-0.6925159762803142,-1.4774376819461732,-0.02607460566075605,1.0
0.5435648544610734,-0.9671885224827241,1.3328986650513892,-0.028622189335395846,0.0
-1.7317881808457312,0.05404998779346827,-0.013718765084609421,0.024005517657775918,2.0
0.5435648547226436,-0.9671870963331439,1.333641260390876,0.047573524731113995,0.0
0.5598736416203226,-0.6925172432842357,-1.4765855190110453,-0.027118516995259564,1.0
0.6271579197065437,1.6078133057252404,0.16767140901859498,-0.014848391303394812,3.0
-1.7317881812772975,0.05404926532460706,-0.005139753269815961,-0.05289635586677731,2.0
0.627157919588055,1.6078109546588395,0.16825357179403796,-0.021116007310184422,3.0
0.6271579200276854,1.6078110316487368,0.15548304440708016,-0.041334954999104945,3.0
0.627157919749501,1.607810972314863,0.16493060409896246,0.022437419026793675,3.0
0.6271579202356209,1.6078157238995174,0.16390335391703373,0.030051593680654083,3.0
0.5598736411587569,-0.6925170953547078,-1.4818008319786293,-0.04306079656054701,1.0
0.5598736412537862,-0.6925168065005463,-1.479153039428007,-0.041485903227465884,1.0
0.5598736412953601,-0.6925186914488126,-1.4762851287630874,0.04673790564627284,1.0
0.5598736420540532,-0.6925177573767703,-1.4798009408931785,0.06044880664764193,1.0
0.5598736420234982,-0.692514863021031,-1.4853546993305535,0.056292568388586886,1.0
0.6271579189402673,1.6078095443147693,0.1562852247735453,-0.05316108052178957,3.0
0.5598736412373035,-0.6925151433279402,-1.4756811128979066,-0.005390607872040041,1.0
-1.7317881815319125,0.054053498233336675,-0.003943652111679755,0.01641988253458452,2.0
-1.7317881813766112,0.0540534725626994,-0.004274207190008203,0.08307729808197706,2.0
0.5435648550393457,-0.9671889393184073,1.326508924121174,-0.007937400257321524,0.0
0.6271579195026614,1.6078116426839544,0.1569182243410527,0.0265839334418498,3.0
-1.7317881807826485,0.05404976784230014,-0.0007238838455558863,0.018619727815581872,2.0
0.5598736413527825,-0.6925176618945296,-1.478180746801027,-0.02063457913548367,1.0
-1.731788181883312,0.054049587435347074,-0.005017015790929337,0.005821291858469049,2.0
0.559873641157525,-0.6925164175247849,-1.4761842883257217,0.031244798171134302,1.0
0.627157919609009,1.6078106939979888,0.1625764452182522,0.015758164473027237,3.0
0.6271579195650352,1.6078125620675408,0.15542715370918178,0.014955785908909234,3.0
0.5435648549010021,-0.9671921411087954,1.3312593441797895,0.012220501675725028,0.0
0.6271579197749126,1.6078114398777834,0.15914436012708408,-0.03392798241638943,3.0
0.627157919602479,1.6078113443292639,0.1639156060941171,-0.029993214213236682,3.0
0.5598736418001945,-0.6925147660556954,-1.4755723960988647,-0.009004001975921203,1.0
0.6271579205038895,1.6078124749105736,0.1629419329034604,-0.03092086918834333,3.0
0.6271579192443976,1.6078118368800602,0.15869477023004075,0.03484933342999393,3.0
0.5435648542248726,-0.9671861246766799,1.3370256181906437,-0.010613966404100861,0.0
0.5435648552992999,-0.9671895441782139,1.336608797017445,-0.04011771137312499,0.0
-1.7317881818726841,0.05405148452667275,-0.001824678123382799,-0.03361973998650883,2.0
0.559873641853173,-0.692514941793987,-1.47501526339896,-0.04312787937847976,1.0
0.6271579204406383,1.6078118916459148,0.16149830778776167,-0.014045780755488058,3.0
0.5435648544972556,-0.9671895970420117,1.3317670917737392,-0.025465129361550105,0.0
0.6271579196552425,1.6078110803264938,0.1643583456728442,0.05522603864057471,3.0
-1.7317881811008746,0.0540502897526329,-0.0026904295142857948,-0.008991280644911599,2.0
0.6271579199329821,1.6078121963626297,0.1646681720562683,-0.0010425860102183102,3.0
-1.7317881816719685,0.0540498372757183,-0.003366933365145366,-0.05115396140313179,2.0
0.627157919780265,1.6078132716009232,0.15963674212009912,-0.00380277476150585,3.0
0.5435648548255023,-0.9671912967696826,1.3338987884406466,0.02251163451617541,0.0
0.5435648544026682,-0.9671875393923206,1.3280105259692943,0.0233966356545131,0.0
0.5435648544798957,-0.9671890224120793,1.331304065906697,-0.0036045560952795066,0.0
0.5435648545423952,-0.9671895216577281,1.3327954114163594,-0.03708449631527174,0.0
0.5598736420092332,-0.6925147097125512,-1.4804437413078628,0.02117270589438555,1.0
0.5598736416219918,-0.6925173082691957,-1.4756357892294094,0.04790867321205076,1.0
0.5598736422277325,-0.6925149392470987,-1.4905149718367385,0.048988251355032465,1.0
0.6271579200169619,1.6078101948880479,0.1624607382864215,-0.04771930938487201,3.0
0.6271579200533681,1.6078125863921575,0.15808958217322502,0.0011045565068017167,3.0
0.5598736416013296,-0.6925153574663216,-1.4774825858611131,-0.06831287812971254,1.0
0.5598736414123084,-0.6925165482630128,-1.4786885012867492,-0.04105517599984531,1.0
0.6271579194714519,1.6078095215058978,0.16087723925466554,-0.025365599524873685,3.0
0.5435648546656076,-0.9671925360114326,1.3321510251029056,0.0862930226548159,0.0
-1.731788181700963,0.05405195295735763,-0.006970503912847776,0.039107016811270254,2.0
-1.7317881810224816,0.054050363295243715,-0.00985292175476044,-0.036543623129410334,2.0
0.5435648545883995,-0.9671881662031264,1.3338946459461596,0.007396621958927362,0.0
0.6271579197994199,1.6078148443309286,0.16315642140917563,-0.010932073194397965,3.0
-1.7317881816190195,0.05405173499299243,-0.006939676141492485,0.005547078045656878,2.0
-1.7317881814984755,0.05404823820331493,0.0010349569487410832,0.05681724366880818,2.0
0.54356485525422,-0.9671896793780776,1.3318974941478596,0.019869628658612446,0.0
0.5435648548839728,-0.9671865480171074,1.3323324408415862,0.01471799797716122,0.0
0.5598736426450637,-0.692517302368453,-1.4771336152242416,0.014909271672246571,1.0
0.6271579204169484,1.607812671343072,0.15811312039139488,-0.06192225808725673,3.0
-1.7317881815915541,0.05405012916713322,-0.0033824686092330256,-0.00972352987210871,2.0
0.6271579197493179,1.6078114795297547,0.1604394847070864,0.029842136955121532,3.0
0.5598736408274356,-0.6925187543912237,-1.481743181414599,0.020472319187446856,1.0
-1.7317881823908903,0.054046968654143025,-0.0005340073781774589,0.062115825903410256,2.0
0.5598736415451818,-0.6925166785804213,-1.480027558855557,-0.036178954682344604,1.0
0.5435648551443805,-0.9671862513213235,1.3339782831263944,-0.00419493090637479,0.0
0.5435648542560199,-0.9671887626033152,1.329110868858635,-0.011376011056612081,0.0
0.5435648550762752,-0.9671854687243338,1.3336675312380049,-0.005520986626216268,0.0
0.6271579197839691,1.6078111204165941,0.15892278160292983,0.011698493395339809,3.0
-1.7317881819617773,0.05405108672742943,-0.0039034517201151173,-0.04293339033919616,2.0
-1.731788181590581,0.0540504625388824,-0.004615060558026865,-0.02895586722894361,2.0
-1.7317881811238482,0.05404837870365145,0.00029035811055985305,-0.07387996343526483,2.0
-1.7317881817331389,0.0540503797987248,-0.0035236816534672056,-0.05336071173227607,2.0
0.5598736418429885,-0.6925154177475273,-1.4806939146816196,0.054360701713028474,1.0
0.6271579202914015,1.607812172447269,0.1604154553950986,0.03576544338792166,3.0
0.6271579194194978,1.6078138073221628,0.16154182694206518,-0.03410114541101109,3.0
0.6271579201497998,1.6078140618509593,0.15437926174082395,-0.04440578227163618,3.0
0.5598736417185576,-0.6925164682122876,-1.4822484857230311,-0.009051818921752193,1.0
0.5598736418517971,-0.6925143909284104,-1.4782601085908131,-0.003922883920961137,1.0
0.6271579203025378,1.6078133694452668,0.1618502888808148,-0.061744800617399176,3.0
0.6271579198490426,1.607812292658347,0.16267098863919,-7.425345476187519e-05,3.0
0.5598736414105089,-0.6925145482213136,-1.4805775719460863,0.040423568616815196,1.0
0.6271579195453334,1.6078107759109128,0.16152698756455153,0.06334957852161327,3.0
0.5598736415086144,-0.6925200902846024,-1.4700805991716126,-0.017220128737818842,1.0
0.5435648549175586,-0.9671931584790595,1.3337640724751763,-0.03128023308112373,0.0
0.6271579193733026,1.6078130807740214,0.15688270401753573,-0.0010401152489473854,3.0
0.6271579193051752,1.6078094384458368,0.15561034204863192,0.049281871611608435,3.0
0.6271579200404537,1.6078099340112895,0.1629856460727788,-0.012341812322092935,3.0
0.5435648545007759,-0.9671918062413098,1.3346803420147602,-0.0669529531411251,0.0
0.5598736412278312,-0.692515676368009,-1.4771006177977404,0.020126192856075593,1.0
0.5598736417114283,-0.6925159693702844,-1.4773146181552186,-0.025109268891697307,1.0
0.6271579197886723,1.6078110346958272,0.1592432819365054,0.03326477007109799,3.0
0.6271579200170084,1.6078115162925728,0.16239082527506413,0.006628441691922494,3.0
0.6271579199688714,1.6078105498161772,0.15870711663389692,-0.00785250787016692,3.0
-1.7317881816317582,0.05404979537470913,-0.001469244603858365,-0.022139598321839142,2.0
0.5598736415209382,-0.6925163379198885,-1.4793783243827445,-0.009690674111846001,1.0
0.5435648541211521,-0.9671901165843277,1.329368604169053,0.007716504647883866,0.0
0.5598736411733168,-0.6925169824365516,-1.4829980347049727,0.02572250115030515,1.0
0.627157919101281,1.6078132342479508,0.16233453104831919,-0.002202339202532126,3.0
0.5435648550196764,-0.9671917580958128,1.3312540488814633,0.03532548152579388,0.0
0.5435648550447894,-0.9671897053192375,1.3336526623584806,0.04339033627375163,0.0
0.6271579195805307,1.6078102149515963,0.16130336674025783,-0.0151385253602902,3.0
-1.7317881815594536,0.05405262056014716,-0.014439743668151981,-0.02709534021979359,2.0
-1.7317881812944582,0.05404896731569826,-0.014755179889737303,-0.014792438025684054,2.0
-1.7317881820140124,0.054048699508935684,-0.0011080524754293582,-0.03390353579894195,2.0
0.5435648548868287,-0.9671898947399041,1.345733930171316,0.005401498136208357,0.0
-1.731788181537224,0.05404828462445671,-0.009591569678896454,-0.0164667526532951,2.0
0.5598736413276777,-0.6925162510249516,-1.4736441795466182,-0.016816998616358367,1.0
0.5435648551471348,-0.9671883260011619,1.3348402521691598,-0.012526850885787803,0.0
0.6271579206606257,1.6078120664774025,0.16208683389928108,-0.0033239507160532735,3.0
0.5598736418171556,-0.6925176169160335,-1.4826484561608644,0.03212330469627238,1.0
0.6271579203651769,1.6078134232098962,0.1606282746728481,-0.009880295010334095,3.0
-1.731788181863893,0.054049035504753574,-0.002235648745328299,-0.05212391001831722,2.0
-1.7317881820769436,0.05405175461075195,-0.0053217067737737584,0.012240900138682188,2.0
0.6271579193676883,1.607811604539195,0.15874432548626008,-0.0072452576466607655,3.0
0.5435648547353876,-0.9671925207199502,1.3302733504879565,0.0082523553996341,0.0
-1.7317881813703158,0.0540515317446047,-0.0031641950367968076,-0.06267741769570537,2.0
0.5598736410862138,-0.6925179178883647,-1.481663847185471,0.00981813250539461,1.0
0.5598736418834492,-0.6925169255466196,-1.4737149464891168,-0.015299682946213361,1.0
0.5435648551960972,-0.9671897295510635,1.334172273816111,0.012959265458757982,0.0
0.5598736415961204,-0.6925173259776096,-1.476059852442123,-0.04140335798435463,1.0
0.5435648541344179,-0.9671912773726828,1.340085550948463,0.0004997941534942003,0.0
-1.7317881813722622,0.05405061665369582,-0.00659331264637668,-0.012810801196848166,2.0
-1.7317881818875602,0.054050354055009506,-0.005213457189863459,0.08593991490656915,2.0
0.627157919874678,1.6078108931792772,0.16246209441447812,-0.02516540091247245,3.0
0.5435648548391692,-0.9671876992140086,1.3279282696171744,0.04056880826149855,0.0
0.6271579200538921,1.6078129199149092,0.15776676165179762,0.03351745880827079,3.0
0.6271579198674216,1.6078099572142512,0.1610668399617782,-0.012492449264870932,3.0
-1.7317881819988024,0.054050545345864294,-0.0046749047024222225,-0.0299483776518542,2.0
-1.7317881806647442,0.05404938511133383,-0.0033359979882762974,0.0593144631156474,2.0
0.5598736419306112,-0.6925136914167183,-1.4845190808785997,-0.008732363811318958,1.0
0.5598736417524242,-0.6925143084014628,-1.479806895741301,-0.02699346018053616,1.0
0.5435648541990931,-0.9671873134702453,1.3283899358232072,0.0023202088931589125,0.0
0.5435648548920532,-0.9671896518729787,1.3314388545361329,0.055041979937758084,0.0
0.6271579201830421,1.6078108712928818,0.16155935058239343,0.006742370160174448,3.0
0.5435648545709421,-0.96719116811913,1.3401745908256875,-0.010771697894741097,0.0
0.5435648543373189,-0.9671889934821817,1.3213265505359537,-0.03496240191284261,0.0
0.54356485468852,-0.9671891967136141,1.3307820092315552,0.014589517249961652,0.0
0.5435648548549891,-0.9671922585943491,1.329328585045409,0.009624815909582097,0.0
0.6271579193811353,1.6078087833868158,0.16230076432023102,-0.0055247989434246214,3.0
0.5598736418127769,-0.6925166640765821,-1.4802959855148226,-0.021499693884716613,1.0
-1.731788181293264,0.05405140230131168,0.0006590734516765137,0.04428419452830156,2.0
0.6271579194714186,1.6078120051030544,0.15545999982559702,0.02982486793971772,3.0
-1.7317881814420129,0.054051049206661546,-0.006505818019085054,0.014723177683373966,2.0
0.6271579200071645,1.6078115358590919,0.16835292923400363,-0.006467525586628921,3.0
0.5435648552253994,-0.9671863794832772,1.334866061316016,0.0835872131365995,0.0
0.5435648541989037,-0.967188667371298,1.3420322483448706,-0.03780278138982815,0.0
0.5598736416537552,-0.6925153051983206,-1.4806173956325432,-0.014538922418195937,1.0
0.5435648553358987,-0.9671892326156205,1.3295087808212263,0.02172467186488399,0.0
-1.73178818158295,0.05405383471174869,-0.006442297742712465,0.02382974814839922,2.0
-1.73178818137359,0.05404971398484654,-0.004079021791491413,0.04021399063178269,2.0
0.6271579200099748,1.6078075167870414,0.16348203593973018,0.02872341707213838,3.0
0.543564854308223,-0.9671872844594527,1.341385988101973,-0.01790432505832152,0.0
0.6271579199221726,1.6078141295513426,0.15627739090967083,0.06961066801486315,3.0
0.5435648549543346,-0.9671906744725216,1.3361344493056557,0.018627143293033575,0.0
0.5598736412019748,-0.6925185084651176,-1.4830954614936616,-0.03864605682145849,1.0
0.6271579198993777,1.607808859051241,0.16052864612648954,0.002810982782987215,3.0
0.5598736409767121,-0.6925124206833174,-1.4799838170918607,-0.042319037051147014,1.0
-1.7317881813542588,0.05404953750173043,-0.010624454525902759,0.0063738940628887365,2.0
0.559873640697483,-0.6925188130541554,-1.4786473032015015,-0.04381563056486157,1.0
-1.7317881809957154,0.05405147555406138,-0.007598249954893217,0.038584436590060174,2.0
0.5435648545664853,-0.967189139574141,1.332724977317484,0.04776591507975827,0.0
0.543564854904056,-0.9671887677724615,1.335058249701537,0.013659374288049198,0.0
0.5435648554864163,-0.9671868592430604,1.3331122620061078,-0.04144029006988729,0.0
-1.731788181301147,0.054049962293901695,-0.005291922628167549,0.009308077746427626,2.0
-1.7317881813083313,0.05405236372488482,-0.008687255195933802,-0.03223883528149576,2.0
-1.731788180704258,0.05405055932677637,-0.007964226720408687,0.04744000404648756,2.0
0.5598736410443869,-0.6925137177350219,-1.4776855473538462,-0.04365755253000433,1.0
0.5435648556361994,-0.9671879506089193,1.3357248683802538,-0.03480204263280078,0.0
0.6271579196331287,1.6078105232238062,0.1588977814610184,-0.018964788356774558,3.0
0.5435648552961155,-0.967189531529038,1.3324406628419374,-0.05349193442380797,0.0
-1.731788181675274,0.05404816331077516,-0.003879213154994483,0.008767877340660065,2.0
0.5435648548913568,-0.9671923454806179,1.331512150637087,0.03750072463528455,0.0
0.5598736420759707,-0.6925165691549099,-1.4815645185199544,-0.07592314575654904,1.0
-1.7317881813540017,0.054050026766048795,-0.008845332812376313,0.04333342016708974,2.0
-1.7317881812121454,0.05405289967944129,-0.0018322561046954233,0.03181711670226558,2.0
0.6271579196631732,1.6078136658995108,0.1652992283313964,-0.05345313826778703,3.0
0.6271579204335898,1.6078111775661343,0.15986857427875603,-0.0015979823243899274,3.0
-1.7317881818859495,0.05405013135906693,-0.0022869156258122805,-0.036156796039731924,2.0
0.5598736416818314,-0.692515589686272,-1.4769461820734648,0.0108698747716094,1.0
0.5435648546072754,-0.9671883811602863,1.336624877960833,0.009971437933834742,0.0
0.543564854383074,-0.9671881686750144,1.332201971869395,-0.030798798431783427,0.0
-1.7317881807558517,0.05404627306623506,-0.005417249986045875,0.04645307232594884,2.0
0.5435648549326642,-0.967190312435515,1.3437771363755737,0.017593747183376928,0.0
-1.731788181760873,0.054053978030824304,-0.007210671501277901,-0.06383802072006835,2.0
0.5435648549919468,-0.9671907699454979,1.333876246613824,0.02220067881138859,0.0
0.6271579193560124,1.6078115265396788,0.15858989205969892,0.014901360131839955,3.0
0.5598736417982044,-0.6925169958948223,-1.4778137513674714,-0.020180309663286534,1.0
-1.7317881817159222,0.05405220800717254,-0.010561399667318548,0.0032108264682403423,2.0
-1.7317881815099532,0.05405163643862038,-0.00923675580975605,0.023107018346894655,2.0
0.5598736420288308,-0.6925171185017192,-1.4866998004755856,0.012921079350913809,1.0
0.6271579197232946,1.6078109888371546,0.16206793213728415,-0.014966750093574973,3.0
0.6271579190445079,1.6078104296231923,0.16249934580593725,0.03153315018656744,3.0
-1.731788181295863,0.05405092915147943,0.0017029885997547755,0.0021080264740014148,2.0
0.5435648551209253,-0.9671891127132503,1.3344492531398746,0.02918424586725145,0.0
-1.7317881821097627,0.05405166037864402,-0.0031463807516995475,0.05825037619497462,2.0
0.5435648545833757,-0.9671892545749652,1.3307497096414325,-0.0037056345350831034,0.0
0.5598736412978803,-0.692513619846733,-1.4786875782198154,-0.045477465853475826,1.0
0.5598736403464977,-0.6925169949439991,-1.4793964871336363,-0.012686309058078668,1.0
-1.7317881807195044,0.05405068083883624,-0.004358331319215003,0.03718743461626272,2.0
-1.7317881813019764,0.05405109972781537,-0.010413947960363537,-0.016293711547571893,2.0
0.5435648551633683,-0.9671889418383601,1.3414577266353678,-0.046660400068625554,0.0
0.5435648546949452,-0.9671903829593842,1.3291641556799636,0.05733701468632542,0.0
-1.7317881819373573,0.05405210782741933,-0.009632319617942833,-0.030803944525258347,2.0
0.5598736413379592,-0.692517139860363,-1.4760641496994762,-0.08040771215142942,1.0
0.5598736412394991,-0.6925143006878521,-1.4805147715616078,-0.05669566797496667,1.0
0.5435648551321872,-0.9671883439146326,1.3391914052263463,-3.114836725073486e-05,0.0
0.5435648549438837,-0.9671920546725531,1.3299921860848198,0.036969116515602925,0.0
-1.7317881815270766,0.05404959177818532,-0.004966714312389262,-0.04132476788057232,2.0
0.5598736412278488,-0.6925169068816475,-1.476840521928587,-0.019979806274226995,1.0
0.5598736413597651,-0.6925146267665454,-1.4784495131405324,-0.004702413582190028,1.0
0.5598736412053398,-0.6925123421184245,-1.482605145958634,-0.05109004568385605,1.0
0.5435648545781077,-0.9671882766697996,1.3315871687244427,0.03801799492088173,0.0
0.5598736413962699,-0.6925169876444154,-1.4832441756470114,0.0026201072866445297,1.0
-1.7317881815426175,0.05405289063235447,-0.008025308937584592,0.0140759968048386,2.0
0.5435648550248583,-0.9671887818234435,1.3367434024105713,-0.056447182390050754,0.0
0.5435648550491559,-0.9671879516311978,1.3365220986036606,0.02527722237295858,0.0
-1.7317881809950657,0.05404885645665511,-0.005502776842882242,-0.08833356370377052,2.0
0.5598736417207795,-0.6925131704526016,-1.4852291563950597,-0.020870932767344124,1.0
0.5598736415930237,-0.6925149681573802,-1.4745663952932826,0.052142570384392205,1.0
0.5598736416838621,-0.6925160099773249,-1.4743781235541322,-0.03402809813816535,1.0
-1.7317881817459297,0.05405179448153558,-0.0074272844360585115,0.038300457175398435,2.0
0.5435648544314813,-0.9671898999328201,1.3306702729261202,0.02348147981017547,0.0
0.5598736414167964,-0.692515585262829,-1.4778144974754912,0.031732897276607705,1.0
0.5598736420599711,-0.6925148664851657,-1.475869341428022,0.043254947017021456,1.0
0.5435648540985586,-0.9671909834532845,1.3340355995524835,0.024650905026963828,0.0
-1.7317881810025784,0.05405130566257522,-0.0036630687472075964,-0.027525030696525357,2.0
0.5598736414581535,-0.6925171219418732,-1.4756742465091053,-0.048167155460809914,1.0
0.6271579201079717,1.6078105607167277,0.15872024956923464,0.07928371027904452,3.0
-1.7317881818921725,0.05404854988951115,4.385751685758832e-05,-0.05831842755908161,2.0
0.5598736410951058,-0.692514391911573,-1.4816548876688311,-0.01426126697140753,1.0
-1.7317881813871123,0.05405165071351501,-0.004053748352349198,-0.0015116114910096248,2.0
-1.7317881810768903,0.054049007341511954,-0.0021946112910273523,0.02925909294164744,2.0
0.5435648537823515,-0.9671927901496566,1.3340119506772736,0.02286059667692362,0.0
0.559873641203639,-0.6925176476044532,-1.4766812107187943,-0.018554057031063567,1.0
0.543564854909355,-0.9671909766478471,1.3307749168726088,0.007058107387603909,0.0
0.5435648546839631,-0.9671902375154755,1.3297541230473096,0.060600584118209296,0.0
0.5598736414914071,-0.6925168855245657,-1.4802648522852084,-0.006019168771133717,1.0
-1.7317881814365401,0.05404843918434321,-0.0066277541651971975,0.0025667494035793567,2.0
0.5435648547212782,-0.9671894386906589,1.3282980888989753,-0.016173772159173573,0.0
0.559873641674207,-0.6925166641989621,-1.4778213013560515,0.0057715526857097755,1.0
0.5435648546403387,-0.9671875274238693,1.3329693538766578,-0.05319853367330903,0.0
-1.731788181473298,0.05404901966131398,-0.013740874098966184,0.046964284668753555,2.0
0.5435648552000111,-0.9671905870085046,1.326720723280482,0.024224833281187866,0.0
0.5435648548707157,-0.9671896726659571,1.3323138891083228,-0.019520669049522075,0.0
0.5435648541229033,-0.9671881981225645,1.3303181007368996,0.024193450875846127,0.0
0.5435648542667388,-0.9671881113624172,1.3349715678663872,0.00405543058220197,0.0
0.6271579202558086,1.6078130372136956,0.16394583745202265,0.001963543270988478,3.0
-1.7317881820068803,0.054048495539225194,-0.002339312911978919,0.0014014663411604004,2.0
-1.73178818137766,0.05404947462851663,-0.001219433527438516,0.0014163641054511552,2.0
0.5598736407266854,-0.6925153940864404,-1.478777274885973,-0.09428851291877677,1.0
-1.731788181199047,0.05405016716722939,-0.0003664820744730844,0.001804531778938624,2.0
-1.7317881809392632,0.05404948465455214,-0.006477502525591792,-0.03489388523628394,2.0
0.5435648548047539,-0.9671877752968038,1.3340334948888686,-0.0032191960744268142,0.0
0.5435648545852222,-0.9671892845448333,1.3296919906356017,-0.02859311929197674,0.0
-1.731788181457754,0.05404944969379399,-0.003389300453484845,0.0063233862767815,2.0
0.627157919403208,1.6078137333655653,0.16267306790378858,0.009572352971873461,3.0
0.6271579200464696,1.6078141376360875,0.1615045090795811,-0.004663465645685771,3.0
0.5435648541677202,-0.9671883435450898,1.3353087286797412,-0.023938041062795463,0.0
0.5598736415670837,-0.6925149951692856,-1.473879270633535,0.006896221646586421,1.0
-1.7317881810408893,0.054049657430775895,-0.004274359814814725,-0.059208452950190046,2.0
0.5435648551173152,-0.967190509738561,1.3315121617416061,0.10248096355914664,0.0
0.5435648555285132,-0.967188947185042,1.3361627186419704,-0.0027989701810667124,0.0
0.5435648545435502,-0.9671895768883939,1.338176781192116,0.08229768737513478,0.0
0.5598736415853358,-0.6925175826889133,-1.4810707596933061,-0.02771958735000573,1.0
-1.7317881812973164,0.054052509615659716,-0.005084314676393347,0.002368267873153399,2.0
0.6271579203086036,1.6078118646092765,0.15994620704841936,-0.03645154705351267,3.0
0.6271579191781228,1.6078097959431874,0.16147342752082586,0.007983181951677711,3.0
-1.7317881819604029,0.05404933277593611,-0.008946171091498138,-0.0400431656709731,2.0
-1.7317881808806526,0.05405027087217456,-0.007657935362344199,0.00847140990895586,2.0
-1.7317881817198961,0.05405048899797942,-0.00474599202888454,0.0059413425912258,2.0
0.5598736406798119,-0.6925162924284672,-1.470909805832909,0.006002684881260766,1.0
-1.7317881812789726,0.0540497636027316,-0.004793673460798813,-0.054334276158404526,2.0
0.5435648546624142,-0.96718892864387,1.3358648473344037,0.05554266907559334,0.0
0.6271579195202248,1.6078128422290592,0.160330827060639,-0.005886398046793061,3.0
0.6271579198465925,1.6078108175544459,0.15621443803832766,0.004415950889230896,3.0
0.627157919928812,1.6078108128552597,0.1560969348559195,-0.04215172437521579,3.0
0.5598736419052506,-0.6925154361003084,-1.4756618449472159,0.010144975892938717,1.0
0.5435648551775717,-0.9671887366864047,1.329509153829604,-0.0013710590854415835,0.0
0.5435648545008206,-0.9671903614114609,1.3345661124964279,0.018288542141686143,0.0
0.5598736412097418,-0.6925174104337634,-1.4771149660128915,-0.05628928056761044,1.0
0.5435648539234078,-0.967191565602582,1.3273681423072483,0.04082875360104353,0.0
0.5435648549461704,-0.9671883734471481,1.334669849139893,0.056829974715151575,0.0
0.559873641368747,-0.6925168531930332,-1.4788307708730013,-0.052942075875772245,1.0
0.6271579196819521,1.607814560217576,0.16541582367565086,-0.021221650122310073,3.0
0.5598736421047779,-0.6925146507048181,-1.4863028375266678,-0.05083383967500408,1.0
0.5435648541268329,-0.9671910300098854,1.3314064846096731,0.01693596763697305,0.0
0.5598736409959472,-0.6925166124282995,-1.474429184752762,-0.04024854634044969,1.0
0.5598736418008536,-0.6925173023877151,-1.4794806712816757,0.05244406560033682,1.0
0.543564854258993,-0.967189030526624,1.3386932074727678,0.06513466540989402,0.0
0.559873642043099,-0.6925142915675819,-1.4784247531072288,-0.021829409157119745,1.0
-1.7317881811787044,0.054050701048556936,0.0008728970956842817,0.10652199249766169,2.0
0.5598736424267619,-0.6925163748485378,-1.4835162549450405,-0.044648597398255815,1.0
0.5435648543638281,-0.967189864556831,1.3250757675313176,-0.009533389289861366,0.0
0.6271579194331597,1.6078111086009437,0.15992920054104215,0.007437702393145011,3.0
0.5435648546872933,-0.9671899403071085,1.3345969375237408,-0.011992349330610616,0.0
0.5598736412060482,-0.692517226433566,-1.4795263058815256,-0.0018263777130543275,1.0
-1.731788181636083,0.05405167223343469,-0.014783865019272788,-0.005755978155325691,2.0
0.5598736420645801,-0.6925162677432386,-1.475926125241894,0.0008083011875991461,1.0
0.5435648548878612,-0.9671909848376942,1.3349876175583468,0.02013516832514518,0.0
0.6271579201166207,1.6078112757031244,0.16241744940027805,0.03687676116890747,3.0
0.6271579200506521,1.6078106448495522,0.15944854872311956,0.09741609258215615,3.0
0.6271579197091154,1.607813178404654,0.1581334340365342,0.012102940738287047,3.0
0.5598736413226244,-0.692516231097409,-1.47863096496844,-0.04294357173137392,1.0
0.5435648547899238,-0.9671910509673552,1.3327931944219813,-0.016685798286247954,0.0
0.5435648543874797,-0.9671883535547131,1.32588272525076,0.012134996260089534,0.0
0.5598736411756626,-0.6925171694631389,-1.4834867736743955,-0.04931746969134249,1.0
-1.731788181864582,0.054048487062279736,-0.006880419531698868,-0.11263031338392701,2.0
-1.7317881819739536,0.054049358677525874,0.0020548068348765804,-0.03339824885752275,2.0
0.5435648549689684,-0.9671916800492112,1.3363253102407204,-0.02571311145618672,0.0
0.6271579199153884,1.6078098670589478,0.15993196305972593,0.027779492994873145,3.0
-1.7317881812963107,0.054050551243737026,-0.009882849769058588,0.010114214340017826,2.0
-1.7317881811886389,0.05404676539761658,-0.0012714664363831967,0.00764281490331853,2.0
0.5598736414057388,-0.6925182149867553,-1.4801602293965679,-0.01458435852219107,1.0
0.627157919619823,1.6078105971966254,0.16040676858276193,-0.00014400450752321975,3.0
-1.7317881805054591,0.054050084959397046,-0.002507374956022087,-0.021855992350793507,2.0
0.5598736412785001,-0.6925178192750646,-1.4825875341260915,0.02098345104726397,1.0
0.543564854493386,-0.9671898012166624,1.334001939780995,0.11295456478546304,0.0
-1.731788181554816,0.05405138057864254,-0.007372794635305043,-0.019960439820661667,2.0
0.5598736414521867,-0.6925159151677274,-1.4787606976499401,-0.0439841104323602,1.0
0.5598736412791134,-0.6925157932015223,-1.4782527960574063,0.010886963102294327,1.0
-1.731788181974895,0.05405011226516845,-0.00406429877787407,0.00474752371873879,2.0
0.6271579197308407,1.607813311194758,0.16178101621062985,-0.011714879098780112,3.0
-1.731788181110531,0.054050397134798124,-0.011278014309192909,0.002859291773354527,2.0
0.5598736413238752,-0.692517734603103,-1.4788071437165702,0.011220154445845683,1.0
0.5435648551417556,-0.9671901496948329,1.3350734753226436,0.031335435096824495,0.0
0.5435648545240215,-0.967189770919426,1.3370056185371666,0.014065560419710481,0.0
0.543564854506398,-0.9671884234822311,1.3348900275059297,0.028530891734048217,0.0
0.5598736416584428,-0.692516393694194,-1.4824647028482145,-0.02433404034407003,1.0
0.5435648551615034,-0.9671894176289347,1.3337904719836498,0.030604916671313546,0.0
0.627157919857409,1.6078104508610749,0.16337340943333128,-0.013545069327543293,3.0
0.5598736413992795,-0.6925168916841777,-1.48228711939762,0.10850101663703701,1.0
0.5435648542325832,-0.9671901003224083,1.3308863052077018,0.047148410579236785,0.0
-1.7317881800932582,0.05404897660073247,-0.008054714021471624,-0.0669666840101876,2.0
-1.7317881811356841,0.054048462741445216,-0.009305628541781408,-0.02655105142391078,2.0
0.5435648552126199,-0.9671909424061903,1.3321746302041706,-0.017078925576001654,0.0
0.6271579205935272,1.607812981603511,0.15898592057002617,-0.041203657358963745,3.0
-1.7317881809656341,0.05404630453548216,-0.004917373648599007,0.005597634973067709,2.0
0.5435648546233023,-0.9671895726189028,1.3328302274033583,0.02984449301598609,0.0
-1.7317881813808298,0.054051039301379424,-0.008154763339507617,0.00756564743314681,2.0
-1.7317881810912163,0.054051278804117295,-0.00500319329457544,0.011337999553340796,2.0
0.6271579206639346,1.6078117652689514,0.1576154576626472,-0.010785468340717612,3.0
0.5435648543025542,-0.9671909242778507,1.329708032534363,0.05779227612894073,0.0
-1.7317881818402392,0.05405066053863495,-0.00819511182770188,-0.05869523271414697,2.0
0.5435648546159352,-0.9671906239789849,1.3440221786825801,-0.006142689287500289,0.0
0.5598736416672936,-0.692515958279536,-1.4766044377954537,0.06623815966738268,1.0
0.559873641201571,-0.6925158237819046,-1.4813800339903955,-0.012852023756708157,1.0
0.5598736419279605,-0.6925173943769612,-1.4808475661680427,-0.03204488801204792,1.0
-1.7317881804824853,0.054050984893028904,-0.008476860860959683,0.007453282409168387,2.0
-1.7317881814552007,0.0540512207033572,-0.004774046180093038,0.03108697550501733,2.0
0.5435648548497184,-0.9671861519970782,1.3276082578620385,0.011637141055392635,0.0
0.5435648549699825,-0.9671907934164246,1.3273915418636095,0.06464145250636515,0.0
0.5598736414219098,-0.6925140632484845,-1.4794700471062345,-0.04230004494218157,1.0
0.5435648554675553,-0.9671904696920016,1.3331165713420032,-0.010205070855371213,0.0
-1.7317881814528764,0.05405033575198469,-0.0026838780473053994,-0.04815005308516494,2.0
0.5598736418807444,-0.6925185354691045,-1.4853848151966478,-0.026962056368371224,1.0
0.6271579202566577,1.607809033850814,0.15912062319304304,0.04084297419498843,3.0
0.5598736411778548,-0.6925177218003635,-1.4773787186326912,0.01818579271203411,1.0
0.5435648547274287,-0.9671913267104135,1.337884956272488,0.04375437950296978,0.0
0.6271579203474505,1.6078117044952838,0.16680333182089663,-0.010301407637715499,3.0
0.6271579200199007,1.607811113684569,0.15808912938952555,-0.027727716946651933,3.0
0.5435648546227033,-0.9671901386785707,1.331422394967285,0.005774085314825944,0.0
0.5435648542889565,-0.9671906758074521,1.332461920141313,0.0009965966845328414,0.0
0.5435648543206231,-0.9671905533747127,1.3305724347066321,0.01708411164935868,0.0
-1.7317881809719395,0.054054137317684964,-0.005363092962353669,0.03352455588515642,2.0
-1.731788181428196,0.054048943730508336,0.0012521438517623777,-0.060938781829914614,2.0
-1.7317881812073397,0.05405140440382254,0.000874607576641459,-0.027489164498273603,2.0
0.5598736412231418,-0.6925164408542589,-1.4721914998836527,-0.017144335251391116,1.0
-1.7317881809791271,0.054051278447455775,-0.004667536023337271,-0.0647942002522088,2.0
0.5435648554881076,-0.9671891699868982,1.3335309141730445,-0.07072408551836849,0.0
0.5598736413450306,-0.692518031722872,-1.4800470419639653,0.022984370984584692,1.0
0.54356485503071,-0.9671884276289318,1.3334280318085232,0.02851047143621362,0.0
0.6271579191891689,1.6078124131190337,0.1603848969917285,0.006297490741672736,3.0
-1.7317881815843061,0.0540524994931289,-0.0007715335440604228,0.04455974993368765,2.0
0.5598736416576854,-0.6925173093839943,-1.481022911873446,-0.034833678504192146,1.0
0.5598736418731028,-0.6925124543914646,-1.4715437578426669,-0.019859302708729498,1.0
-1.7317881814939704,0.0540524731528361,-0.00641562926626145,-0.04398139100823412,2.0
0.6271579199966755,1.6078099761608844,0.15484534910903766,0.03401508033143188,3.0
0.5435648543492738,-0.9671908005741451,1.3351644495486439,0.005864084708644612,0.0
0.5598736411450754,-0.69251969597382,-1.4776162461906905,-0.019263492493337458,1.0
-1.7317881809358864,0.05405169469684109,-0.012243571684628009,0.05690519456049665,2.0
0.5598736413849063,-0.6925183331237189,-1.482483362127885,-0.02339437022412743,1.0
0.5435648547968476,-0.9671914032688377,1.331580256449257,-0.010448114324648566,0.0
0.6271579194749471,1.607812571589079,0.16270769719984338,-0.001809742462820037,3.0
-1.7317881820547865,0.05405237687856519,-0.009339666926871123,0.04098160000901702,2.0
0.6271579203113095,1.6078118456783088,0.1635919767395379,0.040973268985596216,3.0
-1.7317881813304656,0.054049757824581726,-0.010444950687913564,-0.03804153494517831,2.0
0.5598736413934359,-0.6925168458516155,-1.4807930080168978,0.05762013501061401,1.0
0.6271579197711284,1.6078109722412017,0.1570686515361499,-0.07323908485205122,3.0
0.6271579199263412,1.607812014034721,0.1614759993005585,0.0421987072542907,3.0
0.6271579197439195,1.6078105854739269,0.1622912851975266,0.0037428923985820513,3.0
0.5598736414170414,-0.6925155092325704,-1.4774995655174052,-0.02125045373353675,1.0
0.5598736414392262,-0.6925168595571417,-1.4808704887607738,0.009887772177438678,1.0
-1.7317881815170808,0.05404793618651427,-0.00626766139963642,-0.0028760096825310106,2.0
0.6271579199683063,1.6078087871303852,0.15459699084367576,0.011437378988769535,3.0
0.6271579198800064,1.6078098844334623,0.16491804031050228,0.035556477685366336,3.0
-1.7317881810660023,0.05404832109024311,-0.005164899833168639,0.04944402139586686,2.0
0.5435648548229872,-0.9671893501930232,1.3305177327551567,0.05751887887702582,0.0
0.6271579198076553,1.6078094273867574,0.16176994451314392,0.01417076518404589,3.0
0.5598736413875824,-0.6925179408049165,-1.4732234192980824,0.007234292270387864,1.0
0.6271579200307345,1.607811567281513,0.15806375929484653,-0.030365989015989456,3.0
-1.7317881819482595,0.05405333353658217,-0.015387077268757723,0.06063401290257417,2.0
0.5598736414375703,-0.6925176427630811,-1.4797873807461626,0.020357543697582744,1.0
0.5598736417822759,-0.6925162931606959,-1.4881987099314833,0.021145069462257523,1.0
0.5435648549617059,-0.9671869174423743,1.3292403631670457,-0.026936880264886456,0.0
0.5435648555454812,-0.9671883578533309,1.3330187639523432,0.08018090741850965,0.0
0.5598736412074125,-0.6925141796750689,-1.4757423880042995,-0.04189870821631522,1.0
0.559873641164065,-0.6925137261203249,-1.4766563459832183,-0.012525855675230858,1.0
0.5598736415221839,-0.6925158931907209,-1.4788085360525993,-0.05519781406480149,1.0
0.62715791984046,1.6078112502976563,0.16567138231529205,0.05368837141452621,3.0
0.5598736414264324,-0.6925143413201579,-1.4741381004300342,-0.024850745944735474,1.0
0.6271579197597044,1.6078117096233344,0.15920575924690894,-0.01884143122147584,3.0
0.5598736416521184,-0.6925190861933613,-1.4816571249937573,-0.007265924397525895,1.0
0.5435648546649234,-0.9671905038897051,1.3299432607255728,0.030093461083306725,0.0
-1.7317881816479865,0.05405226530981796,-0.011945747610824198,-0.02918434035984135,2.0
-1.7317881805173356,0.05404856131295942,-0.010399094259153542,-0.025366537876251517,2.0
0.6271579199010037,1.6078106291714604,0.15326085961516278,-0.05994280914416651,3.0
0.6271579194712826,1.607809915435412,0.16226054522572092,0.007487285324256639,3.0
-1.7317881816131062,0.05405219466191991,-0.0022942839801550173,0.010026759606658118,2.0
0.5598736414075101,-0.6925186607003609,-1.4802102548847977,-0.028953002064693995,1.0
0.6271579199323706,1.6078105737544646,0.1467803977739007,0.0062514745768176986,3.0
0.5435648548172302,-0.967189453680507,1.3288032374027732,0.012700496232590662,0.0
0.5435648541312119,-0.9671896295182292,1.3297188403153763,0.024287397957898152,0.0
-1.7317881811522309,0.054049871766823715,-0.0039482752687751916,-0.0036581694699072123,2.0
0.5598736415871512,-0.6925158831096532,-1.4851412304563547,-0.004230123130772239,1.0
0.5598736415261533,-0.6925146737704441,-1.473198700749923,-0.01663573449154137,1.0
-1.7317881815570932,0.05404927735547036,-0.004182787541579992,0.00635916304155529,2.0
0.5598736417454317,-0.6925156821690347,-1.4748616591233763,0.003968235754721667,1.0
0.5598736414686398,-0.6925180716625707,-1.4754351537490928,-0.047102905755693904,1.0
-1.7317881819026504,0.054050385973076674,-0.004611037394463534,0.07389368296599111,2.0
0.6271579200489493,1.6078135553348845,0.1604663969744608,0.05406625690880857,3.0
0.5435648549000021,-0.9671897675792608,1.3328471602772691,0.029348237816697816,0.0
0.5435648545546592,-0.967190436020814,1.3313381597970024,-0.05310008512959348,0.0
0.5598736409756847,-0.6925122474195329,-1.4773287090253553,-0.06261919993467005,1.0
-1.7317881810646398,0.0540497351654376,-0.00021750305705392183,0.007922946531318446,2.0
-1.731788182016652,0.0540520230344892,-0.00699151442767499,-0.014129443909479622,2.0
0.6271579192238815,1.6078120412611963,0.16066212781754524,0.01606732342608617,3.0
0.5598736416337495,-0.6925132164477847,-1.4829082319507085,-0.019058620271983885,1.0
0.6271579206058358,1.6078110411887117,0.16008887704180058,-0.013553435978310699,3.0
0.5598736416845445,-0.6925187753862693,-1.4784804119976551,-0.017275888088966657,1.0
0.5435648543003495,-0.9671888475941406,1.3346555144483294,-0.013262742012358409,0.0
0.627157920191995,1.6078108670747708,0.15945378491226828,0.01248005894687578,3.0
0.5435648542336218,-0.9671909514931163,1.3315822603682537,0.018104202358256348,0.0
0.6271579204153435,1.6078095881337056,0.16166303650595754,-0.0871576532206157,3.0
0.5598736415114414,-0.6925198176803258,-1.4772791920251147,-0.06930197110044334,1.0
0.6271579198311692,1.6078114867761093,0.1585970767722518,0.008242648013495009,3.0
0.5598736414316661,-0.6925176612072739,-1.4828952401703626,0.012155803833668447,1.0
0.5435648550299417,-0.9671871110352409,1.3291572955627935,0.017638557579063924,0.0
0.5435648545384052,-0.9671905642552762,1.3358073788468847,-0.003396217436174528,0.0
0.6271579197306854,1.6078092917712228,0.15291414835723963,-0.01792057838899483,3.0
0.5435648551458877,-0.9671911382093868,1.33670885320867,0.02145375929806922,0.0
0.6271579199556261,1.6078143299351833,0.16414344858396068,-0.031630546033340604,3.0
0.627157919783523,1.607814059857838,0.16903825789633828,-0.005360981425385071,3.0
0.5435648543478371,-0.9671916183395398,1.3308869708362026,0.081426448303157,0.0
0.5435648551888171,-0.9671895324204217,1.3301809444412143,-0.03156239094664863,0.0
0.5598736414922849,-0.6925144765089416,-1.483152325402056,-0.027274890866392745,1.0
-1.7317881820106196,0.054051427767746824,-0.003083379945032156,-0.05724922532468453,2.0
0.5435648540365793,-0.9671903766418714,1.3303735605192932,0.009468994454030068,0.0
-1.7317881813031737,0.05405084405027285,-0.0038421741341164647,0.01686225412646356,2.0
0.6271579195507367,1.6078099346206656,0.15998571901906003,-0.03026224881160923,3.0
0.5598736416404474,-0.6925169792010385,-1.482903670488369,-0.03433979317135807,1.0
0.5598736416361989,-0.6925179654182347,-1.4694733218881304,-0.018931794296752992,1.0
-1.7317881818178262,0.054049298785394224,-0.0051016375292305275,0.012208016684367228,2.0
-1.7317881807245985,0.054051201835641466,-0.007013720138976222,0.03475733165210366,2.0
0.6271579190934324,1.607811594711106,0.15885775972059443,0.040831539573246124,3.0
-1.7317881816605978,0.054051136916890084,-0.004278229472965169,-0.0054961196226285735,2.0
-1.7317881814806402,0.054050960490422253,-0.007781912449313925,-0.05834898188997959,2.0
-1.731788181721911,0.05404854045909004,-0.01120270127081354,0.032470817428311004,2.0
0.6271579196591609,1.6078114978858231,0.1586213256968375,0.03143484430118882,3.0
0.6271579201061591,1.6078102606718094,0.16172218557540458,0.022844064415084814,3.0
0.5435648537095081,-0.9671851431098794,1.3307500606713663,0.026009374874057543,0.0
-1.731788182018875,0.05405060253089911,0.0025104250636831123,-0.028680223926714796,2.0
0.6271579202363801,1.607810119725592,0.16483339897396876,0.01552109757925453,3.0
-1.7317881812098672,0.054051577253276015,-0.0033939320652460582,-0.019486726415700636,2.0
0.5598736415831743,-0.692515233064211,-1.4790580062219862,0.022184403244274814,1.0
-1.731788181424152,0.0540525255458582,-0.007993539027118617,0.01900321509626172,2.0
0.5435648548815311,-0.9671901642396888,1.3272586259773171,0.027204573038909,0.0
0.5598736417886295,-0.6925191651418225,-1.4817106488663074,-0.08773127621952923,1.0
0.5598736415897603,-0.6925162577569771,-1.4741790607194512,0.01157250252933277,1.0
0.5435648553077485,-0.9671926095919225,1.3319862077217557,0.05011295419676515,0.0
0.5435648546077102,-0.96718989721028,1.3209461988893123,-0.015619627480157307,0.0
-1.7317881818337564,0.05404874188643097,-0.0027368523214358815,0.020064742627816594,2.0
0.5598736423847072,-0.6925180442612165,-1.47570092717345,-0.024485878884585845,1.0
-1.7317881809845945,0.05405087502258863,-0.006603032957318413,-0.04856277867271076,2.0
-1.731788180801951,0.054047600237718214,-0.0053540518366768375,0.04009916656857685,2.0
0.5435648546537346,-0.9671883854919378,1.3261500305183238,0.0168965357927532,0.0
-1.7317881816676348,0.054050024015447826,-0.0046185593788039755,0.008262512145818484,2.0
-1.7317881814279965,0.05405139034866121,-0.008225225736209879,0.03541491171437733,2.0
0.627157919583912,1.6078100278514522,0.1585118479995788,-0.004111565839864237,3.0
-1.7317881810499274,0.0540495840400208,-0.0015194547805787758,-0.03033952140908387,2.0
-1.7317881814748677,0.05405204168110429,-0.005780177099138817,0.016685684082693397,2.0
0.6271579193640122,1.6078110801320038,0.15723375784574098,0.039047097947480534,3.0
-1.7317881810115863,0.05405137893291451,-0.006464984133688188,-0.05711162920167982,2.0
-1.7317881815864706,0.054048586518776406,-0.005179524174151071,0.001983653449120081,2.0
0.5435648548610451,-0.9671898558634883,1.3292050855615032,0.023226635843263354,0.0
0.5598736408178807,-0.6925165127200705,-1.4726671677826266,-0.07185153989414864,1.0
0.6271579202213947,1.607812326161145,0.1589927724873084,0.01756758065552326,3.0
-1.7317881808073083,0.0540491687213661,-0.0120082836565905,0.04968253653662639,2.0
0.6271579201972776,1.607808720914336,0.15856949532397116,-0.0772271423511279,3.0
0.6271579194376021,1.6078124449625875,0.1591585444626191,-0.009471552332429,3.0
-1.7317881812620808,0.05404848112223802,-0.0003925202724863979,0.013005292200794072,2.0
0.5435648547381631,-0.9671868821985401,1.3236537448553347,0.02060767259446295,0.0
0.5435648541817837,-0.9671891116347632,1.3338468457614698,0.0890570677415309,0.0
0.5435648542351067,-0.9671881306809296,1.3288174381732536,-0.04778418819151736,0.0
0.5435648546273766,-0.967187638623502,1.3312610780299243,-0.0344045338895476,0.0
0.5598736421951447,-0.6925171971275806,-1.476616568769891,-0.029951055637660123,1.0
-1.7317881812963338,0.05405101742200459,-0.003585530895711668,0.05411608625956005,2.0
0.5598736411887829,-0.6925176269483945,-1.4790304963452663,0.00021948451222590125,1.0
0.5598736411606421,-0.692516032215989,-1.481098382366992,-0.034927615395356694,1.0
0.5435648540083378,-0.9671901342087185,1.3316595570529426,0.048476829845860374,0.0
-1.731788180664197,0.05405031591043877,-0.007192509803595948,0.030858093245902628,2.0
0.5598736411033876,-0.692515003525917,-1.4784879064029348,-0.04391245408273858,1.0
0.5598736416664819,-0.6925163137599768,-1.4804195883938904,-0.033703570483895585,1.0
0.5435648548620006,-0.9671892819526745,1.3356595810047762,-0.055861866976772014,0.0
0.5598736414513462,-0.6925172449549521,-1.4899378505323433,-0.01042758022740653,1.0
0.5598736415750925,-0.6925125709021381,-1.4763743462187973,-0.0309945603968287,1.0
0.5598736405751779,-0.6925132419305338,-1.4872857130811925,0.04204271100730748,1.0
0.5435648549223521,-0.9671891900301964,1.3340442015568337,-0.015107021850692614,0.0
0.5435648544638487,-0.96719077669569,1.3377739754357574,0.05429598748516389,0.0
0.6271579194284248,1.6078076206679934,0.16778899978858455,0.00455683511853522,3.0
0.5598736410455906,-0.6925179677819504,-1.4735211345217423,0.0070310817206118365,1.0
0.5435648550898247,-0.9671891845240674,1.3351477192347116,0.027575007857492853,0.0
0.5435648550615092,-0.9671894662758422,1.329189446893427,-0.021429446980367375,0.0
0.5598736416809439,-0.6925154700247316,-1.4774130112615231,0.028814236850182386,1.0
-1.731788181752334,0.05404824905949065,-0.004279680042003688,0.05824034903663451,2.0
-1.7317881821700845,0.054049786965251354,-0.004529072937670347,-0.0455682772170853,2.0
0.6271579198849055,1.6078105133128044,0.1582642019497391,0.007593919997540927,3.0
0.543564854916193,-0.9671887541199947,1.329387123636222,-0.010308345582542474,0.0
0.5598736410026875,-0.6925152027056096,-1.484266312709105,0.05252238288083141,1.0
-1.7317881809818936,0.054048265620114985,-0.00489428356862002,0.05018901946392143,2.0
0.5598736414232476,-0.6925187951290246,-1.482231826164913,-0.028335281909621077,1.0
0.6271579197825197,1.6078125213266083,0.16182693198285963,0.025783132292147272,3.0
0.6271579196384298,1.6078134495533027,0.17119937427909548,0.01856094464191435,3.0
-1.7317881814820275,0.054049901161820166,-0.0016629992639420285,0.035492586132634674,2.0
0.5435648550406083,-0.9671927346535303,1.3327387615381818,0.007092648087925571,0.0
0.6271579201391257,1.6078108196085166,0.1636613400742397,-0.0005720586753726746,3.0
0.6271579204207232,1.6078113015640543,0.1559958064967943,0.016347378364379783,3.0
0.6271579193905924,1.6078119035072869,0.16033760663648222,0.01713729567334855,3.0
0.543564855000327,-0.9671898003299971,1.3348051454689094,-0.014057665295712299,0.0
-1.731788181976786,0.054047559587715246,-0.0033498769449732003,-0.020681792648641107,2.0
-1.7317881815156306,0.05404878441348421,-0.0018987127620461518,0.022162905261126194,2.0
0.5598736414212528,-0.6925165386696202,-1.4831222084545406,-0.023681015026584627,1.0
0.5435648547697094,-0.9671903556405418,1.3312432594573056,0.004839798478461379,0.0
0.5435648549671477,-0.9671927065714296,1.3297654468539106,0.03770181151778202,0.0
-1.7317881811672728,0.05404928683808563,-0.009932345210577984,-0.027013934835038195,2.0
-1.7317881808402413,0.05405058840288252,-0.013173931114208687,0.05386044035752084,2.0
0.6271579195902723,1.6078103283433205,0.16559713058715633,0.0037444391006225086,3.0
0.5435648547756227,-0.9671920461712984,1.3331958422933805,0.01786257266456926,0.0
-1.7317881814637497,0.05404843895822258,-0.009133545565767141,-0.010115660787146225,2.0
0.5598736421325019,-0.6925147538772819,-1.4795250814651584,0.031107107818791845,1.0
0.5435648552506002,-0.9671889572916857,1.3364931462327139,-0.005714438095768339,0.0
0.6271579198164886,1.607812737637718,0.15904737935411178,0.004006029176828299,3.0
0.5598736422248292,-0.6925147163433893,-1.4783642012735954,-0.05005559571598068,1.0
-1.7317881812708247,0.054050504333231726,-0.0010343979187657174,0.004567910401105542,2.0
0.5435648546060267,-0.9671900248868289,1.3327125852608661,0.013788968772753481,0.0
0.5435648550232849,-0.9671890589437674,1.333446404095778,-0.04122904275402095,0.0
0.5435648546157824,-0.9671875612750803,1.32993034805594,0.048600862725516746,0.0
-1.7317881814642988,0.05404810652503062,-0.0015736949456499928,0.012125797324161938,2.0
-1.7317881810343905,0.054049412514968295,-0.006867852295550586,-0.08194947446022423,2.0
0.6271579198526973,1.6078129625879292,0.16188305432409703,-0.027797136492346067,3.0
0.6271579197995587,1.6078092757952578,0.16217657730964077,0.03177387461511026,3.0
-1.7317881812974452,0.054047322207347245,-0.003276321806908694,0.03349129818139938,2.0
-1.731788180963197,0.05404736080165826,-0.0019493123308979457,0.050382010278567715,2.0
0.6271579199500887,1.6078137659376885,0.15761146896236636,0.02791058536190914,3.0
0.6271579203532104,1.607810744657241,0.1640646790158579,0.003500215550393562,3.0
0.5435648548539701,-0.9671882228622154,1.3320283897345013,-0.018825517609846378,0.0
0.5435648544792311,-0.967188981038814,1.3321553435555886,0.09462106517241752,0.0
0.627157919557161,1.6078099800896206,0.1631361393109396,-0.02496866750557178,3.0
0.5435648552144705,-0.9671893591607642,1.3281786545816303,0.01875985964666925,0.0
0.6271579198004641,1.6078096520917011,0.16400676984584575,0.010324183555667636,3.0
-1.7317881813030995,0.05404880275703449,-0.005561187701115001,-0.05653890993548059,2.0
0.6271579201818208,1.6078135215024618,0.15412280727863462,-0.02369661523709585,3.0
0.6271579204142442,1.6078092180977965,0.15889844210235243,-0.01095211555985366,3.0
0.6271579203242168,1.607810943350836,0.15900800467760204,-0.05814722333959113,3.0
0.6271579197918195,1.6078105651780792,0.1621015618993229,0.006992699774520855,3.0
0.5598736418878698,-0.692515746928949,-1.4830315982114766,-0.102375518790582,1.0
-1.7317881811536546,0.054048896785464554,-0.0032736370627573707,0.06385837369467069,2.0
0.559873641321314,-0.6925161637255023,-1.484324806291781,0.0008361781326017405,1.0
-1.7317881819651244,0.05405269769379456,-0.008231471171106806,0.010331197477351787,2.0
0.5598736413172148,-0.6925155433881289,-1.482908131004588,0.013412882378792651,1.0
-1.731788181654437,0.05404926678129066,0.0046764671313049766,-0.046013258619128965,2.0
0.5435648547746403,-0.9671888639604468,1.3295269977677475,0.0734716223503891,0.0
0.6271579200678392,1.607810806989525,0.16524647638263837,-0.02065199138098902,3.0
0.6271579194712154,1.6078114170612534,0.15975661608428277,-0.039312643551801654,3.0
0.6271579206391199,1.6078078888411937,0.1600373442820395,-0.026554264645177798,3.0
0.5435648549256993,-0.9671889513256869,1.3322794492522327,-0.03944725597856374,0.0
0.5598736411975412,-0.6925135418573879,-1.4795654348261937,-0.03558032183057519,1.0
0.627157919076424,1.6078097276604368,0.15467022322933482,0.005365635969434149,3.0
-1.73178818174832,0.05405069978171027,-0.0021416924513624146,-0.024937238211235294,2.0
-1.7317881813319873,0.0540502174612967,-0.007781839389912834,0.030099266869240013,2.0
0.6271579200477541,1.6078145068168008,0.1628103379310636,-0.04238819236872153,3.0
0.5598736410633033,-0.6925162768395022,-1.4765509683631324,-0.032599535240237246,1.0
0.5435648546177626,-0.9671903857845165,1.3273085286980166,-0.008380306581684467,0.0
0.5435648541511828,-0.9671899379871058,1.331434281111587,0.026545745433832625,0.0
-1.7317881822317722,0.054049150134238146,-0.005640073921404529,-0.002808835854028759,2.0
-1.731788181576946,0.05404939636902896,-0.00480311002115103,-0.020186574352473976,2.0
0.5598736417732469,-0.6925184144288107,-1.489158936600307,-0.020303208378924666,1.0
0.559873641283868,-0.6925166002293673,-1.4821345871960607,0.02626621520685007,1.0
0.5435648550978405,-0.9671878369612351,1.3300504878781334,0.005545956905098578,0.0
0.6271579206147743,1.6078105854983495,0.15783891956686755,-0.023474418574431107,3.0
-1.7317881810225777,0.05405228661300837,-0.005140068487690698,-0.020831766966675692,2.0
0.6271579201952108,1.6078123822979948,0.15930655716507777,0.047259221359362696,3.0
-1.731788181741402,0.0540519649305206,0.00241310969713478,-0.042189230915710446,2.0
0.5435648550000949,-0.9671883745391718,1.3276610217269171,-0.01725223636359351,0.0
0.5598736409877071,-0.6925144776226341,-1.4827614423345103,-0.027604873178791043,1.0
-1.7317881816060237,0.054049986851614516,-0.0004568880404560699,-0.03201211421380168,2.0
-1.7317881813345137,0.05405203887017435,-0.008964119995725233,-0.051552846237244605,2.0
0.5598736416094764,-0.6925145623546543,-1.4820059936169625,0.019971651056722352,1.0
-1.7317881811263574,0.05404984917237142,-0.001836394072438125,0.08883409828969782,2.0
-1.7317881814677707,0.05404862522371517,-0.006455555559948006,0.0010266097647781754,2.0
0.5598736409851389,-0.6925144184861421,-1.4779076317154571,0.04207253251979147,1.0
0.5598736410054623,-0.6925152260053385,-1.4733357614284697,-0.013255232991409568,1.0
0.5435648546200521,-0.9671888612144519,1.3308067386466484,-0.03317956180695005,0.0
0.5598736416428587,-0.6925176899487088,-1.4790268962027757,-0.012937504688227429,1.0
0.6271579205520174,1.6078105700573415,0.15997803862384544,0.00667505462870639,3.0
0.5598736424634082,-0.6925135359775578,-1.4757405698778658,-0.010021317470545705,1.0
-1.7317881810996183,0.054047664134388704,0.00017802065463111384,-0.04184601846087911,2.0
0.5598736421142363,-0.6925180066157095,-1.4736361171548062,-0.04456767112985537,1.0
0.5598736412647333,-0.6925130028736128,-1.4796707816473365,0.051668944649895306,1.0
-1.7317881814457456,0.054049835373215574,-0.0024376922231880236,0.02947514954367696,2.0
0.6271579196343504,1.6078123505689892,0.16442786540992896,-0.0672887303804183,3.0
0.5435648542385636,-0.9671881752518411,1.337570597090738,0.027196480168530598,0.0
0.6271579195299617,1.6078122001915907,0.16828587227191316,-0.039529751492350045,3.0
0.5598736414819924,-0.6925178002511136,-1.4718779856217297,-0.02837757950853715,1.0
-1.731788181144254,0.05405131422593324,-0.007658265743620161,0.055617912654842824,2.0
0.6271579197535179,1.6078095224688138,0.1636106601404983,-0.05816204786220983,3.0
0.6271579200936778,1.6078143659944324,0.16154339139887292,0.05041645515092403,3.0
0.543564854196766,-0.9671896992546085,1.3295301796928298,-0.03810190534945562,0.0
0.5435648553343401,-0.9671882397344971,1.330804714800775,-0.04206684470617206,0.0
0.543564854496422,-0.967191273530703,1.3303193509852307,0.1108081081831462,0.0
0.5598736422409352,-0.6925123896279468,-1.4745949120996125,0.005725511396278203,1.0
0.5435648551247242,-0.9671893397391353,1.334949962514397,-0.011969986332943007,0.0
0.6271579196315036,1.6078119935488377,0.1630509012205528,-0.006326640148686202,3.0
-1.731788181149017,0.0540493809520687,0.003084776472377727,-0.012899019318238931,2.0
0.6271579193697473,1.6078122403555877,0.15944946449208808,-0.058071774293841874,3.0
0.6271579197931898,1.6078122097406262,0.16209572910524128,-0.009071348910001343,3.0
0.5598736413246389,-0.6925159910777586,-1.4784635867265459,-0.030351810840296287,1.0
0.5598736419809789,-0.6925132834359893,-1.4840308727432592,-0.04175606658266596,1.0
0.559873641680794,-0.6925141703930817,-1.484431271286061,-0.0240007343357748,1.0
0.5435648549249165,-0.9671884508866906,1.3339977307376414,-0.05362568155096723,0.0
0.5598736409570764,-0.6925139639791127,-1.4752316778091306,0.00034545897878180337,1.0
0.6271579194865918,1.6078141725712742,0.1589874474826132,0.030241665055818163,3.0
-1.7317881811759732,0.05405201027962814,-0.010638816862292016,0.05465049001597513,2.0
-1.7317881820791325,0.05404874306685167,-0.00540326025130793,-0.011516183627969008,2.0
-1.7317881806258906,0.054052507923948535,-0.010129435333038176,-0.05226327317389986,2.0
0.5598736417553123,-0.6925165256467277,-1.475859977722192,0.02460644386082126,1.0
0.5435648550218083,-0.9671896344802194,1.334031683201418,0.035881679583370046,0.0
-1.7317881813001181,0.05404813202413386,-0.0006482230565530464,0.043211762354286504,2.0
0.627157918939141,1.6078113610124023,0.165364158484514,-0.04940223669252083,3.0
0.6271579195515923,1.607809908444911,0.15883468459630154,-0.0327632059430996,3.0
0.627157919515178,1.607810242507738,0.1590677453113984,0.02073304658633859,3.0
-1.7317881809681623,0.05404830951497865,-0.008010401141107083,-0.009483728346123248,2.0
0.6271579194067961,1.6078111141853777,0.1583226635206492,-0.050908087323033056,3.0
-1.7317881812199583,0.05405197506244702,-0.003648158762735024,-0.018423305903820637,2.0
0.5435648543955743,-0.9671862146355595,1.3305434472175892,0.00115885703490274,0.0
-1.7317881819280887,0.054049858004745134,-3.332095128508526e-05,-0.04365774596941233,2.0
0.5435648544571995,-0.967190388741147,1.3352542193403454,-0.07866866586594755,0.0
0.5598736413446644,-0.692514235474431,-1.4776629627943778,-0.07754363700104358,1.0
0.6271579195279591,1.6078095293999695,0.161288452467041,0.010657027596940047,3.0
0.5435648549658895,-0.9671875824535489,1.3246328432189245,-0.007933471115293007,0.0
0.6271579197772958,1.607812413843502,0.16243282392575414,-0.05424212777532363,3.0
0.5598736414097519,-0.6925161767275001,-1.4823970258353822,0.013863504996140473,1.0
0.5435648547929695,-0.9671882872598675,1.3388724481612908,0.038976269485896366,0.0
-1.731788182070311,0.05405325791151264,-0.009398385281786313,-0.05335360645715274,2.0
-1.7317881813511917,0.0540505191924829,-0.011661904731575969,-0.045250504453081264,2.0
-1.7317881818003324,0.05404957279501329,0.002665417819557353,-0.04506907065996762,2.0
0.5598736417913313,-0.6925148074024132,-1.4813323843285404,-0.0354458066248482,1.0
0.5598736417303966,-0.6925156336581082,-1.4783409932480522,-0.06236952348550648,1.0
0.5598736421849202,-0.6925176355527577,-1.481674823485161,-0.022624256054756882,1.0
0.5598736413660105,-0.6925144945310102,-1.4783089078871332,-0.06352652646808883,1.0
0.6271579207805351,1.6078111779536188,0.16560901542930043,-0.054862938826993064,3.0
0.5598736414004619,-0.6925160870441799,-1.4835209545799533,-0.039268062387024384,1.0
0.6271579195945894,1.607810539975014,0.1653319061126733,-0.023011952866652814,3.0
0.5598736417448659,-0.6925147155519966,-1.4813547939389473,0.0216819942362242,1.0
0.5435648547826327,-0.967190492293568,1.329879023183725,0.035149082904225665,0.0
0.6271579200172844,1.6078126611634838,0.15867894355040954,-0.022834982404023433,3.0
0.5598736417416285,-0.69251577869477,-1.4728093475825148,-0.057267310567965336,1.0
0.543564854476658,-0.9671930328053385,1.3327527402771795,0.035797700388069384,0.0
0.6271579197628847,1.6078089790695949,0.15702542365154165,0.03761255068837024,3.0
0.5435648550276723,-0.9671870769017901,1.3349429040030878,-0.017195202357092116,0.0
-1.7317881816901723,0.05405057177498835,-8.378484581169778e-05,0.04023406477955568,2.0
0.543564854721552,-0.9671912132352777,1.339145993368107,0.051377270965373166,0.0
-1.7317881811232718,0.05405355865258598,-0.0047984021338566074,0.019960108697256257,2.0
0.5598736413651768,-0.692515790991665,-1.4776174380672196,-0.03240359351157443,1.0
0.5435648547055687,-0.9671898919419022,1.3290359084112175,-0.012421236601591053,0.0
0.5435648552086209,-0.9671905789969544,1.326055757098692,0.0904629867380034,0.0
0.5435648541557794,-0.9671905568448657,1.327920291138183,0.016118037171052164,0.0
0.543564855240494,-0.9671890761924484,1.3339651911748396,0.06530917343548998,0.0
0.5598736418435295,-0.6925113823682394,-1.478713353079478,0.05663242959761446,1.0
0.5598736412875758,-0.6925158480428611,-1.47822457088964,-0.05181627282181778,1.0
0.5598736416000968,-0.6925146896135697,-1.4830417275572598,-0.007326642734968557,1.0
0.6271579200133093,1.6078116593484943,0.15930123844062233,-0.01121753991546404,3.0
0.5598736420109075,-0.6925147480014688,-1.4792588057007248,-0.03537769742875838,1.0
0.543564854282275,-0.9671893156086029,1.3347441012065928,-0.019625601758772208,0.0
-1.7317881816261873,0.054050217024912556,-0.003111039046682186,-0.03674601047458215,2.0
-1.7317881805042934,0.05405204226648458,-0.0071919416781520435,0.05117252150056016,2.0
0.5435648549717847,-0.9671897916973271,1.3327363056875767,-0.051093010056259165,0.0
0.6271579192354922,1.6078109236295237,0.15654788154689536,-0.0462831196088546,3.0
0.6271579203050242,1.6078143849741453,0.1573604245216613,-0.02676981624035849,3.0
0.5598736414166243,-0.6925181704750634,-1.4754001707860709,-0.05011131542247294,1.0
0.5435648549111612,-0.9671914981828917,1.329768709457353,-0.010390208651440705,0.0
0.6271579198954298,1.6078120961678726,0.1515946229504049,0.029427651847202488,3.0
0.5435648546421745,-0.9671874814438779,1.337813933465528,-0.0028898580361461632,0.0
0.5598736417493861,-0.6925148087365821,-1.480332519665578,-0.04757147304694154,1.0
0.5598736418883423,-0.6925186234731849,-1.4779579241268297,-0.010420750293831162,1.0
0.6271579198196751,1.6078111185543857,0.15314836987852695,-0.0010075556316448565,3.0
0.6271579196556853,1.60780955116663,0.1653250203427469,0.007212261464783477,3.0
-1.7317881811244138,0.05404793323300592,-0.006365979372206705,-0.08387527952747231,2.0
-1.7317881810118143,0.054050951565527625,-0.008506174664137403,-0.014878265130224293,2.0
0.6271579194929531,1.6078127227858021,0.16351783115911783,0.03758617566363445,3.0
0.5598736413319058,-0.6925159677690181,-1.4791146246047309,0.015484991961466403,1.0
-1.7317881815733174,0.05405020605575121,-0.0008242313713621519,0.04291958249234767,2.0
0.6271579197192648,1.6078143504045033,0.16620254755041922,0.05020460398457358,3.0
-1.7317881815875094,0.05405214492814064,-0.001693347377870779,-0.058472361645823964,2.0
0.5435648550969788,-0.9671926009984326,1.3314030508645949,-0.0015291245569639385,0.0
0.5435648550899089,-0.9671912526851721,1.3280465574206506,0.03851102104588798,0.0
0.5598736422758369,-0.6925154351497428,-1.4718492645069694,0.0034528997464540884,1.0
0.5435648542608287,-0.9671910104713344,1.3346493159948338,0.04148792364665737,0.0
-1.7317881812955807,0.054049493897244526,-0.009969609331749693,-0.012114232806403925,2.0
0.5435648542922835,-0.9671881293010367,1.331110585467091,4.355420181031043e-05,0.0
-1.731788181810288,0.0540498997015465,-0.0023448864314009293,-0.009250911701623872,2.0
0.5435648547511713,-0.9671890313778508,1.3305964691517815,-0.025721604068698698,0.0
-1.7317881814884544,0.054048970335043425,-0.007122159208346371,0.006603450792279877,2.0
0.6271579198161259,1.6078131083077714,0.15423687867538347,-0.04755628370758107,3.0
0.5598736420239495,-0.6925140035013019,-1.4781117760499958,-0.02755393273452973,1.0
0.5435648541251172,-0.9671867856082212,1.3318742620173967,0.03955485505166688,0.0
0.5435648543984583,-0.9671906735153877,1.3323760649160346,0.0023954096507885175,0.0
0.6271579195531319,1.6078113902673414,0.1611549853045115,-0.062117045012750914,3.0
0.6271579203724037,1.6078100146308978,0.16818762158152956,-0.011062860189084254,3.0
0.5598736413421248,-0.6925150615466966,-1.4757478745431207,-0.09583327249424056,1.0
0.5435648549137889,-0.9671920851450353,1.3298854158211726,0.017210078566287815,0.0
0.5435648551641122,-0.9671895202343909,1.3334938438969244,0.03376650281276092,0.0
0.5435648542181384,-0.9671884020820856,1.3347614626853308,0.008916090224932253,0.0
0.543564854954382,-0.9671894394357139,1.3299095198224797,0.03758877533520804,0.0
0.5435648549132088,-0.9671891393883808,1.3363561659121335,-0.0029455811856970997,0.0
0.5598736413639384,-0.6925153113877082,-1.47440933004467,0.030614177812167936,1.0
0.6271579194567807,1.6078138307122107,0.16247805566038323,0.04609172960798405,3.0
-1.7317881816209355,0.05404630697984611,-0.004807827352052367,-0.015429519360335127,2.0
0.6271579203178765,1.6078104665604298,0.1638744798353115,0.049156352517007354,3.0
0.5598736414893453,-0.6925150939018915,-1.479212513328339,-0.0009014140088019429,1.0
0.5598736407828386,-0.692517167412848,-1.4774556871980629,0.05468492066454708,1.0
0.627157919256091,1.6078129944025263,0.1662505750829769,-0.02157155006351879,3.0
0.5435648552005269,-0.9671911418288578,1.3301175011754451,0.048770188170265176,0.0
-1.7317881809792808,0.05405361943962336,-0.0056149161859237,0.02046751929211863,2.0
0.5435648550168093,-0.9671911168371953,1.3344674623176918,0.030425296823965765,0.0
0.6271579194290976,1.60781226758025,0.1588106045596866,-0.019326293451772454,3.0
0.6271579189590496,1.6078129828174297,0.15958055849912836,-0.05100980245353884,3.0
0.5598736413207713,-0.6925163022729215,-1.4824347373826074,0.007592831203491083,1.0
-1.7317881814346698,0.05405127768807573,-0.0031509842053501717,0.0075413445907208145,2.0
-1.7317881815182528,0.054050838617534534,-0.011318884636822898,0.07354672043403415,2.0
-1.7317881814320444,0.054046947158402324,-0.002773994432652171,-0.026308171589833836,2.0
0.5435648540850695,-0.9671921061276991,1.324066744295626,0.04148679717832366,0.0
-1.731788181837272,0.05404913104706189,-0.0035993660306522356,0.003175674577529851,2.0
0.6271579199456859,1.607811816566146,0.16151396069233265,0.06191889954265303,3.0
0.5435648551011102,-0.9671898907019313,1.3301686553048673,0.010566533495229033,0.0
0.5598736409678732,-0.6925192423021557,-1.4746601176391203,0.006270792334725973,1.0
-1.731788181348774,0.05405258305175641,-0.00221476303059631,-0.019379150714584136,2.0
0.5435648551779447,-0.9671896026493974,1.3358141711277163,0.003000510727608404,0.0
0.5598736416702387,-0.6925148094050994,-1.4794629457353652,-0.05553600970420823,1.0
-1.7317881815765763,0.05404868710609763,-0.004039508032698909,-0.0304527074664304,2.0
0.5598736415902557,-0.6925139775117969,-1.478783705479019,0.05111147762625612,1.0
-1.73178818159859,0.05405023931085662,-0.00348240978760931,0.05018763138015261,2.0
0.627157920407535,1.6078125608561589,0.1571376243404184,-0.05634459973326611,3.0
0.5435648541407649,-0.9671904555240218,1.3353766501724535,0.02861006700533328,0.0
0.5598736413132192,-0.6925182412312876,-1.4790713400413522,0.004120538876916481,1.0
-1.7317881812640865,0.0540491042600491,-0.008448507370828086,0.0018962151205354468,2.0
-1.7317881807651248,0.05405116416583619,-0.007102091079381934,-0.01764934404548347,2.0
0.559873641664332,-0.6925186731832739,-1.48001319683216,-0.013644535001867204,1.0
0.5435648542919285,-0.9671895803045658,1.332977872643204,-0.04082765259373049,0.0
-1.7317881815409848,0.05405132701795411,-0.006352752913050633,0.026677583402642327,2.0
0.5435648551242972,-0.9671885212620227,1.3259958569405257,0.0014533740242624817,0.0
-1.7317881812542988,0.05404608781145222,-0.007122813781674287,0.046360691128015094,2.0
-1.7317881814389204,0.054052040279862386,-0.0044561871145181505,-0.033514655424487075,2.0
0.5598736413386817,-0.6925147831815885,-1.480745993646709,-0.10617930088355798,1.0
0.5435648550911961,-0.9671897723281271,1.339962491492728,0.02384632442665356,0.0
0.559873640896235,-0.6925176280656706,-1.4843994230168414,-0.0041661486855566,1.0
0.5598736418359402,-0.6925150143358013,-1.4807373503789136,-0.0015431914565480866,1.0
0.5598736410727263,-0.6925157429757741,-1.4768473887824691,-0.04859476467181535,1.0
0.5435648545751118,-0.9671870903715841,1.3289831395168108,-0.006569118780010196,0.0
0.6271579203068646,1.6078116123610011,0.16311304075730246,0.007327756395417351,3.0
0.5598736408912445,-0.6925150040508937,-1.4804135333172992,-0.03369487447543446,1.0
-1.7317881814126002,0.05404944650837934,-0.00654940894925306,0.04154388912165535,2.0
-1.7317881813455336,0.054048769782926644,-0.010379866939799268,-0.04547556480425112,2.0
0.5435648550407227,-0.9671882725915818,1.3345821239613147,0.07337761573296395,0.0
0.5435648545578092,-0.9671894709442274,1.325329612943866,-0.017336488802358555,0.0
0.5435648549145949,-0.9671902423503252,1.3303477118934777,-0.027544812407322705,0.0
-1.7317881804162794,0.05405115230795923,-0.002884694845779096,0.020648808466915254,2.0
-1.7317881806116637,0.054049561123236826,0.0013275937676344599,-0.010775580155439777,2.0
0.543564854509445,-0.9671912606601752,1.3251899028625618,0.0014241148230318228,0.0
0.6271579195440405,1.607812557384571,0.1567129858058881,-0.0018208332767383764,3.0
0.6271579201214299,1.6078083504090748,0.16927009754280964,0.02902325284565228,3.0
0.5435648542506307,-0.9671883456218462,1.3319747135839166,-0.004981097558980028,0.0
0.5598736409599032,-0.6925171390493878,-1.4724195581636812,-0.0459902862513304,1.0
0.6271579195287962,1.6078126980114298,0.16460902334574812,-0.029549455262472976,3.0
0.5598736417188743,-0.6925131655273336,-1.4800796464888861,-0.031286542849399086,1.0
-1.7317881818678913,0.0540496751749722,-0.0022368482492864843,0.0257102044236565,2.0
0.6271579194891815,1.6078133917706285,0.16173934093453912,0.028290479627884824,3.0
-1.731788181459312,0.05405071921496244,-0.0013597563769530989,-0.03021762086675645,2.0
0.5598736411288294,-0.6925154876970756,-1.4760353113822167,0.07340119051600051,1.0
0.5435648545929873,-0.9671895118857889,1.341822909718258,-0.028510846273440686,0.0
-1.7317881814830516,0.054050583077528545,-0.004354946390623371,0.027946009964248678,2.0
0.55987364168832,-0.6925154524812608,-1.4794171806366703,-0.0476176569105743,1.0
-1.731788181164941,0.054052982907166786,-0.005753703077012897,0.04817825456248262,2.0
-1.7317881813207139,0.05405078883793842,0.0003615249124755144,-0.03955673363051074,2.0
-1.731788181370886,0.05404975092198954,-0.002580115387660234,-0.01956080203421312,2.0
-1.7317881810680469,0.054050355913754886,-0.006419475395263461,0.022852390237728448,2.0
-1.7317881813197955,0.05405170873074544,-0.001580921592118617,-0.04401263715443815,2.0
0.5435648545773918,-0.9671875895979613,1.3349668417287837,-0.0018655230726503606,0.0
-1.7317881808769808,0.054051409998882353,-0.0067277278972037195,-0.07221484118831532,2.0
0.5598736414594584,-0.6925162363117687,-1.479623763285784,0.004949207172058671,1.0
0.5435648546134725,-0.9671891046682338,1.3325897700897853,-0.050109166642316606,0.0
0.6271579193425781,1.607810924361863,0.15681685454893937,0.0720367500441815,3.0
0.6271579194660055,1.6078112471518595,0.15745491890547963,-0.011640988094066614,3.0
0.5598736414722153,-0.6925139576669513,-1.478451876522841,-0.006610250041698563,1.0
0.5598736415334238,-0.6925147005580384,-1.4790582850146303,-0.013370331499486373,1.0
-1.7317881809552145,0.05405086094590254,-0.011626724055485751,-0.02259253464397136,2.0
0.6271579200575225,1.6078121411256538,0.16755518740986064,0.03746424227139582,3.0
0.5435648543652866,-0.9671912427844769,1.3237288843852437,0.040005655094997865,0.0
0.5598736413150103,-0.6925122049943108,-1.480026105340317,-0.007374376735934595,1.0
0.5435648552396944,-0.9671921683918203,1.336317610379589,0.029743694886958286,0.0
0.6271579201331647,1.6078115294626139,0.16691100447708127,0.006061951854963529,3.0
0.5598736417897227,-0.6925164999253155,-1.4770954150692976,-0.04196899309209306,1.0
-1.7317881818143894,0.0540521424530881,-0.008484987834944396,0.01861071812005188,2.0
0.5598736416897204,-0.6925153178112848,-1.490229724956502,0.012345763956972894,1.0
0.6271579201099078,1.6078119148624945,0.15874267996764058,0.023555637106380607,3.0
-1.7317881812382807,0.054052050635543386,-0.009428899742558975,0.03197360978834741,2.0
0.5435648545577739,-0.9671909854523953,1.3335369984803673,0.024932794167962152,0.0
0.627157920167733,1.6078115016507284,0.16881794982470802,0.018223839552705987,3.0
-1.7317881817672387,0.05405025713743437,-0.011433492545654044,0.02009602051771288,2.0
0.6271579206688396,1.6078102498788198,0.1596155849000956,-0.006109019354706147,3.0
-1.73178818142676,0.054053398143885475,-0.0010990560223403329,0.012957440199049198,2.0
0.6271579196533853,1.6078108314244948,0.16664582884011203,0.018040101136287352,3.0
0.5598736413600133,-0.6925152229233497,-1.4736295791837006,0.09197857034506128,1.0
-1.7317881820254133,0.054050505061940965,-0.010848538618468897,0.04631743540993453,2.0
0.6271579195363444,1.6078109670044072,0.16450739849807805,-0.03197725511460455,3.0
0.5435648552263729,-0.9671900544426439,1.3303543304556842,-0.008868346410437255,0.0
0.6271579196619133,1.6078105974772658,0.1602198674816302,-0.03440466115215425,3.0
-1.7317881816725114,0.05405098101563677,-0.0017919969990236014,0.03171646777376617,2.0
0.5435648548072981,-0.9671930302826645,1.3342658118463115,0.0010208650538237696,0.0
-1.7317881814118072,0.054053921230134964,-0.005909711047946299,-0.0013342875838528406,2.0
0.5598736417226844,-0.6925150325590687,-1.4776218690759797,-0.014769968007708441,1.0
-1.7317881818173162,0.054046610422717765,-0.002600330087305842,0.021983087257563268,2.0
0.6271579194153646,1.6078124142786456,0.16178517113239618,0.020591954645346622,3.0
-1.731788181626759,0.05405060829024475,-0.00828120838456067,0.030745258404741176,2.0
0.5598736418872068,-0.6925160073774953,-1.477034507253561,-0.021458206283907155,1.0
0.543564855219861,-0.9671895589795344,1.3358164704642441,0.07010965615434397,0.0
-1.7317881810411544,0.05405138643647939,-0.003126748997506934,-0.01878089722781361,2.0
0.5435648546828443,-0.9671857301506829,1.3361277921926995,0.023170716751534596,0.0
-1.7317881817106924,0.05405073827884984,-0.006620444909718015,-0.015805295000816223,2.0
0.6271579194171668,1.6078157995555917,0.1662692870625713,0.020158995258431213,3.0
-1.73178818212408,0.054050594426860214,-0.00727649528900569,-0.018960916466140298,2.0
0.5435648547621768,-0.9671900646837275,1.3327848428338878,0.004565449777580742,0.0
0.5598736423811181,-0.6925186962749516,-1.4802642992286894,0.04180957394326271,1.0
0.5435648541852844,-0.9671892085075803,1.328872950420276,0.08074998424868084,0.0
-1.7317881813449079,0.054050252949988116,0.0014997198435685625,0.05840871197999333,2.0
0.543564855348475,-0.9671876268759129,1.325737213612276,0.05287063682776053,0.0
0.5598736411181253,-0.6925142719234836,-1.476897563112933,-0.02241357772405412,1.0
0.5598736404794555,-0.692514488412997,-1.4811043699061133,-0.05660563258082579,1.0
0.559873641262574,-0.692516471170426,-1.4766454632317654,0.023109752356836596,1.0
-1.7317881815215321,0.054055881322962705,-0.00444014419677681,-0.0072564284400802315,2.0
0.6271579190096904,1.60781173022418,0.16014738317034746,0.0191916963546311,3.0
-1.7317881808980957,0.05405175371622343,-0.010845563960653257,0.07119370396578378,2.0
-1.7317881814673313,0.054048454742542294,-0.0034302839273110293,-0.018037139912873167,2.0
0.5598736404935871,-0.6925178810545696,-1.4779412074851466,-0.024628522392423302,1.0
0.6271579198638494,1.6078118820691847,0.15917106733163963,-0.015657522118585936,3.0
0.5598736413751895,-0.6925160258557591,-1.481136949581987,0.03281598263636004,1.0
-1.731788181531033,0.05404945134229976,-0.006897723124446381,-0.07508508270626928,2.0
0.6271579196140372,1.6078097828693172,0.1567026575526389,0.052469883443542635,3.0
0.5598736414471389,-0.6925174542614178,-1.4782984802406045,0.0015986122431450886,1.0
0.5435648547951482,-0.9671921104205702,1.3276874839064399,-0.07088370093973088,0.0
0.6271579205146607,1.607810833521961,0.16117596550058125,0.03260329755002426,3.0
0.5435648546059871,-0.9671883586100707,1.3292813399473669,-0.011008959978708677,0.0
0.5435648540969501,-0.9671885563164738,1.3297039119437037,0.06990786344379762,0.0
0.5598736412771651,-0.692515286830887,-1.4743516819438705,-0.03151133651777673,1.0
-1.7317881808340365,0.054050274109214196,-0.009073669309945737,0.009394530125793195,2.0
-1.7317881814437366,0.054051440653177726,-0.0070778626197758494,-0.041982616263325945,2.0
0.5598736418499755,-0.6925172045352868,-1.4831804653065968,-0.005962561617253824,1.0
0.6271579204391035,1.6078081095269625,0.1537437990490616,-0.016047740074424565,3.0
0.5598736416558804,-0.6925164545063042,-1.480476220685772,0.01306927549715898,1.0
0.5435648542389048,-0.9671877227396588,1.3341448145225039,0.08166916039733453,0.0
0.627157919887259,1.6078119212666249,0.15660000508273705,0.04822194642757586,3.0
0.5598736420527226,-0.6925151460771131,-1.4855737640400195,0.008376216694392914,1.0
0.6271579196486018,1.6078097534150095,0.15688581972168086,0.024351642612454052,3.0
-1.7317881808699263,0.05405160563785605,-0.00387810296657921,0.0008148933747865675,2.0
0.5435648543904052,-0.9671932277382548,1.33370393532754,0.03378335142778521,0.0
0.5435648547363319,-0.9671881848295751,1.3318204173120152,0.014994523465968995,0.0
0.543564855192621,-0.9671943448357553,1.3324604790285277,0.09202460635252724,0.0
0.5435648547953474,-0.9671913666529818,1.3293277217638704,0.045675496394406066,0.0
0.543564855279288,-0.9671888557474666,1.3365190540298146,0.01843452212477539,0.0
0.5598736415282932,-0.6925156487370498,-1.4813274432856858,0.005390498910029208,1.0
0.5435648546747915,-0.9671882074758491,1.337516742609004,0.06218439009848472,0.0
0.5435648549241964,-0.9671897148439302,1.3316370083359579,-0.01728056946414555,0.0
0.5435648547843368,-0.9671888040300175,1.331729614099451,-0.019126378497613183,0.0
0.6271579193654995,1.6078109837322008,0.1596496629415995,0.0043134334627606625,3.0
-1.7317881816030951,0.05405154868976971,-0.00017032369749905808,0.03069009175205463,2.0
0.5435648545988543,-0.9671891479287285,1.337781573067952,0.014426901633476923,0.0
0.6271579192617165,1.607808997707484,0.1618596156639142,0.05195131908166185,3.0
-1.7317881814697196,0.05405133579877383,0.0018932863838936325,0.0003870456537537339,2.0
0.5435648558425379,-0.9671920647337479,1.3325664370274921,0.019251146239617743,0.0
0.5435648550217044,-0.9671904645987709,1.336962952890362,0.03600637422405626,0.0
0.6271579199468282,1.6078097286962414,0.15718698531557906,0.05343657554329215,3.0
0.5435648548092228,-0.9671881109037775,1.3372979944089616,0.03661880305610998,0.0
-1.731788181407879,0.05405059701728063,-0.010320690995773284,-0.018581949223348857,2.0
0.5435648546927647,-0.9671914413068846,1.3325163526539299,0.04511656951342879,0.0
-1.7317881816033682,0.05405135840373226,-0.005270113441080307,-0.010137447005364817,2.0
0.5598736420804603,-0.6925140590749496,-1.4752441349852956,-0.024338248904364587,1.0
0.543564855309837,-0.9671887437557309,1.3321798192654184,0.012022876997225871,0.0
-1.7317881817465595,0.054049927198602285,-0.003870236974207989,0.026861831344987885,2.0
0.6271579193510101,1.6078127589353772,0.1524557072644331,-0.04225683654604746,3.0
0.6271579197196417,1.6078123661394976,0.15935770741423866,0.032859357029374966,3.0
0.6271579203835494,1.607809509176428,0.16314837200260235,0.019812356709292114,3.0
0.5435648550082746,-0.9671914372948569,1.3393729931234024,0.018181944743210856,0.0
-1.7317881810904476,0.05404857187274282,-0.00604983199629588,-0.02858036418075798,2.0
0.6271579196959365,1.6078100099824728,0.15990193190845423,-0.02228490934482787,3.0
0.5598736425224582,-0.692516684808149,-1.4728908369000704,-0.028280571299604717,1.0
0.6271579201308943,1.6078130076722983,0.15846723027309814,-0.0007433345738523797,3.0
0.5435648545729599,-0.9671903814646959,1.3327695186414976,-0.0006868535761302764,0.0
-1.731788181019836,0.0540504670277312,0.0015038003774470378,0.013526195763912252,2.0
0.5598736418163273,-0.6925183046424517,-1.482285744185222,0.005187292721372916,1.0
-1.7317881817563212,0.05404812713361182,-0.009536951998297596,-0.09450745119850082,2.0
0.5435648548323859,-0.9671884268756964,1.3337375621214544,-0.0030721376637654115,0.0
0.6271579201551158,1.607809025728197,0.1524908969740917,0.03831046089918063,3.0
0.6271579199590656,1.6078124268479124,0.15610182303733308,-0.021337053511102544,3.0
-1.73178818160092,0.05405102014522118,0.00040270276866392527,0.041553487421549185,2.0
0.6271579203144731,1.607810388697332,0.16260402601973953,0.0008002731863158152,3.0
0.6271579204242216,1.6078111554641372,0.1616641601673598,0.06149298052696328,3.0
0.5435648545166454,-0.9671885853473239,1.3317995977800559,0.0036758360861331293,0.0
0.6271579199141075,1.6078083145557427,0.15903245545664926,-0.002261490328166587,3.0
0.5598736414817801,-0.6925171305248629,-1.4756003730973266,0.020401274496515676,1.0
0.5598736420344672,-0.6925176821574538,-1.486810695209777,-0.037993594468924946,1.0
0.6271579197978474,1.607807313727687,0.1612857460765958,0.0035308267687122834,3.0
0.5598736413004893,-0.6925155212556743,-1.479377567771489,0.03667719074724466,1.0
0.6271579192065323,1.6078132288267808,0.16314487097296437,-0.06074491062711385,3.0
0.5435648553260889,-0.9671913082148128,1.3257056303210544,0.007701337871463631,0.0
0.5435648544629168,-0.967188334890851,1.3338664390358075,-0.0008061575619737987,0.0
0.5598736415007491,-0.6925134763549952,-1.4774870031236875,-0.0018668955222447734,1.0
-1.7317881816258531,0.054054707651253524,-0.003038057150303056,-0.01237344838370977,2.0
0.5435648545887344,-0.9671906754027125,1.3283676249841214,0.025903378112089374,0.0
0.6271579198921351,1.607813520323967,0.160634473686391,0.04609773532819854,3.0
0.6271579198033305,1.6078128171359218,0.1662992343993309,-0.03831670076844055,3.0
-1.7317881811064593,0.05405125404564784,0.004853873241053155,-0.040088412600037475,2.0
0.5435648546297314,-0.9671890779610492,1.3325726702600826,0.013261184762073235,0.0
-1.7317881820661574,0.05405107710389025,0.001623285016162707,-0.01877240015436663,2.0
0.543564854478721,-0.9671873418626268,1.3272364133631385,-0.010250193937759663,0.0
0.5435648546553681,-0.9671918656568194,1.3272961662093397,0.03049914501016865,0.0
-1.7317881816075047,0.05405011767800534,-0.00720237045923306,0.0038637100399458823,2.0
0.5598736415999566,-0.692518517076397,-1.4798985071078512,0.003585213782660129,1.0
0.5598736411772723,-0.6925151561512504,-1.4711883461768567,0.028795206595605402,1.0
0.5598736419360926,-0.6925141072863041,-1.4877435519777007,0.006523670641225822,1.0
-1.7317881817382546,0.05405264466233339,-0.001256287677549078,0.037439089591738736,2.0
0.6271579195791133,1.607812444067182,0.16592409988986653,-0.06977468681472544,3.0
-1.7317881815728096,0.054050493289483956,-0.003640573552698656,-0.007660202707603591,2.0
0.6271579187352799,1.6078090729958985,0.15850415980391558,0.0018356739290818574,3.0
-1.7317881817018348,0.05404695543844531,-0.007949058698135633,0.04230669846178185,2.0
-1.7317881810740703,0.05405018942565487,-0.0071889871143506695,-0.019017467850439267,2.0
0.5435648551097416,-0.9671877937065264,1.3299482828962759,-0.016829764397201314,0.0
-1.7317881810348,0.05404985431192503,-0.004418597556079257,-0.0690860145814436,2.0
0.5435648550152414,-0.9671919688997146,1.3317796436757254,-0.016152528533783152,0.0
0.5435648552490493,-0.9671890957559904,1.337501788246383,-0.09000079160873652,0.0
-1.7317881811211076,0.054050994390016927,-0.00036125502943535714,0.007071869683223454,2.0
0.6271579204177476,1.607810297935848,0.1575912816286877,-0.05927824009635176,3.0
0.5435648552655133,-0.9671907652548648,1.3347133908110198,0.055920029980763765,0.0
0.5435648552207604,-0.9671910075310328,1.3313072945235573,0.08297981203616724,0.0
0.5598736416020113,-0.692517538022477,-1.4792763974898335,-0.022408144222443242,1.0
0.6271579196830571,1.6078121435735475,0.16414507939527798,-0.05115315281501301,3.0
0.6271579197178231,1.60781068808829,0.1646698000766704,0.06943249445679209,3.0
-1.7317881812923468,0.054049960114956004,-0.0031306981001551983,-0.049803915545163786,2.0
0.6271579197058637,1.6078110317551157,0.1598237169777356,0.058785235214173094,3.0
0.5435648550230506,-0.9671912270284657,1.3342607535862514,-0.04297460486797711,0.0
-1.7317881810926874,0.05405047422664393,-0.0016169579890458056,-0.038097461985237134,2.0
0.5598736419282637,-0.6925181816788379,-1.4756467921020933,-0.01702447751663368,1.0
0.6271579197501392,1.6078096002565283,0.1560562146292037,-0.010555813404673462,3.0
0.5435648543251099,-0.9671887121023052,1.3300620186446424,0.059746478429400056,0.0
0.5598736415561664,-0.6925143300414939,-1.4764429757321225,-0.03505522868784647,1.0
0.6271579192312899,1.6078122597074909,0.15903971204159753,-0.0066154666954485655,3.0
0.559873641909226,-0.692515937973466,-1.4775047714526486,0.02556754754180716,1.0
0.5598736414884719,-0.692516294496014,-1.4844243372054537,-0.031891107931530986,1.0
-1.7317881814006268,0.0540510455534283,-0.0069600521118436485,-0.06773990512716004,2.0
0.5435648542953716,-0.9671875754597667,1.333072893963147,0.00978589498961366,0.0
0.54356485434757,-0.9671876764350438,1.332063846975565,0.05077176414157397,0.0
0.6271579202772235,1.6078115033735754,0.1604625208355122,0.016577255943352038,3.0
0.5598736415738357,-0.692516351486955,-1.4788976773725322,0.020504239442834266,1.0
0.5435648541811706,-0.9671895302887862,1.3351651461018286,-0.01645112584578044,0.0
-1.7317881808522804,0.0540500184268021,0.00137173989235356,0.05233502330860923,2.0
0.627157919813445,1.6078133844750118,0.159549784043642,0.02263507700862891,3.0
0.6271579204460033,1.6078121282137614,0.1622837403651287,-0.0019261823624067043,3.0
-1.7317881811624518,0.05404995243933373,0.0008867742607981723,-0.009724267500238843,2.0
-1.7317881821425394,0.05405006142160098,-0.0014802977074771977,-0.013122694167049443,2.0
0.6271579202570692,1.607812330653693,0.1585695942380289,-0.021076706369146683,3.0
-1.7317881815793226,0.05405011708703718,-0.005500337195831479,-0.019345315787082772,2.0
0.6271579190436172,1.6078103128069487,0.16215091440816728,0.0008679792662165792,3.0
0.5598736410556016,-0.6925174905564461,-1.4825234401038383,-0.012566444225736885,1.0
0.5598736414063823,-0.6925172584169117,-1.4769333823255917,0.017906706636222874,1.0
0.559873641331498,-0.6925152749024496,-1.4806351470906534,-0.007317857726753215,1.0
0.5598736418567686,-0.6925180106106089,-1.4765981635642953,0.009427025309645289,1.0
0.5598736417680975,-0.6925186143537992,-1.4736186011375871,-0.03379975573654747,1.0
0.5598736412515081,-0.6925180853469333,-1.4799912727205935,-0.067518122455277,1.0
0.5598736413878473,-0.6925144411197421,-1.4779717822565481,-0.04627729220323591,1.0
0.6271579193825895,1.6078107626442661,0.1546130173206248,0.013248369120111922,3.0
0.559873641292815,-0.6925135364876083,-1.4814757147279503,0.04188243910390996,1.0
0.6271579198895421,1.6078100950184595,0.16758366847442255,0.06531959110580796,3.0
0.5598736410421324,-0.6925160284552913,-1.4838844616487938,0.025509475287004098,1.0
0.6271579196041495,1.6078120884331497,0.15742082985472802,0.043551957147242165,3.0
0.543564854624967,-0.9671895048254019,1.3406222217553623,0.010118899048730354,0.0
0.5435648541124838,-0.9671903439632114,1.334320899710028,-0.029608603978548163,0.0
0.5435648545765857,-0.9671899350771879,1.32992788728707,0.010294038214423026,0.0
0.6271579196023725,1.6078106346980896,0.16250189366061704,0.02734718699107061,3.0
-1.7317881811378808,0.054050979815040354,-0.007665193912444995,-0.04145049204375685,2.0
0.6271579197764007,1.607809502537471,0.1613631331592471,-0.07191866445210846,3.0
0.6271579200771846,1.60781072627971,0.15880564361691585,-0.05092449375391549,3.0
0.54356485493651,-0.9671885516001082,1.3320268792438739,-0.005903003942794883,0.0
-1.7317881813354492,0.054048885225350105,-0.0007537623606202199,-0.027914683860408927,2.0
0.6271579193452876,1.6078105675561223,0.1591988853348301,-0.07297787722230964,3.0
0.5598736410928092,-0.6925152392449603,-1.479756319087962,-0.015830144432282364,1.0
0.5598736412628513,-0.6925185813587477,-1.4779390433202322,-0.002934913843581537,1.0
-1.7317881809651157,0.05405210588201728,0.0033237435518704236,0.002634330541503362,2.0
0.5598736417218783,-0.6925152021147918,-1.4757467720768938,-0.02281678172400192,1.0
0.559873641445272,-0.6925147756125285,-1.485233701185344,-0.08707049934091059,1.0
-1.7317881811947142,0.05404684811476173,0.0011382735805584594,-0.018185980495134806,2.0
-1.7317881814180929,0.054051861847987874,-0.0017548891491194275,0.012711762093078383,2.0
0.627157920293924,1.6078088394688739,0.16236801971239692,-0.026442231148273845,3.0
0.6271579208479018,1.607811643446085,0.15986814390140466,0.07532157752790998,3.0
-1.7317881813192522,0.0540497982574215,-0.003411386632412494,-0.04575824763105785,2.0
0.6271579200169234,1.6078110834937176,0.1551055962104547,-0.020611719381056198,3.0
-1.7317881819239511,0.054049379571459624,-0.006898813341613379,-0.0002999266356030612,2.0
0.6271579195080962,1.6078104312733688,0.16168387236718487,-0.09445989408217806,3.0
-1.7317881812940112,0.054048029385822774,-0.006811447570100719,0.015137326042297233,2.0
-1.7317881809742632,0.05405068201181398,-0.001319626792356706,0.0035364611675772852,2.0
0.5598736414579678,-0.6925163729650364,-1.4756315414658656,-0.025067702093990736,1.0
0.5598736413739187,-0.6925160287250806,-1.4748668636390696,-0.002302951304358755,1.0
0.6271579201255255,1.6078114405501867,0.16222162612540392,-0.07932070447256026,3.0
0.5435648540555972,-0.9671885707102111,1.3328589747827309,0.059952620726442626,0.0
0.5598736414436537,-0.692515905426962,-1.4845506726217474,0.03443280252833514,1.0
0.5598736414599784,-0.6925140492030772,-1.4838324666589113,0.002919862146130551,1.0
0.5435648550398365,-0.967190105164991,1.3345059341655543,-0.01850826763368113,0.0
-1.7317881815578144,0.05404925319655581,0.0030652389866417337,0.029766747857502197,2.0
-1.731788180991551,0.05405039135432819,-0.004106477681741443,0.0013653851982040669,2.0
0.5598736414890372,-0.6925147691220389,-1.478396626611226,-0.020630288878665016,1.0
0.6271579204723424,1.6078138473569705,0.15487583411080158,-0.03228712445140348,3.0
0.6271579194390425,1.6078108546437062,0.158658126677393,0.0433530224378664,3.0
0.5435648543956414,-0.9671902181968111,1.3310456714159946,0.024621380499941958,0.0
-1.73178818135836,0.054052034607625275,-0.004066907712112714,-0.006690896368556712,2.0
0.5598736416393744,-0.6925156684230085,-1.479211897650835,-0.013825090192214265,1.0
0.5598736424100081,-0.6925134697394807,-1.4792408689717942,-0.06759340986896284,1.0
0.6271579199223439,1.607811474931232,0.15911210055289124,-0.008421050502728589,3.0
0.5598736409362188,-0.6925178832234865,-1.479763607171426,0.011254519566390783,1.0
0.559873641139638,-0.6925164327551336,-1.4818968990142916,-0.00353258886517998,1.0
0.6271579199467662,1.6078104011170657,0.16348689338626,0.043323411908607966,3.0
0.5435648545569819,-0.967192098142854,1.329836673347047,0.017662259091743075,0.0
-1.7317881806712427,0.05404845481638718,-0.0014314560907430142,-0.019370011413981973,2.0
0.5435648545310586,-0.9671867061626706,1.3334798438834568,-0.004956041898122309,0.0
0.627157919429244,1.6078117501135154,0.15965258273429903,0.01889968940941031,3.0
-1.7317881813798688,0.054047660540266246,-0.010273958639577311,-0.02895113798093133,2.0
0.6271579193284915,1.6078097455023193,0.16162639918586377,-0.00866959201570679,3.0
0.5598736414263724,-0.6925143573972784,-1.4794088281251345,0.01637522518552715,1.0
0.5435648546427395,-0.9671911490986771,1.3295919917483223,0.05380093159886095,0.0
0.5598736411294997,-0.69251705744641,-1.475484746328742,0.015513137363780856,1.0
0.5598736412388845,-0.6925160753357837,-1.4793156044266471,-0.08011506411233246,1.0
-1.7317881815512366,0.05404781918721479,-0.007868436106460942,-0.03062031834854381,2.0
0.5598736416224771,-0.6925179984627977,-1.482454185711908,-0.007922383333532493,1.0
0.5598736413685668,-0.6925162844925175,-1.4783678403982052,0.04632452148618408,1.0
0.6271579191963318,1.6078148500075553,0.15956039352511897,-0.018880304659997346,3.0
0.5598736415227734,-0.6925149174348992,-1.4712341324571716,-0.00971036026971403,1.0
0.543564854377154,-0.9671885725416148,1.3329331565295608,-0.01144504494409707,0.0
0.6271579202400016,1.6078093683030767,0.16305480059981334,-0.031882558986193965,3.0
0.5598736412865389,-0.6925173890521202,-1.4821481616449474,-0.003981742886360546,1.0
0.5435648544868806,-0.9671914589133137,1.320352657694053,0.004257382971863314,0.0
0.5435648551982508,-0.9671894352147529,1.3351728729163688,0.053476888817042705,0.0
0.5435648543817383,-0.9671881563930966,1.330893005890593,0.06635331030277673,0.0
0.5435648548533956,-0.9671871419934372,1.3350525838519247,-0.035349067611751724,0.0
-1.731788181069746,0.05404775882409137,-0.009562482355344898,0.024886048341001367,2.0
0.5435648549193651,-0.9671893481466908,1.3374875981536953,0.004680424261556948,0.0
-1.731788180821451,0.05405246260260389,-0.00610177369155294,-0.03876411258439066,2.0
0.5435648545563277,-0.9671879211604693,1.3361323784523946,0.07795260460730588,0.0
-1.7317881812563913,0.054050091969241446,0.0012180400534210622,0.03031964639363289,2.0
-1.7317881812228086,0.05404918418461746,-0.0007817184621519616,0.005306899757122886,2.0
-1.7317881820626586,0.05404851007386529,-0.009675678864363347,-0.04782236782090923,2.0
0.5598736414480516,-0.6925130849710832,-1.4775713477315746,-0.002799170778468956,1.0
0.5435648545336533,-0.9671911273799271,1.3351531668421286,-0.0610720438990622,0.0
0.5435648547950095,-0.9671924456550334,1.330538375602891,0.01544059134576545,0.0
-1.7317881808888593,0.0540492785233286,-0.0019504062233569126,0.0032702519937258317,2.0
-1.7317881811250038,0.054052922243991115,-0.004086691877942165,-0.03410090385478043,2.0
0.5598736418354149,-0.6925184186477463,-1.478288864768176,-0.0951470737569239,1.0
0.6271579200624117,1.6078126714647563,0.15940337224414497,-0.04560826588478559,3.0
-1.7317881812294693,0.0540505548650477,-0.005766633081200362,-0.02724146755476304,2.0
0.5598736415193928,-0.6925162129632453,-1.4765804487005827,-0.056726241206384274,1.0
0.5435648546721188,-0.9671922280889508,1.3325302841965454,-0.049889221830648096,0.0
0.5435648546018388,-0.9671893651283695,1.3371932145738707,0.011800913416496188,0.0
0.5435648548158293,-0.9671904438568587,1.3306002013789788,0.011757809639046855,0.0
0.6271579197376533,1.6078101722292049,0.15865781655531686,0.00931721381619019,3.0
0.6271579202056801,1.6078106059341486,0.16176505987976858,0.01855109816435635,3.0
0.6271579205521969,1.6078090362572417,0.16665406781058986,0.0179470871670441,3.0
0.5598736420288815,-0.6925168135791102,-1.4763695904129617,0.054048949653498685,1.0
0.6271579201234639,1.6078101213039382,0.1615928891071264,0.006113794478911861,3.0
-1.7317881812104536,0.054050617481520374,-9.979132938119264e-05,0.022185143670096316,2.0
0.5435648551807022,-0.9671898516824542,1.333730344399649,-0.003128849593362293,0.0
0.6271579201968223,1.607811616151843,0.1582907352189953,0.010644945042751534,3.0
0.6271579199585628,1.6078142665230435,0.15492327106606,-0.005996680868694451,3.0
0.5598736413761888,-0.6925118517463401,-1.4760590452043538,-0.03250245137713006,1.0
0.62715791992187,1.6078133544700146,0.17024796045377905,-0.021200431848337496,3.0
0.6271579196369991,1.6078086950128019,0.15030650691017144,-0.0019751356686044798,3.0
0.6271579201702179,1.6078133214177466,0.15991567294692333,-0.005226535842349483,3.0
0.5598736414884283,-0.6925185642719384,-1.4777376937871813,-0.09464885214716724,1.0
0.5435648545287648,-0.9671906031402372,1.3286446725036383,0.018762120997100774,0.0
0.5435648548419288,-0.9671892376595944,1.3292584257440907,-0.0015491914274083547,0.0
0.6271579205128928,1.6078118688397665,0.15528058542129528,-0.05623536411242983,3.0
0.5598736419028844,-0.6925174224416266,-1.4766581561671894,-0.043052043750676124,1.0
-1.7317881816337375,0.05405224962318078,-0.008884906900383073,0.0991908647922489,2.0
0.6271579194829323,1.6078107345117805,0.16337084899524637,-0.08144528328685519,3.0
0.5598736415000996,-0.6925160326592573,-1.4851764549314117,0.045352815858109116,1.0
-1.7317881817958214,0.054050962465157455,-0.006280988416501567,0.05894411252772821,2.0
0.5435648553058917,-0.967188083933152,1.3347768915414864,0.031266242825925314,0.0
0.5435648542153079,-0.9671935108364049,1.33549549367809,0.000771715775944964,0.0
-1.731788180873247,0.05405277406973463,-0.005020278033916842,-0.030649235939688803,2.0
0.5598736416614826,-0.69251478977656,-1.475533808732825,-0.04124999103204352,1.0
0.5435648537882881,-0.9671907755275512,1.33323538925845,0.02252534305430246,0.0
0.6271579203295068,1.6078117749454675,0.16533859363420791,-0.0462345645626291,3.0
0.5435648543462008,-0.967189670707634,1.3313590293161444,-0.03401276678227891,0.0
-1.7317881812843807,0.05404709216118585,0.001783673504343977,-0.00596548928224312,2.0
-1.7317881822998007,0.05405197390346625,-0.008725954557745871,-0.017969644963782266,2.0
0.5435648547932922,-0.9671895568384336,1.3329041323955173,-0.016245106465791578,0.0
0.5598736412117137,-0.6925139062929674,-1.4795483923246489,0.024505933980585808,1.0
0.559873640479832,-0.69251639115943,-1.4806694942622018,-0.009753362541306747,1.0
-1.7317881808639923,0.05405148313702254,-0.007571152784901464,-0.028376504512407048,2.0
-1.7317881815196798,0.05404974205797161,-0.0038007921069179327,0.051393551874288936,2.0
0.543564855544941,-0.9671885786649095,1.3287874182097745,-0.04409407506960078,0.0
0.5598736405668263,-0.6925164269516195,-1.4875007264749442,0.0024838428719706324,1.0
0.5598736411868311,-0.6925132474747998,-1.4753214411592828,-0.07724899521362164,1.0
-1.7317881816939629,0.054050237641980546,0.0019090636165531461,-0.016299145310784607,2.0
0.5435648545537949,-0.9671877029607502,1.32901033820889,0.024159905843803578,0.0
0.6271579193636118,1.607811500577224,0.1613151988926821,0.031708776875293394,3.0
0.5598736415450898,-0.6925171922957718,-1.4764834423026645,0.021155281325493824,1.0
-1.7317881815960527,0.054051716073489194,-0.0008185255232468131,0.012716832828453048,2.0
0.5598736418450275,-0.6925148859585428,-1.4752465085486692,0.033130380568454916,1.0
0.5598736412634784,-0.6925162625058988,-1.4722252534131033,0.047896825739726506,1.0
0.5435648538614135,-0.9671893089691983,1.3279694225386265,-0.013676642939534805,0.0
0.5598736413558818,-0.6925142412026862,-1.4723213399953279,-0.03183619613252449,1.0
0.5435648552348773,-0.967189338562109,1.3258084144932742,0.06848329260074502,0.0
0.5435648551827613,-0.9671905830084898,1.3333711625070124,-0.014630806340466406,0.0
0.5598736416797844,-0.6925160647035041,-1.4746702273237715,0.010436063732166491,1.0
-1.7317881815501253,0.05405228390285057,-0.0007577441800097577,-7.59175472224378e-05,2.0
-1.7317881821182401,0.054053691136929705,-0.0009479312223970575,0.01177020555953006,2.0
-1.731788181017308,0.05405126711762413,-0.006646007350358624,-0.03113053391561648,2.0
0.5598736412204104,-0.692516666907187,-1.4771936241721717,-0.07589631968091111,1.0
0.6271579201747232,1.607810973632631,0.16431843171564497,-0.0006437413618817426,3.0
0.5598736415809805,-0.6925163933723416,-1.4821030829379704,-0.03232497085066344,1.0
0.5435648545575417,-0.9671899664733681,1.3303556431999708,0.04937002761471227,0.0
0.6271579197271481,1.6078114873116707,0.1558066046854708,0.006765132726701614,3.0
0.5435648545993804,-0.96718987812295,1.3307420623690498,0.012033750948028183,0.0
0.559873641742235,-0.6925147579677,-1.482150420426956,0.030798850515191052,1.0
-1.7317881818496508,0.054050169376915175,-0.005833080110601936,-0.0013556688586728093,2.0
-1.7317881811055857,0.0540507872185269,-0.004313276522874853,-0.005793735971261736,2.0
0.6271579199278015,1.6078150172148775,0.15871905624399774,0.029660758774004776,3.0
-1.7317881821126866,0.05405063635083365,-0.0037454711564872726,-0.02829790566678276,2.0
0.5435648545011966,-0.9671889948308536,1.3303923309805445,0.018622579914929466,0.0
0.5435648544904279,-0.9671905559064764,1.3334867067602005,0.002358726061974556,0.0
0.6271579195286262,1.6078112427518043,0.16097588459498716,0.050480838224614855,3.0
0.5598736413394055,-0.6925126813888468,-1.4745636664996777,0.014131901372646945,1.0
0.6271579197663903,1.6078121426210852,0.1576915196769566,0.02077206331021211,3.0
-1.7317881811449476,0.054048905215418726,-0.012109120688741915,-0.013281274217684233,2.0
-1.7317881819175667,0.054052257928323855,0.0026219121746635897,0.014493072946991363,2.0
0.5435648557421429,-0.9671883645439607,1.334984834545965,-0.04910042397615999,0.0
0.5435648545620013,-0.9671896454912663,1.3337076775456127,0.03745013191016624,0.0
0.5598736411316008,-0.692515631207238,-1.4830785391398118,-0.04709158993507952,1.0
-1.7317881817720904,0.054047592806654214,0.003297559042426925,-0.0361300912233755,2.0
0.5435648549093434,-0.9671889074674114,1.335956079999741,0.001532467751638995,0.0
0.5435648544938736,-0.9671912760900473,1.3243366403355046,-0.0038662334798007323,0.0
0.5435648552802717,-0.9671905895966166,1.3385118293073865,0.009761623971043885,0.0
0.6271579200421441,1.6078147314161955,0.15754983434849598,0.018508255411887366,3.0
0.559873641581987,-0.6925141314837361,-1.4785499468081114,0.024990174949541852,1.0
0.5435648539709316,-0.9671915447193916,1.3299209482300653,0.045240028770592015,0.0
-1.7317881811995597,0.05404897254535172,-0.002633411957259274,-0.005221825746352139,2.0
0.5435648547592492,-0.9671881886411441,1.3267983403769381,0.00877474113992165,0.0
0.6271579201120955,1.6078104569109593,0.1583581934464162,-0.03051818552799663,3.0
0.5435648549780998,-0.9671907390339886,1.3317164694125034,-0.028628769239333524,0.0
0.5435648546741044,-0.9671876586924973,1.3328822701553242,0.013639982404517316,0.0
0.6271579198762534,1.6078099894930742,0.1587748101325065,0.020249175907646397,3.0
0.543564854523783,-0.9671880243808106,1.335901294456609,-0.0028578916323718892,0.0
-1.7317881820945538,0.05405062869108055,-0.004436083089239099,0.03588717830030871,2.0
-1.7317881813114822,0.054050377460625666,-0.005194300965997234,-0.011068487461925465,2.0
0.6271579197692718,1.6078106657199416,0.1536166450778976,0.018432315178271166,3.0
0.543564854893585,-0.9671905496209365,1.3290229319192617,-0.051057999011048905,0.0
-1.7317881809314133,0.05405164885747626,-0.006855327719700597,-0.011667213178534828,2.0
0.559873641742796,-0.6925166535591653,-1.4781508759318183,-0.02635058113447508,1.0
0.5435648544817214,-0.9671894071292076,1.3330575661542343,-0.035022033382042815,0.0
0.627157919938701,1.6078127740034098,0.15867928818232419,-0.04025860062865516,3.0
0.5435648551459523,-0.9671874293322127,1.334330765869725,0.01530913379947825,0.0
0.543564855153206,-0.9671880317635465,1.3302394208522907,-0.06504503087312262,0.0
0.5435648551027265,-0.967188724298648,1.3300660131642643,0.007800458157096337,0.0
0.559873641676812,-0.6925149068159463,-1.4795185658282215,-0.06559314013800216,1.0
0.6271579198911214,1.6078115025169857,0.16398502078034005,-0.00903004906648062,3.0
-1.7317881813376643,0.054049496343909036,0.0012610086691910495,0.0050393758433753474,2.0
-1.731788181650051,0.05405089308208508,-0.003924330733616261,-0.0440789497554958,2.0
0.6271579198515111,1.6078108010054832,0.1616874047289209,-0.050498845518452934,3.0
-1.7317881812279472,0.054048353652652543,-0.0008351097581503649,-0.011627206360998042,2.0
0.6271579202399113,1.607809649548293,0.16308810132341606,-0.03818344537022919,3.0
0.5435648547918838,-0.9671907152512844,1.3309357818983154,0.06444951765111614,0.0
0.5598736410656623,-0.6925168280778278,-1.4780537665637519,-0.018121692713078456,1.0
0.543564854260279,-0.9671892066884095,1.3341206506002987,0.02117583544982266,0.0
0.6271579193879064,1.6078118789799871,0.1628627739279046,0.001225544512206448,3.0
0.5598736408570084,-0.692514699453519,-1.4794053613062554,-0.02201736595039295,1.0
0.5435648555235839,-0.9671854383939447,1.333147277285243,0.002961199746407261,0.0
0.5598736421984353,-0.6925182177268173,-1.4796201747660325,-0.04888386624179811,1.0
0.5435648544194437,-0.9671881297984072,1.3325638379410616,0.01998459604302426,0.0
0.6271579197975653,1.6078144891833337,0.15727710204182152,-0.009980077151007011,3.0
0.5435648548535711,-0.9671895328823582,1.328562356135112,-0.006133867332647402,0.0
0.5598736412414207,-0.6925159353046775,-1.4855576078907344,0.034476548058748384,1.0
0.5435648550899326,-0.967187936846613,1.331904652150047,-0.00999666123453521,0.0
0.6271579200016463,1.6078124556738127,0.16657943625059032,-0.028310657930867116,3.0
0.5435648547804927,-0.967189457624109,1.3352287130311515,-0.014969152887437023,0.0
0.5598736417594825,-0.692514934220477,-1.4791254073671436,0.048420534611790404,1.0
0.5435648551510184,-0.9671890132774751,1.330834089744478,-0.007253015962478533,0.0
0.559873641865139,-0.692518181096264,-1.4781987980284088,-0.07136333921675041,1.0
0.5435648544188351,-0.9671897515134856,1.3324788668806216,-0.04064740705054288,0.0
0.6271579199078183,1.6078114619807944,0.1657136746753514,-0.011329454240831677,3.0
0.559873642106514,-0.6925181955933509,-1.4799597671289324,-0.03467393959524451,1.0
-1.7317881811230076,0.05405047369385596,0.0010387138843682769,-0.06209706152278212,2.0
0.6271579197762492,1.607808342952742,0.16321185047927528,0.012599481021237998,3.0
0.5435648551305596,-0.9671911950472106,1.3365632798365652,-0.04610301958260131,0.0
-1.7317881816419471,0.05405000090714797,0.001377351705652268,-0.01764391707900644,2.0
0.6271579197002455,1.607811685945617,0.15544640800062784,0.06916764268001831,3.0
0.5435648548957723,-0.9671914476771288,1.3310515680506638,-0.010251584453130739,0.0
0.6271579200278323,1.607810970652366,0.15516386703118154,-0.018414666565262954,3.0
0.5598736419086016,-0.6925149693548516,-1.4808081659854793,-0.06655609844570408,1.0
-1.731788180891033,0.05404972888935929,-0.004408968847167482,0.004041338605799606,2.0
-1.7317881817473613,0.054051240304725086,0.0016070675727438064,-0.0107839782702963,2.0
0.5435648551521461,-0.9671904829074022,1.3291765139362868,-0.008937328757204092,0.0
0.5435648545837097,-0.9671910274731308,1.3344864910061862,0.03228760924638046,0.0
-1.731788181831431,0.05405008819057618,-0.011194950420580127,-0.04321062421690528,2.0
-1.7317881812895368,0.0540504040870249,-0.0024701442240007148,0.07375355447169456,2.0
0.5598736413140258,-0.6925177576238882,-1.4771966652907693,-0.00331159262455073,1.0
0.5435648548638747,-0.9671893394957788,1.338888536457287,-0.006856787295086326,0.0
-1.731788181309575,0.054047638691078766,-0.007804261360595992,-0.00203931671966229,2.0
0.5598736417414459,-0.6925152120640959,-1.4806273361872162,-0.006940169521325638,1.0
0.5435648549448089,-0.9671904072783103,1.3336346806832675,0.03690086625926389,0.0
0.6271579195612014,1.6078108403155649,0.1628167157158977,0.013685579454046299,3.0
0.5435648551489202,-0.9671889465757664,1.3280580719603172,-0.04838954272942748,0.0
0.5435648546456033,-0.9671869313833263,1.3300897625019803,-0.06309962657307791,0.0
-1.7317881815741123,0.05405039328845066,-0.008132739731822158,-0.018878741082768716,2.0
-1.7317881815019829,0.05404795141250335,-0.005176301127041167,0.01660561003274308,2.0
-1.7317881811196143,0.05405268496219802,-0.012766768919832583,-0.005144918577487318,2.0
0.6271579198080657,1.6078124077179454,0.14682090400401138,-0.049897838726638694,3.0
0.5435648549648006,-0.9671896154114713,1.331713607781973,0.01019944701712136,0.0
-1.73178818162742,0.05404851204770338,-0.0047230571974344986,-0.03129045050097566,2.0
0.543564854690114,-0.9671913790813701,1.3308764211437532,0.01673388499620161,0.0
0.5435648547689339,-0.9671902222686957,1.3332418858824127,0.03459946407726254,0.0
-1.7317881813429528,0.05404695364693859,-0.011588337070093917,0.005769513889331877,2.0
0.5598736409820098,-0.6925141919974019,-1.4788104653282426,-0.0020888848257591074,1.0
-1.7317881810091327,0.05405280204405294,-0.007814589060098909,-0.008907041129911804,2.0
-1.7317881816154548,0.05405078871098707,-0.0018909007470294863,-0.03629014585103345,2.0
0.5598736416115819,-0.6925153184921967,-1.4770207342131716,0.03897885692208292,1.0
0.6271579200946956,1.6078126406824371,0.16827740299526606,-0.0034788519734898177,3.0
-1.7317881807829003,0.05404896354678246,-0.004251786707902912,-0.015624066240999131,2.0
0.6271579200237565,1.6078110181908454,0.15776293100340377,0.028144871344282677,3.0
0.5435648549449594,-0.9671916119125283,1.3335874110624426,0.01639501515503078,0.0
0.5598736416821605,-0.6925165375621978,-1.4830083022419636,0.0023917686898527577,1.0
0.5435648548720126,-0.9671905526280211,1.3328550622782147,-0.022664404185422683,0.0
-1.7317881815159368,0.05404774724450449,-0.002231983911514184,0.01307018108049245,2.0
0.5598736413667506,-0.6925163327526316,-1.4784125123969682,-0.03950298370817319,1.0
0.6271579195297275,1.607810552794637,0.1632392616519999,-0.04823545657263216,3.0
0.6271579194781886,1.6078103632940173,0.1617011890792142,-0.02500649074467637,3.0
-1.7317881807674018,0.05405388457460461,-0.006733326582861792,-0.014202771026419859,2.0
0.5435648544393152,-0.9671930980667088,1.3346103415736452,0.07703647081820589,0.0
0.5598736421003949,-0.6925147517046346,-1.4742430017769823,0.0078006531316392085,1.0
0.5598736415786648,-0.6925146654697768,-1.4812387653367798,-0.006026396506310338,1.0
-1.7317881810393643,0.05404830675455307,-0.00598993948986317,0.022196182265823337,2.0
-1.7317881805398774,0.05404523280102928,0.00042901346523232706,0.004350082007009192,2.0
0.5598736412946766,-0.6925154440902692,-1.479400230394548,-0.03736561403220191,1.0
0.5598736418937265,-0.692513222184173,-1.4833301714300198,0.03224946185065129,1.0
0.6271579196567227,1.6078103484445097,0.16065588552448365,0.06671106713576885,3.0
0.543564854453685,-0.9671905138766206,1.3318678898504517,0.010569679315609943,0.0
0.5598736418684622,-0.6925179790553093,-1.4788515362433627,-0.020012980878249622,1.0
0.559873641343289,-0.6925173762603974,-1.4759523363812401,-0.0028185583155082737,1.0
-1.731788180701662,0.0540469258898256,-0.0030804447360317433,-0.0660605720845754,2.0
0.5598736415047332,-0.6925184812291835,-1.4855480253233273,0.009774742421564429,1.0
0.5435648549163739,-0.9671898780055901,1.3328982191298624,0.014872641372850607,0.0
0.6271579201413472,1.6078106119678246,0.15911069131301375,0.03841226492808896,3.0
0.5598736414114499,-0.6925185122818424,-1.4828957460662304,-0.009149068766406214,1.0
0.5598736410655729,-0.6925150127987918,-1.4779260577178621,-0.060255608783583894,1.0
0.6271579192863541,1.6078095700920878,0.15842662007126043,-0.0257993258058091,3.0
0.5598736418715698,-0.692518047239215,-1.4795765674541688,0.08668033662399786,1.0
0.5435648545737808,-0.9671931574223273,1.3317592921197123,-0.06242507942622798,0.0
0.6271579195864501,1.607810153205715,0.1577419655837671,-0.05884557607206405,3.0
0.6271579200166778,1.6078086360347208,0.16078188741526914,0.030869080015703054,3.0
0.5435648550415446,-0.9671933378001887,1.3358632331338647,0.08093731375081335,0.0
-1.731788181711098,0.05405085954664321,-0.0037777388570532687,0.019714918640871007,2.0
0.559873641919683,-0.6925143829175763,-1.471742970960236,-0.00036062246859643255,1.0
0.5435648546670839,-0.9671870445365212,1.3356137102446315,0.024335962267611363,0.0
0.5435648539286626,-0.9671889589628228,1.3294306304242505,-0.03787429732278734,0.0
0.6271579197176249,1.6078142274041538,0.1575373636441788,0.011728467352169408,3.0
0.5435648542928411,-0.967190317287563,1.3387321695085477,-0.009346494851167664,0.0
0.5435648547484218,-0.9671907136865276,1.3311345256878564,-0.05460551878870719,0.0
0.5598736416588497,-0.6925187327969838,-1.4792510405499708,-0.05332505944321211,1.0
0.5435648544675407,-0.9671868061750452,1.3338435256704357,0.015486691903505757,0.0
-1.7317881812725748,0.0540492108959843,-0.01084000847428633,-0.024349889580880697,2.0
0.5598736422107057,-0.6925183408265956,-1.4779883226197377,0.03439185126149608,1.0
0.5598736408336715,-0.692515936254423,-1.4780475345335096,-0.01168644506224432,1.0
-1.7317881809822007,0.05404882415867502,0.0013372321008282046,-0.02439467783976186,2.0
-1.7317881817130174,0.05405008911615216,-0.0009951201593507136,0.07959626226653312,2.0
0.5435648546663341,-0.9671919788112041,1.335450014456815,-0.0007515743424017798,0.0
0.5435648541920947,-0.9671912212579622,1.3299430710086104,-0.0074237932981749775,0.0
0.5598736411812301,-0.6925153636921674,-1.4813927036326136,-0.021107438442432423,1.0
0.5598736421854942,-0.6925131522948579,-1.4877298065469287,-0.0008539889680399033,1.0
-1.7317881812879257,0.05405113692254386,-0.0023859664626193766,-0.0332914669422409,2.0
0.5435648542630099,-0.9671883540812097,1.3398770851844068,0.02305819077194139,0.0
0.5598736410321745,-0.6925137739462098,-1.4776162613978805,-0.053440597956957846,1.0
0.6271579204943014,1.6078101723800786,0.16002458109207793,-0.02969451677198651,3.0
-1.7317881819779208,0.05405161775702928,-0.003952531031836931,-0.026086464685955074,2.0
0.5435648550038304,-0.9671911065768535,1.3304061165125278,-0.031135714828810414,0.0
0.5435648548799804,-0.9671881288203931,1.3322232534015717,0.008986715149025656,0.0
0.543564854664927,-0.9671902624862063,1.3327240830308928,0.03402659997269485,0.0
0.5435648547476534,-0.9671900305073877,1.3393033397255025,-0.005285222122250856,0.0
0.5435648550885285,-0.9671880277552626,1.335877209856104,-0.04749328975725684,0.0
-1.731788181594985,0.05404959898085612,0.0006608979777861437,-0.004917946347149037,2.0
0.5598736414135891,-0.6925171461163151,-1.4771138433212434,-0.012253563308494829,1.0
0.6271579203432752,1.607810655608903,0.16133662007354593,-0.00034275117746110915,3.0
-1.7317881809445101,0.05404715365124372,-0.007581375818353068,-0.019892939784708068,2.0
0.5435648557639304,-0.967189098503051,1.3257609492624811,-0.007128460158614468,0.0
0.6271579196343983,1.6078107284986782,0.16208864998127667,0.0035658453121083186,3.0
0.5598736413207906,-0.6925166198042485,-1.4827797176448752,-0.04804987229084411,1.0
-1.7317881817867644,0.05405008067459302,-0.009154534707507649,-0.013549776345166398,2.0
0.6271579198734436,1.6078129001985264,0.1571364842965757,0.023299086254953773,3.0
0.6271579201453862,1.607811522260383,0.1654622476099807,0.008090159728256479,3.0
0.5435648544461836,-0.9671885625826319,1.3339708128661514,-0.004429662757976434,0.0
0.6271579199131083,1.6078130844785075,0.16138693913192684,0.01936276656066379,3.0
0.6271579200585637,1.607810400888916,0.15976890594450563,-0.042520057837146796,3.0
0.5435648543747292,-0.9671903069332385,1.3264157198412037,0.032188440639653045,0.0
0.6271579199724867,1.6078105123759745,0.1611598656018623,0.040644618984802504,3.0
0.5598736411446935,-0.6925159094078508,-1.479830385456354,-0.013692853498047079,1.0
0.6271579206726997,1.6078112214181495,0.1588740917489668,0.032513105302248164,3.0
0.5598736411013976,-0.6925174484777058,-1.4825360748547465,0.0320127170622723,1.0
0.62715791911973,1.6078086816536286,0.15882883870650455,0.01678239210744982,3.0
-1.7317881810058118,0.05405214226150053,-0.0026795558319169604,0.016759164929797354,2.0
-1.7317881818526166,0.05404881978164754,-0.0052839124817281756,0.08563807325932905,2.0
0.5435648545795915,-0.9671885249471845,1.331670637188338,0.017765158917696023,0.0
-1.7317881809281908,0.05404900228160007,-0.00728701043088522,0.04071045999494158,2.0
0.5435648553682402,-0.9671918362526394,1.3299156736486302,0.048062299276783176,0.0
-1.7317881818650493,0.05404973633831957,-0.003541404304435997,0.018118486839393398,2.0
0.5435648548605418,-0.9671919041771572,1.3390953796304677,-0.031122327243271693,0.0
0.5435648549286194,-0.9671910099105263,1.337204163444875,0.07517808714323766,0.0
0.5598736414630999,-0.6925174890502828,-1.4822728222618438,0.047065976103764486,1.0
0.5598736415442623,-0.6925155072109559,-1.478164300677243,-0.038226190632816875,1.0
0.5435648544282914,-0.9671872011556975,1.3349898484734894,0.014727772000954556,0.0
0.6271579200496854,1.607809472154592,0.1593623706888342,-0.07344579803032103,3.0
0.6271579200380614,1.607811943663017,0.16208008005985286,0.05406819567853648,3.0
-1.7317881819299108,0.05404957445164396,0.00042905619710328615,0.03400555814341743,2.0
-1.7317881808489395,0.054050274471556047,-0.0028300472681755244,-0.005174449193096305,2.0
0.6271579198525139,1.60781449278123,0.15690604063206526,-0.014824416365888484,3.0
0.5435648546927632,-0.9671895536108416,1.3395755785361096,0.007118097944653478,0.0
-1.7317881814444156,0.05405185853262897,-0.012657460313857642,0.003472457769950122,2.0
0.6271579195094096,1.6078116855355982,0.16276205125285223,0.01923547122335561,3.0
-1.7317881814256662,0.05405271030902945,-0.010328166039778573,-0.02246931422296387,2.0
-1.731788180774469,0.05404918239836119,0.00036817487611459643,-0.000914753997919667,2.0
-1.7317881821312737,0.05405081468158434,-0.01477774403234834,-0.016750524002388693,2.0
0.5598736415160254,-0.6925144280870741,-1.4763455386936548,0.002506542484399373,1.0
0.6271579201497816,1.607812390950957,0.16208828666265854,0.03497608292283211,3.0
0.6271579199763245,1.6078105852240225,0.1578287672896395,0.020839977465445796,3.0
-1.7317881815878655,0.054049804725047015,-0.007298063562606911,-0.0038705538624768257,2.0
0.5598736412964126,-0.6925152115332772,-1.4784313142820191,-0.005738478883353081,1.0
-1.731788181633106,0.05404910547135931,-0.006410563332775588,-0.007598367564833922,2.0
0.5598736416318556,-0.6925150450931106,-1.4859541106351482,-0.04336214681225836,1.0
0.6271579191793544,1.6078133139966866,0.1614806138349339,0.061116319398263876,3.0
0.5435648543518169,-0.9671925949949421,1.3341343927484244,0.011589445891170277,0.0
0.5435648549227586,-0.9671909253021561,1.3279499518908942,0.04665338300378175,0.0
0.6271579200697324,1.6078146277165923,0.15849648226577287,0.014099942543919714,3.0
0.6271579202567976,1.607811542740864,0.1597734663531687,5.561839323157554e-05,3.0
0.6271579201179891,1.6078086611429392,0.1574821296852007,-0.029376969926491147,3.0
0.543564854913126,-0.9671906316330894,1.333479376749128,0.018306589330866603,0.0
-1.7317881817362175,0.0540510622493729,-0.0069450688882306865,-0.0050697170933446615,2.0
0.5598736409388496,-0.6925194003306873,-1.4818508425398706,-0.03570653944195857,1.0
0.6271579195417114,1.607811975210912,0.15837651571012276,-0.011696714845694858,3.0
0.5598736413341799,-0.6925172776049339,-1.4790622642002937,-0.03739632131385087,1.0
0.5598736412604426,-0.6925172115291071,-1.4756025813031568,0.0441257017889984,1.0
0.5598736414592653,-0.6925148615101077,-1.477691637405075,0.044412099521289806,1.0
-1.7317881821121688,0.05405065213927844,-0.0019086363594323344,-0.0018845027498254022,2.0
0.5435648550151411,-0.967190177526909,1.3393575470937995,0.018458541458342758,0.0
0.543564854871427,-0.9671894674396493,1.3276498864086341,0.01531510362176995,0.0
-1.7317881814448095,0.05405063420866945,-0.0018013176476450409,-0.012489640020809153,2.0
0.6271579195203065,1.6078108407572527,0.16174537162031447,0.017501214923933424,3.0
-1.7317881815832086,0.054049281389449144,-0.006275043756346596,0.0024461510995561165,2.0
-1.7317881815833103,0.05404727458437378,-0.0004491740456050704,0.02835449626492285,2.0
0.5598736411016192,-0.6925133804432505,-1.4793229524041795,-0.02248958922555789,1.0
-1.731788182264576,0.054049984575255616,-0.008620279432043665,0.006024115775898939,2.0
0.6271579198486236,1.6078135033932466,0.16364232314297014,-0.0471706820152801,3.0
0.5598736412392525,-0.6925147929188409,-1.4838434778817327,-0.06419735172098856,1.0
0.6271579192946322,1.6078103411152787,0.16118313603523846,-0.029848858773250476,3.0
0.543564854406939,-0.9671893397711548,1.3330692698847644,0.010827671360490159,0.0
0.5598736412009943,-0.6925158800263007,-1.4721277070607053,-0.047101337007942834,1.0
0.5598736416614744,-0.6925162554791778,-1.4729672247448327,-0.0340708992504145,1.0
0.5435648539918062,-0.9671885667645582,1.338877031014267,0.044567518516198584,0.0
0.5435648543858341,-0.967190772573797,1.3349392997243583,0.055628629228101065,0.0
-1.731788181137508,0.0540478804069639,-0.0023662679457535475,0.0068215806987211944,2.0
0.6271579201543895,1.6078136356417307,0.16427552903210896,0.055188478442862815,3.0
0.6271579197960668,1.6078151257596132,0.15246383020386634,-0.01862041177991292,3.0
0.5598736414485985,-0.6925190916347372,-1.470960314389024,-0.03652784621950821,1.0
0.5598736409844096,-0.6925134258065351,-1.481817361814709,-0.009720382595949624,1.0
-1.7317881814217504,0.05404952963288443,-0.008697133888552777,-0.024739854516078987,2.0
-1.7317881819116068,0.054048267699509316,-0.006762212801967066,-0.027841823830564185,2.0
-1.7317881809993592,0.05404803166387746,-0.0030560916496679617,-0.03601246281112469,2.0
0.543564854571014,-0.9671890768549148,1.333826652148881,0.04050936886713415,0.0
0.5435648546204137,-0.9671903732952851,1.3400250661298911,0.053631520632936636,0.0
0.5598736418101252,-0.6925149248969786,-1.4765052823927405,-0.02516563140770795,1.0
0.6271579200835947,1.6078107105649921,0.15992428663548894,-0.0737310808195422,3.0
-1.7317881812947484,0.05404852838248464,-0.007394135955507335,-0.021460453829857114,2.0
0.5435648547616916,-0.9671892020198544,1.3350846156573895,0.017486137262782555,0.0
0.6271579196280884,1.607810706381056,0.1637195953677867,0.001781847206437971,3.0
-1.7317881814534182,0.054051840232133205,-0.004160750018983993,0.006365942208731939,2.0
0.5435648545221331,-0.9671946264135264,1.3330128820299445,0.03062005797274395,0.0
-1.7317881820012926,0.054051077147105026,0.0004947640160686548,0.030501473361828253,2.0
0.5598736414834025,-0.6925142810401892,-1.4787110181991852,0.02629082414285485,1.0
0.5598736417479104,-0.6925199183927729,-1.48437981352263,-0.048028855342249155,1.0
0.6271579196837974,1.6078082421151279,0.16979564260484778,0.02499421350561873,3.0
-1.7317881810602276,0.054049675747963724,0.006262517131448567,0.0059284522867301985,2.0
0.6271579198265669,1.6078116578889072,0.16050801723988584,-0.013784263238908485,3.0
0.6271579206617784,1.6078121303836812,0.1617973076053061,-0.025468055548116205,3.0
0.5435648551030319,-0.9671901768118908,1.3356109720987073,0.013955206925945493,0.0
0.543564854374083,-0.9671902596172979,1.3290604832544943,-0.010446030560073443,0.0
0.5598736423191759,-0.692517914222153,-1.4795568571267796,-0.01643251960618199,1.0
0.5598736416813819,-0.6925153731618684,-1.4750039802859287,-0.06468393339728866,1.0
-1.7317881820470227,0.05404802634381903,-0.004732563921451249,-0.05248388923487229,2.0
0.6271579202298412,1.6078101383230123,0.15519424110319205,0.05006905108272436,3.0
0.559873642144774,-0.6925178402358562,-1.4693965848140382,-0.03858625085881596,1.0
-1.7317881808281765,0.05405285650188254,-0.0005055763296725438,-0.04493140887910518,2.0
-1.7317881812142775,0.0540529098399387,0.0029471337748369574,-0.03478799470854635,2.0
0.627157919795722,1.6078099716258045,0.1541457638993504,0.009483296804629174,3.0
0.5598736411712122,-0.6925156419846535,-1.481903303649,-0.02509148070475563,1.0
0.559873641174702,-0.6925162542302762,-1.4792204557714528,0.01849056721692866,1.0
-1.7317881804378805,0.05404985144275296,-0.01001055898089105,-0.005400369351537854,2.0
-1.731788181516013,0.05405010971125261,-0.002797388227515271,0.031346471933445204,2.0
0.5598736418803743,-0.6925157375072207,-1.4796850236639736,-0.07088541315978467,1.0
0.5598736418731443,-0.6925155882039711,-1.4749554195374501,0.033768257640530125,1.0
0.5598736414698936,-0.6925168075682875,-1.482189033963469,-0.021860971462570118,1.0
0.6271579201091141,1.6078112328733465,0.15689819133484229,0.026855935990244436,3.0
-1.7317881814516718,0.0540488156737374,-0.004125813098392721,0.06147726658369048,2.0
0.6271579203760408,1.607808875719696,0.16173408554342222,0.030398822815794473,3.0
-1.73178818179412,0.05405217937079956,-0.0023453998256933377,-0.008993197184963367,2.0
0.5598736411126097,-0.6925151867661301,-1.4801478471882388,0.0034294283175233522,1.0
0.5435648548310575,-0.9671884437240466,1.3340486562041518,0.05262201979104475,0.0
0.6271579202471003,1.6078115572784724,0.1605397343009217,-0.02235892175182103,3.0
-1.7317881812854026,0.054049040950263735,-0.006817151856240367,-0.040882429645050254,2.0
-1.7317881815237284,0.054053308796225774,0.0032824796953339346,0.03003530945928597,2.0
0.5435648542763019,-0.9671910280693614,1.3328840333800578,0.021371167560336825,0.0
0.6271579201067263,1.6078103758505775,0.15657343429336767,-0.010112489280818716,3.0
0.6271579202327194,1.6078104838826963,0.1628575320839149,0.008367712871677336,3.0
-1.7317881809746818,0.05404977777311747,-0.0009228289514106425,0.05633953447985278,2.0
0.5598736422127316,-0.6925173160867267,-1.4797608688089314,-0.017286031367187624,1.0
0.5598736417020749,-0.6925147820135038,-1.480701841717593,-0.010537640733332344,1.0
0.5598736411310641,-0.6925139043101022,-1.475977311563446,-0.013752795293497449,1.0
0.5598736416579729,-0.6925184043451303,-1.4793226322016306,0.014708975064956427,1.0
0.5435648547625446,-0.9671925677374179,1.3358240657636673,-0.052222666973872435,0.0
0.5435648542122807,-0.9671896758273526,1.330753993205791,0.034353843605732494,0.0
0.6271579196071552,1.6078104564941664,0.1632654422873284,-0.006648189094391372,3.0
0.6271579195662624,1.6078104314125394,0.16254301272166896,0.02425734429257668,3.0
0.5435648547089525,-0.9671928199281613,1.3305189622526437,0.05952302990293028,0.0
-1.7317881814627207,0.05404815379736113,-0.006920022205953966,-0.048398379198787256,2.0
0.5435648544061893,-0.9671899411969055,1.327865250341744,0.026582935444873727,0.0
0.6271579201352702,1.6078114804467925,0.16166234887858957,0.0734111138556172,3.0
0.6271579195067224,1.607810969913582,0.1601642053923602,-0.05921629281895764,3.0
0.5598736410544043,-0.6925158601537603,-1.478007763717068,-0.025221248535109732,1.0
0.5598736417016084,-0.6925161189288723,-1.4779752795825263,-0.026710925714216963,1.0
0.54356485517803,-0.9671895444159715,1.3362335534807874,0.03197128450079801,0.0
0.5598736420700933,-0.6925151625786655,-1.4722217149713237,-0.07646347855000094,1.0
0.5598736422149241,-0.6925180209629593,-1.4786001498182824,0.01794911615405995,1.0
-1.7317881815829712,0.0540518364295859,-0.005083489263218231,0.03459399674885894,2.0
0.6271579191130645,1.6078119975063245,0.16061879634466625,-0.005881232300903307,3.0
0.6271579197414718,1.6078110941633925,0.1603988253386246,0.026015410392164925,3.0
0.5435648548586579,-0.9671902012117615,1.3266057390580743,0.022239713826996355,0.0
0.5598736413338455,-0.6925169234894241,-1.477219125184088,-0.031198975190519916,1.0
0.5435648548668436,-0.9671935280552659,1.3330867941809794,-0.05917285285978033,0.0
0.5435648547183174,-0.9671907928048802,1.3362218965217192,0.05308860905074524,0.0
-1.731788181726059,0.05404853192578303,-0.0031573471362265843,-0.0012933268824170995,2.0
0.5598736422603823,-0.6925180765328641,-1.4824215841105033,-0.002348413574959242,1.0
-1.7317881816530059,0.05405041735042394,-0.007828846044628501,0.003269410408027402,2.0
-1.73178818103467,0.05405095323859766,-0.004917646111719919,-0.05823512431778265,2.0
0.6271579202876969,1.6078100382380716,0.15689348951411264,-0.04789531796527615,3.0
-1.7317881813310183,0.05405020502048516,-0.005438167544597922,0.041835875393262244,2.0
0.5598736421957106,-0.6925169556909185,-1.4772901627462416,0.032227207392985444,1.0
0.6271579196927212,1.6078136752848742,0.1609363881659122,-0.017590915171818395,3.0
0.5598736419705211,-0.6925177985418091,-1.4768484878364365,0.00800932756431694,1.0
0.5598736413414032,-0.6925196466380698,-1.481570344634578,0.011069862775670488,1.0
0.5435648544141463,-0.967187009962189,1.330838351669321,0.05335519826453754,0.0
0.559873640893888,-0.6925202078277798,-1.4769968445412904,0.012429648069804572,1.0
0.6271579199393684,1.6078106787056514,0.1619161547907986,0.00690238402973883,3.0
0.6271579198480397,1.6078099857574975,0.161638834648753,-0.008387291755739695,3.0
0.5598736410915579,-0.6925154502249701,-1.4738336866842578,-0.006561616221274384,1.0
0.5598736410510172,-0.6925152698525623,-1.4749030463242128,-0.02327572613491116,1.0
-1.731788181342791,0.05405126249670449,-0.0026676472008399913,0.07281383866393262,2.0
0.5435648547429454,-0.967188480626678,1.3326738480627858,0.034033054421905386,0.0
0.627157919758188,1.6078137536866732,0.16288660009324743,-0.06143236848420668,3.0
-1.731788181928843,0.054050401164274356,-0.007538629047434697,-0.01810000971193577,2.0
0.6271579203421017,1.6078118877036467,0.1622159125461196,0.03377603103365518,3.0
-1.7317881815915515,0.05404956470835847,-0.008117298074348736,-0.04766030283693049,2.0
0.5598736408300574,-0.6925152668509112,-1.4782867886498259,-0.001479310597582945,1.0
-1.7317881811800895,0.05405242778772779,-0.008082086591724635,0.028228175598231722,2.0
0.5435648550732392,-0.9671893875658757,1.3294216250944495,0.03438821621820632,0.0
0.5435648539856216,-0.9671893220403913,1.3300228384164998,0.025520211636240398,0.0
0.6271579201843966,1.6078141845640082,0.157558999798529,-0.03373349159035666,3.0
0.6271579197741621,1.6078098642604557,0.15733545200844826,-0.03326625283432815,3.0
0.627157919828165,1.6078119664987705,0.16509432915889985,0.007307995187815874,3.0
0.5435648547198619,-0.9671926150259462,1.3386456623201355,0.011162350318307524,0.0
0.5598736418736826,-0.6925150160397061,-1.4808116863085479,-0.03660597351615079,1.0
0.5598736406618589,-0.6925144186946344,-1.4747641904235615,-0.07177457710610032,1.0
-1.7317881814089866,0.05404996842992326,-0.0019406779939145562,-0.03093845663095289,2.0
0.5598736413888441,-0.6925143783605456,-1.4749339995479178,-0.0045702118941578305,1.0
0.5435648551413295,-0.967187635792943,1.3371966732041212,0.04071024969245343,0.0
-1.731788180997353,0.054052648695717666,-0.01652203721898333,0.0012568712227052218,2.0
0.5598736418388836,-0.6925172359233371,-1.4771358997480515,-0.016748109867799597,1.0
0.5435648548090654,-0.9671868708806973,1.3316144281326205,0.030378449127274856,0.0
0.5435648548114196,-0.9671876371171316,1.335548592023204,0.00690760446677589,0.0
-1.7317881819334793,0.05405014358776127,-0.004154939140022497,-0.01423481583571504,2.0
0.5435648549807172,-0.967190162246837,1.3335234853212419,0.0380600247377172,0.0
0.559873642134698,-0.6925184239939498,-1.478436127568202,-0.0031073091399152664,1.0
-1.7317881814800682,0.05404935334924521,0.00048373165029166155,0.04885680033396863,2.0
0.559873641125011,-0.6925178730724711,-1.475627730587849,0.02526342718679514,1.0
0.6271579201578081,1.6078136247104802,0.15674302057192152,0.01859439923313435,3.0
-1.7317881824147277,0.054047929237908895,-1.6611468134783204e-05,-0.01764916836022267,2.0
0.6271579195038512,1.607808526206442,0.15405001375421112,0.054025167812258544,3.0
0.5435648546945342,-0.9671892474314835,1.3315576197618044,-0.009052906511951392,0.0
0.5435648546686918,-0.9671890577486715,1.3315064376714412,0.057158455744389505,0.0
0.627157920416802,1.6078129297285748,0.16274446754366215,-0.020560884068920635,3.0
0.6271579205994696,1.607811206558408,0.16148149002370368,-0.01034592063955476,3.0
0.5435648546857063,-0.9671909105928901,1.328742949477341,0.025482148922566786,0.0
0.5435648551289186,-0.9671873274110753,1.3315301716686885,0.0004599668558609732,0.0
0.5598736418428365,-0.6925152347991638,-1.4785335362723115,0.005237003054059938,1.0
-1.7317881824928745,0.05404809578535895,-0.0022047405320347025,0.030630870925041232,2.0
0.5598736406605719,-0.6925144532516372,-1.48152985444555,0.01389052411943373,1.0
0.6271579197344256,1.607811816018226,0.16337085672585427,0.009647749121817664,3.0
0.5598736413694224,-0.6925141565493107,-1.4787176302047578,-0.0426851910833155,1.0
0.6271579197199337,1.6078121961678429,0.15775584728186562,0.05504828829438761,3.0
-1.7317881816377168,0.05405106473356864,-0.004975153385016131,-0.024041554630582024,2.0
0.5435648541703422,-0.9671902462845307,1.3350076581665613,0.05114606627352913,0.0
-1.7317881810454965,0.05405322897218477,-0.005638324873468213,0.018858679124304754,2.0
0.6271579201273402,1.6078126984973604,0.16022940530019583,0.010743039536693397,3.0
0.5435648543587925,-0.9671892948098979,1.3339885150438013,0.016678280545859223,0.0
0.5435648549361246,-0.9671914136716422,1.3343443265037787,0.006166848152684668,0.0
0.5598736418579918,-0.6925166082398014,-1.477126423415144,-0.08093520492313634,1.0
-1.7317881819916021,0.05405022545810257,0.0001951330939438791,0.06172664219235917,2.0
0.5598736416221817,-0.6925148979419267,-1.4822715833387976,0.007551739529787529,1.0
0.5435648554024874,-0.9671899739372728,1.3317302410365668,0.029923028968895978,0.0
-1.7317881813128904,0.054052023266157885,-0.0057085425142757934,0.004419094521626324,2.0
0.5598736412190236,-0.6925144206847942,-1.4722918810146677,-0.02951042189051696,1.0
0.6271579191756911,1.607809156105329,0.15813423507466787,0.023250932638418046,3.0
0.6271579202813041,1.607812264487095,0.15536059111271988,-0.023554433481402945,3.0
-1.7317881813594098,0.054049562251343164,-0.005169432119332553,-0.0636029581304079,2.0
-1.7317881813402616,0.05404724027115824,-0.006428632782191693,-0.002177862583468871,2.0
0.6271579193746885,1.6078055019235467,0.15660065765226283,0.02134444129603423,3.0
0.6271579209047801,1.6078129715273939,0.1649793337127454,0.019821463902774405,3.0
0.5598736416998124,-0.6925189363187152,-1.47671725210914,-0.0035723063842381473,1.0
0.6271579194483711,1.6078102101634844,0.16069776976390485,-0.039132830541249684,3.0
0.5598736414916148,-0.692516245745999,-1.4790926068487715,0.020476670721576256,1.0
-1.731788182078003,0.05404747941873636,-0.005023599743700518,0.0644271813701474,2.0
-1.7317881814479643,0.054051563577262145,-0.01275699127267633,-0.021105658807882243,2.0
-1.7317881807422308,0.05405488812310979,0.0009096972820104299,0.06363866560315216,2.0
0.6271579196989172,1.6078148935656715,0.1536783021894245,-0.02715726913277196,3.0
0.6271579195820806,1.6078151384455366,0.15680455284876038,-0.04291707589405119,3.0
0.5435648549756509,-0.9671903146473269,1.335947921830045,0.052340883595083154,0.0
0.5598736417871418,-0.6925157102153847,-1.4778022537633768,-0.021101510944488124,1.0
-1.7317881806418975,0.05405010865131831,-0.007854635665219985,-0.017500709004581793,2.0
0.5598736414491174,-0.6925168536920199,-1.4763941132535858,-0.03950228205177244,1.0
0.5435648540716203,-0.9671875841139115,1.327911965571389,0.022236869001299276,0.0
0.5598736414707295,-0.6925155475183615,-1.470047916235634,-0.010620515922805045,1.0
0.627157919466404,1.6078119759798948,0.15612095325445788,-0.005101016307401904,3.0
0.543564854699263,-0.967191974549733,1.3263446935109728,0.03274700551507945,0.0
0.5435648546338988,-0.9671899258449307,1.3355960796022364,-0.06687002351369543,0.0
0.6271579194616538,1.607812976772001,0.1606297469087692,0.01462073449577109,3.0
0.5598736409573303,-0.6925166810407539,-1.4739501209582246,-0.04669346657747004,1.0
0.5435648549735379,-0.9671879822015966,1.333523626722807,0.02688053100767599,0.0
0.5435648542581341,-0.967187921137081,1.3287323249203764,-0.006649114014149171,0.0
0.5435648547801751,-0.967190597013929,1.3276022592299175,-0.01720069205467173,0.0
0.6271579195525852,1.6078087961547582,0.15949341166979997,-0.04018751742047547,3.0
0.5435648549877102,-0.9671899543688514,1.3380833137938135,-0.031734841172405416,0.0
0.5598736411309085,-0.6925136394683293,-1.4721333986522023,-0.006757400413125736,1.0
-1.7317881821139185,0.05405085898235268,-0.007953267251053012,-0.0006243793191977228,2.0
-1.7317881817549494,0.05404770129349619,-0.004262725855984636,0.006114623537159434,2.0
-1.7317881814756892,0.05404862856255207,-0.008218173718249754,0.08124521993365513,2.0
-1.7317881817049998,0.05404955098120453,-0.004302864746058804,-0.04835734601036626,2.0
0.5598736417019125,-0.692516064707788,-1.4772206037020454,0.018072901485364386,1.0
-1.7317881813579128,0.054051255570314136,0.0021215204300495207,-0.04886668856788595,2.0
0.6271579194877157,1.6078104793785943,0.16167412284823304,-0.026736451207814392,3.0
0.627157919943742,1.607811335397784,0.15600210272868864,0.06870439679493792,3.0
-1.7317881817306824,0.054052427524176244,-0.00877497244489025,0.05812227948826191,2.0
-1.7317881812078282,0.05405035144433451,-0.010169420240335953,-0.011119842881914012,2.0
0.5435648549948725,-0.9671890261515206,1.331880887664735,0.014622935202521796,0.0
-1.7317881812727753,0.05405025270704822,-0.009463441233165188,0.036699921174048154,2.0
0.5598736417432177,-0.6925147941072264,-1.4769674583932535,-0.03359280880028462,1.0
-1.7317881816783596,0.05405234109269606,-0.0006505438918219483,-0.01381310267467034,2.0
0.5598736422613415,-0.6925161700012484,-1.4825752716602383,-0.032274440084491166,1.0
0.5435648550900245,-0.9671904476743289,1.3319218701469349,0.0021238119223651454,0.0
-1.7317881813251659,0.05405274593247991,-0.0006116802840437459,0.03147645329594778,2.0
-1.7317881816115357,0.05404965589227596,0.0025106430852662263,0.004251757126419906,2.0
0.6271579198413348,1.6078118090567077,0.15255553290639107,-0.005121174206636688,3.0
0.5435648543477446,-0.9671876211122427,1.3341082192838754,0.02044147225773219,0.0
0.627157919818287,1.6078119078780297,0.16014205060656922,-0.01980380274473111,3.0
0.5435648553628388,-0.9671892819572041,1.3339418298629269,0.03520259586242684,0.0
0.5598736410532428,-0.6925168379980284,-1.4800552220160552,-0.028456382935871057,1.0
0.6271579202825791,1.6078097659405626,0.15787705845168706,-0.036980322020569986,3.0
0.5598736411266836,-0.6925174161541663,-1.481846114457016,-0.04079333518538335,1.0
0.6271579197404448,1.6078110815521862,0.16581072214764825,0.05273962052172947,3.0
0.5598736412349772,-0.6925160397692498,-1.4813722453494982,-0.00926682170808611,1.0
-1.7317881815415166,0.05404624332870947,-0.006263330941545033,0.010416875962869927,2.0
0.6271579199210106,1.6078088411963232,0.15306455020962292,0.05074838225737469,3.0
-1.7317881817967293,0.054051799467312485,-0.0077244241510634705,0.02768029512947748,2.0
0.6271579196054069,1.6078108240838258,0.16182012459669112,0.04875672908947637,3.0
0.5435648549519748,-0.9671898085509857,1.336266195751379,0.029761916325857545,0.0
0.5598736419587146,-0.692516579363158,-1.4832480625565785,-0.01751559896638399,1.0
0.5435648552668534,-0.9671920180250342,1.3335926692859792,0.02561962112045511,0.0
0.5435648548194675,-0.9671896194072747,1.3375735852426003,-0.002917436850839917,0.0
-1.731788181632743,0.054049031303289335,-0.003595298380890583,-0.006566699931644346,2.0
0.5435648547099865,-0.9671894453309352,1.3366413489198081,0.03450780160834357,0.0
0.5435648552960978,-0.9671888680963179,1.3330232936387907,0.05908699222380049,0.0
0.5598736413300643,-0.6925159990738451,-1.4818834765617146,0.001689561201464286,1.0
-1.7317881815290526,0.054048791427710755,0.0026134434595052516,-0.021298192045714964,2.0
0.5598736414080281,-0.6925148491518494,-1.4710897807833834,-0.010049699785149874,1.0
0.559873641760415,-0.6925159498678142,-1.4768569172578447,-0.048393246075691725,1.0
0.5435648544028061,-0.9671894275418128,1.3302302961828671,0.049978460819607995,0.0
0.543564854794245,-0.9671912378709969,1.3326212019522738,-0.029475880030110528,0.0
0.5598736414208101,-0.6925134924517928,-1.48128197424878,0.017173319224411055,1.0
0.6271579201070955,1.607811315451637,0.16269430719987643,-0.05753519926133683,3.0
0.5435648544122611,-0.9671903279367384,1.3323916837079512,-0.018649507087561492,0.0
0.5598736410911843,-0.6925177921367448,-1.4771320636458944,-0.022668675812804236,1.0
0.5598736417226998,-0.6925176448711916,-1.4798054516023973,-0.048609634852936096,1.0
0.6271579199470139,1.6078144683579683,0.15819468367388972,0.021096873029348,3.0
0.6271579195378947,1.6078135774585112,0.16074769950245338,-0.04079413780708742,3.0
-1.7317881812101619,0.05404918200543784,-0.0072203355915504905,-0.006379850059755856,2.0
0.6271579199472471,1.6078125560644432,0.16190034865476013,-0.02173012175218115,3.0
0.6271579200146995,1.6078122782336857,0.16009344167426953,-0.002869912801103471,3.0
0.6271579196613856,1.6078162446908155,0.15703611060806888,0.02044887191211331,3.0
0.543564854597567,-0.9671916878197633,1.3356330313837894,0.007960031289436157,0.0
0.627157920049559,1.6078094331964934,0.15657874565974395,0.0044416732401460855,3.0
0.6271579199020912,1.607810247167444,0.16610023731776552,-0.02097062186303804,3.0
0.6271579194550235,1.6078121802104937,0.15674751718027485,-0.052761805741562404,3.0
0.6271579198490292,1.6078117857333298,0.1614226266444088,0.021914980113785197,3.0
0.5435648548078289,-0.967190401669939,1.337552436306599,0.0009693712631969672,0.0
0.6271579201218245,1.6078110380129762,0.1591661736007125,-0.0027080310063102666,3.0
0.55987364154932,-0.6925185218089632,-1.4747059886212048,0.016114988459446433,1.0
-1.7317881819108016,0.0540505327642606,-0.006222872408522852,0.008527226926888202,2.0
0.5435648544751357,-0.967190513530007,1.3340599487899927,0.045632993754273814,0.0
0.543564855558546,-0.9671877862640514,1.3334118052345578,0.03245009386193962,0.0
0.5435648552055237,-0.9671883189035113,1.328606148981242,-0.02711786419561617,0.0
0.5435648543491814,-0.9671874029358278,1.3329900853074184,0.06023794788861887,0.0
0.5435648547567968,-0.9671894856626039,1.3376197068242068,-0.01647955498632145,0.0
0.5435648542883689,-0.96718942507085,1.3345987305006954,-0.00013113570803921664,0.0
0.6271579197053777,1.6078135886391673,0.16073813040653834,-0.01661862308640282,3.0
0.5435648545712287,-0.9671923594724053,1.33425527940731,0.04723496319834528,0.0
0.5598736420519397,-0.6925149074048628,-1.4779810021196276,-0.052978543386175754,1.0
-1.7317881816803131,0.05405193375532708,-0.004214208841509713,0.01582339322306189,2.0
0.5598736413081633,-0.6925157464258405,-1.4724282945998406,-0.056613147774061366,1.0
0.6271579201366971,1.6078132029558263,0.15758283885226596,0.04459264861487932,3.0
-1.7317881819662144,0.05404997331398096,-0.0051108955896681674,-0.03310257336949231,2.0
0.6271579205644486,1.6078123951114796,0.15882368784172424,0.025871221057632284,3.0
0.6271579198594104,1.6078115884951034,0.15855211734223232,-0.06945203312973142,3.0
0.5598736417419224,-0.6925161962344248,-1.4833080224470676,-0.0108465661551581,1.0
0.627157919364504,1.6078107516296645,0.1634629070199759,0.02450108332622054,3.0
-1.7317881809760007,0.054052011557187724,-0.0022670590884196627,0.005528571006303971,2.0
-1.7317881816570544,0.05405096319135227,-0.0070579482212675074,-0.0994956700675019,2.0
-1.7317881817943797,0.05405250089655818,-0.0029361418104984056,-0.06684160170421169,2.0
-1.7317881809290419,0.054050553634717655,-0.0013298869082759303,0.02415144291983791,2.0
0.5435648546053821,-0.9671919357098815,1.3278998825744275,0.010800929936023185,0.0
0.6271579202674901,1.6078093097089434,0.1540813615417792,-0.052843154339791795,3.0
0.5598736406161027,-0.6925165541867732,-1.4758308440426573,-0.04175696730632199,1.0
0.5598736420912928,-0.6925164956160759,-1.4686409282227118,-0.09811556830587075,1.0
0.5435648549955441,-0.9671889558919741,1.3342307851732071,-0.012456686431551036,0.0
-1.7317881815659528,0.05404964617108061,-0.008317437879466302,-0.03358367686767828,2.0
0.5435648534874912,-0.967191916326889,1.328775111782108,-0.05056744076818835,0.0
-1.731788181505037,0.0540495541111007,-0.003989498540748913,-0.07519590319237562,2.0
-1.7317881814579805,0.05404957994892415,-0.007237777250098266,0.03194719137211705,2.0
0.6271579197717017,1.6078122989701173,0.16013198898409628,-0.004984881005656226,3.0
0.5435648550189732,-0.9671905936592856,1.3299897352604695,-0.022701383428827368,0.0
0.5598736414610382,-0.6925158929910785,-1.4732080370370069,0.017290515806429246,1.0
0.6271579200977468,1.607809848563435,0.1642333702959486,0.002311842511708788,3.0
-1.7317881812759357,0.05405374357964876,-0.003529985239019353,0.007903786512800869,2.0
0.6271579191389878,1.6078119186947957,0.16122073788815647,-0.015608208338348018,3.0
0.5598736418212323,-0.69251674146781,-1.4776617213935426,-0.011955795950989,1.0
0.6271579201579005,1.60781224329049,0.15836011985645104,0.03468555462958966,3.0
-1.7317881811506617,0.05404871351131795,-0.009271840765782786,0.016652243120857172,2.0
0.5598736414048419,-0.6925190248049606,-1.4736960891127486,-0.06364226560928782,1.0
0.5435648549294523,-0.9671913316936183,1.3316582387261435,0.010550869005989272,0.0
0.5598736411779741,-0.6925181083131668,-1.4759382711477718,-0.0397714393757271,1.0
0.5435648544863879,-0.9671909863115241,1.3329652328296209,0.004036644787842259,0.0
0.5598736411871329,-0.6925175092490651,-1.4820631857982687,-0.020260122802719698,1.0
0.5598736419695652,-0.6925149587178436,-1.483281759317992,0.0028773240084659616,1.0
0.5435648549392335,-0.9671896103543176,1.3363162456439361,-0.053004787961064524,0.0
0.5435648542011396,-0.9671903428281652,1.3293169892155798,0.03683393150523632,0.0
0.543564855168843,-0.9671885423635502,1.3342134284734075,-0.023064758731097913,0.0
-1.7317881814622702,0.054050251494125914,-0.0026874944675598276,-0.013446933673583301,2.0
0.6271579200214592,1.607811867128129,0.16732792618982786,-0.035453549320788535,3.0
0.6271579194301858,1.6078122372186123,0.16333834453134274,-0.011968791940078617,3.0
0.6271579198812389,1.607812965359806,0.16098364683573843,-0.0739102168373327,3.0
0.5435648550351301,-0.9671888444259742,1.3321917756723467,0.03494474967817434,0.0
0.5598736418590319,-0.6925172754940139,-1.4824331373652293,0.027838482435385056,1.0
0.5598736414952883,-0.6925166924163435,-1.4769643354772972,0.07309757327153055,1.0
0.5435648543680628,-0.9671884863857133,1.3305646291170006,0.052757431054330825,0.0
0.6271579198837021,1.6078131445763597,0.16138474916975262,0.04868396984238167,3.0
-1.73178818133708,0.05404911046578915,-0.003228200237677424,-0.004076859946894951,2.0
0.5598736415168319,-0.6925166872034851,-1.4796250451186208,-0.045091262703682834,1.0
0.5435648541393595,-0.9671870143881129,1.331040456121754,0.02400147462858306,0.0
0.6271579201654502,1.6078118798680638,0.15615793739333972,0.06627732741436865,3.0
0.5435648559453358,-0.9671927073962416,1.3295958823491414,-0.029193252381662097,0.0
-1.7317881810438271,0.0540532982650194,-0.006281488136442473,0.03539230200664693,2.0
-1.7317881823564918,0.05404828511178297,-0.010765973238901654,0.02659818427634829,2.0
0.5435648541604255,-0.9671899187796792,1.3294095333926037,-0.04052080016994956,0.0
-1.7317881816110419,0.054049352417604314,-0.013866236027361607,0.06616551745853054,2.0
0.5435648545386335,-0.9671924130644247,1.3353358624864076,0.03659397039783903,0.0
0.559873641580782,-0.6925164502570513,-1.4785393573679222,-0.030270317604822645,1.0
0.627157919166002,1.6078106961635168,0.15734581949175955,0.009993142618266514,3.0
0.5435648549042837,-0.967189920814253,1.33687226646452,0.008284431252001583,0.0
0.5598736413948852,-0.6925140472500929,-1.4760667678134298,0.07358472327923185,1.0
0.5435648545091724,-0.9671908711067218,1.334530677830386,0.0051296606499836445,0.0
0.6271579198489883,1.6078112147286072,0.1645468427333257,-0.09760991986911514,3.0
0.5435648549099714,-0.9671898630360667,1.3358873541556044,0.029588628765810913,0.0
0.5435648549133808,-0.9671885564356913,1.3289142502298734,0.03363943546800012,0.0
0.5435648547678251,-0.9671889028895535,1.3310714678360291,0.0200757345440601,0.0
0.5435648544301926,-0.9671885737457332,1.3311716829811961,0.012781811869302669,0.0
0.5435648544521663,-0.9671917591704652,1.329241388036483,0.03770753848353695,0.0
0.6271579195373616,1.60781368825906,0.1630127563835637,-0.023463097199403076,3.0
0.5435648550653418,-0.9671888857946085,1.3404079196650522,0.06529936524143073,0.0
0.6271579194091166,1.6078086010800166,0.15892385858085156,0.0060090530816806955,3.0
0.5598736419205318,-0.6925170243365343,-1.4714282092316355,-0.0579650680467344,1.0
-1.7317881810297573,0.054050465884443885,-0.00979016055043789,-0.03293274265024693,2.0
0.627157919673982,1.6078091500920102,0.16549881955493817,0.04061734175090456,3.0
0.559873641101672,-0.6925175469607903,-1.482616913140255,0.00394062203436273,1.0
-1.7317881818864302,0.05405025726771365,-0.006613559196625399,0.039950602208458905,2.0
0.543564854996206,-0.96719121952067,1.3324915565391293,-0.028293046813412073,0.0
0.543564854381856,-0.9671922729445361,1.3374929148134154,0.010792634712785217,0.0
0.559873640910867,-0.6925176253133523,-1.478385384926493,-0.09243044660589946,1.0
0.5435648544227598,-0.9671920224375666,1.3343198126976494,-0.01064851207264243,0.0
0.5598736415217187,-0.692516189133428,-1.4837943712306256,0.02450513612639973,1.0
0.5598736420997347,-0.6925136839887792,-1.4816644874707943,-0.0005580788446081465,1.0
0.5435648551516518,-0.9671882601596185,1.3312365672266826,0.0467265188648169,0.0
0.5598736411461559,-0.6925157195158783,-1.487455932407538,-0.0025230341881600843,1.0
0.6271579199947634,1.6078115466606309,0.16018862177145207,-0.07734641763314694,3.0
0.543564854702493,-0.9671899289535397,1.3349694792460414,0.015804999160638992,0.0
0.6271579199774863,1.6078113871797433,0.15845377424463958,-0.0013006110825611904,3.0
0.5435648556959971,-0.9671891678067387,1.3355461880277504,0.01823589071905385,0.0
-1.7317881819160457,0.054048724842678114,-0.002976473329184904,0.03892240189371817,2.0
-1.73178818209625,0.054049800261714666,-0.005490113364037621,0.026325239428994552,2.0
-1.7317881815580853,0.05405006331625634,-0.004707039489976709,-0.01269878347502257,2.0
0.5598736419142716,-0.692519272926827,-1.4751802239355825,-0.04224454300408164,1.0
0.5435648550663563,-0.9671846737694615,1.3367358383080017,-0.00718703738431726,0.0
0.5435648547441977,-0.9671874714479134,1.3296653650713846,-0.011020291593709984,0.0
-1.7317881813418075,0.05404941939103202,-0.0013937804062028644,-0.0023641551934430747,2.0
0.5598736413760251,-0.6925149681007196,-1.4778804676438246,0.02034890302691973,1.0
-1.731788182266768,0.05405359315819671,-0.00041486077416738473,-0.0027767338218898934,2.0
0.6271579192503179,1.6078078491690329,0.16023999132886885,-0.013247285451161044,3.0
0.5598736420353846,-0.6925129804874018,-1.4827391201681834,-0.051001211943590315,1.0
0.5435648548609509,-0.9671906761597726,1.339384304735221,0.07079863162016158,0.0
0.5598736417496298,-0.6925138534978721,-1.4805115789604184,0.0156140027005395,1.0
-1.7317881813508111,0.05404911629963355,-0.0007273014984081303,-0.008249158882950214,2.0
0.5598736415079066,-0.6925152972531039,-1.4746342378299417,-0.0072254381208653115,1.0
0.559873641378832,-0.6925166931741304,-1.4746831485081404,-0.03424671407627011,1.0
0.5598736413219263,-0.6925163778113737,-1.4756190678864778,0.011395994088761316,1.0
0.5598736410858619,-0.6925145557116452,-1.4732704790452504,0.00609585002813241,1.0
0.5435648548503877,-0.9671896880882388,1.3340190978298405,-0.05218951546184077,0.0
0.5435648552012221,-0.9671915682427243,1.3344051608448166,-0.03970090517390238,0.0
0.6271579206407806,1.6078135126213573,0.16448274852317202,0.04212610750121194,3.0
-1.7317881807987525,0.05404983848274746,-0.003502882484985594,-0.020691007317141623,2.0
0.6271579195686434,1.6078098414517314,0.1560695288914829,-0.0664460638809328,3.0
0.6271579196215554,1.607810196674907,0.16291157114972601,0.02652022224522527,3.0
-1.731788181063909,0.05405297377333186,0.002505852146871331,-0.0009464040487242609,2.0
0.6271579190105633,1.607810387178846,0.159658840004806,-0.03765804419469636,3.0
0.5598736415061502,-0.6925159984474465,-1.4873000022161056,-0.001861562901266523,1.0
0.5435648547932226,-0.9671876918069153,1.3334745133623456,-0.017908454205290376,0.0
-1.731788181522513,0.05404992327808544,-0.008592729083661184,0.0358133166180676,2.0
0.6271579197936685,1.6078122304504474,0.15861249754491666,-0.03835752943777876,3.0
-1.731788181010079,0.05405247997945624,-0.002459664596572688,0.029231770917408976,2.0
0.5435648549726179,-0.9671918172872466,1.3345469099085425,0.0577803806772558,0.0
0.5598736412670798,-0.6925146190671426,-1.4738533223326524,-0.014155935047647113,1.0
0.5598736418834742,-0.6925160140893806,-1.4868635893800242,0.014050161881089655,1.0
0.5435648546300516,-0.9671941573167275,1.3296146791621584,0.025018189862950735,0.0
0.5435648553635907,-0.9671871576386248,1.3281989405622865,-0.045016056628844385,0.0
0.5598736408896244,-0.6925166757857323,-1.4739412162516876,-0.002758248974439236,1.0
0.627157920530955,1.6078120382995162,0.16226830101304196,-0.024544556900301308,3.0
0.5435648552225805,-0.9671896830874683,1.3375104666448792,-0.05230669331631979,0.0
0.5435648549104591,-0.9671919317798472,1.3312125162227684,0.02707452803060661,0.0
0.5435648548833516,-0.9671877965220496,1.3324436036480922,-0.024799618504062877,0.0
0.6271579191999225,1.6078121493247832,0.1611762539032642,0.01455827553487419,3.0
0.6271579196587955,1.6078090732409431,0.15964873603254806,0.00897607746301745,3.0
0.5598736409187098,-0.6925161087142375,-1.4781057455460709,-0.06264056132009331,1.0
0.5435648548870757,-0.9671902573885411,1.3321994795950125,0.0331371126336009,0.0
0.5435648547959422,-0.9671900820373882,1.3347175289546054,0.0020943104728994833,0.0
-1.7317881811098421,0.05404869442457458,-0.010034413958301744,-0.002150419634915533,2.0
0.5598736414579616,-0.692516729252924,-1.4744547412579128,0.004917873384944265,1.0
0.6271579199358224,1.6078123609387138,0.15424259994547684,-0.014609659422848318,3.0
-1.7317881810716709,0.054046890015438144,-0.006781537149193387,0.014803124931435143,2.0
0.5435648551027278,-0.9671917448574201,1.3348100267442358,0.03311252321859875,0.0
-1.7317881818830847,0.05405018522806751,-0.004596759394327396,0.021241136612886426,2.0
0.5435648546884955,-0.9671899655667535,1.3297121966553949,0.026042038500759795,0.0
-1.731788181545835,0.054048798058394736,-0.008734427143103764,0.028086508410229968,2.0
0.5435648540454154,-0.9671914096466973,1.3347821537272466,-0.030437139256073765,0.0
-1.7317881811664975,0.05405073315322571,-0.01427325139507983,-0.050833047424699046,2.0
0.5435648551763148,-0.9671900386454675,1.3269121651367455,0.018958116662182094,0.0
0.5435648544890094,-0.9671891533523848,1.3386650040042336,0.03561410802130871,0.0
0.5598736415630178,-0.6925166108765559,-1.4792505777109506,-0.03251498620355783,1.0
0.6271579198577446,1.607806408977795,0.15869731520096428,0.013920932665943417,3.0
0.5598736412844345,-0.6925159049631576,-1.476431624841036,0.04358450034602935,1.0
0.5435648551251365,-0.9671901453215072,1.3331730911334922,-0.01973640313980455,0.0
0.5435648546193638,-0.9671911418683456,1.327111171470565,0.010090277857176684,0.0
0.5598736418522327,-0.6925152274343311,-1.4733484220160007,-0.011801860359944192,1.0
0.5598736409758656,-0.6925147384549077,-1.4770098034556065,-0.040504062695856914,1.0
0.5435648549309873,-0.96719077336087,1.328224341521972,-0.0015352586663653356,0.0
0.5598736423742249,-0.6925158154831936,-1.4780444228757879,-0.02877993564337545,1.0
0.6271579201426809,1.6078118507961594,0.15668201498160458,-0.0019888780210705194,3.0
0.5598736417580121,-0.6925178402072083,-1.4779887905992568,0.0042313861992268565,1.0
0.5435648540357093,-0.9671906617874539,1.3333472635853374,-0.029091332474180807,0.0
0.5435648554508657,-0.967186676791106,1.3388819047036071,0.040277365543369775,0.0
0.5598736408262398,-0.6925139247917624,-1.47376388539658,0.03972647288359241,1.0
0.5598736405827084,-0.6925160786579435,-1.4861434759461916,-0.005974422966426346,1.0
0.6271579195387098,1.6078143524188402,0.16299767534067475,0.0248878869458985,3.0
0.5435648549257818,-0.967189370208119,1.3349113248918465,0.05668008697265923,0.0
0.5598736409659582,-0.6925156190056448,-1.4824155814288495,0.01519576311966918,1.0
0.627157919827351,1.607809462797408,0.15787085836306167,-0.022695208860203608,3.0
-1.7317881813921931,0.0540501506313128,-0.003507025038998215,-0.0021684277567614253,2.0
0.627157919787392,1.607809855628877,0.1640965596469367,0.056287169599711855,3.0
-1.731788182065804,0.054048052511665425,-0.004581728980881619,0.017368288191652738,2.0
0.5435648546392094,-0.9671912155282892,1.337815987521363,-0.004370991938548533,0.0
0.5598736410658557,-0.6925170141813084,-1.480663065783762,0.052074939649009236,1.0
0.6271579198236009,1.6078091004924613,0.15919190267376646,0.0443195137899533,3.0
-1.731788181042323,0.054052170157635616,-0.010659030091051758,-0.020648883964054586,2.0
0.6271579204486067,1.6078119095593388,0.16085740599907294,-0.02307125156017935,3.0
0.5598736411743562,-0.6925167554281387,-1.477668763750869,0.06752183544803081,1.0
0.5598736412891938,-0.692512738829263,-1.479746902126331,0.024147937403058935,1.0
0.6271579195584446,1.607812548312597,0.15924115993197863,0.011808042279478799,3.0
0.5435648546703183,-0.9671920762214488,1.3336260122447547,0.01939467524724744,0.0
0.6271579201372026,1.6078088162866089,0.15904323395154146,-0.034855468772912165,3.0
0.5598736418811604,-0.6925181213546042,-1.4689916702629804,-0.08262697683114646,1.0
0.6271579194879934,1.6078118459665092,0.16263753216676702,-0.010081987731142128,3.0
0.5435648544724583,-0.9671878425365553,1.3336257047123048,0.012692152579721354,0.0
0.6271579194669424,1.607809392827716,0.161663880771514,-0.054291121022475734,3.0
0.559873641384176,-0.6925169629518788,-1.4760804556837435,0.008721410255453062,1.0
0.5598736416531779,-0.6925164131608578,-1.4778740445640752,-0.027313438214916826,1.0
-1.7317881807730973,0.05405189667728846,-0.008451561553022086,-0.11262356404361815,2.0
0.5435648555272192,-0.967191826768854,1.327627725478541,0.018568284427038898,0.0
-1.731788181207587,0.05405112695619445,-0.0040581590183106355,-0.009830467862818614,2.0
0.6271579193537914,1.6078126526197083,0.161146447513854,-0.0435305994263921,3.0
-1.7317881813067606,0.05405153511206579,-0.0012580459058643633,0.026661062815112838,2.0
-1.7317881813406109,0.05405264442005022,0.0035731659784802423,-0.0062744737958397995,2.0
-1.7317881821669008,0.054050300158402564,0.004115092833439799,-0.01767262462331611,2.0
0.5598736408853275,-0.6925138200531838,-1.4694651768754847,-0.03154915350325957,1.0
0.5435648544544451,-0.9671922019256047,1.3325455935649386,0.009319464525127625,0.0
0.5435648549766728,-0.9671906441246956,1.3314370343934818,-0.05738761194065184,0.0
0.5435648550923923,-0.9671891155122705,1.3312991970328403,-0.004301420884071998,0.0
-1.7317881809958995,0.054049025889118016,-0.0013161780334190775,-0.045966966768850336,2.0
-1.7317881816904186,0.054049736457574646,-0.0017040010229649402,-0.05129194852546218,2.0
-1.7317881813556122,0.05405439960692789,-0.007590399526013581,-0.014464099122404693,2.0
0.5598736412845948,-0.692516275277453,-1.4749121260431948,-0.04736072771624126,1.0
0.5598736412906004,-0.6925133627158793,-1.4890882952543147,-0.021147366096759178,1.0
0.6271579196688305,1.6078092479222532,0.1604057133205168,-0.021087080080831367,3.0
0.543564854867398,-0.9671896637120856,1.3362501800952038,0.017240934721006837,0.0
-1.7317881813569824,0.05405224150495276,-0.0018326536246694458,-0.06469957831463213,2.0
0.6271579196978084,1.6078090118825539,0.16101434747152704,0.022313662445707358,3.0
-1.7317881814514684,0.05405036799802842,-0.006882770005224811,-0.05746512935071757,2.0
-1.7317881821231265,0.054049530037051194,-0.006346293087564279,0.012849638118837945,2.0
-1.7317881815408778,0.054048760678045496,-0.009712979708710283,0.003256808546527942,2.0
0.5435648551826208,-0.9671910323345365,1.3275567769801648,0.06966390290164153,0.0
0.5435648551187443,-0.9671909232352498,1.3307780190249172,0.05424163086951641,0.0
0.5435648549904069,-0.9671867436887351,1.3351722752352897,0.036043287220651206,0.0
-1.731788181542022,0.054049651068823,0.0006290507539795412,0.022244833581588446,2.0
0.5598736410161446,-0.6925157075991063,-1.4759963193481243,-0.026954410308963256,1.0
0.5598736417684318,-0.6925147342070828,-1.480334906291828,0.024573080436042102,1.0
0.6271579198676407,1.6078100768344046,0.16009214343377667,0.00559949472329464,3.0
0.6271579201901317,1.607813249480739,0.16205745908608535,-0.015103121420169204,3.0
0.5598736420807868,-0.6925179235367352,-1.474269363543288,-0.02179617753236928,1.0
0.559873641576294,-0.6925124515336755,-1.4918222793146227,-0.10980818076527445,1.0
0.6271579197709167,1.6078103281566272,0.16111128642046413,0.006005219466827022,3.0
0.5435648551839347,-0.96718958900369,1.328769260260501,-0.0036247979858292953,0.0
0.5435648551675774,-0.9671880896661963,1.3270920112378637,-0.023714599721543907,0.0
0.6271579194612031,1.6078121232371543,0.16341968613318708,0.04252249916780093,3.0
0.559873642442406,-0.6925188159486622,-1.4800399565756857,0.0022177410955295787,1.0
-1.7317881811052391,0.054051983842497785,-0.007741436418891224,-0.012516098263308302,2.0
0.5435648545745456,-0.9671927266305389,1.336432613580592,-0.07165860491127858,0.0
0.5435648543371658,-0.9671900200290274,1.3331093049133511,0.05573512363415871,0.0
0.5435648550801105,-0.9671887046411556,1.3339430991632253,0.034285547884738234,0.0
-1.7317881815916887,0.05405096040728917,-0.005591410131163548,0.060893231896751325,2.0
-1.7317881822972419,0.054049769350616894,-0.003372489610481043,-0.0069548849600939025,2.0
0.5598736416961111,-0.6925182842713932,-1.480343266403928,-0.018974143515195527,1.0
0.5435648553214776,-0.9671920633392941,1.3288084070209725,0.013636901281799743,0.0
-1.7317881801110204,0.05404960761919442,-0.0014846628031332687,-0.07266265149322673,2.0
-1.7317881812598435,0.054048985081356915,-0.003300269603969444,-0.013411646729138988,2.0
0.627157919824995,1.6078100140405787,0.1554381944196668,-0.019698026112154182,3.0
0.5435648555302337,-0.9671888015691535,1.3352586546999112,0.023993096002165037,0.0
-1.7317881808853721,0.05405000057659839,-0.009988783665531718,0.049796921068345185,2.0
0.6271579195867891,1.6078089730754386,0.16531540655742807,-0.019864529413677348,3.0
0.5598736420702206,-0.6925149230029983,-1.4808984927129765,0.0711645574133962,1.0
-1.7317881813101788,0.054049798567325454,-0.006727779017727026,0.07594426881548619,2.0
0.6271579199147876,1.6078095062921447,0.15882271203872,-0.051780928879499415,3.0
-1.7317881816223517,0.05405197907008439,-0.0035328808188472764,-0.030617113329950103,2.0
0.5435648546839991,-0.967186763345624,1.3354006905361195,0.0683146830986855,0.0
0.5435648550403998,-0.9671889768256697,1.334833472182085,0.026325959241738115,0.0
0.5435648537041664,-0.9671860954672776,1.3309710991146462,0.003616426565492027,0.0
0.559873641716207,-0.6925174044330904,-1.4791934157700282,-0.0047007162116058454,1.0
0.5435648547163505,-0.9671932570626484,1.3311091093200964,0.0029727292123209403,0.0
0.5598736422541253,-0.6925154353537138,-1.4709650514731412,-0.01579156622620801,1.0
0.5435648553010379,-0.9671909303285123,1.3371936904801784,0.011106662580747226,0.0
-1.7317881817017755,0.054053947071846305,-0.0005750200313961381,-0.04077529356869489,2.0
0.6271579192975401,1.607809888778503,0.16139153514579982,-0.08362531780869586,3.0
0.5598736411354555,-0.6925169022954656,-1.477572393328943,-0.018027593924868485,1.0
-1.7317881816917304,0.05404834487972784,-0.003410724912303217,-0.02839480958440838,2.0
-1.7317881810290119,0.05404961104944862,-0.003889227691498749,0.07492990454653098,2.0
0.5435648549769971,-0.967190505059946,1.3368228348976006,-0.015860711728509294,0.0
-1.73178818179366,0.054047891152673146,-0.003551685155531622,-0.03519516408872928,2.0
0.5435648543580048,-0.9671910406959955,1.327001652076201,-0.013550407495859835,0.0
0.5435648548851629,-0.967187202913499,1.3233493058875208,0.01677719658500773,0.0
0.6271579197351764,1.607814661550309,0.16271388951120774,-0.005749320558744111,3.0
0.6271579205296689,1.607808258030024,0.1619157309732411,-0.03845618023654286,3.0
0.5598736411094116,-0.692515303268023,-1.482098143226959,-0.026836640256289526,1.0
0.6271579200429185,1.6078118320799946,0.15869451486501587,-0.038208539554812376,3.0
0.543564854831771,-0.9671896193354643,1.3345929881433767,0.025132177295883292,0.0
0.5435648552778974,-0.967192478070404,1.339743910318679,-0.026096391667406512,0.0
-1.7317881816687581,0.05404939361886942,-0.010337573324189601,-0.020304854602000922,2.0
0.5435648548623255,-0.9671918446433131,1.3315617398431652,-0.012332385874144385,0.0
0.627157920683916,1.607811724996305,0.16218543609844302,-0.00986626879191184,3.0
0.5435648548778762,-0.967190697944805,1.3384117063507304,0.021420134370398077,0.0
-1.73178818174817,0.054050968470626536,-0.0023561436569405464,0.016418966095578406,2.0
0.5598736416449656,-0.692516501563469,-1.4839747304103759,0.03771214873758402,1.0
0.5598736419328186,-0.6925152817409564,-1.4731835354120086,-0.038289769599607566,1.0
0.627157919057298,1.607812670194081,0.16539753879013022,-0.024137304613178066,3.0
0.5598736419172089,-0.6925144457086333,-1.4822111029510479,-0.04135669357206584,1.0
0.627157920176482,1.6078098150711546,0.15777740047268404,-0.003945487704986004,3.0
-1.7317881809848918,0.05405281673349653,-0.002091247636545638,0.0014939165293819331,2.0
0.6271579195571195,1.6078121872439968,0.169773101218939,-0.03062551632934268,3.0
0.5435648541975675,-0.9671876741742127,1.3339365810653898,0.024408224586499334,0.0
-1.7317881814888654,0.05405554139931154,-0.008883078315401395,0.009792208578978773,2.0
-1.7317881814092957,0.054052417693101464,-0.001812597882561177,-0.011063728081937346,2.0
0.559873640661758,-0.6925170560458291,-1.4819511998985222,-0.04138861558713254,1.0
0.5435648542620982,-0.967189330783514,1.3337254851460376,0.027892253887082358,0.0
0.5598736412083736,-0.6925141446297209,-1.4835165832694437,-0.009590044497632264,1.0
0.543564854422343,-0.9671893952444108,1.3358227179472375,0.00926258964993599,0.0
0.6271579197147923,1.6078114580629042,0.1589428348741555,0.0268198307399599,3.0
0.6271579202721089,1.6078110884614887,0.15701474856057693,0.002876260414443932,3.0
0.5435648549464015,-0.9671936667515858,1.3341586070128058,0.00028262981517294223,0.0
-1.731788181705499,0.054052650758676817,-0.004270077272119096,-0.033698513797731776,2.0
-1.7317881810399927,0.0540508705603473,-0.00102090190205282,0.05095979622080824,2.0
0.5598736414316114,-0.692515285785219,-1.4815998630359413,-0.042780987550147594,1.0
0.6271579195999866,1.6078093695357234,0.16219030622961123,0.007286656573463549,3.0
0.6271579193616018,1.607812483589379,0.15899542261356217,-0.02202423478385581,3.0
-1.731788181940127,0.05404983047857421,-0.000819302748651931,-6.0260436749079714e-05,2.0
0.6271579196433205,1.6078079797721756,0.16442396835094983,-0.042851593741987395,3.0
0.627157919459435,1.6078108180753101,0.16360138223656331,-0.023051874137128708,3.0
0.543564855095759,-0.9671911607157746,1.3331153653063608,-0.017691818111810986,0.0
0.5435648551367178,-0.9671878698994224,1.3312215759179105,0.008169120782043442,0.0
0.5598736411725326,-0.6925156985053558,-1.4761527972851427,0.05967396208084528,1.0
0.5435648547106297,-0.9671888046932164,1.3198161768675254,-0.01670642300690844,0.0
0.6271579199227107,1.6078110377612995,0.15818879215269238,-0.03910739190310543,3.0
-1.7317881820150567,0.05405033608584255,-0.006003284267724119,0.009863342914161922,2.0
-1.7317881808113438,0.05404992485044833,0.0003838540143050977,-0.026124560164160905,2.0
0.5598736409786608,-0.6925178480901443,-1.4805532651863913,-0.026571067351299018,1.0
0.6271579198151706,1.6078160634879617,0.16587854941500466,0.016943222734921482,3.0
0.5598736406633905,-0.6925192806046524,-1.4757683635492114,-0.03723549886025872,1.0
-1.7317881817259162,0.05405150803083143,-0.016160239933197113,0.015960991489508584,2.0
0.5598736416637436,-0.6925134573064423,-1.4721327839975413,-0.020682148489804514,1.0
0.559873641506048,-0.6925138266522683,-1.4739170946867872,-0.0020338040638328797,1.0
-1.73178818170188,0.05404970029108819,-0.0005818339995313288,-0.0217044580510526,2.0
0.6271579203276552,1.6078086202555506,0.1579085197428815,0.01405220298504101,3.0
0.5598736413490478,-0.692514545640971,-1.4796689491277468,-0.016078705367845947,1.0
0.6271579199778942,1.607813293837841,0.1595069381791256,0.02577747079265947,3.0
0.6271579200850865,1.6078132992555263,0.16217037061935216,0.009502657610302863,3.0
0.5435648554330422,-0.9671900228362015,1.3305131963273364,-0.050042227967951165,0.0
0.5598736418065191,-0.6925180412410249,-1.4823550877542777,0.049220919442825486,1.0
0.6271579204425678,1.6078137377356474,0.16364159335523923,0.04708103703508797,3.0
0.5435648544024663,-0.9671888502777362,1.331068911801638,0.06980272802421576,0.0
0.6271579192413902,1.6078121097743696,0.16492477541685127,-0.021381237121768534,3.0
0.5435648550339218,-0.9671909739539803,1.3293114790131972,0.010510444251480764,0.0
0.5435648545884532,-0.9671901243822368,1.3346452936601967,0.006023548265981353,0.0
0.5435648550636736,-0.9671880799132921,1.3347382799451764,0.015542767275774059,0.0
-1.7317881813022835,0.054052736630778954,-0.0034745606900169184,-0.05173670694381713,2.0
0.5435648551528021,-0.967188911781693,1.3318341465645547,-0.005234206101325227,0.0
-1.7317881816314031,0.054050069834325525,0.002292373144969885,0.005224845046581196,2.0
0.5598736412976556,-0.6925147047992555,-1.4766256834380629,0.008458776694098086,1.0
0.6271579199907777,1.6078137645122357,0.15953803787214418,-0.0344755402790467,3.0
0.5598736408888368,-0.6925136048155652,-1.4844447518734025,-0.01136583669655629,1.0
0.5598736419013625,-0.692515912588372,-1.4763488512583687,-0.017447679633518176,1.0
0.5435648544707377,-0.9671876828053477,1.3339578617039047,-0.0046539757454327,0.0
0.6271579204708337,1.6078105385587564,0.16417093271192498,-0.01722940629629561,3.0
0.5598736412777915,-0.6925147125632957,-1.4742595863595003,-0.03924122373980393,1.0
0.5435648544734077,-0.9671886347639623,1.3278502222109407,0.07322709026495595,0.0
0.5435648544647678,-0.9671906972942733,1.3339828622138412,0.036512925488881624,0.0
0.6271579199613317,1.6078141185411865,0.16245208697000507,0.013861746747665347,3.0
0.543564854312772,-0.9671885532522891,1.3302541688925016,0.054109035134392865,0.0
0.5435648548433383,-0.967190635868552,1.3272573992320624,0.003806197633068966,0.0
0.5598736413594342,-0.6925184696942105,-1.4802555403240005,0.0706977279676908,1.0
0.5598736414234713,-0.6925181753942175,-1.475480101845686,-0.02586204479106125,1.0
0.5598736414152324,-0.6925166067162295,-1.4704709965933171,0.029326128353186074,1.0
0.5435648550866868,-0.967188936822313,1.3270148241221789,-0.07387497953047915,0.0
0.5435648548555293,-0.967185764119463,1.3304800835129873,0.015001128486331245,0.0
-1.7317881817276874,0.05405266183527212,-0.010544589504679886,-0.03590849742564118,2.0
-1.7317881811477662,0.05404955016428697,-0.008945545839662868,-0.011097969053954186,2.0
0.6271579205873089,1.6078143770373634,0.16068496967035342,-0.00180227278556521,3.0
0.5435648546271857,-0.9671919869174118,1.3270822659355674,-0.02633343215874285,0.0
-1.7317881817251413,0.054049338595737045,-0.0055011633334468854,0.0426882729489469,2.0
0.5598736416483567,-0.6925135877514402,-1.4841977116206746,-0.06281725375290421,1.0
0.6271579200325079,1.6078096690297512,0.15746189690974705,0.07914877501382327,3.0
0.5435648545995968,-0.967189451090792,1.3411216868449538,0.042490683142659136,0.0
0.5435648551697624,-0.9671910952355839,1.3322331344014537,-0.0010729112896034083,0.0
-1.7317881819483714,0.05404961469877917,-0.008129914675128382,0.03702610679404463,2.0
-1.7317881813910787,0.05404955639720759,-0.005136043478554745,-0.01067096805340769,2.0
0.6271579195238627,1.6078086090690011,0.16265888223368255,-0.03845321601095554,3.0
-1.731788181702213,0.05404839493211524,-0.0029368386442817263,-0.0304856725956722,2.0
0.5598736412957875,-0.6925179544122259,-1.4778113752554292,0.021876553893428848,1.0
0.5598736404571545,-0.6925155040668481,-1.4859270811830314,-0.058261629555096305,1.0
-1.7317881820117134,0.054049647396079564,-0.012510107574049956,0.025786570651602125,2.0
-1.7317881813174334,0.05404780007171292,-0.007530462167781088,-0.039837645515847626,2.0
0.5435648546632548,-0.9671907463409352,1.3327857486972543,-0.03367948973018461,0.0
0.5435648543973033,-0.9671928138047681,1.335193706585906,-0.031875891903471586,0.0
-1.7317881812736153,0.054049834671194834,-0.005309778671371407,0.08991778823335449,2.0
-1.7317881813792118,0.05404858218481342,-0.008758191374325425,0.04025436295509432,2.0
0.5598736420108903,-0.6925163889791076,-1.4806397589641582,-0.050349733730468,1.0
0.6271579196470369,1.607812985301351,0.162747173158691,-0.051569539872079115,3.0
0.5598736416606386,-0.6925127981483553,-1.4811466149175316,-0.014328836971807292,1.0
0.6271579200660469,1.6078121925174103,0.15525126207313772,0.017599843920007793,3.0
0.5435648554581207,-0.9671876082658769,1.335244395164562,-0.00019816048050080845,0.0
0.5598736411242335,-0.6925191297023715,-1.480606585503199,-0.021491906772042536,1.0
0.559873641793646,-0.6925158151078977,-1.4820251451611726,0.006972824691981948,1.0
0.5598736412026433,-0.6925166780407328,-1.4850708099982914,0.017957742780666714,1.0
0.6271579196545597,1.6078130070219483,0.1601392846741184,-0.06871757496010342,3.0
0.5598736418918099,-0.6925159659247414,-1.4780188053497656,-0.00749015737068243,1.0
0.5598736412411272,-0.6925160692823829,-1.4780239638837673,-0.0006462148096014568,1.0
-1.73178818194546,0.05405161851259646,-0.003383027222144953,-0.005435321967220209,2.0
0.5435648543100691,-0.9671870636361899,1.3297915702384038,0.008505237623173885,0.0
0.5598736413075082,-0.6925154560207565,-1.4792000379762873,-0.0066178731376943635,1.0
0.5435648541075782,-0.9671875913349891,1.3273220263554442,0.05769585675227189,0.0
0.6271579195974603,1.6078116592088858,0.15889194274695928,0.02524157915244959,3.0
0.6271579198910494,1.6078130905201824,0.1642355934053595,0.0930009074747084,3.0
0.5598736411894514,-0.6925145913359012,-1.474924422453945,-0.07353635378752088,1.0
0.6271579195588352,1.6078098821489917,0.1634861908048488,0.021217026030156384,3.0
0.5435648542714525,-0.9671929127831781,1.3322586551584352,0.03973162859017614,0.0
0.5435648552206219,-0.9671880947197797,1.3309294779940881,0.049072405747048665,0.0
0.5598736414652544,-0.6925183749201708,-1.4827027646275504,0.009547181055314213,1.0
0.5598736416560347,-0.6925153250816424,-1.4804747089621968,0.032106505829265414,1.0
0.6271579200828102,1.6078097160596843,0.1561182688475963,0.04075639886457803,3.0
0.5435648545815148,-0.9671903988664269,1.3358300871617796,0.06826507784914346,0.0
0.6271579203287887,1.607810610314413,0.16187646922598245,-0.04093299086925001,3.0
0.5598736424103736,-0.6925178538659625,-1.4801947349686098,0.014698194059723876,1.0
0.5435648545386661,-0.9671897682830201,1.3383486521580517,0.03630742896485756,0.0
0.5598736413413613,-0.6925152542608725,-1.4820331898990595,-0.09059007197654079,1.0
0.5435648541576644,-0.9671882291682103,1.3275402522560316,-0.04962635409614072,0.0
0.6271579197753132,1.6078121065972573,0.16264710234540564,0.04672786762975288,3.0
0.5598736418217326,-0.6925152399614842,-1.476684552888806,-0.03072491763073178,1.0
0.5435648549135588,-0.9671910748073844,1.3388750556893505,-0.003475285593559882,0.0
0.6271579195922479,1.6078079424069958,0.1580588982648196,-0.031566954634650146,3.0
0.6271579195636711,1.6078102491321826,0.16319563765147638,0.023242543474382413,3.0
0.5435648540280142,-0.9671887894336206,1.337276330997696,-0.003721158157076342,0.0
0.5435648543939523,-0.967190061911896,1.3326230684241283,0.02371347684244803,0.0
0.6271579196120636,1.6078110907716423,0.16512274772874133,-0.02761526451568245,3.0
0.5598736408431891,-0.6925171645120477,-1.476288912167841,0.023809993284512457,1.0
0.627157919641704,1.6078130530514645,0.16895589454431512,0.061799942681671646,3.0
0.5435648549195844,-0.9671865926754714,1.3319789090046779,-0.004185476548219533,0.0
0.62715792019941,1.6078129232895826,0.16056238605142556,-0.037449198188501405,3.0
-1.7317881818524854,0.05405295560923663,-0.00031459938207074656,0.07734534772977548,2.0
0.627157920262047,1.607810403871194,0.15299320849660764,-0.05692912764099761,3.0
0.5435648542705411,-0.9671914857343092,1.3324276780854984,0.007606043187570677,0.0
0.62715792008609,1.6078117501343467,0.16192088837305255,0.04230739923822268,3.0
0.5435648546275623,-0.9671884996933888,1.3315135078506561,0.06019025355008702,0.0
-1.731788181358483,0.05404753110423853,0.003448655265309238,-0.0322346507256311,2.0
0.6271579201308495,1.6078100799855073,0.16182162987272145,-0.03237808152883059,3.0
0.5598736417111366,-0.6925180463790109,-1.4761494766159182,0.03566572141218382,1.0
0.5435648547647728,-0.9671892425666578,1.3354116487553718,-0.012658918910977583,0.0
0.5435648546679472,-0.9671901160079045,1.326751311135028,-0.00012564315378396873,0.0
-1.7317881811726183,0.054050435481313795,-0.00846961418256468,-0.015214042573184547,2.0
0.543564853890181,-0.9671882712929184,1.3350389019938234,-0.0371492616809902,0.0
0.6271579196714815,1.6078081501893577,0.1590703477927653,0.029347269084904575,3.0
-1.7317881813986025,0.054049842297243064,-0.003957660252985264,0.07420450224604497,2.0
0.543564854189329,-0.9671915172020532,1.3392257281819844,0.013405446455379284,0.0
0.5435648549045329,-0.967190078708225,1.3330718155344452,-0.007162547588186381,0.0
-1.7317881813725027,0.05405197222825176,-0.011424203120938774,0.04229404493224038,2.0
0.543564854208424,-0.967188603967425,1.330046020846656,-0.004520675219347352,0.0
0.6271579198984553,1.6078111104826527,0.15711966868467023,0.07910741149938223,3.0
0.5598736412968361,-0.6925129237311489,-1.475336290929177,-0.03334239462826878,1.0
0.6271579205250251,1.607810283400672,0.16211037088945157,0.06223257139417403,3.0
0.5435648542811198,-0.9671894993948261,1.3254938948008077,0.05179962663251374,0.0
0.5598736414504911,-0.6925152196820823,-1.4851500333680998,0.0298380404930278,1.0
-1.7317881809764728,0.05405023455495896,-0.00574164608924259,-0.04204982797597108,2.0
0.6271579198314234,1.6078104411134968,0.1631972179098957,-0.027042357374960125,3.0
0.5435648553641249,-0.9671891587964717,1.3390133922181577,0.03259038664737821,0.0
-1.731788180914577,0.05405202796364588,-0.00258018368378027,-0.07407074511212994,2.0
0.5598736418051083,-0.6925140499269185,-1.476917777675711,0.026691248257801933,1.0
0.5598736411616198,-0.6925173931537966,-1.479995776324337,-0.026857019928207795,1.0
0.6271579199741872,1.6078125857400647,0.1633960899274548,0.028477863595929465,3.0
-1.7317881810379239,0.054051878613030915,-0.010902175790959279,-0.06894893039333805,2.0
0.6271579200631171,1.6078123306443688,0.15959677954217033,-0.008288381174719368,3.0
0.5598736417863452,-0.6925183609450457,-1.4804698687908373,-0.03168548779046595,1.0
0.6271579201327543,1.6078121686433908,0.16496828300227775,0.02493089868101731,3.0
0.5435648558295636,-0.9671879870944895,1.3316823596967542,0.06777934616894371,0.0
0.543564854724347,-0.9671899049706622,1.3291954759009093,-0.033773561848019225,0.0
-1.7317881809588895,0.05404793074938394,-0.0060850084828221514,0.037815654932307756,2.0
0.559873640683657,-0.6925167950514485,-1.4815367089530218,-0.06475861606151016,1.0
-1.7317881814699734,0.05404867357679919,-0.00427282243521734,-0.010382239849351509,2.0
-1.7317881814484264,0.05404911191354493,-0.006354266007185637,0.10040229523927374,2.0
-1.7317881808099018,0.054050034882837134,-0.00714438654416795,-0.047262520988301915,2.0
0.5598736414038504,-0.6925178564287816,-1.4848524767549223,-0.019965041602115423,1.0
-1.7317881818829473,0.05405052778303269,-0.0014843826066100998,-0.06579109537437974,2.0
0.5435648553587182,-0.967189243314229,1.3283866468645251,0.06256020942354537,0.0
-1.7317881816792138,0.054047688340616226,-0.00563498867940688,-0.008720083486321552,2.0
0.6271579196228032,1.6078111845222174,0.156735214075561,-0.0010972520140491557,3.0
0.5598736415999425,-0.6925139522088319,-1.4745084451761021,-0.005724642919713985,1.0
0.6271579198694097,1.6078104831566975,0.16893623628987142,0.020166763342836208,3.0
-1.7317881816393723,0.0540516076653658,-0.006207500168612638,-0.06549811218834875,2.0
0.5435648545456666,-0.9671893757666699,1.3346823809839745,0.05395617809235398,0.0
0.6271579196243103,1.6078097436581282,0.15942630883339082,0.023968080157672624,3.0
0.5435648543926608,-0.967189607376945,1.3302451831383577,0.01428064674593427,0.0
0.6271579188146486,1.607815074291211,0.16597640773360486,-0.016749658742791038,3.0
-1.731788181499094,0.054048796623314015,-0.0030085731894937523,0.04140213822236648,2.0
-1.7317881809392182,0.05404893159632689,0.0026643214715073578,0.04285820550312674,2.0
-1.731788181070065,0.054049390686561026,-0.006088300978661528,0.0003650787445482843,2.0
0.5435648547088062,-0.9671910431436896,1.33537540913031,-0.019572544742890524,0.0
0.5598736416484575,-0.6925160825360919,-1.4781302454657699,-0.06437788987097563,1.0
0.5435648544887681,-0.9671921365445955,1.337181504185382,-0.0887855202490218,0.0
0.5598736415933238,-0.6925179367881283,-1.4842731491731644,-0.017632214033357477,1.0
0.5598736419389991,-0.6925190100255709,-1.480210619438539,0.00173252894468383,1.0
0.5598736413445847,-0.6925139415135512,-1.4787738996650652,-0.002954794460278467,1.0
0.5435648545917579,-0.9671885585941461,1.333829413935884,0.004323919043801151,0.0
0.6271579200261583,1.6078106368787632,0.15463216638943525,-0.018297688311998878,3.0
0.6271579196961403,1.6078124972886425,0.16000070992118856,0.025315136128404105,3.0
-1.731788181242549,0.054051411958772506,-0.0011571038621772582,0.010492634224403514,2.0
0.5598736417896519,-0.6925174775283522,-1.4804927289300622,0.010149775711738505,1.0
0.6271579199309335,1.6078128488134726,0.16712892175468566,-0.027124893593314048,3.0
0.5598736418298412,-0.6925157793619194,-1.4757339567898826,0.0061287251283706785,1.0
0.5598736416615304,-0.6925173384486594,-1.4864099245732607,-0.019235303470402094,1.0
0.5598736418465468,-0.6925153492769396,-1.4807538373640612,0.006681650868495748,1.0
0.543564854424695,-0.967189214214909,1.3335528117513158,0.03730391392676855,0.0
0.5598736421435941,-0.692514777445187,-1.483061518406732,0.023252146077117352,1.0
0.6271579204295743,1.6078123478612747,0.16098555240286472,-0.003306275661326585,3.0
0.5435648543752026,-0.96718745277334,1.3329635650691347,-0.006170624411574522,0.0
0.5598736412648175,-0.6925154142048373,-1.4758050471451836,0.028042958455089497,1.0
0.5598736415574446,-0.6925173912895055,-1.4802313258333706,-0.024407926720562224,1.0
0.5598736419539557,-0.692515416585808,-1.4827665042109959,-0.052266198931076674,1.0
-1.7317881812096854,0.054050243946109626,-8.303378413692976e-06,0.06326029571209224,2.0
0.6271579193902672,1.607809787017095,0.16418749889497009,0.026727635687203585,3.0
0.5435648550216833,-0.9671875954553257,1.3304053954252522,0.0026547665470327583,0.0
-1.73178818032454,0.05404935962399319,-0.005121380048120088,-0.015538024727947543,2.0
0.5435648543108942,-0.9671880431895693,1.3305702848750152,0.0031596397000244517,0.0
0.5598736414595425,-0.6925168985231485,-1.4777972213513098,-0.020839199322489853,1.0
0.5598736416885062,-0.6925151178447383,-1.474663926197248,-0.022936911557305564,1.0
0.5598736412844993,-0.6925167969220443,-1.476708681278463,-0.0757864933948822,1.0
0.627157919335149,1.607810053891039,0.15934706800213744,-0.019340478072117237,3.0
0.559873641171144,-0.692513539177147,-1.4783747529134648,-0.017846540433929664,1.0
-1.7317881815625826,0.05405052634267045,-0.005315971380132978,-0.05362468299395814,2.0
-1.7317881815653948,0.05405296151647856,-0.007403942924191153,-0.04266914022186107,2.0
0.5598736417551402,-0.6925136560821723,-1.4834191610236704,0.08471802940933151,1.0
0.5598736423768677,-0.692517734546435,-1.480545746343694,-0.0362053592445244,1.0
0.5435648548583141,-0.9671902378533019,1.3348609731618688,0.04489969905531981,0.0
0.5435648541774216,-0.9671903299792579,1.332536879039568,0.011330550007134383,0.0
0.5435648548524129,-0.967187550738489,1.3305815228114117,0.01477266776333207,0.0
0.6271579203717785,1.6078133654646505,0.15492772097961996,-0.05025634787972895,3.0
-1.731788181643717,0.05404992926744732,-0.006217820973578282,-0.021364728844871367,2.0
0.5435648543861358,-0.9671893713072145,1.328648641846824,-0.0011528710995819054,0.0
-1.731788181060534,0.05405136748867736,-0.004393132470349077,0.030070572096264906,2.0
-1.7317881810387747,0.05405070358313563,-0.004000607819220718,-0.023504798335056882,2.0
-1.731788181631592,0.05405133030652909,-0.007340883784281733,0.0070099743498971065,2.0
-1.7317881817652323,0.05404731522118053,-0.010610255205620154,0.004094618016443787,2.0
-1.7317881812253944,0.05404941267653489,-0.006160611570096138,0.039724341211885665,2.0
-1.7317881820946635,0.05404864415614592,-0.001936209906532252,0.035191130103962714,2.0
0.559873641262034,-0.6925191538652117,-1.4811873367004795,-0.007182729437083971,1.0
0.6271579201910406,1.6078097887255922,0.1540927184812785,-0.031056414351521882,3.0
0.6271579197058801,1.6078115187496793,0.1595120785979533,0.011643580383278129,3.0
0.5435648543767022,-0.9671891055760918,1.3247357334161756,0.04740499293203812,0.0
-1.7317881820353789,0.0540513375037637,-0.005943680120725207,0.08508760770203816,2.0
0.627157919356892,1.6078109965438652,0.15891927674212217,-0.038926484684093834,3.0
0.5598736413704096,-0.6925175904074639,-1.4781269934255277,-0.012947679449565335,1.0
0.5435648553658157,-0.9671909612802098,1.3341384995654522,-0.02778550684466435,0.0
0.5598736414961133,-0.6925152356733884,-1.4813296289327367,0.016473502251940997,1.0
0.6271579203669533,1.6078109801489295,0.16569503192814536,-0.08145401630586052,3.0
-1.731788181414344,0.05404926079409141,-0.002743132044532207,0.011096732133266467,2.0
0.5598736414393206,-0.6925142310721315,-1.4787831967141836,-0.0451971193878143,1.0
-1.7317881816565053,0.054050012364718805,-0.008721932098133501,-0.040215151025314484,2.0
0.6271579205959041,1.6078092123688308,0.16087563699724208,-0.0011383158043141912,3.0
0.5598736418617477,-0.6925134027626861,-1.4755596805555977,0.019690980387505566,1.0
0.6271579202409518,1.6078154749813172,0.1665829115439632,-0.04273050229783618,3.0
0.5435648547679847,-0.9671903698115247,1.3355930996416259,0.06109336844923774,0.0
0.627157919787896,1.607811660974671,0.15944255798577833,0.009541365752975104,3.0
-1.7317881809095923,0.054051784452410205,-0.005615820109021327,-0.028210409723878033,2.0
0.5598736412521582,-0.6925149028486157,-1.479317900701031,0.0036227670832201155,1.0
-1.7317881815141267,0.054049912922497424,-0.005714104573196547,0.08241770620364092,2.0
0.5598736411234341,-0.6925115809693352,-1.4812391450375806,0.014528912045005678,1.0
0.5598736410672764,-0.692515358441102,-1.4759677347227382,-0.031829889557609764,1.0
0.6271579195241558,1.607811658565743,0.16438308840509513,0.01946131867221181,3.0
0.6271579200443155,1.6078120381425467,0.15729658811308062,-0.07116679166995661,3.0
0.6271579204759657,1.6078113174802793,0.1595789400705062,-0.01099754012711581,3.0
0.5435648545037651,-0.9671868346451599,1.3378181296744327,-0.026180044414891385,0.0
-1.7317881814473937,0.0540516000476542,-0.0012134353831819225,9.955690222052421e-05,2.0
0.5435648546424628,-0.9671869294667,1.328272700797143,-0.023354824569376008,0.0
0.5598736417223118,-0.6925159412339416,-1.481961646494497,0.010012057536627653,1.0
0.559873641993783,-0.6925162161117331,-1.4746783936376378,0.005551459081805385,1.0
0.6271579193448148,1.6078110436234725,0.16091090014811324,0.011591947264999503,3.0
0.5435648544537789,-0.9671898281140515,1.33110925706632,-0.04900544945028116,0.0
0.5598736415025831,-0.6925191482980928,-1.476246480770675,0.03502580153029898,1.0
0.5435648538094071,-0.9671886842931339,1.337823167765605,-0.03772985894681219,0.0
-1.731788181455096,0.05404712629161094,-0.006882875301519431,0.00943664082446091,2.0
-1.7317881813340457,0.054050440077317095,-0.0012302773608082543,-0.04273474013948789,2.0
0.5435648546005722,-0.9671902673488472,1.3340886132246403,-0.05390558979135336,0.0
0.6271579195330638,1.6078109641122387,0.16668298097735185,-0.05189068658376737,3.0
0.6271579199476532,1.6078132590697993,0.15987403411841367,0.03176631088559005,3.0
0.6271579191731059,1.607808872727049,0.160432851675185,-0.04115620554714081,3.0
-1.7317881815684462,0.05404823736826377,0.0035638621162849653,0.08873190434663923,2.0
0.6271579198736589,1.6078086220778645,0.15732521361708582,0.03451937630986264,3.0
0.5598736406641973,-0.6925177875830757,-1.4803551774659,0.051710060287854465,1.0
0.6271579202709213,1.6078140094864013,0.16473611493541543,0.005841421340544229,3.0
0.6271579198655479,1.607813311637189,0.16237052471622737,0.002620418307076546,3.0
0.627157919229919,1.6078142864766303,0.16508754208319637,0.02189647757778417,3.0
0.5598736407420827,-0.692514753160223,-1.482964387724425,-0.009419498163298918,1.0
0.5435648541851382,-0.9671886585465309,1.328468298702728,0.03679327772439495,0.0
-1.731788182548857,0.05405001588021065,-0.00017946136820999053,-0.015594511606158514,2.0
-1.731788180982599,0.054049564965924175,0.0036738343971072537,0.029031907360158406,2.0
0.5435648539860969,-0.967191575055549,1.3368319672916515,0.006799589776545136,0.0
0.5598736416672688,-0.6925134382362398,-1.4795910237504977,0.019702719686437647,1.0
0.5435648548698125,-0.9671898332917297,1.3344552083063586,0.024539343103873415,0.0
-1.7317881813346154,0.054050476536838574,-0.0007824393920074006,0.015749581368033887,2.0
-1.7317881825974926,0.05404913763470642,-0.009008977779244998,-0.0022558155388149913,2.0
-1.7317881814819163,0.0540495550988871,-0.009797943471099208,-0.04379632618477141,2.0
0.5435648547417165,-0.9671888774312573,1.328374528182748,-0.012516215905150287,0.0
0.5598736412110972,-0.6925156375813708,-1.475559490068576,0.01642987030769134,1.0
-1.731788181819435,0.05405193406641382,-0.012173472720542243,-0.04802299813666264,2.0
-1.7317881815731933,0.054052841749525425,-0.004591295741900325,-0.025874259471559656,2.0
0.6271579206920608,1.6078108397345212,0.1611646923298836,-0.02442831617364024,3.0
0.627157920121956,1.6078105522202217,0.1605050800944586,0.039304265709927365,3.0
0.5598736413857786,-0.6925163278763006,-1.4821820955049534,-0.035347223721946694,1.0
-1.7317881810982307,0.054047462155336436,-0.0021592020369926644,0.029148144623683724,2.0
0.5598736414079213,-0.692516063275677,-1.4704692351105826,0.025498742477858022,1.0
0.6271579199623152,1.6078140818439566,0.15654724725361518,-0.008782404415916862,3.0
0.559873640594538,-0.6925142522155808,-1.4810335063766584,-0.0016912266700896512,1.0
0.6271579203152137,1.607808279586182,0.16315600385261528,-0.026106552765671105,3.0
0.5598736414705848,-0.6925154609021451,-1.4761304441374226,-0.02735005522059954,1.0
0.5435648545868622,-0.9671891944609929,1.3265103961244855,-0.017296488062418586,0.0
-1.7317881812351748,0.05404837585081347,-0.0046378856812078605,-0.007400352803765846,2.0
0.62715791991448,1.607811260324297,0.16916933031666354,-0.028086354735194944,3.0
0.5435648551084599,-0.9671908429492793,1.3280575927791773,0.062070398045320524,0.0
0.5598736409184261,-0.6925166371042657,-1.4827926146670036,-0.013193961363614393,1.0
0.5435648552917733,-0.9671886205181259,1.328718446069702,-0.0006226271415039968,0.0
0.5435648547481265,-0.9671904799947344,1.332754340116768,-0.038627771059963185,0.0
-1.7317881816084055,0.054047825271143525,-0.004579077442755263,0.033528655912505874,2.0
-1.7317881819057934,0.05405081129082932,-0.003007486622605604,-0.057370927349967515,2.0
0.5435648544825709,-0.9671887626888294,1.3351403583905512,-0.00694048348950135,0.0
-1.7317881812722749,0.05404954382336016,-0.006925133079418471,-0.019135060445489672,2.0
0.5435648551600394,-0.967188788324969,1.3295689873707455,0.06595343370146624,0.0
0.5435648540109381,-0.9671914821278558,1.3314921814985097,-0.049672095612538464,0.0
0.5435648546076808,-0.9671880723228489,1.3364282864067416,0.0009717415330762736,0.0
0.5598736418778693,-0.6925182118982521,-1.47866766639473,-0.007817616489553283,1.0
0.6271579199569826,1.6078127635737878,0.15784405042830013,-0.017161205595345355,3.0
0.5598736414338135,-0.692514450368702,-1.4805505636702534,0.005652721535527235,1.0
0.5435648551580105,-0.9671921593322599,1.3349956763169442,0.04064612285227255,0.0
0.6271579195399916,1.607812115761598,0.15890208728960462,-0.022904477470964635,3.0
0.543564853949156,-0.967190809957342,1.3388301711679933,-0.017056366180581005,0.0
0.5435648545815228,-0.9671907655630385,1.331328513696464,0.035624403093047007,0.0
-1.7317881805926463,0.05405161354865154,-0.003160968522447414,0.03937474341962143,2.0
0.6271579198677386,1.6078131422556543,0.1647800935441086,0.039407479651385156,3.0
0.5435648546418373,-0.9671908209646629,1.330688834011805,0.05918548254968029,0.0
0.543564854730999,-0.9671910765618599,1.3268159112670217,-0.010618203845241116,0.0
0.5435648545747434,-0.9671886307878801,1.3390883017668955,-0.07050456882625356,0.0
0.6271579197873954,1.6078128137502907,0.15452542877248812,0.010544728453302914,3.0
0.6271579192663798,1.6078131519234473,0.16168260680125873,-0.006181572568830391,3.0
0.6271579201359188,1.607812852944609,0.15813250498703196,-0.015204966054247496,3.0
0.6271579199626488,1.6078103565232256,0.16065436477334163,0.05937755555842328,3.0
-1.7317881811247244,0.054051215873829196,-0.004201570966284294,-0.00262937716916631,2.0
0.5435648550673889,-0.9671906323077325,1.3355935393835032,-0.01290478462426809,0.0
0.6271579190670202,1.6078123876858235,0.16089634569145225,-0.011045006391616034,3.0
0.6271579203067734,1.6078109637990954,0.15873495747811756,-0.06334304378503718,3.0
0.5435648551078371,-0.967189856018392,1.3360096852034389,0.026750379929206463,0.0
0.5598736411807604,-0.6925140632659279,-1.4770603882523012,-0.02074646890332364,1.0
0.5435648544754528,-0.9671912780965285,1.337571729601712,0.03978802531131763,0.0
0.627157919931165,1.6078125717053933,0.16122477587031409,0.06588917059958915,3.0
0.5598736415266313,-0.692518254583403,-1.4887973415348679,-0.027537803971904234,1.0
0.543564854651436,-0.9671897665181028,1.3375434689362795,0.017687599693168403,0.0
-1.7317881816209646,0.05405270555100655,-0.009655023051507559,0.03970517567102069,2.0
0.5598736413234846,-0.692516363643814,-1.476839990047779,-0.06534398243692285,1.0
0.6271579198916101,1.6078079984158224,0.1561815792673019,0.019218538429524312,3.0
0.6271579202510973,1.6078127968781515,0.1597892509225163,-0.01208687024609359,3.0
0.6271579192076328,1.6078114432443722,0.15798017873158798,0.042178280584540054,3.0
0.5435648546791704,-0.9671877695891211,1.3350913832602296,0.00866206778134599,0.0
0.543564854776182,-0.9671910063441856,1.3306102208343003,0.020784330020645822,0.0
0.5435648554175274,-0.967190475764502,1.3282805550668957,0.010224831051899962,0.0
0.627157919718541,1.6078104607179275,0.1640448172247003,-0.0283820267055429,3.0
0.5598736418516502,-0.692517191112968,-1.4838457690423568,-0.023582414378551516,1.0
0.5598736419517674,-0.692513822171657,-1.478744287112606,-0.0702167026505515,1.0
0.543564854823706,-0.9671884794464755,1.3272566789085627,0.010297636173809736,0.0
0.6271579199695961,1.6078098838058543,0.15826564406238955,0.035420578106012776,3.0
0.6271579202281929,1.6078110414068016,0.15797206149953005,0.03958987334595871,3.0
0.6271579196631416,1.6078142756662706,0.16203624080251686,-0.013143324687869593,3.0
0.6271579203078376,1.6078122631361838,0.15792322495508707,-0.011433571893404108,3.0
0.559873642014275,-0.6925159874177955,-1.4827454178730197,0.012456451496554985,1.0
0.5435648543497208,-0.9671884743188561,1.3331290230586805,0.052970587697611204,0.0
-1.7317881815266152,0.05404969364867538,-0.006535099150861794,-0.030124345555978066,2.0
0.6271579200774464,1.6078109813667487,0.15809308777273387,-0.015558600128729339,3.0
0.5435648556358653,-0.9671895718239687,1.3265738831707472,-0.010161113101399617,0.0
-1.7317881815895393,0.054047680467170026,-0.009229751170389626,-0.026873528338136752,2.0
0.6271579199145334,1.6078120455714435,0.16398165043661173,-0.006961656574304192,3.0
0.6271579202210105,1.607811440935817,0.16010726463440075,-0.05370634259799615,3.0
0.6271579194079699,1.6078115763381693,0.16620906129232021,0.0012072166186048144,3.0
0.6271579198735951,1.6078100047197301,0.1543506912680327,-0.01391952115547996,3.0
0.5435648541531979,-0.967189668666365,1.336742761027563,-0.0015469238799641553,0.0
0.5598736416699481,-0.6925166052010224,-1.4801967779102436,-0.014063492177609582,1.0
0.6271579197117487,1.60781306153259,0.16086373450444602,-0.07736101758031742,3.0
0.6271579197429827,1.6078089237853919,0.15544617752452683,-0.00042699922991629576,3.0
-1.7317881809702318,0.05405043082515451,-0.0055833645176530475,0.07519897817670787,2.0
0.5598736409332573,-0.6925168782265843,-1.4816122998874186,-0.05620567874629019,1.0
0.5435648555084935,-0.9671904157807614,1.3362335236889051,-0.03455402687441487,0.0
0.5435648543753335,-0.9671927719758341,1.3281365869561417,0.015669718289889084,0.0
0.55987364138025,-0.6925162005623665,-1.4787292772497536,-0.06463687752089495,1.0
0.5598736415824386,-0.692516000700774,-1.4756383565977913,-0.02731303375613854,1.0
0.543564854635431,-0.9671890119359078,1.32979619115574,-0.01322110225329777,0.0
0.5435648556888065,-0.9671910529211385,1.333287604179453,0.01893884105258613,0.0
0.5435648551939241,-0.967190949948545,1.3317310427282296,0.030152402358136134,0.0
0.5598736408260546,-0.6925133716132233,-1.4685185165786783,0.005618276046332405,1.0
-1.7317881810870983,0.054051431276563804,-0.011136392008503571,0.028810560799844755,2.0
-1.731788181787328,0.05404796404006864,-0.013648865920252032,-0.06679271180721176,2.0
0.6271579195811361,1.6078095210966157,0.16466698153159928,-0.03065042684904664,3.0
0.5435648540808948,-0.9671907171022851,1.3310160077776214,0.030728633588902852,0.0
0.6271579201527024,1.6078124241166316,0.15427770987127765,0.01738994695173717,3.0
0.5598736410316286,-0.6925152039537278,-1.4775622870477638,-0.0400410136137874,1.0
0.5435648549510622,-0.9671875374820111,1.3384338221744794,0.027512643749613,0.0
0.6271579203416394,1.6078111109993036,0.160604544428757,0.06732731304933388,3.0
0.6271579201952648,1.607812079538049,0.15749840419566924,0.0643392530766229,3.0
0.6271579195199367,1.6078116357617136,0.1583772923246653,0.0019212866248326302,3.0
-1.731788181158548,0.05404782997834639,-0.00035074880756067627,0.015303315331897948,2.0
-1.7317881813845744,0.054049760065384644,-0.000434671571195948,-0.013067341655503929,2.0
0.5435648550090209,-0.9671936714912304,1.3338643775169374,0.011693988179015572,0.0
0.5435648552215779,-0.9671914260814077,1.3305214008359814,0.04180330301032745,0.0
0.5435648550873962,-0.9671911691378525,1.3352594854309408,-0.012950647945736818,0.0
0.5435648553287687,-0.9671924819450698,1.3348206856466567,0.018302750638293792,0.0
0.5598736418955066,-0.6925152098252079,-1.4814604726165712,-0.0401959457547529,1.0
0.5435648553198723,-0.9671927357516025,1.3289509099755212,0.02568368541575478,0.0
0.543564855242015,-0.9671894538060626,1.3359415613717267,-0.022014830696741303,0.0
0.543564854954963,-0.9671904284416485,1.342459412347137,-0.053735179952620164,0.0
-1.731788181052138,0.054051604313415824,-0.004869336737392773,0.015070350759916678,2.0
0.627157919602294,1.6078099739125338,0.15174864839812016,-0.0068021699606123824,3.0
0.6271579200097015,1.6078120663956135,0.15588920096022732,-0.014838304941866023,3.0
0.5598736415810575,-0.6925166912999364,-1.4805314045540123,-0.01312167073743154,1.0
0.5435648557820015,-0.9671876576787779,1.3303131411493678,0.0032264866064340906,0.0
0.559873641106854,-0.6925170568365813,-1.4817186541946457,0.007365837292373809,1.0
0.5598736414416917,-0.6925171871487732,-1.4840126402469376,0.0066762865738230455,1.0
0.6271579204966233,1.6078109561405693,0.1594646140565083,0.006932337190245291,3.0
0.5435648549797619,-0.9671901506956034,1.3315381601405298,0.0037891882294356057,0.0
0.5435648551017963,-0.9671901171860323,1.3330852061489986,0.012700942115931676,0.0
0.5598736416089792,-0.6925197957498517,-1.4807080014494922,-0.003904446032988472,1.0
0.5435648542038856,-0.9671900195764107,1.3324469974686237,0.0616278102336959,0.0
-1.7317881814087255,0.05404750724838582,-0.008514493905405257,-0.008403693819430406,2.0
0.6271579197958209,1.6078118175900622,0.16535182806254062,0.043216095250204256,3.0
0.6271579192888965,1.6078128029563887,0.16431742524202997,0.06872742452711487,3.0
0.627157919293585,1.6078104945358582,0.1622636137499712,0.0055517440684575365,3.0
-1.7317881815460738,0.05404916630669073,-0.002861868320621668,-0.015123578990313849,2.0
-1.731788180691465,0.05404839708096191,-0.0079452164317531,-0.019136222229187774,2.0
0.6271579197157373,1.6078129447350102,0.15805006492113277,0.0676433643450887,3.0
0.5435648537255637,-0.9671882501577375,1.3360646463271482,-0.019921137619443665,0.0
0.6271579199278599,1.6078108836564469,0.15838884480232168,-0.060829990551683054,3.0
-1.731788181642533,0.05405135636202624,-0.009770023241109963,-0.009958064389728526,2.0
0.559873641166678,-0.6925189053877209,-1.4753014978679797,-0.06898422637390696,1.0
-1.7317881814282463,0.05404804512487643,-0.007332285908642827,0.012403581862090994,2.0
0.627157919266246,1.607812807687373,0.16183518851547854,-0.06316946998360651,3.0
0.543564855203996,-0.967186692538979,1.3328991569296746,-0.00022544063812413677,0.0
0.5435648553073302,-0.9671872451617141,1.3320171977845443,0.01728311828363537,0.0
0.6271579201771684,1.60781100930073,0.16516869908192203,-0.003044733907544532,3.0
0.5598736420396121,-0.6925154864464484,-1.4804023924501346,-0.009714052326494136,1.0
-1.7317881809611593,0.05405127718434395,-0.00533612593166654,-0.02470988259481537,2.0
0.5435648543086121,-0.9671899184284355,1.3309000192732203,0.02432548580847374,0.0
0.5598736416247801,-0.6925150408583592,-1.4757854611649945,-0.02570785621373099,1.0
0.559873641094377,-0.6925135668885423,-1.4751344973069673,0.043821203792490916,1.0
0.5435648543378255,-0.9671875731224484,1.3332436123644504,0.058762712736493576,0.0
0.5435648553414811,-0.96719181519224,1.3391568639023075,0.017734981450286798,0.0
0.6271579191979009,1.6078111199177862,0.16529113277834154,0.03566628238266078,3.0
0.5435648549944135,-0.9671922002988996,1.3354003286235128,0.023756075577890168,0.0
0.5435648542491475,-0.9671908134429796,1.336314973892453,0.050622822061338606,0.0
0.5598736414537999,-0.692518375039624,-1.4830772874539295,0.006511992349993331,1.0
-1.731788180840657,0.05405117435346326,0.0012148874125818495,0.009220845332578952,2.0
0.5435648555758635,-0.9671887113319003,1.336470673533966,0.008544897516766762,0.0
0.6271579197579196,1.6078109327438725,0.15863762836242062,0.025726892596502196,3.0
0.6271579202469981,1.6078091949348965,0.15864298755469455,-0.03442409582444534,3.0
0.5435648548658734,-0.9671884724770345,1.3306099683290382,-0.05092403371898777,0.0
0.5435648550644033,-0.9671917954481052,1.3331228758580556,0.011677065561530458,0.0
0.6271579196195327,1.6078109293804606,0.15916189899309918,-0.05060713701021147,3.0
0.6271579199083446,1.607810363913174,0.1567580615823475,0.029902916462594225,3.0
0.5435648533260272,-0.9671880386355654,1.3308936857414415,-0.006674642131436079,0.0
0.6271579196005506,1.607809635077054,0.1559904444567497,-0.011727023691102281,3.0
-1.7317881809991056,0.05405082819446443,-0.004198352353080839,-0.002866594263852263,2.0
0.559873640762605,-0.6925181715191236,-1.4809835203497566,0.02413625736123901,1.0
-1.7317881817062653,0.0540490909789489,-0.00602129872396468,-0.003440932821334083,2.0
0.6271579198136372,1.60781175856003,0.1571174640948007,0.03141766546464508,3.0
-1.7317881819432748,0.05405015432095517,0.0027192558883346505,0.05117420125929457,2.0
-1.7317881807138098,0.054047340916252885,0.004495677434730947,-0.04538849506824744,2.0
-1.7317881809627882,0.054050842558967714,-0.0003524373350035776,-0.0285772911105149,2.0
0.5598736415160283,-0.6925172152203973,-1.475965019432751,-0.003789361252247664,1.0
0.559873641124592,-0.6925178766002011,-1.4809177061561707,0.0014487488127021162,1.0
0.6271579198385667,1.6078101202858692,0.1632835125659785,0.015248075035183939,3.0
0.6271579199821572,1.607813088387539,0.16597872111219036,0.0350434266451646,3.0
-1.7317881811631883,0.05404989052457833,-0.007586445593356174,0.04481883418627055,2.0
0.6271579199967393,1.6078093967281908,0.16312377233922562,0.002646000072759838,3.0
0.6271579202145972,1.6078084134571176,0.16032331226392263,-0.0018905630824295752,3.0
0.5598736419191309,-0.6925153020986602,-1.4766671968869023,0.004183183279202204,1.0
0.5598736413491375,-0.6925174275428411,-1.4761670962376796,-0.017905304474060052,1.0
0.6271579203736679,1.6078135738742023,0.1575951057063769,0.06785713827340145,3.0
-1.7317881816968255,0.054048158068703084,-0.004758870491946457,-0.08516276321916615,2.0
0.5598736414470503,-0.6925144733848257,-1.4782050976954095,-0.015120474506110383,1.0
-1.7317881809043743,0.0540504364269343,-0.014317733603410474,-0.015624121020173201,2.0
0.5435648543881022,-0.9671897030894543,1.338098209240516,0.0034013237097207556,0.0
-1.7317881819692686,0.05404887805217489,0.0009489360805192347,-0.003146804088515362,2.0
0.559873641125619,-0.6925143096350683,-1.4796861308462452,-0.004468144033240895,1.0
0.543564854770498,-0.9671894161596629,1.328546346332642,0.032416817410321264,0.0
0.5435648539016967,-0.9671866522075004,1.3308170962760177,0.021478614158925605,0.0
0.5435648542404325,-0.9671908227730284,1.3394834015696082,-0.010255843182011575,0.0
0.62715791949097,1.6078077286359382,0.16244907804658745,-0.06152128969398131,3.0
0.5435648548001876,-0.96718999927676,1.3380512781926226,0.008191401602315395,0.0
0.6271579198428627,1.6078127449913298,0.1562872623998957,-0.028752022781313787,3.0
0.5598736417158221,-0.6925184112559697,-1.4817192206279646,-0.02965740731072278,1.0
0.6271579194067097,1.6078133520053566,0.15785519348612229,-0.020853653900717587,3.0
0.6271579198979673,1.6078134491907583,0.1577021420818896,-0.01801059300943962,3.0
0.6271579206559683,1.60781040151668,0.16038062666633845,0.008570369779402126,3.0
0.5598736417918447,-0.6925168350568549,-1.4720791286484367,-0.027896564197008176,1.0
0.5435648545458945,-0.9671886409823579,1.3312809119559181,0.004519541718150025,0.0
0.559873641958299,-0.6925155756939425,-1.47704631140494,-0.019351343586569585,1.0
0.5435648542018715,-0.9671883185026843,1.334214453115765,-0.004091558898377843,0.0
-1.7317881811658116,0.05405219072097898,-0.002370191927452417,0.023801315937140417,2.0
-1.731788181662165,0.05405315886063811,-0.005259072836000251,0.045706053597689505,2.0
0.5598736419675496,-0.69251803559158,-1.4767341564865493,0.07041248431254493,1.0
0.5435648550910956,-0.9671911108339445,1.3310760155162604,-0.02830434935677878,0.0
0.559873641663565,-0.6925165128608447,-1.478394444663528,0.029352755120481064,1.0
-1.731788181908595,0.05405003174036684,-0.008586528740763384,-0.05205219470067973,2.0
0.5598736419099268,-0.6925182935636316,-1.4759833214874265,-0.011009980950632301,1.0
0.54356485474404,-0.9671898984970075,1.3297834827347417,0.009933501571228943,0.0
0.6271579195520107,1.6078106893872384,0.16679018099678622,0.02877594309233416,3.0
0.6271579196288251,1.6078139455051041,0.15968491993480752,-0.006434202194069004,3.0
0.5435648547693933,-0.967190053086741,1.3317402083401308,-0.0335165297674404,0.0
0.6271579196546538,1.6078139800657403,0.15716233043033717,-0.041696552982265454,3.0
-1.7317881816630647,0.05404880443644895,-0.0025813423030043112,-0.04136808066267254,2.0
-1.731788182048247,0.05405202410091724,-0.01369524167674797,-0.029511032644163757,2.0
0.6271579200241427,1.6078114619119896,0.15820337811103224,-0.011238965265846789,3.0
0.5435648547752138,-0.9671883285128304,1.3272247188388557,0.005965328755431914,0.0
-1.7317881810251132,0.05404955490261049,-0.0035193191158695266,-0.012416313040807044,2.0
0.5598736416369673,-0.6925167250072214,-1.4814942611077964,-0.056949870194146886,1.0
-1.7317881815114744,0.0540502658918111,0.002274955168894583,-0.06203134291404867,2.0
0.6271579199145556,1.6078108613873607,0.16210531877140763,0.020083137665477955,3.0
0.627157919950733,1.6078105604646802,0.15729518190468117,-0.02062502114882493,3.0
0.5598736419734957,-0.6925157489706979,-1.4803904375633175,0.03753462368890419,1.0
-1.7317881816824576,0.05405125746257477,-0.0033705244593968432,0.031792728994041425,2.0
0.5435648548909345,-0.9671888079154513,1.3368698818327271,0.060139420361371425,0.0
-1.7317881823398786,0.05404946663657904,0.0018947560611182557,0.013950851190416245,2.0
-1.7317881819867027,0.05404534779014779,-0.0020173412141390105,-0.008335395959977085,2.0
-1.7317881814033156,0.0540484709213252,-0.005364317399523452,0.02502380296876987,2.0
0.5435648545340828,-0.9671880635003105,1.3324967178136229,-0.0043817005292877105,0.0
0.5598736415099794,-0.6925147172437414,-1.480979497286134,0.022837860992681754,1.0
0.5435648555779085,-0.9671897712219675,1.3329825463749039,0.06281590579156499,0.0
-1.7317881811723381,0.054052146302116494,-0.002773830814859962,0.015096915686779951,2.0
0.6271579195401626,1.6078110341606324,0.1656113345267103,-0.040374545524872824,3.0
0.5435648548581834,-0.9671890231432975,1.3333380236690948,0.039244296612070566,0.0
0.6271579199028736,1.607812705072609,0.1624978923129038,0.00569253033434291,3.0
-1.7317881811196985,0.05404911409009309,-0.006498055842991653,-0.023739248748508152,2.0
-1.7317881813685636,0.054050757258560345,-0.008661831940980169,-0.01496789095905859,2.0
0.5598736412191824,-0.6925159419828675,-1.484796076522943,0.00852677428916491,1.0
-1.7317881814067089,0.05405095883465872,-0.0022436734872311077,0.04751764576270621,2.0
0.5435648546398582,-0.9671893621797112,1.3309667756988897,-0.04677149775596446,0.0
0.543564854919323,-0.9671902505609397,1.3339534090464258,-0.003205073639890876,0.0
-1.7317881817460967,0.05404922591732465,-0.003895155813439923,0.0020500984453611783,2.0
0.5598736412270371,-0.6925120162735546,-1.4788540224047717,-0.01269505289214332,1.0
0.6271579199468562,1.6078097303565537,0.15370718612724088,0.01499840198486974,3.0
0.6271579200976347,1.6078137957168772,0.16482558449596896,-0.06207349140091162,3.0
0.5598736410719616,-0.6925171869960053,-1.476622880508202,0.045835800996714575,1.0
0.6271579193112483,1.6078113512782168,0.1619443721658437,0.04116389780907365,3.0
-1.7317881821975996,0.054049215751313884,-0.0012287357798715284,0.02349779026999814,2.0
0.6271579189946844,1.6078123975282834,0.15928201617432822,-0.035858836311122,3.0
0.6271579195543051,1.6078079753071204,0.1598274816723669,0.038641006393813536,3.0
0.6271579200749713,1.6078132148101532,0.16499077769349216,0.020572376538261487,3.0
0.5435648541741006,-0.967189758077275,1.32866672829775,0.06202518755163588,0.0
-1.7317881818747476,0.05405277030142611,-0.004068883870372934,0.026461079380695085,2.0
0.5598736413993766,-0.6925165158778644,-1.477200605513936,-0.01481004667647537,1.0
-1.7317881810822213,0.054049643438644344,-0.0025155921983727974,0.004188864885922983,2.0
0.5435648548395735,-0.9671898633250153,1.331810959436492,0.01750017067414613,0.0
0.5598736409632615,-0.6925151107786505,-1.4813796096450131,-0.0063087242863731074,1.0
0.5598736415250553,-0.6925178945262042,-1.4768955541328246,9.541826442380075e-05,1.0
0.5435648551182675,-0.9671889662330097,1.330963550273285,-0.004912712855738587,0.0
0.5598736414322252,-0.6925162631065908,-1.4806424205183577,-0.0867891947951508,1.0
-1.731788181161641,0.05405059469592825,-0.005833367215530808,0.009223250725025936,2.0
0.6271579203590686,1.60781098078502,0.1651279636616963,-0.005687401198539998,3.0
-1.7317881814172935,0.054052050643659366,-0.00045303393693746396,0.02418677610565697,2.0
0.6271579189846651,1.607812271664147,0.15774669530541868,0.007495876588953476,3.0
0.543564854661574,-0.9671911909495792,1.3321419477757372,0.01208507717962564,0.0
0.6271579209227729,1.6078119599521299,0.16193521962808044,-0.03802423123496995,3.0
0.5598736414935134,-0.692517643366476,-1.467973120375518,-0.0005082993036859604,1.0
0.6271579189354992,1.6078116132929468,0.16278564121587413,-0.055894370637928875,3.0
-1.7317881813255267,0.054048323786426065,0.0012820115404166702,0.0485911406399195,2.0
-1.7317881819024445,0.05404770628001688,-0.0012590039379196602,0.013951836400658115,2.0
0.6271579189510514,1.6078073106807553,0.15685138848595506,0.055266449043104675,3.0
-1.7317881806746667,0.05405202061563924,-0.004265857707446997,-0.040777000688704934,2.0
-1.7317881808241276,0.054048968102983076,-0.0032235674253746865,-0.03668744530403095,2.0
0.5435648542173523,-0.967191993351892,1.3350111863597458,-0.0032696240122106865,0.0
0.627157919964246,1.6078096733850733,0.1623251220644779,-0.04196500327190392,3.0
-1.7317881809072049,0.05404642389196992,-0.0004997450272271162,0.040391262255912,2.0
0.6271579192292871,1.6078110616480596,0.15730414241419877,0.05603552801448619,3.0
0.6271579208484874,1.6078122792031686,0.15935403356018163,-0.023227674485096352,3.0
0.6271579201190741,1.6078111100286288,0.1586854220880773,-0.031451803228959234,3.0
-1.7317881810397608,0.05404863601699305,-0.0029972419382752026,0.10348326023714846,2.0
0.5598736416526189,-0.692515284063956,-1.4808839574456603,0.016174616678432757,1.0
-1.7317881811834157,0.05404976285236148,-0.0056150931936654455,0.02379898925068384,2.0
0.5435648542327114,-0.9671874543761803,1.3318756651370611,-0.0032836616313637896,0.0
-1.7317881815055811,0.05404640000422935,-0.004536685818207764,-0.05496865922284195,2.0
0.5435648543526707,-0.9671865923397318,1.338974443998084,0.022274902258463545,0.0
0.5435648545714682,-0.9671855996308618,1.3298056869912056,0.015281906260544808,0.0
0.5435648547933811,-0.9671908289562469,1.3267993187877432,-0.027832132791267426,0.0
-1.7317881816202032,0.054050848764499844,-0.007013750199185916,-0.010238685791698454,2.0
0.6271579197811998,1.60781308870449,0.15934576361877556,0.03965054797152168,3.0
-1.731788181863865,0.054053998912849656,-0.006973720160263038,-0.007091601693870357,2.0
0.5598736412686787,-0.6925127847782003,-1.4782927591479595,0.016339065192627362,1.0
0.5435648546724338,-0.9671933720402189,1.3342662997845853,0.044035617034282715,0.0
0.6271579194678284,1.6078121848081044,0.15981461732137833,-0.004833637606183138,3.0
0.5598736418756586,-0.6925134169171361,-1.478591302133737,-0.008183592272884064,1.0
-1.7317881818959946,0.05405278445922292,-0.007197160260350821,0.009251832044432922,2.0
-1.7317881810628633,0.05405055861565776,-0.0041033894516232594,0.01201289018913054,2.0
0.5435648542906505,-0.9671872668165359,1.3278694895081444,0.011386510399041013,0.0
0.6271579196124772,1.6078117089917812,0.16185152246864778,-0.016059211735933533,3.0
-1.7317881808865927,0.05405154383105923,0.00027538609043893734,0.04035515175868411,2.0
0.5435648541166636,-0.9671894173426658,1.3306148071903217,0.10362794756399743,0.0
0.559873641755308,-0.6925179002378946,-1.4822156493527738,0.03908698375950769,1.0
0.5598736410568539,-0.6925129379036601,-1.4808453984937777,-0.011689326079585274,1.0
0.5435648548291798,-0.9671862904199032,1.3321954926837767,-0.03932663165377353,0.0
0.5598736414241808,-0.6925148985737833,-1.477472022010165,0.011887029948505042,1.0
0.5598736414291418,-0.6925152089298532,-1.4762770341239206,-0.06696034619477871,1.0
0.5435648551548604,-0.9671880852077505,1.3312089323506797,0.008826349589235699,0.0
-1.7317881808492008,0.05405082423250085,-0.0056674104835216545,0.010486685086673503,2.0
0.6271579198717707,1.6078106309253999,0.15905881329849592,0.026031509820469676,3.0
0.5435648540704959,-0.9671892389971571,1.3351415266054885,0.05975933749762618,0.0
0.6271579197365871,1.607813117307791,0.16312439725261105,0.0036653499772753917,3.0
0.5598736414796864,-0.6925166281156162,-1.4730198575403979,-0.022617433910673026,1.0
-1.7317881813221516,0.05405092817241099,-0.0051216602276647795,-0.014076080921611537,2.0
-1.731788181344353,0.05404920182568688,-0.005619288112659135,0.004403458256154303,2.0
0.559873641966312,-0.6925139532558608,-1.4839694633142118,-0.013834217275231916,1.0
-1.7317881822878953,0.05404918066546938,-0.00012475930683181704,-0.03631813021191662,2.0
0.5598736415725719,-0.692513543509558,-1.4800797937860557,-0.03540125417022383,1.0
0.5435648551045136,-0.967189548434159,1.3303127409018694,-0.05632240966202765,0.0
0.6271579198258422,1.607809024131325,0.1660423119653051,-0.004868193571240883,3.0
0.6271579198271182,1.6078115434417748,0.15571890336357433,-0.010317712730410827,3.0
0.5598736410380554,-0.6925137329428782,-1.4728528911823207,-0.014504636353331709,1.0
-1.7317881817827234,0.054048388153200004,-0.004300314401949989,0.05594493860190932,2.0
0.6271579205972342,1.6078122884414532,0.16617986125582207,-0.020349977083829338,3.0
0.5598736411473644,-0.6925210534236486,-1.4843525164445166,0.0326561784360571,1.0
0.5435648549272427,-0.9671860567687536,1.3327182631670522,0.023836438791030853,0.0
0.5435648548251218,-0.9671900971005032,1.329421501977674,0.0012540228555028062,0.0
0.543564854758267,-0.967189688897314,1.330850429749168,0.04296274097565673,0.0
0.6271579199516657,1.6078119366174268,0.15971004995248228,0.029199223325429156,3.0
-1.7317881817381935,0.05405259345610189,-0.005365464218269218,-0.05067135682850393,2.0
-1.7317881816875358,0.05405084310289576,-0.012642401220717591,0.0017014923246758682,2.0
0.6271579199811265,1.607812693569744,0.15318428161548137,-0.05494666956972556,3.0
0.627157919865724,1.607811592633945,0.16086072576317373,0.019119800413042582,3.0
0.627157919566672,1.607808080590517,0.16280089864573927,-0.04457125798761988,3.0
-1.7317881811903124,0.05404979455497414,0.00016727471163020287,-0.008647058280451677,2.0
0.6271579196058004,1.6078107961953754,0.16068268352009732,-0.008068843689534297,3.0
0.6271579197634317,1.6078105592536724,0.15624353617474296,-0.012920680734237824,3.0
0.5598736417880448,-0.6925144005272212,-1.4760206107642588,-0.016871034863690206,1.0
0.5435648544939732,-0.9671906454395603,1.3343793237028245,0.007290697355406307,0.0
-1.7317881815896448,0.05404915729116172,-0.0027680577350734144,-0.0024868580425980984,2.0
0.5598736426185036,-0.6925140833730081,-1.4780565542345878,-0.04097938398481253,1.0
0.5435648546751985,-0.967191253283772,1.3314375562183702,-0.017911287662590362,0.0
-1.7317881816470362,0.0540495520134104,-0.006964838983165488,0.0028701105377796137,2.0
0.5598736408348745,-0.6925166274514817,-1.4777334198879417,0.07522229063881353,1.0
0.5598736414772946,-0.6925160419142319,-1.4729082921487906,-0.05853589049324507,1.0
-1.7317881816239618,0.05405342365557346,-0.002361045391575139,-0.030423425777961883,2.0
0.6271579197074993,1.6078098548285142,0.15995566811994563,0.019939925023394152,3.0
0.6271579195600424,1.6078119666855277,0.1573478444264449,-0.02905993092189357,3.0
-1.7317881814344922,0.054050695985043654,-0.007719546443584169,-0.027068717489405827,2.0
0.559873641505863,-0.6925185409085116,-1.4727743759249838,-0.013045060555682903,1.0
-1.7317881819162935,0.054048473534818335,-0.000992755727422528,0.05307965024108275,2.0
-1.731788181774486,0.054047909065336824,0.00046847172935682703,0.013054162658449284,2.0
0.6271579205304112,1.6078107374713875,0.16241882069164867,0.04700637747225806,3.0
0.5435648550387878,-0.9671882066549342,1.3349362988268614,-0.029249392863880667,0.0
0.5435648538896305,-0.967190765330204,1.3357754391699497,0.03645842776671376,0.0
-1.7317881813740306,0.05405162777808867,-0.010759753662325377,-0.04497640402695713,2.0
0.5435648548720732,-0.9671902052409711,1.332015600973528,-0.03571251008352335,0.0
0.5435648548659222,-0.9671883658382853,1.3278184632884116,0.032677117620360956,0.0
0.559873641346936,-0.6925149837329183,-1.4749519414398322,-0.029823785284672763,1.0
-1.7317881812597682,0.05405133771089798,-0.0012149170710584526,-0.00362185177317745,2.0
0.543564854274865,-0.9671906255231076,1.3353132662131266,-0.04845162618788654,0.0
-1.7317881814830276,0.054052315561395003,-0.002514840452242838,-0.05690132962737601,2.0
-1.7317881814888363,0.05404738649986495,-0.0016808012260650467,-0.05448026645371941,2.0
0.5598736418002151,-0.6925205396204198,-1.4779313076066005,0.016112413054701333,1.0
0.5435648551407071,-0.9671879234047256,1.3357259505106673,-0.02905447190705912,0.0
0.5598736418348161,-0.6925147157033181,-1.475242661710784,-0.014363344572029039,1.0
0.62715791896433,1.6078122348532509,0.154994915357114,0.014812481067775768,3.0
0.559873641563505,-0.6925164287286651,-1.4771821831128147,-0.007718976753335121,1.0
0.5435648547296565,-0.9671876583235536,1.334797323420129,0.05018698580770219,0.0
0.5598736421873958,-0.692516408280744,-1.4808699249379185,-0.039013797422678846,1.0
0.5435648547307256,-0.967192891339162,1.3357816858012248,0.016347453700966012,0.0
-1.7317881817493397,0.05404890021239622,0.001499946052887249,0.027542566695307004,2.0
0.5435648550616442,-0.9671877789675531,1.3324251741158826,0.022381048008937567,0.0
0.5598736412105858,-0.6925140147183738,-1.478413566386068,-0.04227928434765783,1.0
0.6271579200054678,1.6078107662975587,0.16814026781544933,0.015113222500337989,3.0
0.6271579198436223,1.6078095059427393,0.1644409552539494,0.03404507415653298,3.0
0.5598736418051697,-0.692518363231648,-1.4752500184716428,0.015194456369345338,1.0
0.5435648540216301,-0.9671900695147637,1.3380262103103144,-0.0687370408073144,0.0
0.5435648542254661,-0.9671901753617609,1.3344987248186506,0.021833266437835033,0.0
0.5435648545648195,-0.9671892912625426,1.3393872427259008,0.03208448367980789,0.0
-1.7317881818026752,0.054051805215357865,-0.002878274968429211,0.025605117581690845,2.0
0.6271579203808414,1.6078095036940043,0.1686669640615015,-0.036786158541385505,3.0
-1.7317881814016978,0.05404780565163519,-0.0027541778812932376,-0.035175477434312215,2.0
0.5435648550983987,-0.9671886504124855,1.3319916347433503,-0.02925958895317352,0.0
-1.7317881821083085,0.05404944415410875,-0.00452759321161066,-0.0389923582208933,2.0
0.5435648550421981,-0.9671891825761353,1.3292483655835592,-0.02845482252523525,0.0
-1.731788181647347,0.05404938322685703,0.001933060559521976,0.062078293832442136,2.0
0.6271579194603034,1.6078112733518581,0.1616960986697882,-0.016159912292959284,3.0
0.5598736409457082,-0.6925151104974141,-1.4722058809157887,0.012218160209866937,1.0
0.5598736418625894,-0.6925198574409955,-1.4800641872024416,-0.046068213803023624,1.0
-1.731788181139105,0.05404810753364403,-0.00794219253910228,0.004550765564644623,2.0
0.6271579198195869,1.6078086323313936,0.1568352138454932,-0.008090511881692412,3.0
-1.7317881806007567,0.054052487693691885,-0.006059486565654803,0.007677047356553096,2.0
-1.7317881812989722,0.05405232083344609,-0.007326540353911188,0.014970556201404677,2.0
0.6271579197193193,1.6078096659969463,0.15853944866726977,0.005893982724804102,3.0
0.5598736413335627,-0.6925167542235854,-1.4763570953556744,0.034467928996282496,1.0
0.5598736414947308,-0.6925159579523529,-1.480744726956759,-0.050443382139492066,1.0
0.5598736410233711,-0.6925156226837947,-1.4761676962872028,-0.038702344536061556,1.0
0.5435648550666441,-0.9671885487120265,1.3278127763269498,-0.004326933211234828,0.0
0.6271579193733136,1.6078116597737244,0.1569437046815319,-0.03765735570624326,3.0
-1.7317881809560962,0.054052021254144246,-3.227752213369881e-05,-0.005917655367820501,2.0
0.559873641205343,-0.6925164695024377,-1.4806478605579871,-0.07741748580574462,1.0
0.5435648545939922,-0.9671887487883951,1.3328884191136032,-0.004183156419817282,0.0
0.5598736408132422,-0.6925165787985282,-1.4735572327929956,-0.03106802906312452,1.0
0.5598736418060094,-0.6925141524827675,-1.4787849582423596,-0.007318348783185128,1.0
-1.7317881817725365,0.05404721543857473,-0.005143238776186357,0.038437044629157396,2.0
0.5598736418970428,-0.6925175097093016,-1.474347266344621,0.07941589108293413,1.0
0.5435648549666725,-0.9671902662643107,1.3372971097419986,-0.01134430803536337,0.0
0.543564854655074,-0.967187211951481,1.3282091557825346,-0.04251962574189169,0.0
0.6271579199588326,1.607811587936654,0.15665163360679232,-0.021178341463379418,3.0
0.6271579201741456,1.6078139490232293,0.16429234199392606,-0.009987270411140158,3.0
0.6271579202798285,1.6078126693080514,0.16255014364508813,-0.024902897534567776,3.0
-1.7317881817878598,0.05404865193180379,0.002651135301007186,-0.015335028388742126,2.0
0.6271579201019127,1.6078095997485768,0.16246387010177268,0.0012034195159156965,3.0
-1.7317881814681642,0.05404950644102344,-0.0032486434383973634,0.0010790169639000183,2.0
0.6271579201672368,1.6078133222935362,0.1617476476787032,0.024652135411384397,3.0
0.5598736415002771,-0.6925152147353419,-1.4762334591011743,0.007255640229531061,1.0
-1.731788181533737,0.054051158198926384,0.0009196284977446293,-0.01031086669264335,2.0
-1.7317881817391039,0.0540486972201729,0.0029666518466032253,0.014272418681019803,2.0
0.5435648547469818,-0.9671881061643456,1.3321703518210075,-0.01648395311335087,0.0
0.627157920156128,1.6078110627370696,0.15839291755892668,0.027611789117639108,3.0
0.5598736422419125,-0.6925154517871122,-1.4830048064338297,0.01734219933051197,1.0
0.5435648546968885,-0.9671886410593709,1.3297801368527642,0.05493518192005489,0.0
0.5598736419551018,-0.6925155548359435,-1.476849636128416,0.04546086545713447,1.0
0.5598736415228751,-0.6925177699149966,-1.4837291481492072,5.491783249453651e-05,1.0
-1.731788181750881,0.05404830085514165,-0.004297153700957778,0.03844771516887889,2.0
0.5598736413715949,-0.6925183991129125,-1.4826665749111732,-0.07472095778615079,1.0
-1.7317881815630973,0.05404782850623638,-0.006734409332113071,0.027713319192933725,2.0
0.6271579201761082,1.6078126890250402,0.15651298963778626,0.015819667505557113,3.0
0.543564854129993,-0.967188046077149,1.3250265043326392,0.020481318178090163,0.0
0.5435648546362395,-0.9671893052122404,1.3356010220395662,-0.009381637203018007,0.0
0.5598736414910084,-0.6925146675307073,-1.4754424058036482,0.016429917782868432,1.0
0.5598736416992146,-0.6925154283881504,-1.480871381804952,-0.09697119140810556,1.0
0.6271579195434362,1.60780862969998,0.1620449689832181,-0.042945014100992066,3.0
-1.7317881817989316,0.05405174651600814,-0.002171793305417452,0.01728033090292191,2.0
-1.731788181654287,0.05404896451287635,-0.009161799293179026,0.017101786899072425,2.0
0.5598736414935914,-0.6925151929641372,-1.473862963819617,-0.036055028789975276,1.0
-1.731788181467969,0.054050524629454734,0.0011069082210052403,0.05359206097093736,2.0
0.5435648545142348,-0.9671880232587315,1.3292045629794462,-0.021753484854272732,0.0
0.543564854682977,-0.9671878164238188,1.3281998967917261,0.04799649106493819,0.0
0.5435648548563454,-0.9671888585393271,1.3273178774220755,0.009439156680434949,0.0
-1.7317881813502152,0.054051108047697256,-0.004411747634079102,-0.0030536445805215097,2.0
0.5435648545913208,-0.9671877725224435,1.3309741214915947,-0.012831070674505528,0.0
0.6271579197527054,1.6078131272105658,0.16279323842180984,0.0047840585489374475,3.0
0.5435648540127084,-0.9671910021778553,1.3333443155612776,0.021612346915121292,0.0
0.5598736416698578,-0.6925177007352259,-1.4727621131892652,0.040116235441608486,1.0
-1.7317881813805116,0.05405304849313193,-0.00076460543729622,-0.0065182594200786466,2.0
0.5598736417519234,-0.6925161151938007,-1.473517609935523,0.06878923744691182,1.0
0.5435648547931656,-0.9671890171966598,1.3363822914619836,0.047313700462246804,0.0
-1.7317881815990648,0.054048069696748254,-0.004969080325679611,0.0011745864291574852,2.0
0.5435648546637083,-0.9671927857134067,1.3349837368104416,0.03202428962976164,0.0
0.5435648555909123,-0.967188669777342,1.33012354452989,0.05677324403737121,0.0
0.5435648547933412,-0.9671896959999061,1.325285521583035,-0.020168568458163557,0.0
0.5598736412829733,-0.6925141887073243,-1.4765968261434113,0.009201533856376695,1.0
0.627157919756678,1.6078123091168384,0.15830933768942168,0.04742465696995397,3.0
0.5598736419804392,-0.6925134517692416,-1.478101638860375,-0.02074737403495084,1.0
0.6271579203546326,1.6078079607738411,0.16131071111807452,0.013031861148637393,3.0
0.627157919530399,1.6078120473816437,0.15606406561600084,-0.009517922332922077,3.0
0.5435648552602108,-0.9671880399675484,1.3355038950539844,0.037110786299845204,0.0
0.5598736414207696,-0.6925145684610197,-1.4804849980392547,0.005110855392462284,1.0
0.5598736414252984,-0.6925140088777133,-1.4819221637758822,-0.00027212447363594486,1.0
-1.7317881817902108,0.0540475631110309,-0.008315026334909317,0.03292709357751021,2.0
0.6271579200307682,1.60781326934535,0.15751170106961132,0.018248947412221692,3.0
0.5598736412541327,-0.6925147012937839,-1.4741409318930807,0.00824374420946545,1.0
0.6271579199042121,1.607811342834586,0.16436780273590218,0.002623317848951823,3.0
0.5598736412992904,-0.6925174762749444,-1.4806080632114949,-0.014242637158204128,1.0
0.6271579197241092,1.607814146258585,0.15837273127676188,0.04845957510960443,3.0
-1.7317881816143352,0.054051671003914975,-0.005469943994803606,-0.007171172403259251,2.0
0.5598736415626197,-0.6925168411198277,-1.4787178319132233,-0.00503468287561758,1.0
-1.7317881815535334,0.054051113074165366,-0.009410072536213848,0.04079911075715325,2.0
0.6271579193904837,1.6078108681132408,0.157863978369877,0.02875217719505886,3.0
0.5598736410032762,-0.6925179813626832,-1.4755056548488827,-0.011916788252190107,1.0
-1.7317881815765852,0.05405175807132536,-0.0022336965722801415,-0.025838927374487314,2.0
-1.7317881819234975,0.05405214049845058,-0.0034779460507464253,0.022194296732152643,2.0
0.6271579200350628,1.6078102784358241,0.1584322018750497,0.03491272056020001,3.0
0.6271579198951502,1.60780875380516,0.15979664839929988,0.045793435188817476,3.0
0.5435648540810207,-0.9671878576513409,1.3311963519984316,0.03313108279365041,0.0
-1.731788181524186,0.054052607879952475,-0.010719585335062226,0.020189146926154398,2.0
-1.731788181257106,0.05405310118460686,-0.0045520357894949836,-0.0342611446196834,2.0
0.5598736415400544,-0.692516072450251,-1.4795916817648136,0.010370102545353383,1.0
0.6271579202306369,1.6078106336510833,0.15816673299833836,0.024796035268622108,3.0
-1.7317881820314485,0.05404482478762611,-0.00683824456345766,-0.05799201619490178,2.0
-1.7317881817346843,0.05405164103620689,0.0010156935802655646,0.0393081307142281,2.0
0.5435648549247162,-0.9671897339548602,1.3292611164363193,0.040081209958814104,0.0
0.5598736413274428,-0.6925148164071333,-1.4829985201646627,0.04583996978469126,1.0
0.5598736413992034,-0.6925148991095647,-1.4809487504917798,0.003465996406805999,1.0
-1.731788181765733,0.05405320421415238,-0.0027760150590478254,-0.03382923102701231,2.0
0.6271579196787164,1.607811119379602,0.15996570727497586,-0.04845305376696979,3.0
0.5598736417244848,-0.6925164311295778,-1.4826876561022173,0.043046408485603364,1.0
0.5435648548582883,-0.9671898476248721,1.3321170344629902,-0.04147561648663712,0.0
0.5598736414640072,-0.6925140939986265,-1.4784771429190686,0.034907436508220605,1.0
-1.7317881807752051,0.05405003844249359,-0.009538669768474676,-0.0053151299493774925,2.0
-1.7317881811399503,0.05404996576316926,-0.005834014198842863,0.03095351563462648,2.0
0.6271579197035815,1.6078097279747823,0.15679676538249188,0.094239442010758,3.0
0.5598736413977631,-0.6925140881819105,-1.481783921628558,0.014090709497764978,1.0
-1.7317881813467564,0.05404948272616584,-0.0081233885127517,0.02073539706158347,2.0
-1.7317881818667595,0.05404972725132785,-0.004478243416547217,0.030366404390683544,2.0
0.6271579198624428,1.6078097929107156,0.16295039249554374,0.01074081691835236,3.0
0.5435648545943258,-0.9671920550007548,1.336490507895229,0.009561824059892473,0.0
0.5435648548456269,-0.9671897708061934,1.3353080932749308,0.017292759606234442,0.0
0.5435648545284608,-0.9671904155380112,1.332768253708331,-0.05134156311928107,0.0
0.559873641870136,-0.6925145736430955,-1.473812874473803,-0.0074311114124148364,1.0
0.5598736414391605,-0.6925166802056857,-1.4806329591873395,-0.008273027081109365,1.0
0.5598736417163157,-0.6925128895808478,-1.4758316431283136,0.003206016878921547,1.0
0.5435648545164402,-0.9671874115443901,1.3327030409280345,-0.014224173334582368,0.0
-1.7317881812507765,0.05405043857987633,-0.006477728584591167,0.024361189251871373,2.0
0.54356485454267,-0.9671880279996776,1.334402597969372,-0.015879451071750268,0.0
0.5598736421902444,-0.6925173236605374,-1.476825507970463,0.029784490856803125,1.0
0.6271579198687846,1.6078114112924462,0.16162767774927492,-0.03182085675268711,3.0
0.6271579195054394,1.6078148713216915,0.16162585594368653,0.008654198552507758,3.0
-1.731788181865764,0.05404882246360502,-0.005165119056186696,-0.04813027322228068,2.0
-1.731788181271784,0.05404882288428969,-0.004767124296802565,0.04031352118262923,2.0
0.5435648544993807,-0.9671918945510471,1.3344826070740297,-0.04691787595532819,0.0
0.5598736408983125,-0.6925132583578302,-1.4848239428810661,-0.049419962494048335,1.0
0.6271579193730633,1.6078116742253552,0.15878302676687311,-0.014692236822497377,3.0
0.6271579200412254,1.6078113385461763,0.155461213195862,-0.01850996811485027,3.0
0.559873641450222,-0.6925154747111919,-1.4838320535563003,0.02101416533609959,1.0
0.5435648556631238,-0.9671918900530838,1.3412424314337488,0.011492676219522078,0.0
0.6271579196721271,1.6078116617174922,0.15987021650825164,0.029204325648211345,3.0
0.6271579192274374,1.6078113045594629,0.16408088686467798,0.01723590993082518,3.0
0.5598736414366725,-0.6925130889844909,-1.4774651850909977,0.019768390449482504,1.0
0.5598736415748593,-0.6925158129197785,-1.470872118500376,0.0109192267749718,1.0
0.6271579204064774,1.6078136728730363,0.16003982451285048,-0.05511265063274401,3.0
0.5598736419900886,-0.6925160289480579,-1.4770828988372118,-0.029428445190401272,1.0
0.6271579212189259,1.6078110076545962,0.15912150365761707,0.01201647324223741,3.0
0.6271579199730672,1.6078080405540522,0.16032617764867013,0.008530654116986214,3.0
0.5598736417882302,-0.6925155569113521,-1.4761799059196459,-0.07935000327911035,1.0
-1.731788181300755,0.054051221968029015,-0.008267921876866147,-0.020943753250070654,2.0
0.627157920204514,1.607809529844302,0.16209734845570342,0.0612450882863395,3.0
0.5598736420187135,-0.6925163471427089,-1.4840928181157647,-0.01122605435537179,1.0
0.6271579199326319,1.607813716822865,0.15529700775775726,0.007182261713140545,3.0
0.6271579196449384,1.6078099577660603,0.159938712214922,-0.042379922714557025,3.0
-1.7317881816480378,0.05404796065791598,-0.003923872086063943,-0.015421051783144965,2.0
0.5598736421439915,-0.6925193726998913,-1.4838702514448519,-0.032822447452988346,1.0
0.627157920128647,1.607812761158549,0.16194907163796965,0.006243354476215341,3.0
0.6271579198736635,1.607810430074608,0.16274254533748408,-0.016996527513917916,3.0
0.5435648546828081,-0.967188560763671,1.3330351337193913,-0.00027489476783021556,0.0
0.5435648539229451,-0.9671903345253389,1.328216532604008,0.00023666767651239607,0.0
0.5435648550152826,-0.9671895159212601,1.3304597819034207,0.014180127826585332,0.0
-1.73178818200293,0.054052366238276764,-0.007671828030638613,-0.007612864402172069,2.0
0.5598736416585662,-0.6925160315425191,-1.4822982821553754,0.07691507463520396,1.0
-1.7317881815979994,0.05404913705536716,-0.003585190729711986,-0.004086104176548342,2.0
0.5598736417032829,-0.6925172698575517,-1.4764202629916134,0.004902879461324693,1.0
-1.7317881803839947,0.05405031758075527,-0.0051868746985822105,0.011751615906640393,2.0
0.62715791972362,1.6078107737864105,0.1623363768081083,-0.02440861851529622,3.0
0.6271579191885921,1.607809425499902,0.15509267806614993,-0.0006617780843624023,3.0
0.5598736422513203,-0.6925135897141401,-1.4730681917749764,-0.06371543005804939,1.0
0.5435648550339438,-0.967191070773944,1.3344902718532985,0.02354864716796242,0.0
-1.7317881806684208,0.05404937609645191,-0.003380465241646074,-0.0032024109652205764,2.0
0.5598736418780855,-0.6925180567877228,-1.4785959642916064,-0.060465324458176394,1.0
0.627157920341445,1.6078121158891454,0.16270895794823603,-0.0222287751956775,3.0
0.6271579192373745,1.6078107641006436,0.16131232762135872,-0.08075327881671905,3.0
0.6271579192136272,1.6078126376043542,0.16143332433170826,0.00881650366496009,3.0
0.5598736411521853,-0.6925180620142262,-1.4772754295298443,-0.1022807750297236,1.0
-1.7317881812777964,0.05404843523092463,-0.009145918822699245,-0.06577788096304805,2.0
0.5435648545985587,-0.9671875692886196,1.3367908604109435,0.04041912476600485,0.0
0.5435648547256491,-0.9671905546155525,1.332359981286839,0.04218022493491259,0.0
0.5435648539970942,-0.9671911274154358,1.3407500613369492,0.007993088070712983,0.0
-1.7317881813433704,0.05405241840701459,-0.006828660718929031,0.029731095911777042,2.0
0.6271579205685868,1.6078118144565776,0.160679471357259,-0.003686626419407287,3.0
0.5598736413527844,-0.692512963823421,-1.4768314597071504,0.0036476781124504636,1.0
0.5435648548633724,-0.9671909172393336,1.3337745355901793,0.03961023677905703,0.0
0.6271579201683797,1.607814475350255,0.16007943497223423,-0.030097909064674706,3.0
0.6271579205871739,1.6078125357139912,0.15934623094230538,0.02783953918932632,3.0
-1.7317881815172738,0.05405386657508118,-0.010657453436126394,-0.06371137114187554,2.0
0.6271579198229484,1.6078109264434355,0.1549625698353094,-0.01666729730488543,3.0
0.5435648544848728,-0.9671905066297048,1.3391135036717376,-0.0075155815515484765,0.0
0.62715791983183,1.607813652374217,0.15749355529948447,0.020892429666377717,3.0
0.5598736414964621,-0.6925170348414827,-1.4868683521224897,-0.0987152587998717,1.0
0.559873641368448,-0.6925146490536824,-1.478565205938731,-0.038907411329242414,1.0
0.559873641677994,-0.6925146507819139,-1.4786293177205185,-0.030797293058690733,1.0
0.6271579199241115,1.6078090589737184,0.16076530177234427,-0.06502333549828189,3.0
-1.731788181929263,0.05404970392334906,-0.0050588731239177166,-0.01041127829122638,2.0
0.6271579194379329,1.6078098368181797,0.16355959773080345,-0.008365188472273726,3.0
0.5435648550557989,-0.9671892149187541,1.3305923962785615,0.004007435848522922,0.0
0.6271579206487943,1.6078140287574834,0.16131432522371714,0.010117306527811412,3.0
-1.7317881815419276,0.05404880437229508,-0.012596419402489484,-0.053531948159990454,2.0
0.6271579202588198,1.6078078591640885,0.16451623669148902,-0.04149962939058871,3.0
0.6271579198154513,1.6078142650948912,0.15774824014815786,0.0008346870832874326,3.0
0.5598736412131876,-0.6925148215609905,-1.470619181252009,0.08585968382305148,1.0
0.5435648538819375,-0.9671864912434601,1.326884629888352,0.05127386827161139,0.0
0.5435648550686315,-0.967186527830192,1.3328495691480793,0.021486850714328987,0.0
-1.7317881814427603,0.05405011634528291,-0.006491756114235645,0.035880739469705145,2.0
-1.7317881818256207,0.05404853222571438,-0.0029886562027664093,0.038725765844631735,2.0
0.5435648545529157,-0.9671915580418141,1.3350209151634687,0.0025087814598942796,0.0
-1.7317881816135716,0.05405148928355449,-0.00283653074319481,0.02925023898192507,2.0
0.5598736413276773,-0.6925157031990823,-1.4787295241839113,0.021504056958855978,1.0
-1.7317881815202183,0.054046434006207976,-0.005352581718509307,0.03011980292100214,2.0
0.5435648543502719,-0.9671936965703812,1.331206167296354,0.04737505019755218,0.0
0.6271579191138853,1.6078125626311213,0.15259722943689527,0.030571627095665677,3.0
-1.7317881815611493,0.0540507124352653,-0.0046596833830921626,0.019849288268465628,2.0
0.6271579200403876,1.6078111674561573,0.16337400270958885,-0.020153347471570222,3.0
0.6271579205363121,1.6078112613771602,0.1594703289395551,0.04121087084399236,3.0
0.559873641843841,-0.6925185165896985,-1.4811891183623322,-0.056290127196315376,1.0
0.5598736416769241,-0.692514494916216,-1.476032830880155,-0.002692694819015352,1.0
0.5598736415547512,-0.6925146572867126,-1.4807310968930962,-0.06454265413054464,1.0
0.5598736414058156,-0.692514740622456,-1.4748843852997888,0.038383241682634205,1.0
0.627157920151475,1.6078129943739596,0.1647427389604904,0.025297170107825794,3.0
-1.7317881814687672,0.05405380388970793,-0.006475494327545697,-0.07088041175130166,2.0
0.5435648555604726,-0.9671867257029159,1.3296775293758734,-0.031479793604477675,0.0
0.6271579204303872,1.6078100589104776,0.1555043053909522,0.04627397017428777,3.0
-1.7317881826346206,0.05404994306325965,-0.0026514479227105247,0.017194875583859518,2.0
0.6271579197061145,1.6078093198048473,0.15870477744648243,0.008459940083091557,3.0
-1.7317881811209197,0.054047987351083265,-0.009781719862032622,-0.043402576704967576,2.0
-1.7317881810351932,0.05404807152012351,0.0012112595763612538,-0.09284142202027165,2.0
0.543564854569007,-0.9671894834211957,1.325915354854534,-0.051504575360437836,0.0
-1.7317881813129494,0.05404738300998461,-0.003033973630370665,-0.024589941698843654,2.0
0.5598736414005734,-0.6925164587826094,-1.4770338597919788,-0.01851848127729618,1.0
0.6271579202829944,1.6078115279263414,0.16138497724741174,-0.007278675390562361,3.0
0.627157919675952,1.6078124665817175,0.16206777186150575,0.0004436048260530832,3.0
0.5598736419258304,-0.6925148001450873,-1.4775206660978633,0.03907739307492978,1.0
0.6271579204124079,1.607809930858317,0.156742468990444,0.030036172935731,3.0
-1.7317881813342666,0.054049897677302686,-0.003970052302692087,-0.018752824496347888,2.0
0.5598736422011223,-0.692515667268426,-1.479053712432768,0.044168970449248696,1.0
0.5598736413975473,-0.6925152923020262,-1.4837288519528284,-0.036844868287584626,1.0
0.5435648547448243,-0.9671921674204889,1.3297239069203595,0.05396302313575518,0.0
0.5598736415478995,-0.6925114691955812,-1.4821626955752256,-0.019811096178908638,1.0
0.5435648544033238,-0.9671918194075109,1.3301846937569415,-0.04204717396337068,0.0
0.5435648547638127,-0.9671882872376711,1.331289608075893,-0.05086777324617589,0.0
0.559873641727467,-0.6925164440414667,-1.4801405303917556,0.06840035757537014,1.0
0.6271579199047143,1.6078098585408453,0.1607513131855818,-0.004003891911620415,3.0
-1.7317881811618234,0.054049301022047885,-0.006467299595661405,0.012790105830759294,2.0
0.627157919747427,1.6078104721939537,0.15826800241285052,-0.022684987342478754,3.0
0.5435648544464429,-0.9671939732701852,1.3303823307987657,0.04536934294652948,0.0
0.6271579196543073,1.6078148661652762,0.1654254636048061,0.03244884661610334,3.0
0.5435648550330913,-0.9671903370739526,1.330528906396843,0.031131265330269962,0.0
0.5598736415688204,-0.6925151657982824,-1.4833825385502646,0.01409069718506376,1.0
-1.7317881809043896,0.054050019846330094,-0.008384604005579154,0.004135262513312635,2.0
0.5435648540585717,-0.9671908163706411,1.3264238407020439,-0.0005174618048536595,0.0
0.5435648540629014,-0.9671899327294095,1.3410463326241777,0.06286199855218605,0.0
0.6271579199640485,1.6078103877768024,0.15548888773073144,0.06112699059509602,3.0
0.5598736417857701,-0.6925180218389445,-1.480872408956617,-0.07415559600805202,1.0
0.5598736418917721,-0.6925160540840176,-1.4801514227544232,-0.06343446021981526,1.0
0.6271579201518257,1.6078119614340294,0.15838780654529838,0.07369967027797653,3.0
0.5598736413913674,-0.692517840709641,-1.4835450162440706,0.007048279210598216,1.0
-1.7317881818197918,0.05405359834441834,-0.006422026655116464,-0.056433835955778194,2.0
0.6271579200983098,1.607811330701568,0.1605785075853899,-0.03727586113040056,3.0
0.5598736418662581,-0.6925170382826243,-1.4809880430867768,-0.06208557713872111,1.0
0.6271579197336264,1.6078129485811061,0.16550397370473768,0.014958165774867308,3.0
0.6271579200239363,1.6078098954559925,0.15541456520075228,-0.008578203954803134,3.0
0.5435648548061253,-0.9671906434510742,1.3334311052835688,0.00034621622694686613,0.0
0.5598736417793112,-0.6925151468001846,-1.4816738641346825,0.006182881964951824,1.0
0.5435648546800512,-0.9671909494278688,1.3343521832513312,0.023019303337047076,0.0
0.6271579196375031,1.6078098353436994,0.16431572784272658,-0.010661722520131253,3.0
-1.7317881813726554,0.054050219859006515,-0.0017711015833619453,-0.01399889826035877,2.0
0.6271579201786166,1.607813449169865,0.15858897258261528,0.05453574997393344,3.0
0.5598736416380788,-0.692515294788806,-1.4827461572941911,0.011659131830478366,1.0
-1.7317881807409246,0.05404902215634859,-0.003710706491686418,0.055973958971131,2.0
0.5435648547812668,-0.9671910187026022,1.3363041837749088,0.029488981718282122,0.0
0.5435648550998835,-0.967189295783974,1.3272431569208578,0.006270936896921839,0.0
0.6271579197807816,1.6078102434148365,0.15435588768103947,-0.03894624410765745,3.0
-1.7317881813568032,0.05404777645674365,-0.008199953374170049,0.051329235411161175,2.0
0.5598736416578021,-0.6925155360635521,-1.4839070140716446,0.04316007088714139,1.0
0.5598736412580569,-0.692513475226686,-1.4811809691664506,-0.05440660852929792,1.0
-1.7317881821716872,0.05404922869969105,0.0008202116085142433,-0.013094738897631414,2.0
-1.7317881810089588,0.05404724080763524,-0.005956003620696603,0.059770978959680664,2.0
-1.7317881809429987,0.054048479996536176,-0.001930884567848654,0.05342292806945287,2.0
-1.7317881816528136,0.05404926218550566,-0.0006438685222277745,0.07726254219200064,2.0
-1.7317881815001037,0.054048052905259186,-0.006313665464044439,0.02640533749246086,2.0
-1.7317881819040957,0.05405021807181154,-0.004870712156595447,0.006354239893223087,2.0
0.5435648549208513,-0.9671902428298731,1.3343475762612358,0.0686957489580619,0.0
-1.7317881816522331,0.05405298370792595,-0.010204933051026403,0.03440786515450855,2.0
-1.7317881812463556,0.05405253226508454,-0.0035040862997483954,0.014754073648849921,2.0
0.5435648545491466,-0.9671881303358382,1.3311717161396146,-0.007065502609031123,0.0
0.5435648552682131,-0.9671889066095523,1.3366567881117442,0.023392168535630368,0.0
0.6271579191604435,1.6078102098065914,0.15939896967604728,0.03240780012544212,3.0
0.5598736413409903,-0.6925162692734063,-1.4765959863023654,-0.03310269832256375,1.0
-1.731788180899913,0.05405169753194828,-0.007482501615490119,-0.08353540202901379,2.0
0.5598736410185478,-0.6925175750054604,-1.4774480568708772,0.005852095608470526,1.0
0.5598736416914455,-0.6925171945506376,-1.4760681782208551,-0.04931554799403051,1.0
-1.7317881815805416,0.054049543841787805,-0.009615331771870543,-0.001753534163613874,2.0
-1.7317881815298035,0.054052276037638215,-0.00016390363403443093,0.018649061852971126,2.0
0.543564854530173,-0.9671889860064357,1.3304303083117353,0.01271493800706113,0.0
-1.7317881819131793,0.05405034003641954,-0.006385480909551317,0.061206228323674394,2.0
0.5435648540730893,-0.967187899605596,1.3319191628464289,0.032086198100196674,0.0
-1.7317881820670087,0.05404534841027565,-0.009427054667007077,-0.0033254312178319784,2.0
0.627157919593005,1.6078107845377287,0.16433801302241283,0.04414334183271692,3.0
-1.7317881815208747,0.05404899313600265,-0.012813097427458623,0.09683643039483372,2.0
0.6271579203579392,1.6078136559688325,0.16914310997122173,-0.043117897697354794,3.0
0.5598736411980793,-0.6925150846068644,-1.4811943271607426,-0.05340794065029178,1.0
0.5598736407633116,-0.6925136652978167,-1.477828935201371,-0.03099780511229141,1.0
-1.7317881814867717,0.05405154834490922,-0.00866288868123566,0.012503038351033677,2.0
0.5435648545267538,-0.9671882422664422,1.3334567475551158,0.0005699763707275513,0.0
0.6271579204747664,1.6078092911567048,0.15763694808460557,0.020841717604999567,3.0
0.5435648546113426,-0.9671896783992616,1.329457142707853,0.050932062600438276,0.0
-1.731788181984284,0.054050332128659735,-0.0010057102644086627,0.00816229006109247,2.0
0.5435648550258454,-0.9671896145317099,1.3342811358046578,0.00870198524608665,0.0
0.5598736409379901,-0.6925165334849714,-1.4799642449993926,-0.057233707969572,1.0
0.6271579194175284,1.6078111758041473,0.1627668399155819,-0.0020854218030479962,3.0
-1.7317881812331686,0.0540501728995668,-0.006308631624182959,0.005584503089910998,2.0
0.6271579197138856,1.607809632684952,0.16181462494998727,-0.043129535151798085,3.0
0.5435648545492089,-0.9671867765721741,1.3311369026753008,-0.06669317578182712,0.0
0.5598736413619784,-0.692516054081125,-1.484425584096674,-0.1303235872237344,1.0
0.5435648544378521,-0.9671918104922897,1.3356738144638858,0.017596609378693867,0.0
0.5435648546179037,-0.9671905314346545,1.3318687708187267,0.0072209299890690064,0.0
0.559873641238301,-0.6925144831811961,-1.4751490043409232,-0.11615676559113323,1.0
0.5598736424809299,-0.6925173824711072,-1.4752716928872116,0.03868047460153267,1.0
-1.7317881817513572,0.054046965202425766,0.003120514726111616,-0.010064233597370704,2.0
0.5435648546958624,-0.9671906905581318,1.3343782433202607,-0.036011988387103094,0.0
0.6271579191189335,1.6078115272084348,0.15793311953703715,0.08134593250878266,3.0
-1.7317881813091915,0.054050037390498504,-0.009175161278028032,0.00037799584270450617,2.0
0.5598736408139079,-0.6925171017033916,-1.4804626880378116,-0.05502503885338636,1.0
-1.7317881808519258,0.05405171950072533,-0.0076049533747335075,-0.01958548091343536,2.0
-1.7317881813813503,0.05404951506282778,-0.007358509021731622,0.002061798538076744,2.0
0.559873641462948,-0.6925162301494185,-1.4837636850904024,-0.017182134609886466,1.0
0.6271579200431027,1.6078130598113949,0.15873448022954054,0.004928159620896205,3.0
0.6271579193399633,1.6078114747397567,0.15707629430182446,-0.021413649224208547,3.0
-1.7317881810335534,0.05404805136241247,0.003951870253993214,-0.0046104608145067305,2.0
0.5435648550233149,-0.9671916383902134,1.3245197352690297,0.018070197039872157,0.0
0.5435648549408982,-0.9671888153987755,1.3297250548491542,0.031493422970595944,0.0
-1.7317881813867022,0.05404948319373125,-0.004221853221205563,-0.04689988977673919,2.0
0.5598736415775987,-0.6925179456934092,-1.4778786255629472,0.0022947216557840516,1.0
0.5598736408357096,-0.6925158644893344,-1.473618314162537,0.005638165831957708,1.0
0.6271579201771941,1.6078105071943682,0.15473217228617314,-0.02014577411290916,3.0
-1.731788181330701,0.05404695016337547,0.00043556402636248266,-0.04303894902059486,2.0
0.559873641366327,-0.6925145549657009,-1.488685864318345,0.030030605436350274,1.0
0.6271579200158373,1.6078093666884548,0.16302665781994838,-0.011499053453049623,3.0
0.5598736407721187,-0.6925153660036383,-1.4792029443894994,-0.013346738541358559,1.0
0.5435648547629236,-0.9671918253551617,1.3335433105356043,-0.07338208049225645,0.0
0.5598736411266463,-0.6925172844575208,-1.4752047719537076,0.04856476166786072,1.0
0.559873641244225,-0.6925178694763804,-1.477538639876445,-0.03409254998283882,1.0
0.6271579190041271,1.6078102780195807,0.16462218772002296,0.025198233682436604,3.0
0.6271579197838544,1.607813061093027,0.16338759233436997,-0.04837291349275705,3.0
-1.7317881820019068,0.05405249425246349,-0.008299391967093386,-0.0020275194239329822,2.0
0.5598736407122896,-0.6925167443730061,-1.4736288612677022,-0.045662810397338126,1.0
-1.7317881813581926,0.054048427673456925,-0.003757682863398252,-0.0264144469418669,2.0
-1.731788181485739,0.05405105295728429,-0.005999565135995114,-0.05208129818058806,2.0
-1.7317881810845737,0.05405139287979779,-0.004744551295694825,0.008211017076521334,2.0
0.627157919755298,1.607812646082958,0.16065280944290744,0.0521744744201354,3.0
0.6271579201467664,1.6078086065029813,0.1564982218912416,0.01504787151608024,3.0
0.5598736417221766,-0.6925170352827753,-1.47405577770086,0.011132226174168296,1.0
0.5598736415158843,-0.6925133348617712,-1.4805170709529996,-0.033920605509782244,1.0
-1.7317881811599247,0.054052021974329005,-0.007039102001888208,0.007957942646080272,2.0
0.6271579198507444,1.6078116975630177,0.15806732794552159,-0.011560041029887195,3.0
0.6271579200864061,1.6078115639065316,0.1614015769205378,0.0017614226744817807,3.0
0.6271579195399529,1.6078139123256308,0.16291106425253396,-0.027914488720357036,3.0
0.5435648549927132,-0.9671891435797817,1.3345834125498852,0.0685406574832858,0.0
0.5598736409828986,-0.6925146794235225,-1.4795583105287,0.005672167421650118,1.0
0.6271579199244278,1.6078105848720368,0.16266194921242155,0.01687686212481308,3.0
0.5598736413831017,-0.6925133873157953,-1.4822019557022805,-0.01829574594975088,1.0
-1.7317881814158682,0.05405147848076278,-0.011611851578003683,-0.06186718579805888,2.0
0.5435648553791432,-0.967191134087043,1.3305864627789774,0.00806301903240978,0.0
0.5435648548739058,-0.9671907255447864,1.332147768212843,0.011762466936871115,0.0
-1.7317881818525227,0.05404896278162825,-0.005863971606473884,-0.015252424700184796,2.0
0.6271579200569967,1.6078117810614911,0.16476500132402366,0.05720187291411895,3.0
-1.7317881813929596,0.054051987012174556,-0.0027599191856118362,-0.08756782761257877,2.0
-1.731788181262011,0.054051177346434935,-0.0055508996414906095,0.038804404968358366,2.0
-1.7317881812126015,0.054050989651763526,-0.007670700564338018,0.03544059141397544,2.0
0.6271579200874196,1.6078107472441097,0.1639907295894491,-0.01095819016726154,3.0
0.6271579200260002,1.6078115445442782,0.15424924457993183,-0.03905657559487813,3.0
0.6271579195036964,1.6078119539747062,0.16330247321299013,0.03282949360202143,3.0
0.5598736417037722,-0.6925165266841903,-1.4773006119646523,-0.025292323154283456,1.0
0.5435648544266443,-0.9671893110651082,1.330691437146117,0.048082075442255734,0.0
0.5435648553111365,-0.9671869779180258,1.3296322377885679,0.02111983138292055,0.0
0.5598736414951496,-0.6925147210202696,-1.482117179509884,-0.004583392948366597,1.0
0.5598736416138647,-0.6925138625172078,-1.4726717540979386,0.05987211719943778,1.0
0.5598736414710109,-0.6925160789041008,-1.4769651634881449,0.02001423529578272,1.0
0.559873641646098,-0.6925151218482372,-1.474727455936408,-0.0020234618962302656,1.0
0.5598736419206558,-0.6925146703561565,-1.4777837656090689,0.007329735710730242,1.0
0.6271579199128875,1.607813314932941,0.1623296248796266,-0.026324692614865336,3.0
0.5598736418233299,-0.6925125296580459,-1.4815522087966293,-0.06291099184812904,1.0
-1.731788181395235,0.05404871698886406,-0.0015385636335616595,0.09685180601055916,2.0
0.5598736409395867,-0.6925158162480717,-1.4823025287690512,-0.04285285261347257,1.0
0.627157920259795,1.6078123412381846,0.16193860169836244,-0.0022513564535580444,3.0
0.5435648546395965,-0.9671881414811103,1.3345572778163464,0.05061427170778864,0.0
0.5435648547926054,-0.967188907417074,1.3326204928900232,0.05307156358517497,0.0
0.5435648546000366,-0.9671877899037999,1.3312941175025093,0.034405839968312306,0.0
0.6271579196552157,1.6078120060480203,0.1555143542432773,-0.012843148379251396,3.0
0.5598736413797682,-0.6925156407339117,-1.4747177234969389,0.04382660339994249,1.0
0.6271579201504942,1.6078116405302019,0.15334948929309955,-0.01743181663292378,3.0
0.5435648550638632,-0.9671895269716858,1.3325958375400597,0.03504926691480388,0.0
-1.7317881807777837,0.054051028465554096,-0.011878542405313285,0.0502184589014272,2.0
0.543564854726657,-0.9671921437162887,1.3357922463981322,-0.0027018000497104778,0.0
-1.7317881813731901,0.05404804634654029,0.0015341066278611775,-0.023397547502081468,2.0
0.5598736417837012,-0.6925158614989875,-1.4787826425689823,0.002814750186624847,1.0
0.5598736420634677,-0.6925193577944323,-1.4793725612329642,0.027932621538039736,1.0
-1.7317881810348537,0.05404803213557616,-0.0032604084332839615,-0.029224155477365323,2.0
0.5435648550071172,-0.9671908113483626,1.3301796394712486,0.007324526796365467,0.0
0.6271579199094433,1.6078090622535952,0.1644958756805751,0.016243197476854963,3.0
0.5435648543904148,-0.9671897696537748,1.3375880670411744,0.021641582889189916,0.0
-1.7317881816602516,0.05404957324866968,-0.009843610126519395,-0.016039499869906826,2.0
0.5598736420579348,-0.6925164933541763,-1.4779935922089644,-0.02530972188649715,1.0
0.5598736416191897,-0.6925159355357029,-1.480818020075977,0.0240409421996008,1.0
-1.7317881821322565,0.054050157580949984,-0.002817936906861866,0.007953235421496665,2.0
0.6271579200902389,1.6078108119473231,0.1624835125992211,-0.007001768930237193,3.0
-1.7317881817514462,0.054052293409396004,-0.008616189190950736,0.0032209633993310147,2.0
0.5598736411769569,-0.6925169806310572,-1.4774666198012707,0.07497084746958656,1.0
-1.7317881816660639,0.054052037393999657,-0.0033142494675146234,0.0578162272307461,2.0
-1.7317881818646468,0.05405306017707182,-0.007105097505399665,-0.07106883168150854,2.0
0.5435648546372235,-0.9671894434362115,1.3288855020633745,0.010813277639110094,0.0
0.559873641602409,-0.6925151916261626,-1.4750183270066348,0.005428602804866259,1.0
0.5598736408374724,-0.6925163170390003,-1.4774682556876553,0.036106969486238975,1.0
0.627157919761148,1.6078132535785257,0.15209333808848094,-0.023331024963889717,3.0
0.5598736416069054,-0.6925173449115748,-1.483594044100438,-0.012515385415266634,1.0
0.5435648554224688,-0.9671900778189337,1.3373125209901553,0.020916675392997432,0.0
0.5598736416406608,-0.692514867909421,-1.4771759408920964,-0.011953600468951012,1.0
0.5598736409650992,-0.6925181521286539,-1.4828824489922225,-0.004495389241814413,1.0
0.5598736416111438,-0.6925184973754263,-1.4800470910666264,-0.07407509925727362,1.0
-1.7317881818905316,0.05405063987751221,-0.0025101358197293353,0.01379413448997093,2.0
-1.73178818161076,0.0540521744946828,-0.008029209841701085,-0.01914918961691445,2.0
0.6271579203904137,1.6078119055157498,0.15343796024869058,-0.02157095153766652,3.0
0.6271579199854618,1.6078092937331494,0.15835157389521357,-0.09515520785336762,3.0
0.5598736417173543,-0.6925166567703446,-1.4778028047748426,-0.08845864310018899,1.0
0.5435648551467455,-0.9671902173856634,1.3367927051953592,-0.006355190184923858,0.0
0.5435648548701681,-0.9671903482848313,1.3342994203469734,0.06500031427021295,0.0
0.6271579203260079,1.6078092635345997,0.16133073629062314,0.04984830822395525,3.0
0.5435648543866253,-0.9671880234803014,1.3340469056340922,-0.042129223484366006,0.0
0.5435648548129799,-0.9671875089824484,1.3292377510349862,-0.010810240417713059,0.0
0.5598736416150013,-0.6925199538185208,-1.4755392934986424,-0.01304913439754078,1.0
0.5598736411869141,-0.6925145374274085,-1.4826576147649742,-0.003883804262563614,1.0
0.5435648546078558,-0.967190150679764,1.3337730613366556,-0.04491515383208648,0.0
0.5435648547655174,-0.9671906851848799,1.3290967421141495,0.045998780125889434,0.0
-1.7317881814896026,0.05405117824352114,-0.005026046110165289,0.03062118571380859,2.0
-1.7317881815298708,0.054051361265377455,-0.00638873980917959,0.008840388722969047,2.0
0.6271579204375222,1.6078122103902521,0.15479720400742877,0.07581176141930823,3.0
0.6271579198629533,1.607809535048545,0.15331678035868465,-0.04482464601343388,3.0
0.543564854517935,-0.9671908282461453,1.335721168430023,-0.07012098692957353,0.0
0.5435648550603452,-0.9671910631334921,1.3327540632434252,-0.01104893163796286,0.0
0.6271579206843332,1.607809839641377,0.16414798680966367,-0.02087908425944557,3.0
0.6271579192016355,1.6078115965486064,0.155883585550739,-0.017706380560503013,3.0
0.5435648552597725,-0.9671852493900522,1.333109068242695,0.056092283763557606,0.0
0.5598736420440542,-0.6925148536322132,-1.4775624104940976,0.014410485823731306,1.0
0.6271579200223365,1.607811627066047,0.1640357855792922,0.0299563876933251,3.0
-1.7317881810567657,0.05404864285814097,-0.006559542927707966,-0.05710132597808785,2.0
0.559873641551578,-0.6925136979138035,-1.4846215994936527,-0.07142746579206954,1.0
0.5598736410570329,-0.6925153226594155,-1.4782997187432456,0.00026224711108850424,1.0
0.6271579196168849,1.607811494688095,0.16257265757983771,-0.051376786294318355,3.0
0.5435648551557516,-0.9671880390134877,1.3393021173391482,0.09450871374664759,0.0
0.5598736412869331,-0.69251521985754,-1.4795985496929114,-0.0064898424935879795,1.0
0.5435648545362691,-0.9671888676808907,1.335715587899797,0.06838453255493074,0.0
0.5435648550274759,-0.9671893789490739,1.3315574155813987,0.11447323496770354,0.0
0.6271579198620842,1.6078089721667603,0.16126384068735386,-0.02414611092022072,3.0
-1.73178818114414,0.054051202369025025,-0.005735632302958585,-0.03470625066253504,2.0
0.627157920044405,1.6078106283793776,0.1606403700745339,0.09743214363642985,3.0
0.5435648549543316,-0.9671893435070935,1.3345313701544188,0.0708093218586242,0.0
0.5435648551640757,-0.9671905064243297,1.3277029407890504,-0.04025438741463511,0.0
0.6271579203101629,1.6078125521923343,0.16814192103334932,0.02705999678133857,3.0
-1.7317881809976992,0.054049448029822034,-0.005186985306182361,-0.04508105203951103,2.0
0.5435648551258525,-0.967189643011877,1.3310469692369233,0.045372022319583705,0.0
-1.7317881810073394,0.05404911062758619,0.0003991310311587597,-0.02794376894291204,2.0
0.627157920275714,1.607812383750545,0.14959219320077757,-0.01792486975459787,3.0
0.5435648548254103,-0.9671889373988203,1.3249667011418838,-0.012327401642843912,0.0
0.5435648541849828,-0.967189946846599,1.3328771344379204,0.013057998966682026,0.0
0.6271579195959052,1.607811666883685,0.1608529687014281,-0.0024989583161626494,3.0
0.5435648546582896,-0.9671919316248192,1.3348111075990805,0.04487835863618674,0.0
-1.7317881825887302,0.05404858321467931,-0.0025348608329193844,0.03604741147376092,2.0
0.5598736412490054,-0.6925157092051029,-1.4740547395361168,-0.04209005504439082,1.0
0.6271579197604196,1.6078095018602798,0.15959561273549255,-0.007490023406261332,3.0
0.5435648545686333,-0.9671886578975837,1.3317830847416166,0.07313323528031573,0.0
-1.731788181462454,0.054050766273763075,-0.005443083153064936,-0.0002132436605079503,2.0
0.5435648554915865,-0.9671880090489308,1.3256071225895023,-0.0011954112262456144,0.0
0.5435648543485633,-0.9671892531090172,1.3325769627170652,-0.008377814032424113,0.0
-1.731788181339568,0.05404814864869929,-0.008593349778064505,-0.041556914769289896,2.0
0.5435648543703048,-0.9671904512424547,1.3338648225723253,-0.002562607758478318,0.0
0.6271579202121654,1.6078120905761402,0.1579467063605213,-0.018826794892856703,3.0
-1.731788181833324,0.05405122364031734,-5.464706370178956e-05,0.029092792643501564,2.0
0.5598736415228645,-0.6925157967527922,-1.4796271307211142,0.00967236688422794,1.0
-1.731788181385279,0.054048948806510705,-0.007528622178060095,0.021278826533887477,2.0
0.5435648547422303,-0.9671893990230962,1.3349073688318582,0.023117650534652687,0.0
0.5435648541345844,-0.9671878955071915,1.3353373363155232,0.05420647489714745,0.0
0.6271579200302265,1.607811601285739,0.16088046731179562,-0.021560803001074724,3.0
0.6271579201452571,1.607812145900507,0.17105772957845314,0.02087192530150796,3.0
0.6271579203360719,1.607809790185551,0.16391497650004283,-0.014801211602483526,3.0
0.6271579193621979,1.6078096629913112,0.16460008625045425,0.03971900107158814,3.0
-1.7317881814394946,0.05405073906943537,0.004380838959281028,0.0390281506128705,2.0
0.6271579198737328,1.6078131641928881,0.15824328000743965,0.010731859924695985,3.0
0.5435648546713764,-0.9671898236224832,1.3294304384608542,0.02637824748671019,0.0
-1.7317881814852434,0.054050221023952794,-0.00883554683975587,0.020528148550769447,2.0
0.6271579194817888,1.607813497150841,0.15792337434898548,0.0010765294304390612,3.0
0.5435648550920328,-0.9671911965660119,1.3315723275858153,0.08056115915028599,0.0
0.5435648552423069,-0.9671903018698469,1.3282230333469343,0.06933147411725106,0.0
0.5435648548098785,-0.9671891256300043,1.3279240772030698,-0.06117805715092878,0.0
0.5598736407878591,-0.6925199420019553,-1.4813945046583807,-0.000607598351060577,1.0
0.6271579195081566,1.6078123205635504,0.16140591426895465,-0.01994470993955302,3.0
-1.7317881816953176,0.054051005993137814,-0.0034748249847035583,0.0026461987711264715,2.0
0.5598736418273369,-0.6925174322627264,-1.4777982509293226,-0.003056847599011215,1.0
0.5435648545272586,-0.967191432329071,1.3372403512861388,0.04499863311965769,0.0
0.6271579195659314,1.6078114785688964,0.1584048812205549,-0.04154543842623921,3.0
0.559873641375554,-0.6925178213193549,-1.477462848466864,-0.032242851332451056,1.0
0.6271579199871855,1.6078117655414714,0.15983877510950295,-0.020015110071468126,3.0
-1.7317881812856322,0.0540493551928701,-0.0050603200262123145,0.004134423539137914,2.0
0.5598736413243989,-0.692516701806784,-1.4813189205140886,0.07748037617922042,1.0
0.559873641475663,-0.6925161204597764,-1.475548113329627,-0.02286957045685942,1.0
0.5598736412825721,-0.692516620961278,-1.4778579047148868,-0.0059532129810243644,1.0
-1.7317881814403264,0.05405123054639659,-0.00820078001015808,0.008671483319513592,2.0
0.6271579192695856,1.6078123253979533,0.16250226151256952,0.01560896081326166,3.0
0.5598736417260215,-0.6925170072124955,-1.4726796285561194,0.002756931485196602,1.0
0.5598736410751198,-0.692514847416194,-1.4720697332029806,-0.005680546264773253,1.0
0.5598736413042226,-0.6925150546077227,-1.4815304346925195,-0.013745943928630957,1.0
-1.7317881818701077,0.054052742678010954,-0.007951894450103247,-0.03726147747101744,2.0
0.5598736418786495,-0.6925168641531544,-1.4788841945755065,-0.07841469975700374,1.0
0.5435648543055649,-0.9671879331804855,1.331924357001975,0.025958306387346947,0.0
-1.7317881812305105,0.054047596119690226,-0.003998236871574825,-0.07058440078777685,2.0
0.5435648542554835,-0.9671873152706918,1.3308848103821216,0.004821410323176982,0.0
0.627157919693026,1.607810415318734,0.16397198961692042,-0.08973511623243598,3.0
0.6271579197724276,1.6078132215766934,0.16464377514489598,0.023993682411454595,3.0
0.6271579193374184,1.607814395871992,0.15954481265637815,0.03688101465752836,3.0
0.5598736418266539,-0.6925161885121235,-1.4736793061983893,-0.014352458110796523,1.0
0.6271579200075471,1.6078155980509619,0.15178784630379374,0.023877369061964207,3.0
0.543564854055273,-0.9671906651564254,1.330983978807631,-0.012381091177036622,0.0
0.5435648548737653,-0.9671913804623752,1.3315340466776049,0.05125940393659856,0.0
0.6271579198732523,1.6078108140818737,0.1614591793816822,-0.041008477448027096,3.0
0.5598736414805912,-0.6925130577718275,-1.4768534684902141,-0.0035559085573728206,1.0
0.559873640997821,-0.6925172886585774,-1.478424907068202,0.010230079299160014,1.0
0.6271579189254076,1.607813082465079,0.15631992163975167,-0.007807305178694015,3.0
0.6271579187243881,1.607812472101997,0.16543037987822234,-0.008134352471427379,3.0
0.6271579198329572,1.6078113323480088,0.1631399687562061,0.05678634642911193,3.0
0.6271579198841403,1.6078105962379587,0.16086406892759,0.019565985999456945,3.0
0.5435648541645256,-0.9671876751126216,1.3356050916415243,-0.025792845482318496,0.0
0.5598736408657344,-0.6925175279909079,-1.4797740418788012,0.022435689964295603,1.0
0.5598736415478501,-0.6925132032354803,-1.478536874783682,-0.042028644303903365,1.0
0.559873641361289,-0.6925152633481793,-1.4717795698394165,-0.06725976449028996,1.0
0.6271579207081551,1.6078106734810536,0.16654205159212312,0.0013816889707061943,3.0
-1.7317881815933835,0.05405063760313827,-0.010450327808993952,0.020117523885603894,2.0
0.5435648548389082,-0.9671903666904561,1.3324551387916357,-0.08633585315714985,0.0
-1.7317881813638698,0.054050332319748366,-0.0035822411808996025,-0.001268363569750666,2.0
0.6271579199097908,1.6078147999962422,0.15959611564045492,0.014150853837406123,3.0
0.5435648548242888,-0.9671921475829435,1.3291477517319388,-0.03568719388489987,0.0
0.5598736415975537,-0.692516142428881,-1.4818853617163419,0.016746782838788332,1.0
0.5435648549518068,-0.9671925473614637,1.3321589354518386,-0.017786020149722245,0.0
0.5435648549343414,-0.9671905969558904,1.3321047932346253,-0.008693379663635665,0.0
0.5598736415623216,-0.6925216309000353,-1.4772779865779246,-0.03687472505801477,1.0
0.5435648547806623,-0.9671878335045346,1.3236362699154125,-0.009232749076469563,0.0
-1.7317881809407136,0.054050693815570004,-0.012653959968864509,0.05195570541516179,2.0
0.5435648554900824,-0.9671895324420218,1.3345256506037673,0.022264420988784884,0.0
0.6271579201834598,1.6078087609950416,0.15929313879782406,0.06646877578174394,3.0
0.543564854356535,-0.9671895582379777,1.329949867956647,-0.023152878037010095,0.0
-1.7317881821423406,0.05404972753321955,-0.0116264742061113,-0.021844607362177835,2.0
0.5435648542336186,-0.9671880091733612,1.3343481544059976,-0.03647225803010012,0.0
-1.7317881813796392,0.054048083176215095,-0.008112019851436005,-0.026532081399084657,2.0
-1.7317881809911406,0.054048894390431756,-0.006082257732964738,-0.03689492285946146,2.0
0.5598736410119276,-0.6925169129811434,-1.4847133189674564,0.006550774927748155,1.0
0.5598736419046325,-0.6925158133914645,-1.4814803342656542,-0.002417675492735598,1.0
0.5435648543445639,-0.9671886492638024,1.326020482761893,0.013921998202913613,0.0
-1.7317881811089813,0.054051624847448916,0.0012525860183320056,0.013101711243687312,2.0
0.55987364134542,-0.6925122718593388,-1.4783767568491493,0.02657050576309459,1.0
-1.7317881821402157,0.05405012775804877,-0.006218750913994837,0.011098242134747202,2.0
0.6271579200057547,1.6078117885191507,0.16258701414260437,0.03153730935941851,3.0
-1.7317881812484446,0.05404865322294691,-0.006898534802338296,0.028365977864100125,2.0
0.5598736411630257,-0.6925154991680857,-1.4786234628641375,0.015880738953294147,1.0
0.5435648542930601,-0.9671897611100324,1.3397210846406027,-0.005819313503536546,0.0
0.5435648546842297,-0.9671881672559028,1.3398018356134327,0.04819016673792637,0.0
0.5435648546255563,-0.9671911658397917,1.3361896327699385,0.024571916694964106,0.0
-1.7317881816214122,0.05404920924590619,0.00041825811258442737,0.03527033305657494,2.0
-1.7317881816049752,0.05405203032745643,-0.0063706784431093845,-0.030031081744503325,2.0
-1.731788181674455,0.05404877319329975,-0.0017785547435473766,0.004952527988222607,2.0
0.5435648548301016,-0.9671896754093414,1.3330634863415098,-0.02052570157851017,0.0
0.5598736412998896,-0.6925185457290083,-1.4816673573830768,-0.06031196262535176,1.0
0.5435648552327157,-0.9671908446605159,1.339427579948942,-0.026591477830683302,0.0
0.5435648543558211,-0.9671895276393788,1.334329169794866,0.09284753430446525,0.0
0.559873641436892,-0.6925148124505467,-1.4741285246229512,-0.009525263937364047,1.0
0.6271579196332225,1.6078122091365625,0.15942788064932253,0.0014295888626717494,3.0
0.6271579195069759,1.6078110434469417,0.15883375285633855,0.017028716720083388,3.0
0.6271579193417155,1.6078121717590255,0.15636327847484183,-0.033771001682416334,3.0
0.6271579195571547,1.6078125297807586,0.1644406168735534,0.031064144458744083,3.0
0.5598736409053077,-0.6925152413607074,-1.480510226568651,-0.00559402987618163,1.0
-1.7317881823177623,0.054051336314460637,0.001074944393402258,-0.019662551798053735,2.0
0.5598736415046277,-0.6925153499259039,-1.4738763233374146,0.012576815833474362,1.0
0.5598736407628384,-0.6925138550051491,-1.4709313129081671,-0.01037869508264814,1.0
0.543564854649118,-0.9671939188857082,1.3328325582819798,0.00789310580579911,0.0
0.6271579197946056,1.6078118223537137,0.1604397386454115,0.07531079159446774,3.0
-1.7317881816509098,0.05404923885635325,-0.005076196261677806,0.0352573380793952,2.0
-1.7317881811542497,0.05404772795331083,-0.004921773340730803,-0.002681766590099122,2.0
-1.7317881811680202,0.05405297857137248,-0.002642982483255112,-0.01708046823782732,2.0
0.5435648546421692,-0.967190440296974,1.3331719029737052,0.009471243587850944,0.0
0.5435648542368646,-0.9671901034973849,1.3341906089851603,-0.03430364899353188,0.0
-1.7317881816976275,0.05405102238309131,-0.0034192672790941303,0.03195847623029591,2.0
0.543564855193748,-0.9671920840193607,1.3317820556014914,-0.02183299423014153,0.0
-1.7317881812908569,0.054051690182707744,-0.003223945979641986,-0.051171121629313816,2.0
0.6271579196518577,1.6078107011660054,0.16150873734287088,-0.00832618191881637,3.0
0.5598736418816987,-0.6925167741522245,-1.479859341695301,0.025968427794088277,1.0
0.6271579197651102,1.6078120777644034,0.1639181272527258,0.05699566348634896,3.0
0.627157919949826,1.6078115292699422,0.16822533200327427,0.010385972588295656,3.0
0.5598736415383736,-0.6925164244327564,-1.4825195612202182,-0.011772152999080819,1.0
0.6271579200246169,1.6078105995179186,0.1606523905708824,0.01388484337498899,3.0
0.6271579201198384,1.6078107812768494,0.1647575233521264,0.024855299475403086,3.0
-1.7317881819146757,0.05404770281187744,-0.004984431911691968,-0.0961635649351365,2.0
0.5435648546542658,-0.9671898185348385,1.3354572171862669,-0.007320171145269482,0.0
0.5598736413723938,-0.6925147383452106,-1.4876854680360498,0.0010112441020976612,1.0
-1.731788181830947,0.05405045563011656,-0.00608228883114576,-0.05964601762055676,2.0
0.5598736414971421,-0.6925158357768275,-1.4825150202645139,-0.02408998100992052,1.0
0.5598736411472767,-0.6925148559111696,-1.4841848758060634,-0.03391565738131302,1.0
-1.7317881817069674,0.0540506209870828,-0.004084782051913763,0.004168829679325543,2.0
0.5598736419706147,-0.6925165960641055,-1.4829872379022175,-0.02347349824551712,1.0
0.5435648542298812,-0.9671939411952221,1.3278253008862957,0.008533673130218265,0.0
0.5435648550810238,-0.9671891076886197,1.3286737076375563,0.020792965052759627,0.0
0.5598736419112278,-0.6925165322531146,-1.476660201064618,0.01014631509831501,1.0
0.5435648548050349,-0.9671892732470101,1.3290612818039587,0.03111587296152068,0.0
0.5598736414305349,-0.6925152295891277,-1.481504580238014,0.02009663699077083,1.0
0.5598736413804107,-0.692517298122895,-1.4808699336408566,-0.04483546956857469,1.0
0.5435648547561968,-0.9671896319774573,1.3337784891666347,0.039400862429980164,0.0
0.6271579196244637,1.607811959791764,0.1615222142006451,-0.039001280915604536,3.0
0.6271579194723029,1.6078123414972656,0.15775665587183488,-0.00773158146013081,3.0
-1.7317881812091753,0.05404982073011722,-0.0038100095431012238,0.10939921325382863,2.0
0.6271579198954322,1.6078121931597242,0.1605882806850823,-0.07886921270921686,3.0
0.5598736417412932,-0.6925129094616308,-1.4861591582918416,-0.06478888984561235,1.0
0.5598736418266457,-0.6925188632472645,-1.4796081023820187,-0.02509830985612257,1.0
-1.7317881811429112,0.05405082685256886,-0.005866225944084206,-0.004568024584883164,2.0
0.5435648550672705,-0.9671862552708591,1.333635645582889,-0.0036528606818191775,0.0
0.6271579200877981,1.6078101029566556,0.16013703654381994,-0.04503494930484887,3.0
0.6271579198452274,1.6078140815393862,0.15275721844316606,0.01482364961175604,3.0
0.6271579202299078,1.6078140785300683,0.1554466112142221,0.0032831326420770432,3.0
-1.731788181986785,0.054051415545069134,-0.00484776463234452,-0.009672742354170578,2.0
0.543564854935898,-0.9671902964042248,1.333598467817789,0.059149557318046546,0.0
0.5435648551020577,-0.9671924335386769,1.3351542396454357,0.019981136611915945,0.0
0.5435648549620448,-0.9671889878089925,1.3415987950633774,0.0024333719999967253,0.0
0.6271579201406322,1.607814255943514,0.1646101166983393,-0.029716589259377483,3.0
0.627157920007358,1.6078139526419601,0.1671682473866851,-0.02047687946837054,3.0
0.543564854781766,-0.9671895698869131,1.327853088714721,0.016616433411713257,0.0
0.5598736414886635,-0.6925161420303342,-1.4804451519434405,0.0604809199569964,1.0
0.543564854616213,-0.9671882144429961,1.3343701388150486,-0.015182795543295935,0.0
-1.731788180912004,0.054053151142852814,-0.0041964946496572866,-0.03068785168653337,2.0
0.6271579195331116,1.6078101774761895,0.1639332748889883,-0.014241102573727286,3.0
0.5435648550324114,-0.9671893607437126,1.3341596430820737,-0.009893940429791068,0.0
0.5598736411611777,-0.6925154676985347,-1.4775422814956662,0.05405291895755648,1.0
0.62715791977566,1.607810805325553,0.1591751004230423,-0.03295307165261768,3.0
-1.7317881814337803,0.05405079182519758,-0.009257606614017293,-0.013341048424252003,2.0
-1.731788181730335,0.05405191767723821,-0.007654541801300868,0.08827250107755265,2.0
0.5598736421690755,-0.6925159991286877,-1.4874377883325407,-0.0651491054412653,1.0
-1.7317881814060576,0.05405005729531298,-0.005886448219340149,0.028057570478886455,2.0
0.6271579198908064,1.6078125687166474,0.1555799929986551,-0.017676392749913946,3.0
0.5435648544560123,-0.9671923575334487,1.3355484373076707,-0.02929370007838533,0.0
0.62715791942007,1.6078125055176922,0.16292848180110167,-0.010286413749642788,3.0
-1.7317881812386846,0.054050864260055835,-0.014193006631412618,0.007055586635051187,2.0
-1.7317881809209714,0.054051856144805545,-0.006811071777318585,0.03758003417159538,2.0
0.5435648545065348,-0.9671926645115702,1.3363445654146702,-0.004925560561201978,0.0
0.5435648552869826,-0.9671894973475167,1.3314113998648531,-0.020887166898212767,0.0
0.5435648543693904,-0.9671885831905219,1.3378427412688494,-0.013076787678825752,0.0
0.5435648550257192,-0.967191471982531,1.3264603812966695,0.04094042009652916,0.0
0.6271579199314705,1.6078135417455501,0.1611067085652772,0.04881866880195763,3.0
0.559873641281058,-0.692517019495954,-1.4783502969311562,0.07512167242733231,1.0
0.5435648545001807,-0.9671883530463384,1.3285712829126168,-0.024985184893230997,0.0
-1.7317881810315054,0.054050717211357235,2.088164828522996e-05,-0.051458037310301415,2.0
-1.7317881814312397,0.054048404887576944,0.0013899773455735916,0.022660221622800705,2.0
0.6271579198810796,1.6078101933953965,0.1603388177436921,-0.05223392489289356,3.0
0.5598736408400056,-0.6925195529258892,-1.481221618201057,0.027518562265715175,1.0
0.5435648543545646,-0.9671899171723843,1.3309847964050139,0.020584974125311663,0.0
-1.731788181615863,0.0540493956735343,0.0017991724421975734,-0.05557620050052281,2.0
0.5435648552073876,-0.9671884978380597,1.329242714632417,-0.005231343910268462,0.0
0.6271579201225926,1.6078108564895293,0.1556104235832308,-0.02235205991611497,3.0
0.5598736417443693,-0.6925148299505641,-1.4830517601272237,-0.005813369817769609,1.0
0.5598736415485742,-0.6925142565729272,-1.4858096331041344,-0.11429480738017696,1.0
-1.7317881814542058,0.05405246343437567,-0.0034128016708298826,-0.034362002170404075,2.0
0.6271579188182007,1.6078128303174943,0.16000907321222113,0.021262619229042115,3.0
0.5435648548018644,-0.9671853485534508,1.338432365560946,0.05012546642728923,0.0
0.6271579198681256,1.6078088319640442,0.1617635904077479,0.011824155889674259,3.0
0.5435648547113996,-0.9671893316246024,1.3371872980567934,0.006373154833822009,0.0
0.5435648553605088,-0.9671882757788409,1.3266456497752155,0.029545211886069078,0.0
-1.7317881820281182,0.05405146550708146,-0.0019538632764049832,-0.03731180493855817,2.0
0.5435648553825925,-0.9671900546703704,1.3317242786379309,-0.00865152013039994,0.0
0.5598736412528889,-0.6925155750239231,-1.4832304485685293,-0.015875955534872806,1.0
0.54356485470326,-0.9671911069968326,1.3370435233728977,0.07477468612428158,0.0
0.6271579200443285,1.6078113806971628,0.1619802177555183,-0.04806278052313561,3.0
0.6271579193323154,1.607813263522736,0.16330851135735586,0.0075421735307131645,3.0
0.6271579203506011,1.6078133395745864,0.16182591978956498,0.06631869605065452,3.0
0.5435648549529378,-0.9671876590132695,1.3375521030053155,0.005678374000238288,0.0
0.5598736408475974,-0.6925102099277557,-1.4742674147975825,-0.003969115464241457,1.0
0.5435648543947932,-0.967190143849114,1.3342514306445539,0.042503311800161765,0.0
0.559873641977068,-0.6925180791565728,-1.477458139951785,-0.03692944316453495,1.0
-1.7317881810108628,0.054050037645839814,-0.0029286216467290186,-0.012933090392910957,2.0
0.543564854730576,-0.9671918836966008,1.3394313520330536,-0.013712071766122547,0.0
-1.731788181826975,0.0540490524222716,0.0001557417660597579,0.022794704336630965,2.0
0.559873641687676,-0.6925151928050947,-1.4782918652422716,-0.06985346914648405,1.0
0.6271579185402772,1.6078116748174252,0.16655254018263688,-0.0019016229834888077,3.0
0.5435648544043878,-0.9671914971225232,1.330563178712371,0.007876623908036383,0.0
0.6271579201931842,1.607810748615089,0.16204890178475942,0.036726447923802814,3.0
0.6271579197596309,1.6078141823826975,0.15954678944475933,-0.024854553202839955,3.0
0.5598736420583065,-0.6925153831552097,-1.4842442448522852,0.04520764617453024,1.0
-1.7317881808167592,0.0540531703002184,-0.00247198700835954,0.004670939718276824,2.0
0.6271579193981734,1.6078108249115481,0.15865125035590275,-0.020479333383069617,3.0
0.5598736409862919,-0.6925149058982195,-1.4714273981410173,0.0546581700750958,1.0
0.5598736420926318,-0.6925118067715509,-1.480404506619574,-0.08976117506824915,1.0
0.5598736422361594,-0.6925131534431144,-1.4723782214433982,-0.011147340653830835,1.0
0.5435648544340314,-0.9671880950398072,1.3314865591041931,-0.023401255203735465,0.0
0.5435648546111611,-0.967187256663618,1.3380030506716258,0.031103562476254315,0.0
0.5598736410689571,-0.692514021052286,-1.4784710797044514,-0.003655737042417548,1.0
-1.7317881813196931,0.05404973040716347,-0.00398301436123106,-0.0582485955735254,2.0
0.559873641186977,-0.6925174603753035,-1.4774845960976946,0.004352686851473359,1.0
0.627157919824165,1.6078108191165403,0.1606203970244005,-0.027812840903904658,3.0
0.5598736411998082,-0.6925131506843681,-1.4756718745012398,0.010992472132741817,1.0
0.5435648546449238,-0.9671901037655478,1.3298878514244,0.030700318875315463,0.0
0.5598736413541052,-0.6925145430847558,-1.4792105004000797,0.025361482756315275,1.0
0.5435648546593073,-0.9671899534798986,1.343227956219585,-0.03991529877878547,0.0
-1.731788181840025,0.05405015490863328,-0.002583282540540807,0.03689968707898131,2.0
0.5598736417923151,-0.6925155369869757,-1.4785227113730866,0.03907239042090501,1.0
0.6271579205001475,1.607811754620988,0.15862664520344844,0.03701839868853917,3.0
0.5598736416446171,-0.6925177424446919,-1.4770788041940361,-0.04070407292110595,1.0
0.6271579203603243,1.6078100494041572,0.1634836285759805,0.02360003192036973,3.0
0.5598736416969005,-0.6925170671510441,-1.4835654825514755,-0.007853020671142597,1.0
0.5598736406468052,-0.6925169292484709,-1.4807534972764191,0.02219262530554163,1.0
-1.7317881824261783,0.05404765333539113,-0.0014444664305014365,-0.034094880833211265,2.0
0.5598736405576241,-0.692518252664499,-1.4822580495478883,0.014698779916890775,1.0
0.5435648546788655,-0.9671905053007344,1.3291603964589669,0.005891699047775279,0.0
-1.7317881818306302,0.054051802301031404,-0.009000616929880264,0.02456903473579977,2.0
0.5435648555946612,-0.9671884224880251,1.3344616276287546,0.04216925448203006,0.0
0.5598736413902744,-0.6925171100778414,-1.4813052609853814,0.011254274081159607,1.0
0.543564854531847,-0.9671894134960759,1.333119671150732,-0.03887614507690836,0.0
0.5435648546196965,-0.9671895097550534,1.3381806480668186,0.018681298782663378,0.0
0.559873642096988,-0.692514412187728,-1.4810948902320902,0.02904265504965413,1.0
0.5598736416486447,-0.6925158257784005,-1.4824321817505697,0.00067949663281983,1.0
0.6271579192925145,1.6078117343510936,0.1595859736049061,0.012754919815302666,3.0
-1.7317881813026315,0.05405077209611879,-0.0019598246279408965,0.0315194328459188,2.0
0.559873641273678,-0.6925168137848221,-1.4763997159532407,0.006370040973473038,1.0
0.5598736417567386,-0.6925147821414298,-1.4818050368016924,-0.04600485252303309,1.0
0.6271579200903153,1.6078113791725595,0.1533327356218993,-0.04642178970249164,3.0
0.5435648548395235,-0.9671906334357316,1.3371797675721069,0.054798868977950166,0.0
0.559873640960916,-0.6925168221742889,-1.4704344839273622,-0.01578755733268424,1.0
0.6271579206742972,1.6078129764839073,0.16233598359147633,0.005772869613005241,3.0
0.6271579203316554,1.6078110975293,0.1541808889807255,0.01456930571129738,3.0
0.543564855030966,-0.9671900618077579,1.3283375716696562,-0.055652855195312184,0.0
0.6271579199861825,1.6078134583957222,0.1584013463808301,-0.00733985957568146,3.0
-1.7317881813813665,0.054050584187724474,-0.007086549832711747,-0.02355238521544566,2.0
0.5435648543963242,-0.9671888950247844,1.3300609746211955,0.01576841325144546,0.0
0.5435648553978722,-0.9671877363794706,1.3346651056987255,0.002182471902847126,0.0
0.6271579205876867,1.60781278545553,0.16513270865303964,0.03223152509287737,3.0
-1.7317881818776122,0.05405049837231649,0.0005344501278867829,-0.015124158258685103,2.0
-1.7317881817920853,0.05405010202493825,-0.0092110491559882,0.047791897959319964,2.0
0.5435648547740163,-0.9671904841708466,1.3345769723389298,0.027514726217092642,0.0
0.5435648542311173,-0.9671886079477322,1.3350344302881234,0.03454213532417512,0.0
-1.731788181436409,0.05404805994000828,-0.009770122113521166,-0.045743264364183474,2.0
0.5598736409574542,-0.6925177078389503,-1.4829586214802755,0.018929308418346107,1.0
0.5598736406350139,-0.6925147279329325,-1.4820264810428123,0.022502563147967936,1.0
-1.731788181441971,0.05404908232368589,-0.005486595044643214,0.030832692144109594,2.0
-1.7317881815793765,0.05404867448359069,-0.003262256964786645,-0.01678737548570473,2.0
0.6271579201625144,1.6078127118772534,0.15892559107339463,-0.023685651644688988,3.0
0.5435648550512897,-0.9671894708249013,1.335350881621471,0.07020315761516907,0.0
0.559873641764581,-0.6925175003910073,-1.481660949640784,0.07074575888897129,1.0
0.6271579195293108,1.607813542325857,0.1626662373760301,-0.01903250503286824,3.0
0.5598736415041656,-0.6925152855004385,-1.4873729438780814,0.03118153385165834,1.0
-1.7317881814334168,0.05404986194098491,-0.0062551251789528025,-0.0017483735896887715,2.0
0.5435648545016614,-0.9671911306549207,1.3398462027355749,0.020502063715887132,0.0
-1.7317881814368699,0.054051581944912566,-0.0020943020443940485,-0.04404540689821255,2.0
0.6271579200624242,1.607810647762935,0.16015415918064146,1.0177354825555576e-05,3.0
-1.7317881826578747,0.05405161355516671,-0.009152587033083161,0.06928765977432394,2.0
0.559873641647501,-0.6925162901295387,-1.481808587993574,-0.059707344999461405,1.0
0.627157920413919,1.607812636678901,0.161588054448618,0.03038049169940056,3.0
0.6271579195933757,1.6078118617519725,0.16285401416270603,-0.08589029074371628,3.0
0.5598736417037541,-0.6925175989327397,-1.4747230600271135,-0.05895019563640794,1.0
0.5435648545514536,-0.9671903022537311,1.3315458400030895,-0.005289079388535758,0.0
-1.7317881815383844,0.05405143758683721,-0.005349913571565152,0.043005417876176004,2.0
0.559873641636695,-0.6925154525299632,-1.4777774985942582,-0.0025505664937374183,1.0
0.6271579209259838,1.6078111145659855,0.1687462123077153,0.04501417401386892,3.0
-1.731788181139446,0.054047374799929895,0.0013723402453863014,0.03368110960581552,2.0
0.6271579199055045,1.6078104115899712,0.15785402489958605,-0.006305431852728124,3.0
0.5435648545427759,-0.9671909929354585,1.3327303236392205,0.010111850303587223,0.0
-1.7317881813573208,0.05404922349325366,-0.008842890794699215,0.02191584068271487,2.0
0.5598736414082695,-0.692518123078358,-1.4848490906961864,-0.02282359746950804,1.0
0.5598736421284067,-0.6925157951193348,-1.4850828855249052,0.0030269345593740855,1.0
0.5435648540500178,-0.9671920792478885,1.3321404787801174,-0.027353129878502434,0.0
0.5435648544195852,-0.9671887939584156,1.3368251264380244,-0.025055224822366,0.0
0.5435648560467138,-0.9671928264787081,1.3398716025800714,0.0371512901996499,0.0
-1.7317881815289367,0.05405232105836602,-0.004141307433069882,0.005466351035207435,2.0
-1.7317881812027403,0.05404956819481427,-0.007080635363390697,0.008977339745949891,2.0
0.5435648551811784,-0.9671913703853625,1.3311292195415565,0.07999969451160319,0.0
0.6271579202651959,1.607812571798385,0.15830675061781588,-0.020961767241546785,3.0
0.5435648547312805,-0.9671879966995337,1.3270046212520725,0.0495486433181754,0.0
0.559873641679926,-0.6925191979052504,-1.4773441236898572,-0.047005825691908955,1.0
-1.7317881808605864,0.054048560453603095,-0.004448647352833502,0.027149326535285845,2.0
0.6271579204232371,1.6078143907473945,0.16620820688996774,0.02992609745228071,3.0
0.5435648545642456,-0.9671911767314636,1.3313537373908648,0.02331383344283132,0.0
0.6271579201067881,1.6078125849598814,0.15641255392817077,-0.06653564424733228,3.0
0.5435648555901035,-0.9671897099146811,1.337569401938297,0.02458853949990912,0.0
0.6271579195341562,1.607809933118405,0.16038760340602123,0.043654176968248054,3.0
-1.7317881809685627,0.05404486810892951,-0.006916100098378416,0.003967539890284938,2.0
0.6271579198179238,1.6078120057320568,0.16229528846373845,0.01348382141386335,3.0
0.5435648546834336,-0.9671877748618447,1.3394950802600265,0.045973249029212196,0.0
-1.7317881822193324,0.05405270539884811,-0.00595836557159346,-0.05082847497602962,2.0
-1.7317881809558389,0.0540503653142415,-0.0028381206021332217,0.02590096312554765,2.0
0.5435648549737135,-0.9671901037323756,1.331520871087554,-0.0029387207382445386,0.0
0.5598736418443023,-0.6925131410700288,-1.4822431967075245,0.022199065824036652,1.0
0.5435648547874267,-0.96718699094796,1.3311481903281719,0.04469618269147629,0.0
0.6271579199125972,1.6078104091696612,0.1598953520049197,0.029007147222840514,3.0
0.5435648546558948,-0.9671914471630115,1.3314889295077996,-0.0175159794426985,0.0
0.5598736419656248,-0.6925131449380979,-1.481514960167896,-0.008845561428735646,1.0
-1.7317881810569717,0.054049334323396696,0.00010502284012908621,-0.008743727782093487,2.0
0.543564854609828,-0.9671927334646087,1.3359450610281947,0.017182342569453588,0.0
0.5435648546116847,-0.9671876163056751,1.329887937153217,-0.015979099803265544,0.0
0.627157919287495,1.6078097176644888,0.15745730623068932,0.06973227031363875,3.0
0.5435648542994539,-0.967191531251532,1.3284830623918855,0.04047519359756092,0.0
0.6271579198598579,1.6078111650288291,0.16344024756330847,-0.01212562286212215,3.0
0.5435648552241727,-0.967187852603163,1.3276478594402463,-0.0027431717124039227,0.0
0.5435648539372603,-0.9671877775646303,1.3243725501982146,0.03936925343768037,0.0
0.5598736419035343,-0.692516223346142,-1.479169984231458,-0.02689198132151251,1.0
0.5435648546052183,-0.9671875690447884,1.3334969379926789,-0.017642855731077257,0.0
0.6271579201323604,1.6078086027691727,0.1551519895866518,-0.03420394328408957,3.0
-1.7317881810259572,0.05404961504099291,-0.0025268158637174708,0.057332376633426524,2.0
0.543564854482431,-0.9671883603429257,1.3311041930708263,0.012626005596807242,0.0
0.5598736419860313,-0.6925142743362259,-1.4853661207568805,0.07539813733515242,1.0
0.6271579195414073,1.6078106926019995,0.16171195592371101,-0.034981078318429754,3.0
0.5435648542471593,-0.9671903956155661,1.3361377900726221,-0.03138791672538341,0.0
0.55987364177191,-0.692512481215891,-1.48252260074217,-0.006080346859247155,1.0
0.5435648547783605,-0.9671908097800497,1.338444699718652,0.04883276580544736,0.0
0.5435648542836348,-0.9671903220794809,1.3295908525807525,0.08737643042619785,0.0
-1.7317881816721625,0.054049560154168216,-0.0017746518130033067,-0.009429491332466476,2.0
0.6271579198298132,1.6078131689889017,0.1571813636206247,0.00037124655354748567,3.0
-1.7317881815890541,0.05405285634072523,-0.008462941700782264,0.006262347726258946,2.0
0.5435648540506067,-0.9671873095891987,1.3281648344318062,-0.01429653346631474,0.0
0.5598736417500346,-0.6925137874117943,-1.475495259056959,-0.013464239996615744,1.0
0.5598736408192734,-0.6925172646520329,-1.4799712879540623,0.03563489851689097,1.0
0.6271579196024176,1.607809551216448,0.16462967933596862,-0.06601599743863074,3.0
0.5598736418344338,-0.6925170755854292,-1.4880153091881159,-0.009049488223001539,1.0
-1.7317881821771521,0.054053212601997844,-0.0037296753054247103,0.03217157282629963,2.0
0.5435648546987013,-0.9671868794896253,1.3256751069030372,0.03069153257520503,0.0
0.6271579200980125,1.6078093910173497,0.1612784710962072,0.009498735512208166,3.0
0.6271579194389539,1.607811525708666,0.15794798384242958,0.010864354287786255,3.0
0.6271579205306125,1.607811174201682,0.16443187369564088,0.02306005232758833,3.0
0.5598736420770313,-0.6925149554384583,-1.4806492730847094,-0.03163629106912567,1.0
-1.731788181407844,0.05404835795680721,-0.006504394909781948,0.05787989782133254,2.0
-1.7317881819532204,0.05404965289482118,-0.005393752562602307,-0.0007802128877698875,2.0
0.5598736410129003,-0.6925164820567319,-1.4772087233330728,-0.058983016763310275,1.0
0.6271579200354241,1.6078086350970813,0.15443307473684004,0.015212551923071862,3.0
0.5435648549968545,-0.9671918581298693,1.3370346820331913,0.01735068496209784,0.0
0.5435648547279246,-0.9671918189346209,1.3377828879997913,0.03504537663783623,0.0
0.5435648547072763,-0.9671886184635861,1.341600519919812,0.011391917243752415,0.0
0.6271579204437917,1.607812599153158,0.15298710509304084,0.031316087372629656,3.0
0.5598736416088417,-0.6925179291237409,-1.4748221847008272,-0.06828166434986337,1.0
0.6271579195217715,1.6078113519663642,0.16602888161597826,0.03791375026069487,3.0
0.5598736414300869,-0.6925185786806916,-1.4814138797138259,-0.06595643353972575,1.0
-1.7317881813572285,0.05405274378072721,-0.00799921682401185,0.0202923251433542,2.0
0.5598736420082588,-0.6925154232844043,-1.4783223423997942,-0.025999446063497727,1.0
0.5598736409925741,-0.6925175156305599,-1.4802077446701452,0.030409406006298354,1.0
0.5598736411316247,-0.6925158898317043,-1.480739941158724,-0.003258232936688943,1.0
0.5435648550513277,-0.9671875586889385,1.335746116648571,0.01785920752241858,0.0
0.5598736418592505,-0.6925142942858137,-1.4824013470603168,0.05966815824804897,1.0
0.5598736413650653,-0.6925128424520284,-1.4780773091785557,-0.020347175498576175,1.0
0.6271579198761943,1.6078106844995719,0.16595818073720853,-0.04213291137737694,3.0
-1.7317881811369948,0.05405176898502276,-0.008009048054714332,0.0019139782528245722,2.0
0.5435648555432533,-0.9671884239978723,1.3334571147110348,0.0027264426558659565,0.0
0.5598736416997342,-0.692517480182148,-1.4758932543292822,-0.0012420969059362917,1.0
0.6271579196913105,1.6078103955473384,0.1604620463792266,-0.03857063842645378,3.0
0.5598736418096987,-0.6925161864985393,-1.4842548383435292,-0.03448130548706086,1.0
0.6271579193646355,1.6078116394210025,0.15642525527963888,-0.026897639490448835,3.0
0.6271579198258915,1.6078097490425134,0.15983978707785182,0.03426722521214156,3.0
0.6271579202361245,1.6078109705284946,0.16546846727504666,0.030042003854898407,3.0
0.5435648552975629,-0.9671870651459514,1.32795747216695,-0.06365744901342592,0.0
0.6271579197788582,1.607808186527026,0.16473804300005473,-0.06933852132951443,3.0
-1.7317881818098833,0.054050474513943327,-0.0071265706942076,-0.03130671519682549,2.0
0.6271579197693032,1.6078101063733132,0.16204829728682973,0.018422877019846313,3.0
-1.7317881812981333,0.05404967338769032,-0.011807580828717815,9.470762835233391e-05,2.0
0.6271579201197208,1.6078120862065945,0.16216964871888725,0.025410406168472965,3.0
-1.73178818111956,0.05405286318286469,0.002043846452616234,0.01714164861076496,2.0
-1.7317881822715844,0.05404628725315292,-0.0072917292470322005,0.048140434604491536,2.0
0.5598736417637773,-0.6925145905807742,-1.479079888374867,-0.005370248837390042,1.0
0.6271579201555879,1.6078123623073688,0.1592577821888889,-0.01958755317549016,3.0
0.5598736410838153,-0.6925129842900153,-1.47400230487035,0.030563711315781162,1.0
0.5598736413786477,-0.6925178062060412,-1.4802737063155311,0.01711072255843554,1.0
0.5435648549378403,-0.967190851888878,1.3316558512116765,0.033472811353225135,0.0
-1.7317881817718284,0.05404767695945153,-0.009021778590954906,0.0334183099955181,2.0
-1.7317881816261718,0.054050548006584,-0.005341346335505506,0.002334797435202311,2.0
-1.7317881814787817,0.054051636088514994,-0.007123672127481475,-0.01534105619713806,2.0
0.6271579198550941,1.607809067440141,0.15380575750339776,-0.037694273693480135,3.0
0.5598736417650736,-0.6925127404488587,-1.475638909739673,-0.07594363982360851,1.0
-1.7317881814974334,0.05405029849627058,-0.007290953162218873,-0.0030564007681039545,2.0
0.543564854787347,-0.9671895560798281,1.3359422122541138,0.02574556234574382,0.0
-1.7317881812695597,0.05404842980238836,-0.006841000790302024,-0.06676606917496603,2.0
0.5435648542021088,-0.9671894587173241,1.3284882065307668,0.03971413475785882,0.0
0.5435648545167614,-0.9671873851305314,1.331611958032605,0.008969744604968384,0.0
0.5598736413972435,-0.6925147391793511,-1.477409462971178,-0.014956943112999046,1.0
0.5598736411329099,-0.6925149793319462,-1.476608093114069,0.002942671402522082,1.0
0.6271579197476104,1.6078094574265045,0.1612244731107935,0.006829544426259455,3.0
0.5435648551947656,-0.9671902288414657,1.3334640698840818,0.04908204567551195,0.0
-1.7317881812958442,0.054046845350847555,-0.010223823904846326,0.05677365751997323,2.0
0.559873641455477,-0.6925187458130326,-1.4839611084905637,-0.07852148044789334,1.0
0.6271579202468381,1.6078087579237268,0.16112356352061527,-0.030789694097126407,3.0
0.5435648550503904,-0.9671904089006588,1.3355964919535037,0.007692851317459212,0.0
0.6271579201842045,1.607810922312101,0.15760398260283065,-0.042142609342711905,3.0
-1.7317881809129576,0.05405021445688278,-0.003968087081499667,-0.004973271018524881,2.0
0.6271579198787793,1.6078093607847057,0.1571208467831825,-0.05529697734186053,3.0
0.6271579199377929,1.607810761875983,0.15696024108002204,0.12187972953324164,3.0
-1.7317881808713484,0.05404869850061779,-0.007871077004183468,-0.04073068915066131,2.0
-1.7317881813197396,0.054049403974995525,-0.007447775219741355,0.05651063620454967,2.0
0.62715791996235,1.607812754417311,0.15875853190690925,0.005645706492808787,3.0
0.5598736411592803,-0.6925172949897594,-1.4780057078232893,-0.02420564804137992,1.0
0.5598736407716856,-0.6925176955024719,-1.476241609276672,0.018894705817042046,1.0
0.559873641619335,-0.6925134664663408,-1.475223729251408,-0.04432350926150533,1.0
-1.7317881813555343,0.05405237436160482,-0.005174011494695495,0.018702298121020245,2.0
0.5598736412165448,-0.6925160112043706,-1.4809892127335533,-0.08527798148721967,1.0
0.5435648543932439,-0.9671909438773264,1.3320550453544184,0.035121844385163296,0.0
0.6271579200186133,1.6078099872563651,0.15564205299259268,-0.03748242261234634,3.0
0.5435648546694515,-0.9671863106308805,1.3317351087954603,-0.015654311070666813,0.0
0.5598736413069106,-0.6925155724671841,-1.4774423298098953,-0.06826829381883305,1.0
0.5598736413901634,-0.6925161048563182,-1.4749882390292708,-0.05693978983643574,1.0
-1.7317881811625249,0.054050071403652006,-0.004686214768275914,-0.011371114267038336,2.0
0.5435648546679556,-0.9671897672176626,1.3329151697979609,-0.057919529161616475,0.0
0.559873641543195,-0.6925143748154768,-1.4772386741216832,-0.01980877658306597,1.0
0.6271579194815388,1.6078131434488017,0.16487324642689066,0.01977151753553703,3.0
0.5435648547659178,-0.9671897992559034,1.327525736320195,0.040242323311126905,0.0
0.5435648548724209,-0.9671890192230409,1.3324607886441573,-0.014093215612258618,0.0
0.5598736410244255,-0.6925160987066626,-1.4887783377457489,0.004295846619754822,1.0
0.6271579192118596,1.6078119307654932,0.15600400701680703,0.041224635376556705,3.0
-1.7317881812672755,0.05404880247007747,-0.006899658793062732,-0.023309759515256517,2.0
0.6271579195568234,1.6078089547284562,0.15744960882173784,0.054865085466857345,3.0
0.5435648547523192,-0.9671911299118784,1.330076846990639,0.02752715179049096,0.0
-1.731788181725644,0.05405197502830961,-0.00010937939901552721,0.00944693186798692,2.0
0.5598736411923604,-0.6925164720985418,-1.48137933845619,-0.02395790203014425,1.0
0.627157919729821,1.607812289543979,0.1633995478619436,0.03287337537709196,3.0
-1.7317881810957416,0.054049811767548736,-0.0026941510627514387,0.04872049078278636,2.0
0.5435648554076588,-0.9671907936997345,1.331791570955637,0.04766935693255347,0.0
0.5435648549107877,-0.9671898105140241,1.3277277815794275,0.04430326381331081,0.0
0.5435648548626607,-0.9671863083232547,1.3298138859999338,0.02299667118464956,0.0
0.559873641156124,-0.6925185099209339,-1.4773141390913613,0.026149858416202213,1.0
0.6271579200117714,1.6078093262061082,0.15702277853833455,0.0012599566895215412,3.0
0.5435648550955725,-0.9671924879895977,1.3310754337900426,0.01104288318763542,0.0
0.5435648546063098,-0.9671886952509213,1.3347175381494318,0.08803182935965934,0.0
-1.7317881806674857,0.054051051135023793,-0.006112500672471623,-0.008861518485681633,2.0
0.5435648548740956,-0.9671879493589952,1.3325107311207356,-0.0623184855035285,0.0
-1.7317881813832348,0.05405249147202611,-0.002213997583636697,-0.04212894676341081,2.0
0.5435648536181873,-0.9671894177189918,1.3352486270146575,-0.04504295172103673,0.0
0.5435648548380951,-0.9671872263528234,1.3308630960102417,-0.019630902882504332,0.0
0.5435648546594992,-0.9671895856920569,1.3282817595879006,-0.008109583622157168,0.0
0.5598736408908648,-0.6925127675181351,-1.4835323389635418,0.02314720531889612,1.0
0.5435648541004386,-0.967188328372211,1.3350055359183632,0.016022175967064626,0.0
-1.7317881812948175,0.05404714526282333,-0.010318150928368342,-0.007890097200133239,2.0
0.5598736413232774,-0.6925138196646081,-1.4785542814823467,0.031218847000543185,1.0
0.6271579200920295,1.6078066004971578,0.16203562981639874,0.051303512473460745,3.0
-1.7317881816295937,0.054047657634605506,-0.007193770397235082,-0.04108567699179259,2.0
-1.7317881811363094,0.05405109086591476,-0.004163476517211271,0.00790673675483689,2.0
-1.7317881814850205,0.054051159852811524,-0.01026002835786872,-0.04635866695476308,2.0
-1.7317881810359579,0.05404970093230766,-0.001980473959097895,-0.0013392343444088902,2.0
0.6271579200767505,1.6078104155986637,0.1628942781712914,-0.0032843736929940083,3.0
0.6271579199575815,1.6078117031104033,0.1637411013172442,-0.03316568966972308,3.0
0.6271579196829768,1.607815052616212,0.16422294693806272,0.03186300777276166,3.0
0.5435648545644668,-0.9671900549528457,1.3279397714477952,-0.024264552666499895,0.0
0.6271579195892625,1.6078098760681105,0.16047030879983673,0.032519736138407494,3.0
0.6271579196866978,1.6078126601882896,0.16077763693523675,-0.019794445563663804,3.0
0.5598736411566281,-0.6925172179348154,-1.4806322568540462,-0.03453515466687144,1.0
-1.7317881811255504,0.054050866516006095,-0.0012386128537141034,-0.016869700712902502,2.0
0.6271579202352336,1.607812171078978,0.15444067401305078,0.016315128472393244,3.0
0.5435648541002334,-0.9671881770167113,1.3333582734713156,-0.056034292760537154,0.0
-1.7317881812956157,0.054048748868931254,-0.009711182619389181,-0.0380923417379326,2.0
0.5598736419770557,-0.692513026510879,-1.476716457500428,0.010039132415629728,1.0
0.6271579197025782,1.607813584292331,0.1552983571246043,0.005609614016709306,3.0
0.5598736411034543,-0.6925151625798189,-1.482859024164144,-0.059819611166256385,1.0
0.5598736415795778,-0.6925168772171538,-1.4779220094669288,-0.055037655097707895,1.0
0.5435648547433555,-0.9671884878224708,1.3397824069747248,0.014831078563122073,0.0
0.5598736416697133,-0.6925173077636685,-1.4779042444408477,-0.03753333006675178,1.0
0.6271579199458258,1.607809260955028,0.1561968175747258,0.044510901848409466,3.0
-1.7317881816034557,0.05405118795963091,-0.0019582577388560294,-0.0017236646161499355,2.0
0.5435648547066559,-0.9671912518812592,1.3274870919886248,-0.006923545248207338,0.0
0.627157919894894,1.6078095236183079,0.1666274346716783,0.0283552266365465,3.0
0.6271579197370788,1.6078146547571217,0.15663844249474032,-0.060944648495061544,3.0
-1.7317881811992948,0.05405267661144413,-0.00891971826697622,-0.019265666057884795,2.0
0.5598736419909586,-0.6925158470107406,-1.4739372113419293,0.01398125323850335,1.0
0.55987364170627,-0.6925179756595254,-1.4810911309325454,0.01774518153469639,1.0
0.5598736417812671,-0.692512936558421,-1.4779801503774643,-0.05675757875994798,1.0
0.5598736414272754,-0.6925171657207708,-1.4785959162453726,0.03605254292458714,1.0
0.62715791992991,1.607812324808903,0.16092558202298954,-0.06300287055600297,3.0
-1.7317881818133027,0.05405168812081142,-0.0047101985953354126,0.022999837470099274,2.0
0.6271579204185246,1.6078158403105052,0.1597861904953629,-0.046231663531408326,3.0
0.5435648549109634,-0.9671886774436511,1.3331490267857726,-0.02723880959946945,0.0
0.6271579199495576,1.6078121521554194,0.16666602526324334,0.030517184945391615,3.0
-1.7317881815964284,0.054051110521325114,-0.005522818392434183,0.0018899500122233942,2.0
0.559873641113846,-0.6925155029663985,-1.4802861812656238,-0.04550081533420673,1.0
0.6271579199552337,1.607813091955763,0.16013034444480387,0.024870812699511344,3.0
0.559873642246022,-0.6925163646884809,-1.4821463665033052,-0.004460435584883287,1.0
0.5598736412098682,-0.6925159815567754,-1.4787406277216129,0.028780550512509058,1.0
0.6271579203022537,1.6078135554148159,0.15390110673665125,0.027936765503832926,3.0
0.6271579205893753,1.607812230084012,0.15987901800320278,-0.059303172139129987,3.0
0.5598736413373668,-0.6925136661474944,-1.4785190300525342,0.015035402977021252,1.0
0.6271579201050868,1.607813161264504,0.16275311210049498,-0.01479590184068791,3.0
-1.731788182256182,0.05405225268666621,-0.0047485567186944305,0.01785984432542354,2.0
-1.7317881813676468,0.0540486638485817,0.0035766357384997022,0.0063725873616425725,2.0
0.543564854540104,-0.9671881885132668,1.3348915963530024,-0.023409642126387152,0.0
0.5598736414406797,-0.6925180131321261,-1.4747361211457513,-0.004018021170922518,1.0
0.5598736417882523,-0.6925127263108729,-1.4797155918404485,0.005884175157471323,1.0
0.6271579211536296,1.60781011280236,0.1580098931983657,-0.010176776841680783,3.0
-1.73178818172382,0.05405001586468955,-0.006430359076105031,-0.007645086866259113,2.0
0.5435648547846115,-0.9671886984309657,1.3287713739248255,0.03324793189637549,0.0
0.5435648552554371,-0.9671891459042061,1.3370176116643884,0.05377413203046145,0.0
0.6271579199944151,1.607810635866044,0.15583853765307454,0.0035149686977664647,3.0
0.6271579195221899,1.6078128421124713,0.1613776349286705,-0.06667948768705056,3.0
-1.7317881818510088,0.05405042257131121,-0.004480489421964819,0.012050607877329296,2.0
0.6271579199081355,1.6078085848289418,0.1606505737148823,-0.01538582105859363,3.0
0.5598736414269049,-0.6925164040771031,-1.479244890076023,-0.036333905103845855,1.0
0.6271579196189055,1.6078090805487983,0.16159808884507437,0.05816484380543488,3.0
0.6271579201903592,1.6078083763458173,0.16208372264675475,0.05689203894458644,3.0
0.5598736419790756,-0.6925146452780219,-1.4829245766180634,-0.01985560182747126,1.0
0.559873641395279,-0.6925166808053813,-1.4792146458455782,-0.004602941716303136,1.0
-1.7317881813356482,0.05404783972325031,-0.007351500377590418,-0.008561171957927305,2.0
0.5598736409476387,-0.6925167721834746,-1.4777013297255377,-0.025621736285058875,1.0
0.6271579199397803,1.6078114519288118,0.16142458731467363,0.020502007597537102,3.0
-1.7317881813506864,0.05405191604143607,-0.009347506072789172,0.02942081231414535,2.0
0.6271579198830245,1.6078115496953829,0.1616825367666474,0.032394000828679236,3.0
0.5598736413081236,-0.6925164542060364,-1.4747219835281802,0.007866105398591854,1.0
-1.7317881817656093,0.05404841297321697,-0.0030803180741569595,-0.004566055001369917,2.0
0.5598736415479684,-0.6925158606760414,-1.4782509437268077,-0.019766916552024616,1.0
0.5598736409939573,-0.6925177626968048,-1.471259364609469,0.022166600343506405,1.0
0.6271579196376177,1.6078120341981839,0.16026957459975608,-0.018625018557846783,3.0
0.6271579198594264,1.6078121777789365,0.16268603085013994,0.08215081190469593,3.0
-1.731788181678001,0.05405058173144047,-0.017706741282153413,0.04237165036318498,2.0
-1.731788181019035,0.05404940337947998,0.00019670021588174573,-0.03394449360131176,2.0
0.5435648540283479,-0.967189674646197,1.3289058720479152,-0.009721592017629177,0.0
-1.731788181289785,0.054051108239816244,-0.002020765620628,-0.005451847850259033,2.0
0.6271579197304087,1.6078093497980468,0.1622219454787489,-0.03319361421810895,3.0
0.5598736418639096,-0.6925141986238098,-1.4749258883745773,-0.01580162267701579,1.0
0.5598736415068094,-0.6925168392387858,-1.4882311761328564,0.04307059777015957,1.0
0.5435648540713316,-0.9671876560129284,1.3325565831072772,0.008094363153318643,0.0
0.627157919945733,1.607809276910956,0.16193091537929158,0.004472996162968591,3.0
-1.7317881817549259,0.054047092772844856,-0.010410999867989474,-0.013725078442086093,2.0
0.5598736420969189,-0.6925181934440388,-1.4755811955199674,-0.0010753201353292635,1.0
0.5598736410056985,-0.6925147639626669,-1.4760262336301795,-0.08956579817423052,1.0
0.6271579194139049,1.6078110700749115,0.16486406498342632,0.05426624551398098,3.0
-1.7317881815624343,0.05405142953634423,-0.005961688556017054,0.008013778993736105,2.0
0.5598736418668445,-0.692514840176851,-1.4752049342108873,0.03844185793235916,1.0
-1.7317881811593678,0.05404985587968911,-0.005335252523726,-0.02617419428610347,2.0
-1.731788181942774,0.054049674212258716,0.0005292854578387622,-0.001840676490806907,2.0
0.6271579203649156,1.607812491486345,0.15615723485976854,0.049137123006052136,3.0
0.6271579190710511,1.6078129289113718,0.16226563611438005,-0.022806646586956872,3.0
0.6271579199946073,1.6078119951263419,0.16052151565787223,-0.023604039959668033,3.0
0.5598736412267277,-0.6925147763971569,-1.4738036283234544,-0.029444327793093517,1.0
0.5435648548689397,-0.9671895663520147,1.3213354034097242,0.027768399900392177,0.0
-1.7317881816330214,0.05405011874410046,-0.0007105852593285205,-0.039713519535261685,2.0
0.5435648552477887,-0.9671926284838527,1.3323375824178085,0.03369021033232402,0.0
0.6271579196632641,1.6078104932239545,0.1641678021843384,0.024595472978799302,3.0
0.5598736410033582,-0.6925139731174624,-1.4813267050077485,0.030021857142191185,1.0
-1.7317881814433695,0.054048605093822755,-0.008074596180776387,0.015206259867045024,2.0
-1.7317881814216303,0.05405064202157181,-0.006054696221341438,0.03244392075874932,2.0
-1.7317881813858902,0.05405081662395194,-0.005458282229242054,0.03275989042250572,2.0
0.6271579203672408,1.6078142303436345,0.15714044225574217,0.06461172299608106,3.0
0.5435648550943496,-0.9671884095916421,1.338092787364748,-0.030776788472440843,0.0
0.5435648549111134,-0.9671917787556059,1.3301285188663252,0.04106366438950248,0.0
0.5435648549817921,-0.967193731131327,1.3293300908225347,0.014681454677270611,0.0
-1.731788181936236,0.05405232945704361,-0.0073685895624818615,-0.03300436050315088,2.0
0.6271579195891743,1.6078123711464856,0.16206330149069798,0.011494483492406464,3.0
-1.7317881809745637,0.05405105455744184,-0.0015012080406389052,0.002930059497094399,2.0
-1.731788180980958,0.054050793395423666,-0.007147807148979444,0.027541714551218035,2.0
-1.7317881814781615,0.05405171928650521,-0.007757317821584995,0.00724162620648618,2.0
-1.7317881815144547,0.054051853168472865,-0.003587072609238249,-0.01661163941034752,2.0
0.5435648551758682,-0.9671864398411557,1.3340883141063709,-0.03956141523004004,0.0
0.5435648549933713,-0.9671889223456664,1.3334869361475918,0.08837740976180695,0.0
0.5435648546314761,-0.9671936255088689,1.3271851151030123,-0.02392426051473591,0.0
0.6271579199387424,1.6078118503228434,0.15709276699193875,0.002231236039745904,3.0
0.6271579199156851,1.6078119924160135,0.1549094543481451,0.018270857396801732,3.0
0.5598736413725991,-0.6925171595511456,-1.477649939603726,-0.009279866561084583,1.0
0.5435648547466811,-0.9671891290906118,1.3364515517273845,-0.010900396717967036,0.0
0.559873641297873,-0.6925144543576709,-1.4784200543829744,0.020758320902204946,1.0
0.5435648546187078,-0.9671894551939005,1.3384905488416083,0.03443068251032619,0.0
-1.7317881804175599,0.05405028335645887,-0.005004876996994649,0.008372907857865356,2.0
0.5598736418376989,-0.6925160861325833,-1.4781581511357071,0.06347052144988859,1.0
0.6271579190610315,1.6078128230202768,0.16364211791017416,-0.037639607038838466,3.0
0.5435648548809525,-0.9671932793846258,1.330532446338629,0.07683615887822626,0.0
0.5435648549025883,-0.9671912044710886,1.3270526432779268,0.010185063747499983,0.0
0.5435648545335725,-0.9671894441334308,1.340609821414027,-0.006018547966638862,0.0
0.5435648547777874,-0.9671905040935302,1.3351367732753232,0.01717815210237178,0.0
0.5435648544055943,-0.9671879222132985,1.3369679391514233,0.021060474736614827,0.0
0.6271579202318359,1.6078086020175333,0.1634303146323972,0.0052559258863150785,3.0
0.6271579196655735,1.6078099304567908,0.1628397766464514,-0.0042804151485886744,3.0
0.5435648542149027,-0.9671903854433356,1.3358048543180316,-0.021376664826061025,0.0
-1.731788180881641,0.05404732162648948,-0.004940676652545663,0.0024396303863574464,2.0
0.5435648546687533,-0.9671889761672611,1.3373255671797526,0.023426064595952423,0.0
0.6271579193950821,1.6078096373699033,0.15681562989205491,-0.04811195449774309,3.0
0.5598736419640103,-0.6925142745999137,-1.4729874970162227,-0.0519676268064122,1.0
0.627157920498523,1.607812288742058,0.1562410942115256,-0.021656843158919387,3.0
0.5598736422048397,-0.6925161234324725,-1.4843594084732474,-0.019708416286402772,1.0
0.5598736411530791,-0.6925145560377269,-1.4806041264600944,-0.020692754813561066,1.0
-1.731788181278341,0.05405108945840095,-0.008292515388585688,-0.033431419354752405,2.0
0.5435648547159524,-0.9671896948644831,1.3343109906436899,0.07322041764231192,0.0
0.5435648551381329,-0.9671908246166322,1.3268754843488864,0.026930612194730887,0.0
0.6271579193582995,1.607812340846709,0.1618103103066291,0.0324393969709356,3.0
0.5435648553945546,-0.9671882799697843,1.3271313016501207,0.014290347133586175,0.0
-1.7317881816881928,0.05404863163119133,-0.008329039068904818,0.059419789101237144,2.0
0.6271579201954482,1.607810332103156,0.1630469442951294,0.018903276961472145,3.0
0.5598736414964284,-0.6925179624011871,-1.4736842736233304,0.0003201145331798553,1.0
-1.731788181846418,0.05405110771843269,-0.005806781761665923,0.04009649035256837,2.0
0.5435648549188155,-0.9671876654973692,1.3354026076171919,0.009063823080502024,0.0
0.5598736415685833,-0.6925170960133203,-1.4747526826135913,-0.001991497207911461,1.0
0.5598736406571588,-0.6925161912553569,-1.4741736830155634,-0.00728867779444973,1.0
0.5435648545341409,-0.9671913626810134,1.3360640113520497,0.010747121400871081,0.0
-1.7317881820007828,0.05405023567305163,-0.003027885639689405,0.03655318168619148,2.0
0.5598736417263951,-0.6925187838264519,-1.4827890139957973,0.04022563439326565,1.0
0.5435648546599751,-0.9671898397430241,1.3277548965309296,-0.02107550940189077,0.0
0.5598736417171072,-0.692517057646038,-1.4798421287386614,0.022405254862617924,1.0
0.5598736409618715,-0.6925134009647966,-1.476349353287241,-0.00900471690439568,1.0
-1.7317881817348442,0.05405037788930842,-0.00491350811143775,-0.02092874187625495,2.0
0.6271579196223331,1.6078079177740332,0.1652781887383074,-0.006686125072393845,3.0
0.5435648548090467,-0.9671909846935647,1.3305242045688166,0.03031179004214585,0.0
0.627157919476665,1.6078081774863222,0.16764921755021683,0.01989424597428635,3.0
0.5598736412223956,-0.6925147860979272,-1.4734923931379411,-0.027099469222497348,1.0
0.5435648549025155,-0.967188258355112,1.3325149080030383,0.0004575028210083117,0.0
-1.7317881815384322,0.05405042784645212,-0.007027366164124322,0.007908567300856855,2.0
-1.731788181719872,0.0540499131298441,-0.006648029591242915,0.06368615374531598,2.0
0.6271579202228095,1.6078105028205376,0.16023825185308238,0.021855608261432628,3.0
0.5435648547390428,-0.9671889227404864,1.3368690061642352,0.019284737187350146,0.0
0.543564854589222,-0.9671878919230745,1.334696946330799,0.027553458668714545,0.0
-1.7317881814679619,0.05405132262898206,-0.00035899270264917103,-0.06937518882187405,2.0
-1.7317881813272251,0.05405096493887551,-0.005717708324948654,-0.027149279456568226,2.0
0.5435648545208528,-0.9671914211370141,1.3366510263354272,-0.01636882718388547,0.0
-1.7317881819121526,0.05405057616419163,-0.004325574817835873,-0.021184073622084156,2.0
0.5598736414877619,-0.6925154909279118,-1.479729936713214,0.04035424421489107,1.0
-1.73178818171705,0.05404953228895471,-0.004658243022979166,-0.018760422922583078,2.0
0.6271579198591838,1.6078115238208965,0.1639263286916957,0.04826957551351185,3.0
0.559873641671049,-0.692514939483209,-1.479235503114928,-0.02905449750482053,1.0
0.5598736421192024,-0.6925158362081772,-1.4758451764627405,-0.04593726749465173,1.0
0.5598736418277945,-0.6925171411194354,-1.4849791989702408,-0.05963506116011448,1.0
-1.7317881806745343,0.0540505686979387,-0.004179155955701268,0.0024666391591219787,2.0
0.6271579199635412,1.6078095690551026,0.1542024099333101,0.022563047868137866,3.0
-1.7317881816987613,0.05404957010576799,-0.0067750209157882955,-0.07110199118715668,2.0
0.5435648548195231,-0.9671900197631559,1.3356844378308144,0.046442530138375855,0.0
-1.7317881805327915,0.05404903598590242,-0.008305248383715703,0.04317547015805877,2.0
0.6271579202053934,1.6078091421829033,0.16164478605171484,0.022269287763397674,3.0
0.5598736414846586,-0.6925128404340191,-1.4826839049385256,-0.03467042977407073,1.0
0.5435648551371357,-0.9671878837400668,1.3301900267660296,0.022897750457716054,0.0
0.6271579198445327,1.6078145654511917,0.153432081329571,-0.02388451454685656,3.0
0.627157920022706,1.6078114454051906,0.15658175949868589,0.03689816180469979,3.0
0.5598736414346654,-0.6925164444718973,-1.4794832865704757,0.06064149289535977,1.0
0.55987364180328,-0.6925192704566602,-1.4727373186234811,-0.00740041713518849,1.0
0.6271579195782199,1.6078117449360136,0.1544536337207079,-0.010532366440482433,3.0
0.5598736416531358,-0.6925155914132569,-1.4738050155424762,-0.05062081223767562,1.0
-1.7317881819445229,0.054048574489230554,-0.00787494801806416,0.007102822044210004,2.0
-1.7317881811470313,0.05405202446100994,-0.002670170490148743,-0.007580824475832778,2.0
-1.7317881816152214,0.054049289388639093,-0.004992165831349664,0.009118507577552996,2.0
0.5435648540403323,-0.9671901600620305,1.3309270853632271,0.0038448535703888066,0.0
0.5598736415180248,-0.6925167459904076,-1.4788343257007557,-0.030432729891483497,1.0
-1.7317881819038163,0.05405030251182422,-0.00717137137017912,0.0007192517114538241,2.0
0.6271579201796731,1.6078116181490896,0.15863522541674027,0.06376980760858458,3.0
0.5598736415128969,-0.6925136860157565,-1.4801690279435418,0.0022510381221764,1.0
0.5598736416645633,-0.6925152672556555,-1.4768431260652977,-0.0524916520941298,1.0
0.6271579199683409,1.6078116841368724,0.16077519086809422,0.026020372536473872,3.0
-1.7317881815797482,0.0540504178878036,-0.007289706278342491,0.04509049123267658,2.0
-1.7317881816725795,0.0540537639755702,-0.009688256385155641,-6.701536095311848e-05,2.0
0.6271579193927453,1.6078139189547522,0.16419120340703125,-0.002133523997502578,3.0
0.5435648550037895,-0.9671886630649891,1.3298230874438206,0.02901751724894758,0.0
-1.7317881817839562,0.054052013519794044,-0.00443952170948993,0.020946578268075822,2.0
0.627157920212316,1.6078114975892233,0.15969373022810543,0.012243228630270836,3.0
-1.7317881821503307,0.05405239939068712,-0.0020718173217004333,-0.007146577732257383,2.0
0.5435648552653713,-0.9671876802196537,1.3380182509365108,0.09289733144879378,0.0
0.6271579201021971,1.6078092682728682,0.15404215121902265,-0.02571185750695783,3.0
0.5598736414911318,-0.6925156969338526,-1.4769150055103557,0.0353183137877797,1.0
0.5435648548214926,-0.9671898484640382,1.3418756990612515,1.1323367645513915e-05,0.0
0.5435648553709156,-0.9671885143407695,1.3320049185540999,0.07338083624867754,0.0
0.6271579200410375,1.6078134389789045,0.16071445896244735,-0.006055230546124438,3.0
-1.7317881814528946,0.05404901258943155,-0.005952532114908935,0.046013169802045464,2.0
0.6271579196951056,1.6078094782251942,0.15999521076701448,-0.01857922834580454,3.0
0.559873640971967,-0.6925154457018312,-1.4823168929537849,-0.03191489369366839,1.0
0.5598736413295622,-0.6925141980355641,-1.4790543789584187,0.0311812996060656,1.0
-1.7317881812230211,0.05404885092685137,-0.0014710634304653256,0.055738585670482864,2.0
0.6271579197144435,1.6078151985143716,0.15753790899703904,0.010539789356213967,3.0
0.5598736412656319,-0.6925142008617625,-1.4731393072596426,0.02611190075382379,1.0
0.5435648544132997,-0.9671930147170997,1.3324517610923128,0.08045824644971185,0.0
0.6271579201631847,1.607812755938503,0.16075145736750063,0.004568524432591787,3.0
0.5598736414097045,-0.6925138012452587,-1.4815453493333048,-0.0023740066864014605,1.0
0.6271579196522542,1.6078098444458548,0.15891541762160757,0.016724623342479403,3.0
0.5435648553586034,-0.9671921618723037,1.337853330847804,-0.04247660462971663,0.0
-1.7317881821821977,0.054050371987796005,-0.007262018741477591,0.02878212798377974,2.0
0.5435648537939478,-0.9671899848528063,1.3251741079661077,0.02949863052542881,0.0
0.6271579194799987,1.6078102656525597,0.1665901099672962,-0.06391990156622632,3.0
0.6271579196593593,1.6078116398351294,0.15576410937005677,0.006876088382568406,3.0
0.5598736418354202,-0.6925170313844218,-1.4795107021565186,0.024262166543613635,1.0
0.6271579197949512,1.607810953340712,0.163266278000324,-0.005797065789656313,3.0
0.5435648546395487,-0.9671925469445153,1.3349874505140265,0.018619685098115738,0.0
0.5435648549910839,-0.9671896840560371,1.3291120791235782,0.030104972604323484,0.0
-1.7317881813305867,0.054052413495227526,-0.012349594303844934,-0.015125970597189975,2.0
0.6271579203276398,1.6078100342247443,0.16065939278423166,0.025217543363848044,3.0
0.5598736417435565,-0.6925155763311472,-1.4720342262942914,0.06231322054389355,1.0
-1.7317881805736137,0.054051960246688,-0.004839588875621219,0.06827543919112579,2.0
0.5435648551054975,-0.9671879564475406,1.3275896163605874,0.018954723948535295,0.0
0.5435648543166149,-0.9671895005669803,1.3288525873082846,-0.02301751105928097,0.0
0.5435648553811723,-0.9671890171107197,1.3354811409230343,0.08406333783893205,0.0
0.6271579197104443,1.607811742025349,0.16209974172919597,-0.013461828363301263,3.0
0.5598736417145488,-0.6925159171657016,-1.4842435817150832,-0.01303970442787965,1.0
0.6271579206080021,1.6078107897783718,0.15764194812854282,-0.012596287416305224,3.0
0.5598736414905493,-0.6925166761500033,-1.481149886525399,-0.02789934434885528,1.0
-1.7317881814631733,0.05404969340207587,-0.005232436532257919,-0.04000726875138555,2.0
0.5598736410103781,-0.6925152868960421,-1.4769547878950464,-0.008425599737234113,1.0
0.5598736417054265,-0.6925153376941028,-1.4710944057807727,-0.010263053888349144,1.0
0.6271579200661153,1.6078131897102446,0.15788756301552898,-0.007821734183274332,3.0
-1.73178818099168,0.0540521892548309,-0.006038307427823234,-0.008996454378761667,2.0
-1.7317881813964506,0.05405291878700502,-0.011204276213879231,0.028487721571587625,2.0
0.5598736412478373,-0.6925165406645407,-1.4788453178520213,0.023405463422413286,1.0
0.5598736412165323,-0.6925167619708332,-1.4791326666084705,0.011672511552099458,1.0
-1.7317881814490916,0.054051757528976584,-0.004330839618507339,0.02127190319042695,2.0
0.5435648547922751,-0.9671880390801946,1.3222405929454462,0.021181644176810926,0.0
-1.7317881806876283,0.05404890758950106,-0.006335693214714945,0.01709192443000626,2.0
-1.731788181896989,0.05405120977680226,0.00042607109717185745,0.031489322019179866,2.0
-1.7317881807420548,0.05404837790494147,-0.007730252053062871,0.02306423782267869,2.0
-1.7317881806556323,0.054050702304484374,-0.008145896992847018,-0.023027088919914476,2.0
-1.7317881810534141,0.054050975275369235,-0.002312421460798956,-0.004298980564965414,2.0
0.6271579198621876,1.607809860070642,0.161998990438777,-0.05057280266768008,3.0
0.5598736413201578,-0.6925166258534724,-1.4808023889668382,0.05221020570700673,1.0
-1.731788181805559,0.05404848570586388,-0.0059613631354860155,-0.06880404970408066,2.0
0.6271579199621027,1.6078099261469279,0.15027608131861003,-0.060083373975382326,3.0
-1.7317881811061455,0.05404841589803118,-0.0052359359494931175,-0.01816997021222017,2.0
0.6271579193997656,1.6078121669178043,0.161835079816273,0.027870896597927824,3.0
0.6271579201271772,1.607815157726694,0.16137308228396458,-0.04776274581764829,3.0
0.6271579199768472,1.6078107552739245,0.15909104870043145,-0.023916505480927375,3.0
-1.7317881812851545,0.05404717891035547,-0.0006402196941531229,0.018440288223140765,2.0
-1.731788181106551,0.054049344394050236,-0.011851486355840215,-0.06267124516502572,2.0
0.559873641231017,-0.6925139567131071,-1.48036440753745,0.014176882678737244,1.0
-1.7317881804876,0.054053242358063205,-0.002950760477997169,0.030031655663055355,2.0
0.6271579194040565,1.6078137109762634,0.15230067947768267,0.008639627201172409,3.0
0.543564854846611,-0.967188309763209,1.333025263397755,-0.031728037129144064,0.0
0.5598736420333783,-0.6925151144265592,-1.4770885817540085,0.048238900084807246,1.0
0.6271579198223656,1.607808124025572,0.15535821194300356,0.021979303860525448,3.0
0.5435648552221867,-0.9671895449528365,1.32894354484345,-0.00664980279112453,0.0
0.627157919483015,1.607810943059484,0.1618811235441552,-0.031325138497878685,3.0
-1.731788181131999,0.054049631561294706,-0.009968176290036618,0.10334661120536132,2.0
0.627157919915719,1.6078131730657308,0.1632791218212824,-0.021388292017876964,3.0
0.627157919518735,1.6078101810027159,0.16055146634584486,0.027479041308866616,3.0
0.6271579191270681,1.6078124136755099,0.15110701257035275,-0.005151411451565974,3.0
0.5598736416899439,-0.6925177071339845,-1.480553147092021,0.005692275066449723,1.0
0.5598736411222467,-0.6925116408206785,-1.4800959863625482,-0.04364263298004083,1.0
0.6271579192432571,1.6078120953293247,0.15588489051193594,0.004305001866544176,3.0
0.6271579195302189,1.607810261707888,0.15400093142653115,-0.03519485829728524,3.0
0.6271579196812859,1.6078108828374709,0.1630443863386815,-0.005296268984397054,3.0
0.627157918781737,1.6078133883230001,0.15822082616199065,0.06361764959071649,3.0
0.6271579203337344,1.6078123298448688,0.1584022190700673,-0.040098793241440576,3.0
0.5598736414308484,-0.6925153034176884,-1.47448296364758,-0.016019341512274375,1.0
-1.731788181308028,0.054048479170746656,-0.0013141859197113913,0.042345923531649954,2.0
0.5598736423931445,-0.6925164374865657,-1.4725271390582466,-0.018423080182264125,1.0
0.5435648548559816,-0.9671885961195757,1.3336694411874463,0.0171781179017528,0.0
0.5598736410017527,-0.69251571844893,-1.4778467023872035,-0.05568539917873806,1.0
0.6271579197480842,1.6078104318556523,0.15515576030072833,-0.018058335921500246,3.0
0.5598736416082946,-0.6925173963200386,-1.4752629238697286,0.000785581110230678,1.0
-1.731788181341887,0.05405031841592365,0.0009245367870333617,-0.002704847049551023,2.0
0.543564854284524,-0.9671877353756521,1.3282639916820642,0.04222571337836044,0.0
0.5435648544884331,-0.967188449986131,1.3289222274664125,0.0790562489912872,0.0
0.6271579190630926,1.607810783109692,0.1559023970132847,0.03034012391864899,3.0
-1.7317881812799776,0.054047009741142196,0.0037349332018520674,0.007690782060962644,2.0
0.6271579203070018,1.60781055581302,0.15572871530704507,-0.022332974140409714,3.0
-1.7317881812788685,0.05404916846620888,-0.0015401317563537237,-0.030710032221585824,2.0
0.6271579192990034,1.6078116325389058,0.1595468718893022,0.0066233658895717504,3.0
0.6271579196796295,1.6078105616545666,0.16358055085222606,0.014419643001480935,3.0
0.5598736412795712,-0.6925153933552822,-1.4787331326201354,-0.014246550310456584,1.0
0.5598736418526411,-0.6925168912247796,-1.4815929461820143,0.0037038976651801946,1.0
0.6271579198162108,1.6078104067546852,0.16327716535117334,0.03841315264437051,3.0
0.5598736413069498,-0.6925166699296972,-1.4740283520869883,0.012048064420080494,1.0
0.5435648551140946,-0.9671889715393124,1.3314512895130133,-0.06387023746172016,0.0
0.6271579195814481,1.607811507956952,0.16255955206833952,0.04394936887564199,3.0
0.6271579191182092,1.6078114963156338,0.15207522643130164,0.029110653301043867,3.0
0.5598736423480744,-0.6925152011039094,-1.478034551645502,-0.060547564625175555,1.0
0.6271579200133248,1.6078119041497794,0.1628243111640766,0.008987978505138196,3.0
0.559873641087116,-0.6925134896599173,-1.474123608217453,-0.05965933466446421,1.0
-1.731788181485164,0.054051356292226994,0.0030536979843520514,0.09039880826746424,2.0
-1.7317881811185438,0.05404701951727204,-0.005602831624063366,-0.04542551856120076,2.0
0.5435648546272855,-0.9671893784955572,1.3362766425694717,0.08255619372844916,0.0
0.5598736420979336,-0.692516149231637,-1.4808885646317387,-0.034948759364467445,1.0
0.5435648549492177,-0.9671903171280641,1.3356806973203892,0.00991717117645776,0.0
0.6271579196176094,1.607813534269808,0.1653069673698526,0.029704835755884108,3.0
-1.7317881812150284,0.054046244151248535,0.002132171502052952,-0.026396424311371992,2.0
0.6271579202790679,1.6078157749369837,0.16053047931254785,-0.053890428360457696,3.0
0.5435648553737774,-0.9671915631694525,1.3267590495497232,-0.0061917218108379826,0.0
-1.7317881822530954,0.05404878244240189,-0.004885264940200419,-0.01861024113069587,2.0
-1.731788181945188,0.054047053612480564,-0.003186936414541763,0.0039508192806666925,2.0
0.627157920000801,1.607811674152239,0.161608544745322,0.017115472978423096,3.0
0.5598736415940205,-0.6925136674850867,-1.4831872219088236,0.01004169134095778,1.0
0.6271579199256543,1.607810580814835,0.15546580349815745,-0.011044008457202863,3.0
-1.7317881815369192,0.0540476714042395,-0.006200269153660333,0.020896931762453632,2.0
0.6271579196208218,1.6078118704466913,0.16076352326628474,0.03989784699546314,3.0
0.5435648550261756,-0.9671922485653892,1.3349089874171174,-0.003595280530637586,0.0
-1.731788181006979,0.054048318144734625,-0.0020868042929441883,0.00857974385250739,2.0
0.627157919827422,1.6078114266796526,0.1591585815936488,-0.014567541383537035,3.0
0.6271579200979963,1.6078082720958509,0.15576816499929463,-0.0365351635477086,3.0
0.5435648547759904,-0.9671924964464582,1.3266637986920446,-0.006085945799551216,0.0
0.5435648540449997,-0.9671877116857645,1.3312792481501416,-0.016392804003436623,0.0
0.6271579195325988,1.6078119970788607,0.15896607577596752,0.0035133980998740266,3.0
-1.731788181871558,0.05404845499984272,-0.00828984528766219,0.02629848877111538,2.0
0.5598736415712342,-0.6925143390619878,-1.4815082024229493,-0.008601408112118968,1.0
0.6271579196765241,1.6078090666464866,0.16234480384121341,-0.005897474173229177,3.0
-1.7317881810455453,0.0540495452873545,-0.0013811925862066124,0.006196617117304615,2.0
-1.731788181812895,0.05404987178938543,-0.0008883597637206146,0.022431172894610905,2.0
0.6271579202885506,1.6078163082735575,0.1599019843073709,-0.0187040296797145,3.0
0.5435648552587363,-0.9671891960011307,1.336186744685169,-0.026917962847261778,0.0
0.5435648547559317,-0.9671894104542498,1.3373602923557768,0.03808132941217409,0.0
0.5435648548579439,-0.9671892891013839,1.3293086004999466,-0.04554281056382449,0.0
0.5435648544496374,-0.9671893931768005,1.3319012982939131,-0.016035220641532105,0.0
0.5598736417869092,-0.6925155200220813,-1.472899460747106,-0.013033021300055292,1.0
0.6271579203294377,1.6078099770678476,0.15610721481575981,0.022727123141496566,3.0
0.5598736413221617,-0.69251678788964,-1.4813280456549676,-0.05599099745713668,1.0
0.5598736415579108,-0.6925180951575206,-1.4838757420902002,-0.015955403399759358,1.0
-1.7317881813396496,0.054050179832568365,-0.009056229394587376,0.008966148208361826,2.0
0.6271579202826981,1.6078109601861337,0.16576824944915347,-0.029109927484681587,3.0
0.5435648539635464,-0.9671877175886113,1.334800468510776,0.007787012727628297,0.0
-1.7317881808566482,0.05404952573965884,0.0009521368185877984,-0.0574566372862382,2.0
0.543564855157227,-0.9671886501244139,1.3283049398158147,0.06739976754861705,0.0
0.6271579198921654,1.6078132168724493,0.1553699281160193,-0.04811211859441353,3.0
0.6271579198225942,1.6078134476543364,0.16638580168876932,0.08269377262641257,3.0
-1.7317881819153071,0.054050398694670196,-0.0037185809317283516,0.013053885461546967,2.0
0.5598736413043668,-0.6925155179633781,-1.4789032618570837,-0.003345636650405074,1.0
-1.7317881817326752,0.054051826771850116,-0.0026233092895163773,-0.02117903420639843,2.0
-1.731788181351567,0.0540527066246886,-0.00646502725908617,0.03512570173709459,2.0
0.5598736417947691,-0.6925127207856842,-1.485135356491914,-0.011532891393075034,1.0
0.5598736415604214,-0.6925179240754874,-1.4780960126618032,-0.052147803889309334,1.0
0.5598736415892739,-0.6925144414049357,-1.4799033792816416,0.037300502355645346,1.0
0.5435648546769037,-0.9671920723472172,1.3320330064138532,-0.0022086873934536715,0.0
0.5435648549175852,-0.9671930977683203,1.3262957048131303,0.020926915129135328,0.0
0.6271579207179798,1.607812220080468,0.16549095526934837,0.03151758886172599,3.0
0.6271579190591378,1.607811728560964,0.15842758350490935,0.07123306750885157,3.0
-1.7317881811473064,0.05405083551896333,-0.0014718544812340176,-0.01568335694863205,2.0
-1.731788181297037,0.054051387431769175,-0.0031870202841764233,0.05167557970909388,2.0
0.6271579196209315,1.6078117004260426,0.16032708872082307,0.01983196521481661,3.0
-1.7317881813172817,0.05405262705335486,-0.0057021667185952404,0.035512828498724544,2.0
0.6271579201082707,1.6078111899463914,0.15686630630108536,0.0005150954024846976,3.0
0.5435648545383905,-0.9671902631612302,1.3254516930079436,0.045964872407181716,0.0
0.5598736418303554,-0.6925155203114576,-1.4770557463753493,-0.0021269732477796907,1.0
0.6271579199696065,1.6078128726204965,0.15103867679935842,-0.05418191473589358,3.0
0.543564854810227,-0.9671895294053715,1.3305397511320325,0.020353817557283625,0.0
-1.731788181535889,0.05405137966047087,-0.012129712014826972,0.10503975698232366,2.0
0.5435648544228012,-0.9671879368418456,1.3329400676992773,-0.003183598511773117,0.0
0.5435648543149081,-0.9671922559486859,1.3296490679778166,0.03707479365023309,0.0
-1.7317881809307056,0.05405105086357447,-0.0034671632073564646,-0.006004896613942881,2.0
0.6271579200566024,1.6078100005906095,0.1647575008689682,-0.024391295510420297,3.0
0.5598736411387005,-0.6925163278994628,-1.4783497209221512,-0.04669461112805562,1.0
0.5598736414616404,-0.6925128011955497,-1.4804674364565173,-0.029994332852251657,1.0
0.5435648548055148,-0.9671912618250545,1.3375523842849828,0.0023028997346036463,0.0
0.6271579203128248,1.6078125910009995,0.16246815758493446,0.028108310532768736,3.0
0.6271579193683436,1.6078135743835515,0.16062035564743835,0.03716501864915907,3.0
0.6271579195939339,1.6078137253005014,0.1605657304083109,-0.02540940300305011,3.0
0.6271579195860637,1.6078099355250208,0.16532153410151715,0.026937003055156183,3.0
0.5598736418825817,-0.6925184033874189,-1.4824986747278155,-0.011943537068172638,1.0
-1.73178818019362,0.054050954873074174,-0.003355944334806067,-0.03744693002064929,2.0
0.5598736411957322,-0.6925142427432341,-1.47371360908078,0.011350216648560747,1.0
0.5435648547224551,-0.9671883463987583,1.3328624026630493,-0.0063354455606179656,0.0
-1.7317881815829923,0.05405005750539435,0.004791842054524556,0.030538186302102244,2.0
-1.7317881813360505,0.05404918527636074,-0.002128774301747917,0.0003367000875668374,2.0
0.6271579202161097,1.6078147837324368,0.16544857509964317,-0.01238749202473817,3.0
-1.731788181228837,0.054048701712650686,-0.00027568764517331434,-0.043547827015002656,2.0
-1.7317881819237808,0.05404789163753455,-0.00047333164015661545,0.004440721220321644,2.0
-1.7317881809543123,0.05405071078377941,-0.005247462046177858,-0.032392538811603463,2.0
-1.7317881815895069,0.05405175592557953,-0.006120144487731815,-0.03485143538219612,2.0
-1.7317881814545282,0.054053310316800954,-0.0029322674091298217,-0.047790863593390034,2.0
0.5598736413232266,-0.6925145734264089,-1.4789619047881888,-0.012719253081649997,1.0
0.5435648548555615,-0.9671921434999206,1.3355141121526788,0.011226048856138753,0.0
0.5598736418583443,-0.6925143646704643,-1.47273434576731,0.015025933988632884,1.0
0.6271579202161116,1.6078134396716928,0.15309425354489783,0.000652411138202828,3.0
0.5598736406624166,-0.6925193231384766,-1.4774940064471023,-0.006156264565734928,1.0
0.5435648545366512,-0.9671894801585834,1.3297770301419052,-0.04508888082007053,0.0
0.6271579191218771,1.6078142899892465,0.157687604457205,0.13920257046098286,3.0
0.6271579198793619,1.6078114019287322,0.1620280000055264,0.02421445717768836,3.0
0.5435648546605792,-0.9671902984204063,1.3292545742425177,0.009532105611857713,0.0
-1.7317881808956295,0.05404755575201744,-0.0007255881856295216,0.013359434841107147,2.0
-1.7317881817890595,0.0540498947173394,-0.0020503515676817256,0.004946946322041263,2.0
0.627157920177158,1.6078139061249717,0.16660366347315167,0.021878084056285763,3.0
-1.7317881819825056,0.0540493097348042,-0.0015269208908131402,-0.005124604794239446,2.0
0.5598736413816432,-0.6925153481949131,-1.4817914609058342,0.007499950215904737,1.0
0.6271579201348869,1.6078115434367155,0.15891005518439716,0.014837316269167967,3.0
0.6271579204424348,1.6078130040572538,0.16283560476694767,-0.04779726968610344,3.0
-1.7317881819442382,0.054052798212816944,-0.003410898177050786,0.029762474392832014,2.0
0.5598736412762398,-0.6925134485830456,-1.4760809069376128,-0.06649657342846207,1.0
0.5435648549704907,-0.9671897225175216,1.3320669792785138,0.04311447935095377,0.0
0.5435648546197417,-0.9671858562902299,1.3374289268825816,0.03723216843219188,0.0
0.6271579199913149,1.607809531860469,0.15547161748185648,-0.004008277622701438,3.0
0.6271579195158262,1.6078119376558213,0.1607361125144715,-0.03721602042390548,3.0
-1.731788181738579,0.05405155846412363,0.0005827675647483137,0.03312831915596024,2.0
0.5598736418818638,-0.6925148739420833,-1.4739854975131497,0.004515702565985681,1.0
0.6271579194144132,1.6078088635054388,0.16048546922907353,-0.016058143055301944,3.0
0.6271579197199728,1.6078117956881084,0.15855574136413744,-0.0009362189452579636,3.0
0.5435648540263519,-0.9671922323709192,1.3310374322631975,-0.04495035651152431,0.0
0.5598736411211135,-0.6925154016234099,-1.480711713835903,0.027353960040245238,1.0
-1.7317881817295602,0.05404919059885324,-0.0037830480997871193,-0.012988119061302966,2.0
0.6271579195785114,1.6078137191896669,0.16166160981417185,-0.08189880825258505,3.0
-1.7317881813601663,0.054050899451523235,-0.0033017599340195913,0.013020864160045807,2.0
0.6271579199910646,1.6078130969016915,0.16117714978867614,-0.03174692017139955,3.0
-1.731788181245026,0.05405011952915147,-0.0010495167045744933,0.021797623941135612,2.0
0.6271579195718388,1.6078129702998862,0.16439224352444942,-0.0008311205808987989,3.0
0.5435648550141963,-0.9671895892092655,1.3354205032371491,0.05872420798444186,0.0
0.6271579189420218,1.6078126153715573,0.15318471484878923,-0.010681973070295281,3.0
0.6271579199853029,1.6078101858159344,0.1612825748838977,0.010476207316031338,3.0
-1.7317881809071671,0.05405144679782365,-0.004479088204582572,-0.01541083180665419,2.0
0.5435648547612159,-0.9671916381833902,1.331012394687255,-0.006780055477282601,0.0
0.5435648546215003,-0.9671892092972401,1.3291036787641086,-0.0007634839578041916,0.0
0.5598736415585504,-0.6925122396399582,-1.4821457381904024,-0.018486741179530454,1.0
0.5598736414252282,-0.6925174923391162,-1.4782579852232631,0.041145339593442784,1.0
0.5435648543996386,-0.9671909460880609,1.3331239823662286,-0.003822245081751295,0.0
0.543564854592385,-0.9671904443987843,1.330258613056466,0.0016787815438349583,0.0
-1.7317881814552765,0.054049569344822246,-0.0012443116921980431,-0.016895801009953214,2.0
0.5435648548860779,-0.9671911662236365,1.3284963299169428,0.016944191544755172,0.0
-1.7317881818006724,0.05404923872789881,-0.0013120489186368232,0.030729004663569103,2.0
-1.7317881814294764,0.05404838876844402,0.0034086372647459803,0.03393305017609527,2.0
0.5598736409503873,-0.6925124764406289,-1.4791367210042883,-0.003011905904031461,1.0
0.5435648551632869,-0.9671919794413496,1.341019892377644,0.046947172275081286,0.0
0.6271579192816374,1.6078082671290865,0.1654785071688014,0.00537561300164937,3.0
-1.731788182058644,0.0540472832407756,-0.0013318145433415815,0.0054258032789332045,2.0
0.5435648545926713,-0.9671898016606117,1.3333431370892634,0.02733306830571806,0.0
0.5598736422146467,-0.6925137068084468,-1.4705927136965704,0.0029807786686681386,1.0
0.6271579195564498,1.6078128115708699,0.1590256654419357,-0.04256977701137011,3.0
0.5598736413406844,-0.6925181658992413,-1.4787322516469403,-0.04838090602099765,1.0
0.5598736417243289,-0.6925154863927562,-1.4790144498790756,-0.03344621407617853,1.0
0.5598736411872232,-0.6925185999688759,-1.479972223188627,-0.025316644053982505,1.0
0.5435648547176072,-0.967188799866824,1.3349125523172796,0.05480591314062166,0.0
-1.7317881820525398,0.05405015042376891,-0.0053356635877609675,0.04115233976731091,2.0
0.6271579202246284,1.60781338916231,0.1566099959413662,-0.03948807671368543,3.0
0.5598736419314946,-0.6925176312282594,-1.4715003714126338,0.028094119142978775,1.0
0.627157919979239,1.6078119089440213,0.16811033117812546,0.05710822457688982,3.0
-1.731788182096477,0.05404859982579284,-0.003647049240709678,-0.01652831988179042,2.0
0.6271579204675535,1.607811824255005,0.15838838193947155,0.022425137187761363,3.0
0.5435648544036397,-0.9671887794599986,1.330392460966499,0.009436055450954262,0.0
-1.7317881817165495,0.054050581919349416,-0.008278761850680296,-0.001623651293972466,2.0
0.6271579195242132,1.6078105326974017,0.15545179947664137,0.025707145963606154,3.0
-1.7317881821412617,0.05405066106732976,-0.0077540814827045945,-0.04917947310224191,2.0
0.5435648549506072,-0.967190890846733,1.3313372506444687,-0.05883919448471712,0.0
0.543564854151157,-0.9671904144955931,1.3345800758939992,0.014029939230946307,0.0
0.5435648556053774,-0.9671865571315692,1.3346549434481012,-0.03969886427298769,0.0
0.6271579195906242,1.6078108661051544,0.16474899291219366,0.03459419475710485,3.0
-1.7317881818251042,0.05405203637518371,-0.0019246813281076519,0.050248127623313266,2.0
0.543564854771301,-0.9671889795280507,1.3274994574900782,-0.015300274016627854,0.0
0.5435648554165867,-0.9671920711094429,1.3335003560719745,-0.002643999853405264,0.0
0.5435648544661034,-0.9671905185918837,1.3337638900801556,0.02169787432716933,0.0
0.5598736410632706,-0.6925156690886439,-1.4764397336489479,-0.021246436782054012,1.0
-1.7317881809875204,0.05405132073517221,-0.011041621490309525,0.0056886707102917445,2.0
0.5435648549514382,-0.9671869934126128,1.3270733422448961,0.0065764085792745655,0.0
-1.7317881816073428,0.05405018183518257,-0.0030859685522317357,-0.009785509334041546,2.0
0.5435648551254787,-0.9671905691824414,1.3338531788410808,0.007278170014262101,0.0
-1.7317881819129253,0.054049563454314095,-0.0016447222051477483,-0.009517976781295592,2.0
0.5598736412031022,-0.6925168297032835,-1.47744660691533,0.013197900313908701,1.0
0.6271579195039539,1.6078115117390914,0.16530855648868611,0.011937226707358606,3.0
0.5598736415089102,-0.692514731450287,-1.4783047329365708,0.010730095674064497,1.0
0.627157920166555,1.6078083666759246,0.16111723629199273,-0.04424775546337276,3.0
-1.7317881811895852,0.05405383051934654,-0.004242027408996367,0.026460759481186685,2.0
-1.731788181219356,0.05404898904583319,-0.0013561614250212795,0.004595198454563074,2.0
0.5598736420194145,-0.692516711305315,-1.4866176528388484,-0.03094607426624841,1.0
0.5598736418842256,-0.6925165380674774,-1.477686958598206,-0.012538203784515612,1.0
0.6271579198762435,1.6078116011513126,0.1641471520204849,0.01934580868485024,3.0
-1.7317881809545463,0.054052943023054925,-0.0052811058412800356,0.06761616769913352,2.0
0.6271579196705463,1.6078102008627997,0.16059598435533967,0.01655560803467941,3.0
0.5598736418224698,-0.6925140269180523,-1.4806841569552407,-0.02815140542508003,1.0
0.5598736413014785,-0.69251693377959,-1.481513637024437,-0.04090307968963067,1.0
0.5435648542637053,-0.9671904028240782,1.3246411913267135,0.011369042153602571,0.0
0.5435648549481014,-0.9671886318091765,1.3349520056319781,0.038750034606818924,0.0
-1.7317881814043694,0.054048631502694094,0.0006108423178278852,-0.01851199052714047,2.0
0.5435648545288623,-0.9671906954056783,1.3282463011712058,0.02105809438556992,0.0
0.6271579196456405,1.607809238504424,0.1613640457783374,0.0189809020874593,3.0
-1.7317881819198575,0.054048217169466235,-0.005506422803226003,0.0033874692340278667,2.0
0.6271579201429349,1.6078096364868444,0.16346633743091704,-0.0015038264942293413,3.0
0.5435648545973333,-0.9671907722137614,1.333958597983838,0.07150069087040598,0.0
0.543564854816259,-0.9671900203705526,1.3359023691216554,0.05181823669849456,0.0
0.6271579197856088,1.6078104903035833,0.15642944438861084,0.0032581218645839237,3.0
0.6271579197328337,1.607811715322715,0.16568414352695374,0.014351021601478433,3.0
0.6271579199681147,1.6078149330020075,0.1562276345465624,-0.012942921102341942,3.0
-1.7317881819761454,0.0540515708986047,-0.004187994511335232,-0.027394499332083988,2.0
0.5598736415751963,-0.692513911808835,-1.4727416421714477,-0.020050168293073416,1.0
0.6271579200499084,1.6078134800771582,0.15687154029283257,0.029190869242443095,3.0
0.6271579198826136,1.607810344773193,0.16633163624405287,0.008998404427306733,3.0
0.5598736409072236,-0.6925176003361213,-1.4808859997052584,-0.016642687307088982,1.0
0.5435648548651092,-0.9671890055473726,1.3331528148852156,-0.03692068116403996,0.0
0.5435648547575542,-0.9671894423553575,1.3283946425378186,0.01606722943220715,0.0
0.5435648549059269,-0.967185439041264,1.3298476211664156,0.04714170945410536,0.0
0.6271579205740463,1.6078111627594251,0.1588682158743813,0.06281281003127943,3.0
-1.7317881809710391,0.054051278657642345,0.0007753278147376539,-0.0016106720304642694,2.0
0.559873641446064,-0.6925138052022203,-1.4771513145120712,0.013876467120513894,1.0
0.5598736412323569,-0.6925185086775538,-1.4763538653793824,0.05040132665153611,1.0
0.5435648555054693,-0.9671922810743667,1.335215237418944,-0.016056665824170622,0.0
0.5435648548131944,-0.967189509642559,1.3281016916916102,0.041132887706149875,0.0
0.5598736417414474,-0.6925161785571813,-1.478281672865502,0.0533285249662804,1.0
0.5598736425683775,-0.6925164431169473,-1.4717680492901524,0.023206276919745084,1.0
-1.7317881811351006,0.05405217734263314,0.0003612465796006613,-0.018235097618682798,2.0
0.5435648544437226,-0.9671877082120811,1.3327270126057553,-0.04441248363785118,0.0
0.6271579196981384,1.6078114577027687,0.15904121436271398,0.02146652759100029,3.0
0.5598736409858147,-0.692514150929426,-1.47758972118599,-0.03455197835089329,1.0
-1.7317881818162326,0.05404925658080959,-0.012856181681313398,-0.02627060776628556,2.0
0.627157920233042,1.60781254721045,0.16935027435542477,0.030657304846817997,3.0
0.6271579197763281,1.6078106678357822,0.1657656663479921,0.004465624685066389,3.0
0.5435648543590009,-0.9671869285181873,1.3322322661136206,0.01912791969361626,0.0
-1.7317881810813465,0.054046546405577225,-0.006801691564737316,0.04820435093483611,2.0
0.5435648546325059,-0.9671868560135217,1.3338704062015834,-0.024896121962687298,0.0
0.5598736419275282,-0.6925195218348148,-1.4786611514660304,0.04249917847345945,1.0
0.5598736413006287,-0.692513742213737,-1.4791930662858832,-0.03291630766450424,1.0
0.5598736411029877,-0.6925158025757284,-1.474100266929795,-0.04036685764281431,1.0
0.5598736412385269,-0.6925178092178098,-1.4854708577452336,-0.03712477732082672,1.0
0.5598736415165225,-0.692513999994481,-1.4810355754331117,-0.021126872368385393,1.0
0.5598736414067302,-0.6925168725796824,-1.4748465962712876,-0.09485739174641065,1.0
-1.731788181173594,0.054047824920728335,-0.004636496190489622,-0.04923288412009506,2.0
0.5598736410841701,-0.6925146452811115,-1.476455944245898,-0.05331416986146208,1.0
-1.7317881811884213,0.054048525269402216,-0.007295418587823211,0.029476548902768546,2.0
0.5435648552668142,-0.9671905862853175,1.3295720147399865,-0.00014587553045879498,0.0
-1.7317881813368277,0.05405121798286002,-0.005019236188161567,-0.00200307021955936,2.0
0.559873641872535,-0.6925190006460215,-1.4763427853521602,-0.002753530636398084,1.0
0.5598736416558041,-0.6925190682891281,-1.4769468731768711,0.0241221468516475,1.0
0.6271579199413007,1.6078136674744845,0.1653434557119688,0.011543368150482222,3.0
0.627157920313286,1.6078114177043137,0.16463591224624036,-0.038136856546466986,3.0
0.6271579194590842,1.6078102774141534,0.15774642706711245,-0.03999059349134039,3.0
-1.7317881806941868,0.054051933857272735,-0.00629149087258817,-0.05452857221072913,2.0
0.5435648545110902,-0.9671891361408843,1.3283578846492043,0.04589063959072498,0.0
-1.7317881819872354,0.05405130638642797,-0.002011582903032351,0.0438753420690857,2.0
0.6271579196906162,1.607810542674728,0.16011228984466774,-0.034575930453469295,3.0
0.5435648554123745,-0.9671886966021901,1.3307425467460603,0.011212060566074322,0.0
-1.7317881812487939,0.05405037051851468,-0.009288439742535534,-0.03686972196151655,2.0
0.5598736409270123,-0.6925169300798656,-1.4802125652728764,-0.004930044592880508,1.0
0.5598736413264888,-0.6925154423976853,-1.4725728993347251,-0.01350171324364794,1.0
-1.7317881816302816,0.05404863077200068,0.0012806155860300662,0.033433128104528885,2.0
-1.7317881808935638,0.05405176272644785,-0.0031772344248568955,-0.04605394455367052,2.0
0.5435648545308541,-0.9671872568792511,1.3290617530785707,0.08073181767383486,0.0
-1.731788181554906,0.05404974182970195,-0.01178859892902479,-0.06296656780542202,2.0
0.5435648549865421,-0.9671886521517756,1.3345586811587866,0.04174009315316249,0.0
-1.731788181643588,0.054053461151226674,-0.005551850876797495,-0.05169381358352853,2.0
0.5598736416259535,-0.6925181234616081,-1.4760525792023285,0.04902199990835667,1.0
0.6271579194619279,1.6078099182133814,0.1613124953426222,-0.002650717147844503,3.0
0.5598736413254595,-0.6925161401084224,-1.478024188629053,-0.008922216232344602,1.0
0.6271579194427186,1.6078141259754055,0.16355985934312328,0.01588414445020006,3.0
0.6271579199768882,1.6078128265576275,0.15607600762466725,0.05838087037072178,3.0
0.6271579201376025,1.60780889800228,0.1625083730763829,-0.015387348501457811,3.0
-1.7317881812360196,0.05404656417221591,-0.0072958192565294,-0.02742685238382778,2.0
0.627157920200888,1.607813074429316,0.15947926609241633,0.0731466996847424,3.0
-1.7317881815032437,0.05405355525912269,-0.009074379359324817,-0.023291846002976246,2.0
0.5435648551350053,-0.9671868902782361,1.328621432902738,0.013186767031048466,0.0
0.6271579197953474,1.607808804118477,0.1638595314413808,0.005125614047673586,3.0
-1.7317881817999912,0.05405042304321636,-0.00609601570249567,-0.01706018071572329,2.0
0.5598736417971188,-0.6925163831607813,-1.4794036122171743,0.0002417482876529438,1.0
0.5598736411363415,-0.6925169418685422,-1.4751567112372197,-0.030046776532198928,1.0
0.5435648550580503,-0.9671891403549916,1.3309829877829134,0.0534518176841731,0.0
0.5598736424045953,-0.6925194989865593,-1.4813553076634756,-0.006211458310404192,1.0
0.5435648547337103,-0.967190705638522,1.3346143243527977,0.005603902815197299,0.0
0.5598736420426906,-0.6925153462629613,-1.4768963796231191,9.406486943950811e-05,1.0
0.5435648548501691,-0.9671885688377523,1.3334495255462515,0.001727761371606106,0.0
0.5598736412008899,-0.6925158821867167,-1.4841461674223664,-0.06838045398303967,1.0
0.5435648550550523,-0.9671890369248063,1.3346034067285972,-0.0018774197817737017,0.0
0.5435648549633199,-0.9671901756289529,1.3341312353191686,-0.0016702864016541368,0.0
0.6271579194001027,1.6078122792424256,0.1574879794282184,-0.010019905334812106,3.0
0.5435648546329291,-0.9671890491561119,1.330676978523789,0.059898170690907616,0.0
0.627157919927489,1.6078127795482917,0.1601092628089399,0.04135130363877878,3.0
0.5435648555207065,-0.9671862963906307,1.3265072531160056,0.04017721319474103,0.0
-1.7317881811305622,0.054050877144086316,-0.0008742555198290006,-0.0027334781485083043,2.0
-1.731788181492642,0.05404911268061412,-0.011367873474420812,0.01364776670667918,2.0
0.6271579196393874,1.6078102871218907,0.1615721317697574,0.02824689340676688,3.0
0.5598736412765611,-0.6925182478587582,-1.485934649824331,-0.04506260425413503,1.0
0.5435648543586327,-0.9671899157625674,1.3344942379360976,-0.07937395790301556,0.0
-1.7317881813626448,0.05404768778740982,-0.008080189539637723,0.031398659165242704,2.0
-1.7317881811774085,0.054051929144717174,-0.010364858270979835,0.043809793309664134,2.0
0.5435648541372035,-0.9671904036367832,1.3264340321427308,-0.0240858727244242,0.0
0.6271579197358478,1.6078113695165046,0.16192610156699558,-0.03850208848220482,3.0
0.5598736419280848,-0.6925190702977336,-1.4739075542850766,-0.008797462336248946,1.0
0.5598736407683121,-0.6925163443947607,-1.4812647434968849,0.019036669644006462,1.0
0.5598736417029315,-0.6925159149090071,-1.4809551914270545,-0.06905215034666595,1.0
0.5435648548376308,-0.9671901336063204,1.3318981061224935,0.008957442541463127,0.0
0.5435648547932074,-0.9671923569477828,1.3290581415443925,-0.010845826232703512,0.0
-1.7317881818663299,0.054049977221909615,-0.0029358620774333657,0.031290741389530516,2.0
0.5435648542329083,-0.967189950252185,1.3360338178888784,-0.004914027771169667,0.0
0.559873641936849,-0.6925141499661366,-1.476547018443123,0.01855630706987909,1.0
-1.731788181157378,0.05404968497834118,-0.008661196947556337,0.009965296907022159,2.0
0.5598736409637558,-0.6925156209728135,-1.4815791249973056,0.01841170222311385,1.0
0.6271579198309631,1.6078121214057728,0.1626955292040677,-0.0020837092616169395,3.0
0.5435648548792702,-0.9671915230691073,1.32268571165303,-0.012412328683485394,0.0
0.5435648547770588,-0.9671891710475915,1.3318785089571112,0.0020983339374565277,0.0
0.543564854478637,-0.9671907712768947,1.3238990706261242,0.02302275798334816,0.0
0.5435648547066737,-0.9671898612554543,1.3304230218664395,-0.0728749205951697,0.0
0.6271579200943093,1.6078105956638191,0.1614062772239518,-0.02785165998903971,3.0
0.6271579209505259,1.6078098790885051,0.16115462213118242,0.03447138180214373,3.0
0.6271579203810643,1.607811458087494,0.16208534766114482,0.006757134979912222,3.0
-1.731788181592615,0.05404910014792532,-0.002063144935664851,0.05400475168454059,2.0
-1.731788181321546,0.054047143471516665,-0.004156858853980106,0.0378977389696628,2.0
0.6271579195160784,1.6078101608098425,0.15543576928032862,-0.05278407553348697,3.0
0.5435648546023613,-0.9671910726671953,1.33586212147096,-0.009897162644642283,0.0
0.5598736424579676,-0.6925168469435595,-1.4807706046415907,-0.025253136812429557,1.0
-1.7317881811326192,0.05404885605946506,-0.0064917090813202665,-0.02383949385273766,2.0
0.6271579196334546,1.6078098676586405,0.16062437121853462,-0.009593628295599961,3.0
0.5435648545828633,-0.9671880970806134,1.327067794940936,0.07118032959694255,0.0
0.5598736411727853,-0.6925172892879233,-1.4777639354451895,-0.0022546429349415927,1.0
-1.7317881812125475,0.05405200000327838,-0.003765681621324193,-0.07528664739494284,2.0
0.5598736418019928,-0.6925173095901036,-1.4803289770070036,-0.022851446846918998,1.0
-1.7317881813394207,0.05405070967380818,-0.0049734142299059725,-0.04190363591099719,2.0
0.5598736415799787,-0.692517195443765,-1.477605418890187,-0.038163407154305294,1.0
0.5598736413217159,-0.6925137279950668,-1.474769354790656,0.014637320701839,1.0
0.5435648543584947,-0.9671913984106603,1.33261754912511,0.05431917603201783,0.0
-1.7317881813466784,0.05404857578474197,-0.004234489045834141,-0.07828565934496606,2.0
-1.7317881811922424,0.05404993190846077,-0.007107455792795778,0.00647116271520725,2.0
-1.7317881812841873,0.05404897192832366,-0.0031746591264970826,0.01332461038240672,2.0
0.5435648552881185,-0.9671928277558911,1.3294738935678834,-0.011743177053775485,0.0
0.5598736418029098,-0.6925157332292718,-1.480214534018532,0.032391653750796,1.0
-1.731788181397398,0.05404926790151479,-0.005889522069733291,0.033937293627348646,2.0
-1.731788180455054,0.054046501744633255,-0.0037142203679082697,-0.005636379010230125,2.0
0.6271579203362037,1.6078124742493882,0.1599548774919878,0.02516778680138538,3.0
-1.731788181342497,0.05404783978572208,-0.006231113490321429,-0.021133357896538835,2.0
0.5598736411506386,-0.6925163825352932,-1.4797194707469037,-0.062318935183334284,1.0
-1.7317881810495381,0.05405075449562078,-0.0006365974808142865,-0.01110570525256164,2.0
0.5435648547783254,-0.9671859399025132,1.333176594992556,0.0247708268028567,0.0
0.5598736415786869,-0.692515153116945,-1.4748678931006587,0.005471212511905395,1.0
0.6271579193034863,1.60780881023838,0.16327585661221847,0.02925748624911368,3.0
-1.7317881814867178,0.05404838875484812,-0.0066764548854675206,0.027076793820848426,2.0
0.5598736409715003,-0.6925158927258275,-1.476170639105766,0.0016442840796478952,1.0
0.5598736418282618,-0.6925157282207721,-1.4836719194199586,-0.0441195811886464,1.0
0.6271579200536034,1.6078098506980243,0.16047515575850924,-0.028922676865931193,3.0
-1.731788181373707,0.05404859044152247,-0.0048300132853070854,-0.046756475450049864,2.0
0.6271579195440916,1.6078092792259204,0.160685372651591,0.018597050305589665,3.0
0.6271579197419,1.6078140577895035,0.15772366114454295,-0.07852695711020752,3.0
-1.7317881813164588,0.054046767787085996,-0.009410642705899863,-0.04199099553838376,2.0
0.5598736414854125,-0.6925165589868817,-1.4775839662891885,-0.01237169469347543,1.0
0.5435648540539011,-0.9671899824878285,1.329818459350989,0.08724399310211123,0.0
0.6271579192127695,1.607813502987505,0.15671386106213123,0.0801834259075757,3.0
0.5435648545716004,-0.9671911215588707,1.3351970945690017,-0.03178646983121005,0.0
0.5598736415595632,-0.6925170024929256,-1.4808283047302881,-0.04002112215255759,1.0
0.5435648544417978,-0.9671907197122164,1.32444468481772,0.016863707876861176,0.0
0.5435648542336926,-0.967188813685921,1.3364899442473692,0.005838184524730509,0.0
0.6271579196640015,1.6078110071788247,0.16280358293396474,0.042502266085757315,3.0
-1.7317881812449916,0.05404795842643001,-0.011354272629703363,-0.016313550349525162,2.0
0.543564854896815,-0.9671910229148488,1.3370010084954895,0.04319392676862766,0.0
-1.7317881813215095,0.054049011853605666,-0.002535545943593592,-0.028711293800880458,2.0
0.6271579195478917,1.6078096079203301,0.1592288857985412,-0.11468457989196103,3.0
0.5435648549367733,-0.9671877805625829,1.3323426558696492,0.00502539111217946,0.0
-1.7317881812199751,0.05405349108727815,-0.0021175525865179427,0.01957334722945722,2.0
0.5598736412640168,-0.6925142953492067,-1.4808456733623307,0.03562568178573757,1.0
-1.7317881813904799,0.054050189288851046,-0.008925171450159067,-0.009904710184268936,2.0
0.6271579199089312,1.6078114176822171,0.1584225725730328,-0.02478813175149187,3.0
-1.731788180884019,0.05405116812517222,0.0008340571468563338,-0.06729576122514584,2.0
0.559873641863663,-0.6925148638312154,-1.4812312661490892,-0.02953275468449293,1.0
0.5598736405151911,-0.6925207449289195,-1.4769703754624777,-0.034383741021639845,1.0
0.627157919067375,1.6078104758908731,0.1575155207669125,0.055470754660142826,3.0
0.5435648549408197,-0.9671903144977697,1.3366590443394148,0.045660295673991165,0.0
-1.7317881808286044,0.0540484980199906,0.0006421355407503889,-0.016070218723215436,2.0
0.5435648548856077,-0.9671894750962875,1.3367027466100796,-0.01153491728981768,0.0
-1.7317881812005436,0.054047743117261,0.0016482421767402243,-0.0034980690576110716,2.0
0.5435648548718353,-0.9671902178168965,1.3424130482430385,-0.03464712332427876,0.0
0.5435648546199042,-0.9671901805367679,1.3340317505133543,0.013386396767961745,0.0
0.5435648551042619,-0.9671910687244684,1.3308117320980957,-0.01847460410861058,0.0
0.6271579192105999,1.6078115000859448,0.16010811787507478,0.06959575340595615,3.0
0.543564854280839,-0.9671903588646592,1.3342869135458493,-0.02347765880875687,0.0
0.5598736416157434,-0.6925168743180566,-1.4779187909308713,-0.07346735660385023,1.0
0.6271579197356781,1.6078124530712525,0.16372844478794438,0.030070981201382022,3.0
0.6271579194090301,1.6078121762703304,0.15823890508949937,-0.01846222112157893,3.0
0.6271579203837824,1.6078122677894757,0.15581883324347448,-0.03581721704577763,3.0
-1.7317881812867362,0.05405048600432812,-0.0007719843175910281,-0.02324919766524015,2.0
-1.731788181809124,0.05405235215678399,0.0019859312313912775,-0.05151486450195851,2.0
0.6271579198611269,1.6078160341325005,0.15813610024955338,0.012039774462594223,3.0
0.5598736413621079,-0.6925155424993981,-1.478118043487951,0.010119450503560343,1.0
0.5435648543364999,-0.9671893376710619,1.3306570225134766,0.029245001277953757,0.0
0.6271579202437132,1.6078091223956132,0.16124974711031237,0.015931847615247692,3.0
0.6271579195485754,1.607812165246906,0.15263761901930908,0.00844296015693188,3.0
0.5435648549442995,-0.9671877007735312,1.3331520163815944,-0.0016013823972331137,0.0
-1.7317881822314234,0.05405164497687241,-0.012920857945298271,0.036084136376515155,2.0
0.6271579200586049,1.6078122842828795,0.15712724791602858,-0.008977638730362872,3.0
0.543564854644537,-0.9671883329993592,1.334404959702478,0.040721597504321035,0.0
-1.73178818130322,0.054052130503052416,-0.004026502649435663,-0.04431488291878571,2.0
0.6271579191550359,1.607812774907477,0.1556237523780306,0.03844585819373405,3.0
0.5435648545985938,-0.9671878708324297,1.3329230870117361,0.02445414520962775,0.0
0.6271579195873059,1.607814576772921,0.16230906843728649,0.02601514184901672,3.0
0.5598736418558314,-0.6925163330228411,-1.477370733674119,-0.04252240503767824,1.0
0.5435648547643339,-0.9671899558522518,1.330176448652714,0.058359252988409195,0.0
0.5598736416478672,-0.6925143465631248,-1.4840883156501696,-0.035516450445588654,1.0
0.5598736418055561,-0.6925148253696916,-1.4741703144836782,0.01507247147905485,1.0
0.6271579191439388,1.607810290204248,0.1582661912674971,0.04470077516139092,3.0
0.5435648552559265,-0.9671902986972715,1.3332369763558503,0.01865382857054937,0.0
-1.7317881815997014,0.054051474803073374,-0.007027119363781084,-0.06381077870935083,2.0
-1.7317881805320798,0.0540519244172069,-0.003330883640065013,-0.05135156272859632,2.0
0.5435648552926919,-0.9671911263820111,1.3238702793057542,0.026643745091587394,0.0
0.6271579203422386,1.6078093804618454,0.16256849556203015,0.0344458285094454,3.0
0.6271579200507694,1.6078116826514914,0.1593059808727865,0.03757503888468051,3.0
0.5598736411615409,-0.6925174595100657,-1.482407356679771,-0.02904218292353973,1.0
-1.7317881817282834,0.05404985315564675,-0.00022941923073543317,-0.1252389037718905,2.0
0.5598736414505594,-0.6925148910965212,-1.4762171105389637,-0.08910193803825091,1.0
0.5435648551989002,-0.96719026307945,1.3345990608985598,0.024680796033622242,0.0
-1.7317881816659528,0.054047978524606397,-0.0031793135313787466,-0.05475529491372744,2.0
0.6271579198694205,1.6078120638623927,0.16203828848154445,0.046324652968754355,3.0
-1.7317881811416578,0.05404691851934429,0.0037353107350690962,0.035329516492071555,2.0
0.5435648540428207,-0.967188592849155,1.3365257715696326,-0.08830506709802327,0.0
-1.7317881806364257,0.05404937478129685,-0.008171569232092623,-0.0030336091601903432,2.0
-1.7317881814392726,0.054053846922623064,-0.000403751673304258,-0.022538211145830236,2.0
-1.7317881818145684,0.05404931162942257,-0.0012130734864631005,-0.003993503515386801,2.0
0.5598736413584502,-0.6925161473615584,-1.48548059263794,0.014016896296455153,1.0
-1.7317881812882545,0.054047716288863686,-0.00690137108305776,0.058330277927081585,2.0
0.543564854066407,-0.9671900019188232,1.327049113678258,-0.05173137500361692,0.0
-1.7317881811707705,0.05405106370100611,-0.0034377606715253694,0.057097584977293295,2.0
-1.7317881819480676,0.05405044683858748,-0.005778964997397096,-0.055261184985802014,2.0
-1.7317881816729563,0.05404770208142828,-0.0065264642037497584,0.004540713450308544,2.0
0.5598736412212768,-0.6925140827926798,-1.47882872334405,-0.025079798788734963,1.0
0.5435648552183756,-0.9671900870603255,1.3274520598836723,-0.023529821597621903,0.0
0.6271579199991744,1.6078107453228947,0.1616970757403181,-0.02165872365530863,3.0
-1.7317881817066039,0.054050529039447105,-0.005280245546228521,-0.0009679304806279784,2.0
0.5598736406481213,-0.6925147019237933,-1.4734932212224823,-0.00688407290807223,1.0
0.5435648540403956,-0.96718725466914,1.3274977708582345,-0.030801864638663145,0.0
-1.7317881813516522,0.05404742873442077,-0.005311998260650993,-0.02295088360933522,2.0
0.559873641736143,-0.6925154712494261,-1.4796887494010202,0.03633625844132854,1.0
0.6271579198989164,1.6078127990485274,0.16044003740298102,-0.028752022903787623,3.0
0.5435648543607399,-0.9671900747177995,1.3333565717288185,0.050142125893498105,0.0
0.6271579195668429,1.607814289396506,0.16337594610608488,-0.03579134729123541,3.0
0.5598736417303336,-0.692516008684505,-1.4751149150348914,0.027060930109815362,1.0
0.6271579193015336,1.6078156205591971,0.16059732245883798,-0.036940700774738565,3.0
0.5435648548981384,-0.967190085253988,1.3279730949391046,-0.0067158075464513,0.0
0.5435648543631918,-0.9671908885648085,1.3339025245680323,0.007554307670113386,0.0
0.5435648545553704,-0.967190949294086,1.3328889764670107,-0.032096729623849976,0.0
-1.7317881813467437,0.054051151488517524,-0.013160468154258871,0.0016785843673387869,2.0
0.5598736418171126,-0.6925149972785747,-1.480720697807648,-0.03127000461218203,1.0
0.6271579193708278,1.6078105405333551,0.1581513187043361,0.03224820682862956,3.0
0.627157920264945,1.607810069623656,0.15983972527155527,-0.001513909328361039,3.0
0.5598736416915917,-0.6925179674054552,-1.4758910091448054,-0.05467093954870294,1.0
0.5598736409442024,-0.6925153836609381,-1.476162741251358,-0.03868566368123788,1.0
0.6271579195351694,1.6078129514598323,0.15670186999185892,-0.07710665421357131,3.0
0.543564854936586,-0.9671883580104645,1.3277072431293528,-0.008946553759970504,0.0
0.5435648545848514,-0.9671934319051712,1.328127080210573,0.014849401792236433,0.0
0.5598736413093552,-0.6925132956897139,-1.4754063177629448,-0.013521101377976108,1.0
0.5598736415563301,-0.6925145881334649,-1.4783118098482921,0.03574002226377979,1.0
0.5598736419305423,-0.6925176675461574,-1.4812140369956543,-0.04586148530830129,1.0
0.6271579195559337,1.6078103969832962,0.1585394471604345,-0.06588593575937002,3.0
0.5598736418887555,-0.6925183366134303,-1.4768196718510904,0.07297573964545741,1.0
0.5435648547047852,-0.9671872305507652,1.3307285347837048,0.02027029355459769,0.0
0.5598736413477753,-0.6925141685614993,-1.477238150167889,-0.04277958723492254,1.0
0.6271579204195734,1.6078107640508215,0.1574327417931124,0.07561871525301014,3.0
0.6271579203182318,1.6078124955041773,0.15996889711286652,-0.05392940709763384,3.0
0.5598736418574488,-0.6925163231796974,-1.4819481284387934,-0.0008396810459907588,1.0
0.5598736406444892,-0.6925158681226276,-1.4819289831492244,-0.012574260330462663,1.0
0.543564854192545,-0.9671848932963829,1.3247874832640238,0.04687347017886401,0.0
-1.7317881812882794,0.054047587430239984,0.004346251948737688,-0.009911311419828357,2.0
0.6271579197356557,1.6078114292560413,0.1598469390038478,0.04686545903234283,3.0
-1.7317881808053939,0.05404984155394006,-0.008145931597959805,-0.013103059972731165,2.0
0.5435648548842763,-0.9671896633830971,1.3261839156187936,0.015128713222137827,0.0
0.6271579201178765,1.6078108678545933,0.15837650625986502,0.022944681373294168,3.0
0.6271579204210331,1.607813851203327,0.15220575555532778,-0.021956832339982704,3.0
0.54356485501188,-0.9671898807402481,1.3278694997587366,0.01901994029010805,0.0
0.5598736414351039,-0.6925142410542432,-1.4768106904676896,0.029458101786128663,1.0
-1.7317881815438556,0.054046707409316205,0.0019906964226442795,-0.011196004639834948,2.0
-1.7317881816687208,0.054051182494645474,-0.0033372119556988778,0.04225132781321291,2.0
-1.7317881811759472,0.05404580692412747,-0.009225081443538995,0.023557626060011386,2.0
0.5435648544987546,-0.9671909648663352,1.3303517446052497,0.05396147276393194,0.0
-1.731788180770101,0.05405003154073509,-0.005911522494995076,-0.030891474051085284,2.0
-1.7317881817908334,0.054050714751620446,-0.003900691003295526,-0.0007195234518482049,2.0
-1.7317881809976865,0.054050688762828474,-0.009590395810609234,-0.013680156229976937,2.0
0.5598736413473866,-0.6925170855450925,-1.4782841642284856,-0.028814827336450133,1.0
0.5598736417023001,-0.692515409417228,-1.4834016736783546,0.013519355059329203,1.0
0.5598736415940663,-0.692518713491052,-1.4723586743872867,0.012780469882866977,1.0
0.5598736414212132,-0.6925143938166723,-1.476178911819264,0.001557198892302683,1.0
-1.7317881811873022,0.054048528611030065,-0.009202191428132871,-0.010224032386057963,2.0
-1.7317881816148435,0.05405135127798214,-0.006195428103324795,0.02177688995961446,2.0
0.5435648538898423,-0.9671882930351922,1.336817865661167,0.05179575336360428,0.0
0.5435648546055648,-0.9671909239743787,1.3344561364641943,0.03703304232903773,0.0
0.5435648545633027,-0.9671912278623078,1.3329978902337374,0.012168789112123742,0.0
0.6271579193557119,1.6078103764011906,0.15592278786913943,-0.010895166832150192,3.0
0.5598736409363891,-0.6925137167320571,-1.4840078591639128,-0.047913465549162336,1.0
0.627157920318143,1.6078122045947028,0.15463190736797758,0.035447203783941145,3.0
0.5598736405401818,-0.6925166273703968,-1.47542682848223,0.013992850333327972,1.0
0.5435648549085301,-0.9671926330904136,1.3314260017193014,0.012776515991540251,0.0
0.5435648547690681,-0.9671878772531028,1.3339291944384708,0.03210229468868825,0.0
0.5598736410655861,-0.6925163485481963,-1.4806178974459976,-0.046322781503127235,1.0
0.6271579194696871,1.6078116287814714,0.1623040525078771,-0.004364373598022977,3.0
0.6271579201734842,1.6078094309980613,0.15548670222396557,-0.051986940800516294,3.0
0.627157920054056,1.6078074459621667,0.15798622185469832,-0.04811651413421175,3.0
0.5598736417185093,-0.6925141407359636,-1.473849952130482,-0.008237248957780621,1.0
-1.7317881815021163,0.054048876258397854,-0.006245430342213598,-0.01083445564588379,2.0
0.6271579206785738,1.6078138768246892,0.15784970888947336,-0.002369326299794891,3.0
-1.7317881816780096,0.05404991812521101,-0.002796216763556829,-0.007815635548000228,2.0
0.6271579200290209,1.6078118898605467,0.1605737190340764,0.025192313477287096,3.0
0.5435648548496999,-0.9671896658409312,1.331572245908073,0.011338993272907117,0.0
-1.7317881817649332,0.05405045060463454,-0.001079635337175207,0.0371764657126614,2.0
-1.731788181939772,0.0540490095275451,-0.007035715656141188,0.012266849548792848,2.0
0.5598736413973445,-0.6925159778969835,-1.475686387135967,-0.051848858824938886,1.0
-1.731788181194403,0.05405275632347383,-0.003965125879997019,-0.001086012312494573,2.0
-1.7317881819571854,0.05404890952605367,-0.005439058162243346,-0.016368408277556062,2.0
0.5598736416744312,-0.6925158601307921,-1.478643897438382,0.038504072578637166,1.0
0.5435648549468373,-0.9671896187994714,1.3300161263270878,-0.0825613049192924,0.0
0.5598736410635267,-0.6925148618249485,-1.4777560234970843,-0.023845287349026256,1.0
0.5598736415066523,-0.6925185831276635,-1.483885272009248,-0.032379026439619304,1.0
0.6271579198789973,1.6078127841255483,0.15980362699220726,0.00999799813520612,3.0
0.627157919655872,1.607812818705165,0.1617387663925124,0.05304153596814369,3.0
-1.7317881818639984,0.05405156543881171,0.00014904454097301398,-0.007337670722098738,2.0
-1.7317881811065154,0.05404897212301113,-0.009314423981650609,0.011894903809962777,2.0
-1.7317881818188627,0.054049494517588864,-0.008857099936506902,-0.03389585418836037,2.0
0.6271579198791496,1.6078123021025594,0.15596234705849127,0.016501012742988517,3.0
0.5598736417353328,-0.6925178293020398,-1.4822186546130889,-0.03940255932944118,1.0
0.5435648553463631,-0.9671894712785112,1.3293811039314507,0.029189474758901976,0.0
-1.7317881811889133,0.05404904704223934,-0.005074442500750158,-0.0011664957560938748,2.0
0.5435648542974537,-0.9671878898910841,1.3395087072072243,0.055396261084559015,0.0
0.5435648550103649,-0.9671903512779065,1.3300138060861617,0.00573943723076905,0.0
-1.731788181769185,0.05405180593725828,-0.011122227886188099,0.018409171364434252,2.0
0.5435648549705898,-0.9671906613642753,1.332505446057241,0.014996806824404131,0.0
0.5598736413667017,-0.6925143166592083,-1.4769303647929823,-5.4470219802601107e-05,1.0
0.5435648553194649,-0.9671918025144219,1.329619059157219,-0.06503667725860404,0.0
0.5598736411626432,-0.6925175989184807,-1.475729639034194,0.009652234735517046,1.0
0.559873641831527,-0.692516772759655,-1.4758815176071465,-0.05376607310838141,1.0
0.627157919704216,1.607809030262934,0.1593269201073106,-0.026047047345386938,3.0
-1.7317881813849536,0.054052391357007755,-0.009523138067375125,-0.03719376543236016,2.0
0.6271579206617186,1.607810171696151,0.16451859775084135,0.004117040159628855,3.0
0.5435648546175467,-0.9671887860462582,1.3342494316594333,0.07014397774410495,0.0
-1.7317881814340892,0.05404930584960475,-0.0039732922375311595,0.0007635234250425437,2.0
-1.73178818073501,0.05405148756642164,-0.004993872136060166,-0.01952256125512888,2.0
0.5435648546553755,-0.967189905689585,1.3322402638081199,0.005640388765309867,0.0
0.5598736420606177,-0.6925186495340551,-1.4786944079288844,-0.025337255320248202,1.0
0.6271579198262229,1.6078108421340092,0.15966683643876833,0.062019916690518075,3.0
-1.7317881806954236,0.05405108540132816,-0.003510876743596451,-0.003848514981990357,2.0
-1.7317881814090492,0.054050395420879985,-0.0033556671607845017,0.013519993532872152,2.0
0.5435648542516279,-0.9671893721357202,1.332332471312467,0.018737531729698078,0.0
0.6271579198958256,1.6078105964190597,0.16158164403607075,0.08064984613168054,3.0
0.6271579201645413,1.607810134353972,0.15566043409753313,-0.057294636830284844,3.0
0.5598736418480413,-0.6925133482533217,-1.479655937052263,0.00813337192865098,1.0
0.6271579199235342,1.607809578205924,0.15853243454405777,-0.005611648469203828,3.0
-1.7317881816366476,0.05405145196113871,-0.0024537720856229704,0.017764282264885883,2.0
-1.7317881809690079,0.05405009727595223,-0.00799284925312039,0.0039278887985060495,2.0
0.5435648541882601,-0.9671900922169655,1.3332418716091976,-0.017318622493224453,0.0
0.5435648548226676,-0.9671883034534965,1.3305258384343126,0.04143171445412313,0.0
0.6271579203192251,1.6078143754458707,0.15513593061204645,0.005518147082486564,3.0
-1.7317881820251926,0.054046173434054885,-0.00341143824347683,-0.0005687324639882779,2.0
0.5598736408872739,-0.692517843181919,-1.4784579419376476,-0.05179920172249003,1.0
0.5598736418011357,-0.6925143784521435,-1.4849894708677798,0.03658229474135039,1.0
0.5598736410350227,-0.692516923826124,-1.4816343458307055,-0.04161221359107058,1.0
0.5435648549655382,-0.967188752618382,1.3294604277955215,-0.008639367022127559,0.0
0.6271579197869414,1.6078123359797567,0.15682358768234472,0.0002155976937895938,3.0
-1.7317881809278075,0.05404796445565013,-0.007665711695631694,-0.004985917415691237,2.0
0.5435648541644371,-0.967188573853436,1.3355105950334107,0.06330696495477008,0.0
0.5598736409608954,-0.6925154942028007,-1.4838466291644008,-0.039177780606936934,1.0
0.5598736409683285,-0.6925151089855418,-1.4784317750758207,-0.016150635635728862,1.0
0.5435648549949853,-0.967188218068582,1.3289871837835088,0.035580320973287234,0.0
0.543564854802238,-0.9671921619543373,1.333086099597048,0.013949697359455693,0.0
-1.7317881810857305,0.054048367418667434,-0.013161464372897691,-0.031340978754973214,2.0
-1.731788181202276,0.05405051622638196,-0.009012716589678765,0.04348962333198296,2.0
0.6271579198912267,1.6078105797108888,0.1633070525093652,0.056100825517540774,3.0
0.627157920096401,1.6078122618301605,0.1599828508727668,0.000540578214989462,3.0
0.5435648546873948,-0.9671918864645522,1.3418367274000158,0.001428817731868018,0.0
0.5435648548562763,-0.9671899948429756,1.3312336496896846,0.019555810710969047,0.0
-1.7317881815933924,0.0540490947941988,-0.007030688847507696,0.02023532560558583,2.0
0.627157919621245,1.6078107041333158,0.1596693356771936,0.046379423316369586,3.0
0.6271579208554965,1.6078108641675855,0.16498946942002077,0.006806392936261893,3.0
-1.7317881810902747,0.054046841473175164,-0.006547001389321632,-0.01186271380900246,2.0
0.5598736420814079,-0.6925154710971702,-1.472458855641078,-0.0005359972971978611,1.0
-1.731788181132082,0.054049024268188195,-0.0059617543030476335,0.03159972418883358,2.0
0.5598736416003318,-0.6925189477890429,-1.468635229593393,-0.00953380939754784,1.0
0.5598736413212673,-0.6925158476557336,-1.4789618914623919,0.0019194690278333396,1.0
0.5435648552509296,-0.9671902863860751,1.330089400026064,0.0036334483498149436,0.0
-1.731788182329038,0.05405173190234983,-0.009509745489932683,-0.07687037108447049,2.0
0.5435648553156799,-0.967189852660396,1.3316192467084162,0.070058273485885,0.0
0.6271579204709039,1.6078162299235192,0.15754644179457702,0.009604095318384543,3.0
0.5435648548241412,-0.967188385190189,1.3254899141767205,-0.044311700250270786,0.0
0.5435648549410712,-0.9671890406491696,1.3317916743396339,0.011655483898840396,0.0
0.6271579198129311,1.607811488870199,0.16147759707300494,-0.02245173933328049,3.0
0.6271579206933735,1.6078100995769407,0.16041047418631024,-0.022557839840415362,3.0
-1.7317881813855946,0.05405228478647108,0.0027236641703957524,-0.009919615277967846,2.0
0.5435648544006145,-0.9671896703933717,1.3299913741125715,0.012969169995954035,0.0
0.5435648550021909,-0.9671876887333639,1.3355297777535595,0.055986328834718414,0.0
0.5598736410954972,-0.6925148099105016,-1.487398178959495,-0.0009389071899601563,1.0
-1.7317881818739442,0.05405129067584025,-0.005934170587449137,0.007101502264676886,2.0
0.5435648548911995,-0.9671892527726563,1.3286009305138458,0.008993832200840485,0.0
-1.7317881815663054,0.05405293541563392,-0.015533016373128136,0.0005909747742031275,2.0
0.5598736414663992,-0.6925170444639371,-1.4779981796436852,0.01712390562078822,1.0
0.5435648544572358,-0.9671901888952327,1.334278288019844,0.007543271273505252,0.0
0.5435648547332703,-0.9671905211653866,1.3360912663351139,0.026628880708475557,0.0
0.627157920173523,1.6078120507203422,0.16317396090684075,-0.007467615193346508,3.0
0.6271579202230763,1.6078119312575019,0.16070126208379001,0.013348897926477653,3.0
-1.731788181456283,0.05405203312936933,-0.003454356248804786,-0.0163609942283412,2.0
0.627157920514849,1.607811994844323,0.15763266932651757,0.03637724675129803,3.0
0.5598736412554798,-0.6925192384122044,-1.480535449156794,-0.008065943236098147,1.0
0.5598736418631322,-0.6925155870306177,-1.4753133176881066,-0.015575302839880718,1.0
0.6271579205904252,1.6078084929825833,0.15746608820559052,-0.009177204258100178,3.0
-1.7317881819211474,0.05405049463652034,-0.0004445239012416642,0.01116640320353747,2.0
0.6271579194991233,1.6078093423021809,0.16320416237906712,0.007664134676792559,3.0
0.5598736405456771,-0.6925149689530301,-1.4853756186023146,0.03582577140510487,1.0
-1.7317881815022,0.054052589231372614,-0.004170714480732891,-0.055879095333115324,2.0
0.5435648543857254,-0.9671916233274336,1.3311290832477036,0.035323681755077864,0.0
-1.7317881817754908,0.05404743336237864,-0.015025334768745013,-0.009851921026724417,2.0
0.6271579201160823,1.607813023931628,0.16308619814211903,-0.017656271700783824,3.0
0.6271579202832519,1.6078088448122025,0.15390608952690837,-0.00890116616534923,3.0
0.5435648549509967,-0.9671905203951018,1.3368527854649845,0.07356770815107888,0.0
0.5435648549313363,-0.9671922446966814,1.3303466979953773,0.05852788548765667,0.0
0.5598736421211474,-0.6925157077315045,-1.4756516597456961,0.007685589343569915,1.0
0.5435648554457342,-0.9671895824072128,1.3426102320412572,-0.006460219892462052,0.0
0.6271579201684537,1.6078098770163902,0.1562903702682471,-0.03475640528615052,3.0
-1.7317881810751234,0.05405033118644062,-0.006440602348679023,0.05464986144591252,2.0
0.6271579201252001,1.6078131818478802,0.1625322306083646,0.014682962392808505,3.0
0.5435648542117123,-0.9671911622408005,1.3402192052868602,-0.05689163858692941,0.0
0.6271579197357183,1.6078116942327787,0.1600835621534312,-0.02127997779765416,3.0
0.5598736410870534,-0.692513535032464,-1.474075956159994,0.03770273295220927,1.0
0.5435648542909886,-0.9671904825857416,1.3347119649914811,0.002205138059419327,0.0
-1.7317881814161196,0.05405188480176583,-0.00411157849338599,-0.009515586687638697,2.0
0.5598736416897652,-0.6925172245580236,-1.48453813016149,-0.011999323550779257,1.0
-1.731788181047238,0.05404857454751241,0.0011298094560930681,-0.04724302615189259,2.0
-1.7317881810388631,0.05404601375114562,-0.008868257468674678,0.010190093274054424,2.0
0.5598736406639463,-0.6925164977624579,-1.4802162650478228,0.00786785306656419,1.0
0.5598736413227999,-0.6925180369588765,-1.4825826876078114,0.03715305358447121,1.0
0.5435648539065713,-0.9671944772606133,1.330221124064,-0.009820557988576537,0.0
0.5435648547346147,-0.9671886844446925,1.3380761278861482,0.030188608078716248,0.0
0.559873641176996,-0.6925196709129118,-1.4770877277848058,-0.03164337594375012,1.0
-1.7317881809426106,0.05405074848122613,-0.009833522679433899,0.019933104303779235,2.0
0.5598736416287469,-0.6925145585720085,-1.476237066328058,0.01105039093198082,1.0
0.6271579197398273,1.6078102634227833,0.16232230448704285,0.04662099107266359,3.0
0.627157920148046,1.607810416483065,0.15457587946646434,0.006085388669879468,3.0
0.5598736414856986,-0.6925181767664615,-1.4807675211251747,-0.037078481707297224,1.0
0.5598736418263677,-0.6925154759727188,-1.4752406823008772,0.005926671514032355,1.0
-1.731788181936788,0.05405135190763732,-0.005827562370518334,-0.02126660852550162,2.0
0.6271579197133703,1.607810405655086,0.15802359242723113,0.04288739608205962,3.0
0.5598736418521045,-0.6925145491100545,-1.476105700214726,-0.04066158311537675,1.0
0.6271579200722721,1.6078096335950847,0.15456047717987834,0.018450801774423594,3.0
-1.7317881817092555,0.05404971729351529,-0.0007793016071342858,0.027829519539619135,2.0
0.627157919942118,1.6078132933676312,0.1597831590108894,-0.021678464252237382,3.0
0.5435648542839103,-0.9671908113163824,1.3318028260343202,0.007766391916873166,0.0
0.559873641607007,-0.6925175444939949,-1.476413682494617,-0.01659997406693707,1.0
0.5598736419118995,-0.6925185234362227,-1.4767646330707236,-0.04426636854769924,1.0
0.6271579196133925,1.607809208734882,0.16129377518824778,-0.040520854370132836,3.0
-1.731788180949976,0.05405083128843166,-0.0057791442432044374,0.005416372479994565,2.0
-1.7317881810648084,0.05405098766291876,-0.008624943641551046,0.027204737071572324,2.0
0.5598736417843133,-0.6925149545344078,-1.4820078895943654,-0.04658001055407162,1.0
0.5598736417647376,-0.6925154118145603,-1.4795652513513082,0.038976057807277815,1.0
0.54356485480803,-0.9671911257495854,1.3325651652429762,-0.0004385316254759191,0.0
-1.7317881809838513,0.05405197167739585,-0.012612073962816583,0.0305401763640578,2.0
0.5435648543100813,-0.9671908568337375,1.3336466265816405,0.0517310079602008,0.0
0.6271579193881657,1.6078117697746621,0.16358049837874414,-0.020017385415775246,3.0
0.5598736412884652,-0.6925166660891736,-1.480986402777808,-0.026509981385205487,1.0
0.5598736414269245,-0.6925180510840704,-1.4760782486781907,0.021391465844385643,1.0
0.6271579203967944,1.6078110146368516,0.15564982863907859,-0.0009218557980991706,3.0
0.5435648554328013,-0.9671875626216998,1.3330292621187996,0.005486171235966407,0.0
0.5598736413966598,-0.692517320462812,-1.479222190239244,-0.012907263340288888,1.0
0.5435648547557935,-0.9671918484441241,1.3361227695772273,-0.02315764347878352,0.0
0.6271579195804795,1.6078100052467719,0.15745982729228156,0.059191129397949266,3.0
0.5598736407644154,-0.6925156174374161,-1.4766778425220095,0.009270211429941718,1.0
0.5435648543171189,-0.967190365443681,1.3316689965290747,-0.04060483381775023,0.0
0.5435648550180264,-0.9671875811088548,1.3289652975041015,-0.004765974338213143,0.0
0.5598736421636252,-0.6925145846539219,-1.4818416716005447,0.012561470721521235,1.0
0.5435648545504216,-0.9671895806998915,1.3367928795750514,0.04291361537980802,0.0
0.543564854868953,-0.9671895660734738,1.3345562119273404,0.007764623225279783,0.0
0.6271579206204883,1.6078111529759445,0.15991295415303075,0.05915794278339313,3.0
-1.7317881819750012,0.05404694598257105,-0.0075924571277264175,-0.06761013061682433,2.0
-1.7317881816509202,0.054049312229953426,-0.0062114796191090945,0.014223912373909063,2.0
0.6271579194292931,1.6078115319270474,0.15487356137315844,0.06565240768195012,3.0
0.5435648546770767,-0.9671901751522886,1.3310453671506832,0.00038869699822601195,0.0
-1.7317881814079625,0.05405221517868134,-0.005162498050728171,-0.020592089574999976,2.0
-1.7317881819819578,0.05405047445708568,-0.0038718496184320587,0.02342440753853282,2.0
0.5435648547119832,-0.9671901455387649,1.3311752585160257,-0.00555567559859077,0.0
0.6271579197370064,1.6078121732215294,0.16170562181911788,0.0011090811719224481,3.0
0.5435648547866081,-0.9671910706947507,1.333488519958409,0.03049751944577754,0.0
-1.7317881816602247,0.05404751894308202,-0.0020103265504311757,-0.05520719474166034,2.0
-1.7317881812662372,0.05405122445043119,-0.010393209231545847,-0.005316014271198739,2.0
-1.7317881811833875,0.05404709834141767,-0.0036133142769022605,-0.00018301419081967458,2.0
0.6271579200554711,1.6078108661949178,0.16310596600757146,-0.032889755168540605,3.0
-1.7317881815805467,0.05404943506845997,0.00403631393861815,-0.0603155269028673,2.0
-1.7317881818020178,0.0540511047445618,-0.010325086592420932,-0.04350131074375806,2.0
0.5598736415023589,-0.6925136418674435,-1.4758611667462118,-0.08412976149664303,1.0
-1.731788181278801,0.0540474417379355,-0.004845699057681504,-0.08510030254269291,2.0
0.5435648546865834,-0.9671914586772759,1.3346374533688623,0.002350846298686354,0.0
0.6271579200724586,1.6078117340835247,0.15978731557411777,0.0210497980502084,3.0
0.6271579200419791,1.6078109967234386,0.1573260042805101,-0.0721397799267484,3.0
0.6271579204101025,1.6078129685047096,0.1570590489675768,0.012735695563047584,3.0
0.5435648543620741,-0.9671893840428254,1.3312106799726713,0.01498821954764782,0.0
0.6271579194591315,1.6078118292178702,0.16175512687306953,0.016091746509370685,3.0
0.5435648547430877,-0.9671885003447199,1.3349983932822826,0.008747423387360785,0.0
-1.7317881813484641,0.05405133901534279,-0.0054238739143222196,-0.04640920393783241,2.0
-1.7317881809620037,0.0540509252253199,-0.00707573254635472,-0.0034307363264701263,2.0
0.6271579192460902,1.6078130977233676,0.15949743822053,0.03232278189616807,3.0
0.5435648545186632,-0.9671870725202149,1.3348610133422167,0.027652678231290532,0.0
-1.731788181772503,0.054050804067952624,-0.004447688606481486,0.015980646518008085,2.0
-1.7317881820566505,0.05405173706670029,-0.003460693870225036,0.046706586149396705,2.0
0.5435648546745477,-0.9671900188027178,1.3378291976611392,0.02097545985397785,0.0
0.5598736414910931,-0.6925147097349247,-1.4802045483279815,-0.08792871999807828,1.0
0.6271579204344009,1.6078122514965765,0.16051393217832674,0.029261774766062613,3.0
-1.7317881812874725,0.05405063492614429,-0.008886800066705,0.02895768868895833,2.0
-1.7317881814234337,0.054049443031506335,-0.005774304277585683,0.0027047219524877287,2.0
-1.7317881818662892,0.05404971006694134,-0.00750931132445258,-0.03983402645802525,2.0
-1.7317881815187939,0.054052626850275315,-0.002090620692705556,-0.04806399627538517,2.0
0.5435648549968399,-0.9671896389526523,1.33632094835665,0.04030378369432335,0.0
-1.7317881812312679,0.05405289814031086,-0.005253771571496635,0.09604388153115088,2.0
0.6271579197861895,1.6078108754849452,0.16627384988469113,-0.019615336443360637,3.0
0.5598736415648388,-0.6925135399491161,-1.4737476494791966,-0.04757019373948089,1.0
0.627157919867313,1.6078097647198684,0.16667080564692574,0.008139164910212498,3.0
0.6271579188821502,1.6078106600498405,0.16362203747899004,0.02207017930865208,3.0
0.5598736411517152,-0.692515668963919,-1.4819598615114489,0.004960944796027349,1.0
0.627157920349298,1.607807998571363,0.1594115605080857,0.021077988604781894,3.0
0.5435648544678062,-0.9671886897259239,1.3278518812463256,0.05529940641961156,0.0
0.5435648548860357,-0.9671894311149581,1.336581685967991,0.033318389412102946,0.0
0.5598736416863977,-0.6925138483262169,-1.4739752437449218,-0.021403383779172096,1.0
0.6271579200378216,1.6078100971193905,0.161144844586544,-0.031031621141645985,3.0
0.5598736411125379,-0.6925149979993919,-1.4782042475367634,-0.02984481615332384,1.0
0.5435648543103025,-0.9671886491506253,1.3404490113583973,0.05281510763485593,0.0
0.6271579199038966,1.6078074068700312,0.1579744606011144,0.02134186819325096,3.0
0.5435648549036234,-0.9671878480723872,1.3380104194608862,-0.009874491021345612,0.0
0.5435648543892811,-0.9671881361059707,1.3341188439368605,0.03830583494110813,0.0
-1.7317881813208662,0.05404794462643607,-0.013210680531970694,0.014600352708106931,2.0
-1.7317881817455918,0.0540499652275384,-0.0016804772268933887,0.034489131202481677,2.0
0.6271579204897727,1.6078120561273397,0.1552945079250575,0.010532831833037663,3.0
0.5598736415377343,-0.6925139235715037,-1.4707342668294197,-0.019956641744244715,1.0
-1.731788181057064,0.05405047919512963,-0.0062527410053775994,-0.01345178245006034,2.0
0.5435648550520745,-0.9671906830164251,1.3295048483313443,0.058520914379954124,0.0
0.5598736413126982,-0.6925150553534392,-1.4764665825087153,-0.01849554078194842,1.0
-1.7317881812789206,0.05404852013563538,-0.0025466759112089845,-0.04519347548427352,2.0
0.5435648541305218,-0.967187856892705,1.329042916246889,0.03771830822110024,0.0
-1.731788181660338,0.05404909648435958,-0.0008646322410755327,0.030771786827435962,2.0
-1.7317881815435683,0.054053030483816114,0.0003806339221092355,-0.021854999741217306,2.0
0.5598736417321395,-0.6925150567490717,-1.4709781435959477,-0.006831719274947444,1.0
0.6271579197189513,1.6078104081266305,0.16294856402393754,-0.050858404459279805,3.0
0.5435648549103379,-0.967189858194971,1.3332007559777728,-0.055159554493825036,0.0
0.5598736412525083,-0.6925165298946288,-1.478019689610296,-0.010101118405033933,1.0
0.5435648546443399,-0.9671900317374843,1.3347773281998971,0.04793158572417136,0.0
0.5598736419532431,-0.6925140257164577,-1.472167420754253,-0.06628413188707673,1.0
0.5598736412938121,-0.692517044936552,-1.4806326087024821,-0.10506525605733068,1.0
0.5598736419795652,-0.6925184490027311,-1.4815267231819287,-0.028894170331922563,1.0
0.5598736417022593,-0.6925201567133493,-1.4811736187510047,-0.029776822320533303,1.0
0.5598736413048742,-0.6925165013705191,-1.4758315874124945,0.05479250914523011,1.0
0.6271579196460093,1.6078091998023982,0.16294170677896172,-0.01155750356916164,3.0
0.6271579202070826,1.6078100278760306,0.16390837813097237,0.00712453882463949,3.0
0.6271579197675373,1.6078087275622666,0.15721391345974653,0.035590467976158516,3.0
-1.7317881812721523,0.05404824169867621,-0.007788813764390595,-0.05967088080161519,2.0
-1.7317881808641287,0.05404862625581191,-0.009700356079320325,0.07659543460602243,2.0
-1.7317881815486031,0.05404813899946253,-0.011250727553287024,0.04148844247983098,2.0
0.6271579202943102,1.6078119226920233,0.15872493938474141,0.0061857080196014574,3.0
0.6271579195184226,1.607812862136612,0.15865009792337487,0.04675049999478359,3.0
0.5598736414980819,-0.6925152724941285,-1.474316543286664,0.03858316146646887,1.0
0.543564854878796,-0.967188495314336,1.334783275180783,0.06524277718675366,0.0
0.6271579197834184,1.607811478242831,0.16377464120134239,0.025024546388052966,3.0
0.5435648542962587,-0.9671890775507276,1.3211914684160173,-0.011240485806006076,0.0
0.5598736406099929,-0.6925142387735201,-1.4799329252732407,-0.026452198740395654,1.0
0.5598736414785445,-0.6925151639514607,-1.4787220329286754,-0.04472896925753264,1.0
0.6271579191931765,1.6078095438880597,0.16567233935047201,0.034038399319920525,3.0
0.5598736419733673,-0.6925169854947166,-1.4809825964313827,0.04481961644570615,1.0
0.6271579210333674,1.607809538851602,0.15370681056820948,-0.0021698910958169036,3.0
0.6271579202850747,1.6078111054720727,0.15430845981743274,-0.016455635831872872,3.0
0.6271579199709498,1.6078130601851734,0.1593160390359503,-0.06043234688792876,3.0
0.6271579199374706,1.6078128493849526,0.15524195240079597,-0.0038847665510581965,3.0
-1.7317881813300169,0.054050376065047756,-0.0005868421281032392,0.021367526739000442,2.0
0.5598736411464644,-0.6925177446256575,-1.479458316970971,-0.006764184880150384,1.0
0.5435648555221484,-0.9671891758843073,1.338252800063736,-0.0016731106160543276,0.0
0.6271579201912,1.6078096074583128,0.15089179532003086,-0.03717218553572919,3.0
-1.731788181326344,0.0540506656366917,-0.01270565761590824,0.027261146007044153,2.0
-1.731788181523223,0.05405391396610925,-0.002780764591592921,-0.017054692168408214,2.0
0.5598736418621093,-0.6925168494890698,-1.4768885404649803,-0.007049681305442311,1.0
0.5435648546265666,-0.9671882183235839,1.3312401893038168,0.0011573321145700707,0.0
-1.7317881817967804,0.05404769534663924,-0.00524751952708337,-0.0036252726150901005,2.0
-1.7317881820069694,0.054047873485516484,-0.0020548385297527276,-0.014428844185720692,2.0
-1.7317881817190617,0.05404957030298394,-0.007113142168923666,-0.0296202792366541,2.0
0.5435648548361283,-0.9671914715007462,1.3345830883771543,0.03921676566958401,0.0
0.5598736411604022,-0.6925168393661544,-1.4750699541931365,0.02721614978085363,1.0
0.5435648545073601,-0.9671876735192102,1.3339471428337175,0.055690630614999195,0.0
0.6271579195166687,1.607811632124822,0.15773336426911025,0.007030617812074259,3.0
0.5598736414360326,-0.6925190922297745,-1.4806449895299938,-0.0015284219614058114,1.0
0.6271579198837047,1.6078124893307468,0.16640542045654247,-0.01909048435462029,3.0
-1.7317881811816813,0.05404850232056344,-0.005029799167199212,-0.018455343291594272,2.0
0.5598736411228654,-0.6925159189101455,-1.4810515617332576,-0.10601399470165507,1.0
-1.7317881813326406,0.05405168646455224,-0.0058825067617272854,0.045385693190852575,2.0
0.5598736412138496,-0.6925152186997322,-1.4770621021325534,-0.0012556220637625556,1.0
-1.7317881814048242,0.0540508658261915,-0.0012210850100431803,-0.042205387381895304,2.0
0.54356485509146,-0.9671881049833349,1.3342579579149563,-0.04369676568327076,0.0
0.5598736422009175,-0.6925164397133867,-1.4870404390570022,-0.026125577574043133,1.0
-1.7317881808133144,0.05404847278353592,-0.002941816418084669,-0.05496192889288638,2.0
0.5435648541167971,-0.9671911060473122,1.3248643990758802,0.02554001961800999,0.0
0.5435648544726068,-0.9671918313940047,1.3358065112611888,0.024675230722902397,0.0
0.627157920281087,1.607810383092493,0.15790264581172206,-0.01231346729223146,3.0
-1.7317881815596037,0.05405097145576318,-0.002376686530856806,-0.04702049139292555,2.0
0.6271579197001529,1.6078103419684557,0.1597305356196148,0.032708298914265986,3.0
0.6271579198209073,1.6078098206936458,0.16632045495887474,0.0622997776875318,3.0
0.5435648538103424,-0.9671909349194077,1.3323534810051925,0.04288169172199218,0.0
0.5435648544162933,-0.9671911046231394,1.340574998611644,0.0017657097979806198,0.0
0.6271579200086966,1.6078133863886528,0.1612360189487724,0.022878650295387753,3.0
-1.7317881815952836,0.05405398654944806,-0.002003479526675458,0.023955408473924113,2.0
0.5598736418141105,-0.6925165814561969,-1.4695893651355763,0.004119061388714941,1.0
-1.7317881805066526,0.05404863974849207,-0.008195624730368894,-0.0614575994296708,2.0
-1.7317881815749687,0.054048971222037334,-0.0012025828088448897,-0.04019443171318034,2.0
0.5598736421774674,-0.6925179597178046,-1.4733629057453892,-0.03111065378333684,1.0
-1.7317881816671064,0.054049790361976456,-0.0009757943135152416,0.06089720150618105,2.0
-1.731788181062271,0.05405145766359573,-0.00631531621089775,0.0009534667119331617,2.0
0.5598736415940363,-0.6925147508094104,-1.4794791354273098,-0.00737185370856884,1.0
0.5435648550649631,-0.9671904298403152,1.3352839828486447,-0.008616061664695942,0.0
0.5598736421000542,-0.6925157268251706,-1.4820707865452534,0.04743239929556625,1.0
0.5598736419508843,-0.6925144322119706,-1.4848785784932863,-0.05025308240522405,1.0
0.5598736408769972,-0.6925183935886056,-1.4705884972202004,-0.053721241401159504,1.0
0.543564854879054,-0.9671873267229525,1.3388387390058618,0.003062766318557233,0.0
0.6271579194895781,1.6078114164024957,0.16606640360671449,-0.0181546843882953,3.0
0.5435648540283022,-0.9671900739735364,1.3338239956932432,0.05723754698010796,0.0
0.5598736420231734,-0.6925176983881706,-1.4750067389811616,-0.009762174268984299,1.0
0.5598736415609824,-0.6925152892292237,-1.4819193582766998,-0.040168788947698174,1.0
-1.7317881812480904,0.05404995966275151,-0.0018432940851518889,0.010726245411843067,2.0
0.5435648551476256,-0.9671909689048922,1.3310288569722541,0.032444355212222616,0.0
0.6271579199889006,1.6078088217559419,0.15450493433459056,0.06653172378413365,3.0
0.5598736421242746,-0.6925166669144424,-1.477631608269203,0.023803384444501013,1.0
0.5435648545168764,-0.9671888368341396,1.330584493841486,0.0006742216582585623,0.0
-1.7317881810992048,0.05405135577989846,-0.005125945458440263,0.036449491327913974,2.0
0.6271579201552495,1.6078135299929202,0.16279895467503674,0.019798319652929195,3.0
0.6271579203157681,1.6078103881263355,0.15809375917940727,0.012086566788327886,3.0
0.5435648547363601,-0.9671901119957497,1.3377252171284588,0.022416661129760342,0.0
0.5435648555201756,-0.967185493719316,1.3309881262052947,0.014883913243384901,0.0
0.6271579207684314,1.6078140906333351,0.1560904681319477,0.017562649484212715,3.0
0.6271579202891711,1.6078132630783657,0.1586767417703596,-0.028188111897421073,3.0
0.6271579200020811,1.6078143410841135,0.1615726298670429,0.025252211359033046,3.0
0.5598736413346076,-0.6925194115971456,-1.4770556751922423,0.01661383497641226,1.0
0.627157919899213,1.6078108922358367,0.1577775300932607,0.018281821919738872,3.0
0.6271579201850296,1.6078105218313197,0.15860869805796077,-0.01937359487501275,3.0
0.5598736412724958,-0.6925181345345255,-1.4785666199929959,-0.05188914746229429,1.0
0.6271579196321998,1.6078141675417073,0.1591006612631858,0.01927654527878673,3.0
0.543564855040862,-0.9671896958095291,1.3316395794808522,0.005530406501990548,0.0
0.5435648545823166,-0.9671906568782571,1.3323888864659528,0.0009404596516050426,0.0
-1.7317881820320862,0.0540474043403683,-0.0003960849907582751,0.02889665934063905,2.0
-1.7317881821472312,0.05405004630845512,-0.006258264448147733,0.040705896050923805,2.0
0.6271579203519213,1.60781220226109,0.16473523468443377,0.027446604196845324,3.0
0.5598736421319417,-0.6925151354821719,-1.4735393796317404,-0.011191160276342484,1.0
0.5598736414437632,-0.6925170988834833,-1.4777840915466436,-0.012653301756924645,1.0
-1.7317881814540328,0.05404846645464949,-0.00615116215955249,-0.01634117518613959,2.0
0.6271579202012327,1.6078124330097356,0.15314854340723394,0.012679820390101801,3.0
-1.7317881823700105,0.054047922226940555,-0.001263779121339078,0.03852252767346217,2.0
-1.7317881816423526,0.05404758465203708,0.0011348076889273872,0.0032098542153452263,2.0
0.6271579198676492,1.6078098530366676,0.16186503606944452,-0.0017825129446458687,3.0
0.5598736416475345,-0.6925165073072351,-1.4870789809290414,-0.045189263203085646,1.0
0.6271579201330737,1.6078103823894951,0.1656527186891491,0.005234393831384641,3.0
0.543564854583786,-0.967189161639609,1.335135481259857,-0.0011023841432271485,0.0
0.6271579202195587,1.6078118165335027,0.1612875505626618,0.022861608629357245,3.0
0.5598736413539981,-0.6925174913831404,-1.4763776559892157,0.007175686007031565,1.0
-1.7317881814715008,0.05405006412646151,0.004195461839241401,-0.011715612885225563,2.0
0.6271579192652653,1.6078122010084657,0.16096508767712359,0.01406109005208616,3.0
0.6271579195686111,1.6078097255065313,0.1592246135189026,-0.03002539837082063,3.0
0.5598736413568371,-0.6925147615179977,-1.4833594630206441,-0.06694886033834395,1.0
0.559873640869934,-0.6925154924358646,-1.479268128685097,-0.007559598133366064,1.0
-1.731788181477654,0.05405200142603992,-0.008285904872749751,0.02453365201692804,2.0
0.5598736417757785,-0.6925155411221777,-1.4788638870057296,-0.003421158164614819,1.0
-1.7317881815139702,0.05404973374178013,-0.0067788754914159125,-0.047720915874335176,2.0
-1.7317881811929345,0.054052225976465064,-0.002316681232788457,-0.055089314671339956,2.0
0.5598736411171625,-0.6925171580730244,-1.4801885013362852,-0.06905815486917026,1.0
0.6271579199175763,1.6078142642664897,0.16283204969952894,0.02221504489433121,3.0
0.5598736418199359,-0.6925190317667702,-1.4790919300691918,0.00907013402855643,1.0
0.5598736420034224,-0.6925172327820428,-1.4807963283064565,0.058356556716442874,1.0
0.6271579197082062,1.6078116899703563,0.16446966439516597,0.013060504829323057,3.0
0.627157920627924,1.6078087742465765,0.1629882031258476,0.03759790519699393,3.0
-1.7317881810446225,0.05405095708781218,-0.0059238384094754595,0.006792428608395564,2.0
-1.7317881816685263,0.054049362444447774,-0.004561959766717361,0.027787186346320002,2.0
0.543564854025969,-0.9671894612084135,1.3293882181317678,0.005195017961121548,0.0
0.5598736414777911,-0.6925171250285921,-1.4774801557361588,-0.02066875902640527,1.0
0.5435648546799217,-0.9671886664778107,1.3292094011434692,0.005873499758171191,0.0
0.5435648548823205,-0.9671884743041521,1.332796467600955,0.05879187918122571,0.0
0.5598736415945907,-0.6925177414087109,-1.4831365121296651,0.025121246523877008,1.0
0.559873641254983,-0.6925135745333484,-1.4669868257072132,-0.023327156002640712,1.0
0.5435648547671638,-0.9671898845230608,1.3387688786263794,-0.059994122285737445,0.0
-1.731788181670146,0.054050817840999535,-0.0007815473711621703,0.027560738693614643,2.0
0.5598736417977387,-0.6925162929713649,-1.4735288400764632,-0.04912770388716459,1.0
-1.7317881813038838,0.054047371727653476,-0.00802367818641465,-0.059870814429615685,2.0
0.543564854914238,-0.9671930694815805,1.3294824582970168,-0.013754594861914222,0.0
0.5598736407344252,-0.6925166765396498,-1.4772174669739864,-0.010009411563701902,1.0
0.6271579199002727,1.6078108602149808,0.1609739063964519,0.005684881919158293,3.0
-1.7317881811382203,0.054048683976135915,-0.0036257754508103217,-0.026090964885122785,2.0
0.6271579200422203,1.6078123084744027,0.15578569183850535,0.010390808869046884,3.0
0.6271579201655415,1.607812821966248,0.15397740798878012,0.0029141760185214852,3.0
0.5598736410563645,-0.6925157730717926,-1.4752064644072453,-0.019018665492822745,1.0
-1.7317881818985315,0.05405070611798812,0.0006139748255714068,-0.014323714917177039,2.0
0.543564854821633,-0.9671914587822541,1.3328428078977665,-0.048583117719706845,0.0
-1.7317881819112477,0.05405171205137941,-0.004227240560325237,-0.0304100192591591,2.0
0.6271579200110953,1.6078139213992662,0.15981687880972595,0.009123714809061692,3.0
0.5598736415456224,-0.6925157260596093,-1.4815440830544948,-0.06146041678233308,1.0
-1.7317881811083204,0.054051816398648984,-0.0023873252775454923,-0.02380215747237054,2.0
0.6271579195472752,1.607812454245403,0.15922762090410283,-0.06427752320286394,3.0
0.5435648550038896,-0.9671871173254859,1.3325974142681185,0.03917084336589876,0.0
0.6271579202246192,1.6078113168218533,0.16120328448568402,0.01971376319448937,3.0
-1.7317881815779264,0.05405038979242664,-0.0027555498434596658,-0.010910399916353238,2.0
0.5598736416693775,-0.6925187513594198,-1.4828636596112268,-0.0024796381065449184,1.0
0.5435648548586364,-0.9671901880170632,1.334998778645286,0.008817512012142915,0.0
-1.731788181723153,0.05405097067881471,0.0020361540006495404,0.016329683123006537,2.0
0.5435648550857666,-0.9671872306749659,1.3354518260766768,0.05070026129300442,0.0
0.6271579194993891,1.6078128419118367,0.16139765056382593,-0.046386642381624286,3.0
0.559873641638159,-0.692515586623585,-1.4809325088641185,-0.08653849746270897,1.0
0.5435648547095209,-0.9671892595608718,1.3322968355556208,0.020841999399873093,0.0
0.5435648549347459,-0.9671904689860141,1.3287996719282853,0.035067444979745364,0.0
-1.731788180988216,0.054049610859958463,0.0033544656631321864,-0.020082430537525252,2.0
0.5598736409238794,-0.6925139096371651,-1.4835511116789089,-0.03371703955709538,1.0
0.6271579200682592,1.6078133641431676,0.16010586533820126,-0.0032177877816629255,3.0
0.5598736408352809,-0.6925163734094394,-1.4719462633540867,0.054423035721811695,1.0
0.5435648547612321,-0.9671890859222586,1.3296983109202414,0.049674657775632056,0.0
0.6271579197876123,1.6078120369783326,0.15684852031750535,-0.019999089252309525,3.0
0.627157920126964,1.6078117549668967,0.1587242221077087,0.021121702434108505,3.0
0.6271579202996466,1.6078105854318165,0.1618751895594848,0.010525867114393066,3.0
0.5435648541016976,-0.9671880544870785,1.3331765774554696,0.05884942742901397,0.0
0.6271579190965061,1.607812503935601,0.1560142847112746,0.010737033105119795,3.0
0.5598736410196979,-0.6925131543170009,-1.4773863628329658,0.01208990971018415,1.0
-1.731788181358193,0.05404940902323788,-0.008403357260854845,-0.021464642194807662,2.0
0.5598736416858985,-0.6925163939821759,-1.4808283347618465,-0.0016938102909943445,1.0
0.5598736418017843,-0.6925158077595142,-1.4787611524769635,0.021266615832008864,1.0
-1.7317881815026646,0.05404878015654355,-0.0033877894333159413,-0.010025898975916084,2.0
0.6271579202888318,1.6078116626051775,0.1582620657451005,0.019100234768938323,3.0
0.6271579197608935,1.6078110291395222,0.1707479872661203,0.004456658309109916,3.0
0.5435648548932194,-0.9671895867698537,1.335868837441501,0.03726968800541036,0.0
0.5598736412462667,-0.6925168191525548,-1.4828412730376594,-0.011716765898448476,1.0
0.5435648549726474,-0.9671887842330612,1.3319003547502144,0.0270639678156021,0.0
0.5598736417843276,-0.6925162932378726,-1.4831106030590613,0.029313565937662014,1.0
0.6271579193649172,1.6078121262070353,0.15651000928505626,-0.03132958444807907,3.0
0.5598736416691407,-0.6925175783977258,-1.4821009573322919,-0.031334072903946866,1.0
-1.7317881817760847,0.054049715643333655,-0.010613103872477072,0.011660763413357998,2.0
0.5598736408978228,-0.6925133761001291,-1.4745919512274372,-0.017796418103953993,1.0
0.5598736410277972,-0.6925163520270906,-1.4867163499136955,0.014751026844097018,1.0
0.6271579194343775,1.6078099988960604,0.16252850103567415,-0.015479789556513274,3.0
0.627157919899031,1.6078130607293137,0.1591120418952621,-0.026382138660036712,3.0
-1.7317881817913534,0.05405211004759071,-0.01057043338555813,-0.07060420957979827,2.0
0.5598736417999035,-0.6925165150584784,-1.4815042006060464,0.05613482980367853,1.0
0.5435648552242786,-0.9671917930808961,1.3328807560213982,-0.015365629065686656,0.0
0.5435648539946587,-0.9671879758770782,1.3360351994933473,-0.02822537131442706,0.0
0.5435648542285285,-0.967190298392084,1.328422500593369,0.0813292866005467,0.0
0.559873641306135,-0.6925143081382743,-1.4730622751594675,-0.04601474796814056,1.0
-1.731788180792085,0.05405398921030531,-0.008622607578560633,0.07299808271259364,2.0
0.6271579193409231,1.6078119500478696,0.16315641747535628,0.019719222855536286,3.0
0.5435648548911579,-0.9671922050104865,1.337914561931382,0.019451423465219844,0.0
0.6271579197683838,1.6078116032562952,0.16172610897865927,0.05774521299389769,3.0
0.6271579199613505,1.607809658165218,0.1582296517238601,0.02962847471761799,3.0
-1.731788181344598,0.05405146318291784,-0.0016219472311727074,-0.01411055868501767,2.0
0.6271579200959096,1.6078124626226498,0.1619342100847827,-0.06170508483299346,3.0
0.5598736411897179,-0.6925162223612342,-1.4709370135541553,0.04146629738308132,1.0
-1.731788181044918,0.0540486486411696,-0.0093133128133495,-0.052740221089844545,2.0
0.6271579193563456,1.6078107256708583,0.16197237590661,-0.009914991589559637,3.0
0.5598736415947906,-0.6925128451249521,-1.4818859172979582,0.04232969245414823,1.0
0.5435648545267006,-0.9671895838030427,1.3285381750394734,0.013828220929441923,0.0
0.6271579198856219,1.6078100971081601,0.1598156169500375,-0.07772012638065497,3.0
0.6271579202701225,1.607814013209455,0.16309877637241793,0.05141807157689407,3.0
0.5598736418216096,-0.6925168558148835,-1.4780017387831168,-0.05785844095818604,1.0
0.559873641002972,-0.6925158048029169,-1.4732581835475942,-0.08162773945976254,1.0
0.5435648546081315,-0.9671879444634781,1.3320496387565781,0.0011743697184341644,0.0
-1.7317881817554355,0.05405013518195439,-0.0013826939461041,0.03635638480564641,2.0
0.5598736417367773,-0.692518038157598,-1.480178746099395,-0.013073759693554312,1.0
-1.7317881820210477,0.0540529914632324,-0.007629916911388295,0.05656963268237381,2.0
0.5435648547645565,-0.967192061348192,1.336071348032977,-0.028918249669766194,0.0
-1.7317881816974596,0.05405120130759314,-0.0009161540125957395,-0.002827733014968954,2.0
-1.7317881815791314,0.054050682699911354,-0.003620488770071631,-0.01065237556838021,2.0
-1.7317881812325868,0.05404866729083272,-0.012837683466640971,0.03636478840871534,2.0
0.543564854503969,-0.9671897020720502,1.3268788231519677,0.007881778297662016,0.0
0.6271579196931525,1.607810050453748,0.1617253621535678,0.030127612404647116,3.0
0.5598736413314073,-0.6925174952885068,-1.4832412919151705,-0.028391937203291324,1.0
0.627157920194435,1.607812294512249,0.15870221429941714,0.039024528802691305,3.0
-1.7317881811260927,0.05404845959154688,-0.0026421407692821335,-0.01677708661832317,2.0
0.5598736420434833,-0.6925156912196959,-1.479182193104886,-0.024419293801568487,1.0
0.559873641437526,-0.692515316489466,-1.475824796976393,-0.06079790505235061,1.0
0.5435648544613653,-0.9671905602775758,1.335580640656141,-0.08401854765003573,0.0
-1.7317881813268614,0.054052627352128,-0.00566778956434202,0.01871683881235867,2.0
0.6271579195799872,1.6078119878737935,0.1634576964365336,-0.031645751114562144,3.0
0.5598736418180851,-0.6925134444879419,-1.4787210500950245,0.01603182088014737,1.0
0.5598736415278099,-0.6925131878864175,-1.476484503117556,-0.04868717476316412,1.0
0.543564854911766,-0.9671896778998302,1.3357085406919367,-0.057967330646238865,0.0
-1.73178818155541,0.0540488789125144,-0.0023518028461719212,0.01393896100839909,2.0
0.559873641313665,-0.6925158480317155,-1.4802130873239783,-0.004291208745436473,1.0
0.5435648552244533,-0.9671893952881163,1.333371131614458,0.02935249441122112,0.0
0.5598736412373498,-0.6925145429300282,-1.4818599247058595,-0.028556031356613887,1.0
0.6271579198618502,1.6078084225435296,0.16166928172617534,0.005196257399188662,3.0
0.543564854679737,-0.9671873919788393,1.324210200912325,0.01005744051803942,0.0
-1.7317881820937489,0.05405052877329909,-0.0023732911164628806,-0.06444383312339348,2.0
0.5598736418439262,-0.6925157437808528,-1.4760923058235846,0.027535090615509787,1.0
-1.7317881808579991,0.05405022019886629,-0.008424001259300578,-0.02449971960826246,2.0
-1.731788181712748,0.054051241843641615,-0.0026758186505662237,0.10476652313938908,2.0
-1.7317881813975393,0.054051683375306164,-0.001988412735602636,-0.05767009165381989,2.0
0.5598736417045093,-0.6925159419823574,-1.4786641450516644,0.009585515432677575,1.0
0.559873641414012,-0.6925172003420583,-1.4774401907677837,-0.05297588333936248,1.0
0.6271579204267705,1.607813665679405,0.1619363681970821,0.001984311377180455,3.0
0.6271579201204216,1.6078106058676183,0.1603492511415968,-0.050713596280002805,3.0
0.6271579203962466,1.607814319568912,0.15894076411120386,-0.0035948804364929745,3.0
0.6271579195064778,1.6078095280796825,0.1619147111577211,0.03842942723741135,3.0
-1.731788181538325,0.05405114114919408,-0.0020573756514216173,-0.039432741553534906,2.0
0.5435648541648904,-0.9671878888770327,1.3360662191422412,-0.038935995661926466,0.0
0.5435648553825297,-0.967189393100338,1.3307764693178248,0.02191524672329761,0.0
0.5435648554990005,-0.9671901042296001,1.3394593752827764,-0.07845758165224696,0.0
0.6271579200414825,1.6078095439460458,0.16014541778630736,0.003658926168012429,3.0
-1.7317881808358366,0.05404700442211223,-0.011030294238361058,-0.00012205575612185679,2.0
0.543564855134889,-0.9671917027972602,1.3387423922699522,-0.03380395364076314,0.0
0.5435648545314066,-0.967189989812475,1.3298264455000635,-0.004010118280775018,0.0
0.6271579204541291,1.607814151600653,0.15234333101038863,-0.03573361769047809,3.0
0.627157919982094,1.6078113906860165,0.16842580631087126,0.03196840598175897,3.0
0.5598736408284838,-0.6925133833790181,-1.4829678883771855,-0.03693962199727188,1.0
0.6271579195268646,1.6078134730309435,0.16681321330740173,-0.0013973104313477621,3.0
0.6271579201230285,1.6078098219950636,0.1562779515021532,0.03681521392977916,3.0
0.5435648549767298,-0.9671918580337804,1.3289672191317905,0.05505405764528821,0.0
0.6271579199153129,1.6078099495662463,0.1609428384961461,-0.04716265157652096,3.0
0.5598736418130928,-0.6925158426667789,-1.473865332472401,-0.07008165080292866,1.0
0.543564854676593,-0.9671895281973463,1.3320872335052871,-0.005583786957903222,0.0
0.6271579195935666,1.6078124223044858,0.16891727929002073,0.0251238306782353,3.0
0.6271579201564185,1.6078130268310944,0.15895508839421757,0.05801300700841151,3.0
0.6271579207174126,1.6078136866400892,0.1659883693483241,0.005265012002846304,3.0
0.5598736416263677,-0.6925158987279767,-1.4816802593510947,0.028098253788172437,1.0
-1.73178818106766,0.05405005539994908,-0.0031174712569648354,-0.010033496001322468,2.0
0.6271579194078964,1.6078129366175635,0.16025341023584547,0.012380198610155088,3.0
-1.7317881814365403,0.0540508976519237,-0.007209157874399204,0.012354349145140598,2.0
-1.731788180779574,0.05404826397529395,-0.009308236002182895,0.019170665330438038,2.0
0.5598736410420248,-0.6925165689639733,-1.4776367189775772,0.03521613013699921,1.0
0.5598736412884918,-0.692515833819184,-1.4829416527369825,-0.03340526615798537,1.0
0.5598736406522214,-0.6925158302723635,-1.4813488014613203,0.01891139195554837,1.0
0.6271579203715875,1.6078138992671955,0.16563425143119553,0.074597310422789,3.0
0.6271579200870536,1.6078123251902858,0.1629182760165544,0.0898484879494483,3.0
0.5598736416760495,-0.6925156229978431,-1.4817662251851644,0.005629036869346598,1.0
0.6271579194702532,1.6078094067688393,0.15646186343384155,-0.01210997189124728,3.0
0.5598736414808173,-0.692517012425402,-1.4758173574361733,-0.03512661036896,1.0
0.627157920155191,1.6078149228920227,0.16009596843045662,0.14351184098203396,3.0
0.6271579202292642,1.6078098041390474,0.1630780912909529,-0.026660934025591783,3.0
0.6271579202313907,1.6078112615216038,0.1624233504105207,-0.006386450254204642,3.0
0.5598736411032398,-0.6925172877878502,-1.4678008788986425,-0.04315005059417835,1.0
0.6271579198275723,1.6078095029489945,0.15343187437800693,0.04412653166880771,3.0
-1.731788181172793,0.054049189461620545,-0.011095834421392775,-0.007269130308986917,2.0
0.5435648544170211,-0.9671910793261911,1.3365092591057983,0.0060169605727439434,0.0
0.6271579198925735,1.6078122700794788,0.16490651379797758,-0.009963941884059165,3.0
0.5598736411121693,-0.692515614610771,-1.4758455700566573,0.036430647124107755,1.0
-1.7317881809904276,0.05405078080030155,-0.00625397571611321,-0.004209128360740476,2.0
0.5435648542567286,-0.9671896407601268,1.3300508849998764,0.010889278862520276,0.0
0.6271579201516103,1.6078123490415317,0.16335518043658023,-0.0031533518856407395,3.0
-1.7317881811965399,0.05404895088430958,-0.003153163445331919,-0.0625926891794721,2.0
0.5435648552659182,-0.9671896707370639,1.3329295816952542,0.043672501233680994,0.0
0.5435648552905207,-0.967189488765871,1.3324237310522968,-0.004637929818969559,0.0
0.5435648544987565,-0.9671919453084256,1.336135997590249,0.009147657373668634,0.0
0.6271579193972461,1.6078076148967542,0.1623438747787824,0.002164217904435679,3.0
0.6271579200222782,1.6078093223795349,0.15766893771464868,-0.01477366999170164,3.0
0.6271579198430981,1.6078140830250602,0.15882392016374414,0.04271807237164855,3.0
-1.7317881810864184,0.05404992565810635,-0.0016432403024305817,0.03396732522352396,2.0
-1.7317881813276566,0.05404930039705286,-0.009280612740571305,0.018794187574006336,2.0
-1.7317881820775127,0.05405020088074277,-0.01153882146230604,-0.02353213692907274,2.0
-1.7317881809041529,0.054052884025238716,-0.008208091584850516,0.0031876485560068638,2.0
0.62715792041971,1.607810861467028,0.1587060328820684,0.029628310477754646,3.0
0.5435648552149238,-0.9671938154584777,1.333746576635887,0.01991050569108931,0.0
-1.731788182151458,0.05405147973269573,-0.001982162840878676,0.0334114825499151,2.0
0.5598736409200212,-0.6925164126040092,-1.4812908286079207,0.0744222508526468,1.0
0.5435648549227827,-0.967190448832268,1.3339039488990672,-0.021651839957490898,0.0
0.5598736415846347,-0.6925149454682297,-1.4736606776055936,0.016251674635142016,1.0
0.5435648541951351,-0.9671852654755112,1.3337280672748177,0.07008068812396238,0.0
0.627157919395056,1.6078127309286832,0.16429334693775272,0.061749286186081415,3.0
0.5598736413941301,-0.6925165532392726,-1.4778731141740789,-0.018233046950357178,1.0
0.6271579201727268,1.6078107275661215,0.16305662430045897,0.024993593339059303,3.0
0.6271579200830304,1.607814865915539,0.157216521165986,-0.0015335395767472602,3.0
-1.731788181346996,0.05405131606227554,-0.004343043593327718,-0.03388568164259878,2.0
-1.7317881814922826,0.05405171699233621,-0.008074249350498313,-0.018977151788502965,2.0
-1.7317881817744238,0.05405049693068398,-0.0015426913395812322,0.06201154890609553,2.0
-1.7317881815043314,0.05405011370468058,-0.004576931509057684,-0.03697600003283518,2.0
-1.7317881812157239,0.05404608217527169,-0.004971218687728501,-0.009309442568901326,2.0
0.6271579201677823,1.6078144578279374,0.16397428802704236,0.046341887487094946,3.0
0.5435648547399754,-0.9671873664064401,1.3376443112637548,-0.004475780176063814,0.0
0.627157920140546,1.607810878630025,0.15958827819238744,0.0025274804738670805,3.0
0.6271579206355186,1.607809894691872,0.16275415470774207,0.11843463392203016,3.0
0.559873641256896,-0.6925147748237701,-1.4782903478506015,-0.016354092012001182,1.0
0.5598736413472022,-0.6925187324977627,-1.4889733238829845,-0.07147813027485007,1.0
0.5598736418721608,-0.6925132628418869,-1.4760855413303788,-0.0409931521283797,1.0
0.6271579196666154,1.6078102643052528,0.16465423949635952,0.06631584648206616,3.0
-1.7317881809366027,0.05405110241415878,-0.007601876655062122,-0.014881608020313951,2.0
-1.7317881814123761,0.054050479197768786,0.006871973682991404,-0.006510974674743052,2.0
0.559873641809406,-0.6925131930402412,-1.4761321406852042,-0.014716577048168434,1.0
0.627157919994904,1.6078102819789397,0.15720463424224113,-0.004312591769732574,3.0
0.5435648546457379,-0.9671915116103927,1.3349229463137524,0.03881876082321182,0.0
0.5598736414955647,-0.6925159173219593,-1.4744410005024189,-0.005939324658399875,1.0
0.6271579196223501,1.607814762257081,0.16607706176243411,-0.0310938414997246,3.0
0.543564854659966,-0.9671931381671582,1.335111859417602,-0.004250258170953416,0.0
0.5435648546284776,-0.9671867750446298,1.3306826736930082,0.007496250554992949,0.0
0.5598736417076171,-0.6925181940506783,-1.4777117086395248,-0.03460304103134378,1.0
0.62715791943967,1.6078113805701786,0.1562832492434991,-0.06245001637047732,3.0
0.5598736408835532,-0.692513759248967,-1.4779649110773616,-0.09316329710444854,1.0
0.5435648544461927,-0.9671905808430583,1.3339114903003744,0.02791264628316629,0.0
0.5435648543296292,-0.9671891761119844,1.3325730400834495,-0.0238297555525807,0.0
0.54356485509198,-0.9671906777439051,1.3296896513435543,-0.01010062216383275,0.0
0.5435648544578008,-0.967189737568445,1.3382939768719553,-0.04118698529559509,0.0
0.5598736410818014,-0.6925147349282709,-1.4733120566699336,0.02179155507371425,1.0
0.5598736413943227,-0.6925151155267159,-1.4782426941787175,-0.0243638158915472,1.0
-1.7317881813823761,0.05404856881129906,0.0005519333070067705,-0.060859009213493825,2.0
-1.7317881820235852,0.054049016128025915,-0.009084851160479803,-0.07555902362191648,2.0
-1.7317881817230878,0.05405051057468776,-0.006651061153496199,-0.008278746253185774,2.0
-1.7317881815942444,0.05405051549618224,-0.007338860334440653,0.014008437334049481,2.0
-1.731788181878513,0.05404974242992631,-0.004036151785703858,0.040360754452456495,2.0
0.5435648544443217,-0.9671889711817647,1.3371158709557134,-0.011490274387233981,0.0
0.5598736411014746,-0.6925147857570814,-1.4793303439622638,0.04312685467083082,1.0
-1.7317881811405216,0.05404909403517955,8.277000157470384e-05,0.025684323210968047,2.0
0.5435648546620737,-0.967189454397938,1.3317216791638058,-0.06744459078450873,0.0
0.5598736409084681,-0.6925130893839484,-1.4751643871301003,-0.03354912093336768,1.0
0.6271579194698251,1.6078118991843982,0.16326435572692466,-0.02094581748062989,3.0
0.5598736414895075,-0.6925152957036191,-1.480467175943445,-0.02268494447917728,1.0
0.6271579198970348,1.6078124653173218,0.16193872416290775,0.05447241226546499,3.0
0.5435648543276366,-0.9671894981329172,1.3322508059060185,0.015338398517567403,0.0
0.5598736413982743,-0.6925160132806556,-1.4776608166357885,-0.04353734941466915,1.0
0.5598736410449293,-0.6925140343798868,-1.4895641620186324,0.08077080899364025,1.0
0.5598736413174298,-0.6925181765103269,-1.4790876935563544,0.007373718848446942,1.0
0.6271579193030169,1.6078085150286145,0.1596699682300878,-0.04520205018259454,3.0
-1.7317881819402483,0.05404807507672786,-0.009432081419709954,-0.03689362281526412,2.0
-1.7317881814301186,0.05404946924889478,-0.00839480170349268,-0.0002709350048488927,2.0
0.6271579199844045,1.6078143556368023,0.1643599386693966,-0.021899566772280693,3.0
0.6271579199562987,1.607812082994622,0.16928892047043972,0.01354499594532593,3.0
0.5598736409479355,-0.6925116293317577,-1.4781482110881825,-0.044162174867455904,1.0
0.5598736417975505,-0.6925172612839646,-1.4846863522468399,-0.01311041437397328,1.0
-1.731788181097989,0.054051225979409395,-0.0003789556708474961,-0.017530509471228826,2.0
-1.7317881819961392,0.0540485128045322,-0.0011828173140849849,0.06607228887813699,2.0
0.6271579193741338,1.607811286089194,0.16014010706700946,0.01665996172465598,3.0
0.6271579205456573,1.6078090925252824,0.15128017680620398,-0.011502163383750489,3.0
0.6271579201593387,1.6078133819843616,0.1583270450346301,-0.05541955535338877,3.0
0.5435648555271929,-0.9671875129138529,1.3361958366183886,0.007840214407933817,0.0
-1.731788181953044,0.05405067569423742,0.004902346938060794,-0.01849889948415705,2.0
0.5435648544817246,-0.9671908343690818,1.3345556782591423,0.02803678209182667,0.0
0.6271579202680096,1.6078087243329724,0.1573103095221995,-0.04415893020533962,3.0
0.543564854790892,-0.9671862925461102,1.3341426023100644,-0.029156805385398096,0.0
0.5435648539107109,-0.967191233963692,1.3294587864095626,8.192423293094847e-05,0.0
0.5435648542584993,-0.9671884399757914,1.3370543800450103,0.021050034576587058,0.0
0.5435648546875163,-0.9671868444785879,1.3292954799819714,-0.012505150939985759,0.0
-1.731788181535168,0.05405058909800339,-0.0016029981959743633,0.04725369662270817,2.0
0.627157919673765,1.6078128956968774,0.16537438858707465,0.0008797666222289854,3.0
0.6271579194094739,1.6078109923800228,0.1617290174489138,-0.014468319171999058,3.0
0.5598736413201832,-0.6925140981001214,-1.4786774571747219,-0.0046996944415273,1.0
-1.7317881812682316,0.0540505634381158,-0.011793454168133126,0.009426028075283336,2.0
-1.7317881806445838,0.054050973336037,-0.008386181810142722,0.049647064028470994,2.0
0.5435648549936964,-0.9671913175151219,1.3265342183051165,0.05137509524108256,0.0
0.6271579201602776,1.6078110413249278,0.1643157436259347,-0.007868319379599262,3.0
-1.731788182092747,0.05405239437823503,-0.00141598085756898,-0.0011437681935733653,2.0
0.5598736410821149,-0.6925145082287135,-1.4795478871769894,-0.029069449442535922,1.0
0.543564854832537,-0.9671899955780234,1.333956764759116,0.01301587420413649,0.0
-1.7317881809912696,0.05404877284555225,-0.005971806725555509,0.06539031726447168,2.0
-1.7317881814464293,0.054050872065912955,-0.0038979450368855856,0.016089638860299498,2.0
-1.7317881814067035,0.05404991492077393,-0.00464065395775382,0.0761713106008863,2.0
0.5598736412581159,-0.6925165177848219,-1.483593379805407,0.03365624217541752,1.0
-1.7317881823116335,0.05405154962986079,-0.0009152331312850446,-0.03695647584889489,2.0
-1.7317881811269211,0.054051731700738966,6.606113554066654e-05,0.051353486641477805,2.0
-1.7317881807435977,0.0540486843869369,0.0011691096698904773,-0.0196043520199612,2.0
0.627157919709466,1.6078128750486762,0.15069130391901397,-0.05617170622791677,3.0
0.6271579202886316,1.6078122239940325,0.16296353244601958,-0.026321440200271183,3.0
0.5435648544287927,-0.9671903105938238,1.3339609846710654,0.04605417383109292,0.0
-1.7317881811678002,0.0540506014272737,-0.007684766946949768,-0.021693752690178685,2.0
0.6271579193169097,1.60781072016586,0.15821369428089918,0.04710584655792675,3.0
0.5435648549772588,-0.967192742727001,1.3396108409835377,0.028573548768563748,0.0
0.6271579202966039,1.6078114767600933,0.1569968632879554,-0.04281566123603187,3.0
-1.7317881813234755,0.05405121710464965,-0.004894231488971694,0.03284775208364074,2.0
0.5435648546162039,-0.9671901659753267,1.3379895596303921,-0.02563075371680357,0.0
0.6271579207803544,1.6078110501926122,0.15864714840351893,-0.005301019425908924,3.0
0.5435648544690637,-0.9671875165677546,1.33439924277031,-0.010859906079738997,0.0
0.6271579204914247,1.6078146519993253,0.16162582943476755,-0.02610689160340979,3.0
0.5598736412763012,-0.6925176363616964,-1.4755010201473886,-0.03623039424276273,1.0
0.6271579190786225,1.6078091291118237,0.16602838369759804,-0.03486449247093314,3.0
0.6271579201758375,1.6078118684634237,0.16654543850500822,-0.03565832082206427,3.0
0.5435648541428918,-0.9671895295659412,1.3345838959655671,-0.04003748304009528,0.0
0.543564854870215,-0.9671925117709727,1.3278020490020785,-0.013297442016153972,0.0
0.5435648545754981,-0.9671908225524563,1.3294437671747583,0.06187610553523126,0.0
0.5598736418414089,-0.6925147077122951,-1.4843330469548786,0.026950457015897572,1.0
0.543564854748702,-0.9671908767380911,1.3309091391240002,0.046344693102347165,0.0
0.6271579195215127,1.607810190827437,0.16141117975677624,0.041856274634144534,3.0
-1.7317881812375255,0.05404827882547747,-0.006808086292696663,0.023865990506967742,2.0
-1.7317881810557691,0.0540485989908156,-0.004826953622275434,0.05636808861193876,2.0
0.5435648544042607,-0.9671890311416594,1.3328411285361463,0.00982330307122651,0.0
0.6271579197174718,1.6078124729638983,0.1590138408515402,-0.03719069868627304,3.0
-1.7317881811601912,0.05404983008123868,0.0007391505960936664,0.057037516812322206,2.0
0.5598736411778167,-0.6925173133297493,-1.4784956817013886,-0.048111331073100075,1.0
-1.7317881812466192,0.054049763540988324,-0.007991793199173954,-0.032235774882556766,2.0
0.6271579199722398,1.6078100044839525,0.15257589387453574,0.025139555395072774,3.0
-1.7317881810918487,0.05404967565777279,-0.0014327952276528425,-0.035163286105070024,2.0
0.5598736414679514,-0.6925125414753778,-1.4758890355775969,-0.06340487639766655,1.0
0.5598736412515586,-0.692514221032983,-1.4792110969763415,0.03609823547463096,1.0
0.5598736416182903,-0.6925135561605933,-1.477768106643911,-0.012804938133200472,1.0
-1.7317881818751417,0.05405234910565302,-0.007193380443069125,-0.04943764524841302,2.0
0.559873641287549,-0.6925151706423639,-1.476290540605207,-0.04538065010025679,1.0
-1.7317881810223077,0.054053328347405116,-0.013819568258813014,-0.06466567958576898,2.0
0.5435648553161686,-0.9671947987843224,1.329072846615715,-0.01036241974941497,0.0
0.543564854870532,-0.9671888396523315,1.3362074322651543,0.044762795439717826,0.0
0.5598736418753808,-0.6925146524283055,-1.4780521446416162,0.014442613381709903,1.0
0.6271579190911902,1.607812623626112,0.16422209204325267,0.026996538793403045,3.0
0.5598736415678176,-0.6925161929119725,-1.4769968234398008,-0.009541000852273478,1.0
0.559873641106202,-0.6925152119172046,-1.482961736460615,0.03623816278228901,1.0
0.5435648542826841,-0.9671890429553944,1.335917616094306,0.06510468591564217,0.0
0.559873641387739,-0.6925158624921142,-1.4724036325205574,0.023482646462371266,1.0
-1.7317881812933218,0.054054211490658595,-0.004561972906287324,-0.05771487025534754,2.0
0.5598736420030466,-0.6925151080021575,-1.479740916525025,-0.07450905181245823,1.0
0.5435648540993958,-0.9671876871177181,1.3289445251696594,-0.016947766681671438,0.0
0.5598736404618678,-0.6925194184155548,-1.4858483421081052,-0.026500654779505306,1.0
0.54356485439324,-0.9671896725408602,1.3332821910426684,-0.02541176079549334,0.0
0.5435648545728796,-0.9671894584848976,1.3264904913286275,0.0038918032087923043,0.0
0.559873641476157,-0.6925179603202527,-1.4771644303557065,0.042875833789211525,1.0
0.6271579197592474,1.6078118765716656,0.15743357410711423,-0.003940412351114344,3.0
0.5598736415642397,-0.6925168342591576,-1.4768148081436259,-0.041569032281866106,1.0
0.5435648552427801,-0.9671883262780759,1.3335442454105406,-0.059395177961799994,0.0
0.5435648551603908,-0.9671879992582845,1.3291019090483571,-0.03994983896698072,0.0
0.6271579196313138,1.6078106886276098,0.16089896979296903,-0.0024063234546875785,3.0
0.5598736416581559,-0.6925164948644826,-1.4802579884448124,-0.08518870390195393,1.0
0.5435648548033402,-0.9671911222263887,1.3348798906359276,0.0109629633230887,0.0
0.5435648541609095,-0.9671887025792476,1.3392529790296095,0.1029704652448598,0.0
0.6271579207200071,1.6078083319851282,0.15942241836321053,0.030031464591408943,3.0
-1.7317881817563057,0.054047918388328585,2.6274037563487395e-05,0.016784559260559603,2.0
0.6271579195244513,1.6078112450853999,0.15998727887342676,-0.03627902852638351,3.0
0.6271579202513399,1.6078112288070294,0.16968075547097328,0.09080650235862786,3.0
-1.731788181281722,0.054049561122327276,-0.005027827956849362,-0.034626077229703366,2.0
0.5598736407866981,-0.6925169208159974,-1.4772047063748464,-0.011367849455925793,1.0
0.5435648547204686,-0.967189905155563,1.3345498655844452,-0.034589633434739524,0.0
0.6271579197641284,1.6078125830623444,0.16487870626279275,-0.008825792657391841,3.0
-1.7317881812007214,0.05405194996561251,-0.00258853703708896,0.06561143960421971,2.0
-1.7317881810983156,0.0540484502430084,-0.006087551275724062,-0.05679065805288467,2.0
0.5598736413504822,-0.6925192249212732,-1.4832771997274876,-0.019766972955044777,1.0
0.6271579198961091,1.6078117094623,0.162267551330011,0.005503149651430209,3.0
-1.731788181556373,0.05404942469113973,-0.0005561342943410383,-0.010724976865029517,2.0
-1.7317881819039107,0.05405004303882117,-0.004073409677209738,0.04647439521230051,2.0
0.5435648545361571,-0.9671906674971243,1.3315166826766807,0.04370930643636309,0.0
0.5598736417123682,-0.6925176543393565,-1.4761364144967226,0.07254570237097294,1.0
0.5598736410692045,-0.692517694659618,-1.4738737725514819,-0.04046227174187677,1.0
0.6271579201430717,1.6078104125541621,0.15876601607609964,-0.025385838627975013,3.0
0.5435648541487255,-0.967190511639413,1.3350892673563188,0.011687566975602002,0.0
0.627157919013242,1.6078147591809246,0.1596669208023702,0.06585920917504891,3.0
0.6271579203579287,1.60780899220072,0.16127696099716163,0.02788869657307374,3.0
-1.7317881815503389,0.054049337766384854,-0.003031561578302919,-0.00167066227323713,2.0
-1.7317881812526208,0.054047393732870486,-0.0007625890131100584,0.026509278453637167,2.0
0.5598736420812659,-0.6925142117090611,-1.4743914424356803,-0.016567576970063825,1.0
0.6271579205435953,1.6078131835487326,0.15704936381459458,-0.051211742003690226,3.0
0.627157919700412,1.6078133878437662,0.1577528054549757,0.029821942001868496,3.0
-1.7317881813860254,0.05405042351513922,0.0003375600794197618,0.006639334576420278,2.0
-1.7317881813544538,0.05405122177052485,-0.0064652495987618025,-0.02126204765782267,2.0
0.5435648544561511,-0.9671920418130803,1.3308119799627904,0.09639609794772298,0.0
0.6271579195397569,1.6078098892348207,0.16296980494913527,-0.03630355068077127,3.0
0.5435648545551808,-0.9671915171902051,1.3306870339521304,0.0295276702134917,0.0
0.6271579202967691,1.6078109132762917,0.16221024208822998,0.024843788861205217,3.0
0.6271579201798498,1.607812855451439,0.1644265839652902,-0.03263188018410469,3.0
0.5435648550624678,-0.9671876664740702,1.34062004774606,-0.009905273572872658,0.0
0.5598736409436864,-0.6925134693551952,-1.482324762280013,-0.007219403408272574,1.0
0.5435648547649586,-0.9671897135702674,1.3348350655897143,-0.014108745512104687,0.0
0.5435648550399471,-0.9671917088060401,1.332360175248799,0.04938529344160188,0.0
0.5598736415502502,-0.6925174867808294,-1.4823580958369258,-0.03207794166183062,1.0
0.5435648548909715,-0.9671906464327483,1.3330854162270087,-0.013111566726414463,0.0
-1.7317881812907474,0.054049902476957706,-0.003897281372288891,0.10217434129482343,2.0
0.5435648553468151,-0.9671922829452011,1.3324195063118804,0.0356387261121363,0.0
0.5598736413707031,-0.6925168034864989,-1.4885921390713612,0.03687232785656331,1.0
0.5598736412838576,-0.6925128808352208,-1.471168030823899,-0.04133400093785032,1.0
0.5435648551339701,-0.9671893824313718,1.3356510165763167,0.03956472262252352,0.0
0.5435648547470441,-0.9671865711618508,1.3270138148624835,-0.015263618447310614,0.0
0.5435648556711596,-0.9671907168435853,1.3315402851667246,0.006801521511699832,0.0
0.5598736412182513,-0.6925140573629598,-1.4800680023779096,0.04872554660298631,1.0
0.5435648553531681,-0.9671896951580146,1.3334891226255043,0.003188474734680055,0.0
0.5598736422042141,-0.6925148211696459,-1.4740722825011932,0.03884877223611584,1.0
-1.731788181746538,0.054049733236459736,0.0005079392240867384,0.013144521976879776,2.0
0.5435648547433163,-0.9671904374004464,1.3314007709090792,0.019838560869088105,0.0
-1.7317881818914171,0.05405067055128246,0.00046482130272622405,-0.053669779803229914,2.0
0.5435648545370187,-0.9671902567758263,1.329444525809674,-0.028638493727472483,0.0
0.6271579197668805,1.6078102913483505,0.15902215040936346,-0.030923270406050207,3.0
0.6271579199292638,1.6078135178979736,0.1579686777239745,0.038427373872699476,3.0
0.5435648545991326,-0.9671919618266627,1.3367222372444754,0.011373841155242025,0.0
0.5598736412411666,-0.6925170354241739,-1.47665873440603,-0.022295161562807433,1.0
0.5598736417553773,-0.6925166744123809,-1.473196206437667,-0.01849871775374064,1.0
0.6271579204862767,1.6078121642358467,0.1610674546181462,0.01871785070955071,3.0
0.6271579200213299,1.6078104878522848,0.15786893252011475,0.02301822025004164,3.0
-1.7317881809233548,0.054049457015191975,-0.006402599487991221,0.01643832868923849,2.0
0.5598736417356794,-0.692514978145471,-1.477361809392016,-0.019273124455093955,1.0
0.5598736419693605,-0.6925192857490231,-1.477667346219272,-0.09411566160984132,1.0
-1.7317881819377268,0.05405242415673823,-0.0022517440455241534,-0.005045170906329248,2.0
0.5598736419816491,-0.6925170589618349,-1.4797664434697495,-0.041918671112025824,1.0
-1.7317881811986724,0.05405113202787325,-0.010484509539399025,-0.005454555786273322,2.0
-1.7317881818048557,0.05405057154983569,-0.005371068029850064,0.038508867940917645,2.0
0.5435648547437371,-0.9671884749651847,1.3309639469300454,-0.009436437768485479,0.0
0.5598736412623335,-0.6925182112265696,-1.4733811652138016,-0.01064004939357561,1.0
-1.7317881816391476,0.05404867083947455,-0.006576120014774255,-0.035296891481475336,2.0
0.6271579198177947,1.6078121754458268,0.15783500357570956,0.01872712770929442,3.0
0.5598736419386879,-0.6925130423815998,-1.4773440530901658,-0.008717651096906795,1.0
0.5598736414503115,-0.6925175419302967,-1.4805443452206288,-0.016059578987112546,1.0
0.6271579196134612,1.607813785588398,0.15630493451677874,-0.021269476427181636,3.0
-1.731788181266136,0.05405036845298097,0.006913635547603057,-0.0016088181125406226,2.0
0.5598736412496071,-0.6925160200870024,-1.4822054830243738,-0.010072370658484238,1.0
0.5598736407525801,-0.6925152813207098,-1.4859339566457879,0.028312509521825468,1.0
0.5435648545693026,-0.9671910612188672,1.3297570357379067,-0.059812651365502956,0.0
0.6271579205388741,1.6078104441081496,0.16463287419803307,-0.02958677481762792,3.0
0.5598736416886474,-0.6925155382360428,-1.4776620833288523,-0.03485771859040113,1.0
-1.7317881807883764,0.05405030156834325,-0.0010224911002990633,0.0346396573930661,2.0
0.5598736412911697,-0.6925163595890546,-1.476229664121512,0.0099561878508267,1.0
0.6271579201443661,1.6078083953486955,0.16440238022125503,0.002594033433708572,3.0
0.6271579197336815,1.6078127464610923,0.15743781023960413,0.029547233111363317,3.0
0.6271579196251628,1.6078100421727144,0.1580126561940554,-0.03450160418987122,3.0
0.5435648539290089,-0.9671910836902903,1.3375252202953172,-0.03344306987571485,0.0
0.5598736418399143,-0.6925146132926301,-1.4846143646732308,-0.10686965534200238,1.0
-1.7317881810658264,0.05405273303923713,0.000925304259736686,-0.00037502543855157366,2.0
0.5598736414604961,-0.6925174008266428,-1.4746166897107589,-0.024130404321494457,1.0
0.559873641029923,-0.692513849277953,-1.4771433712056616,-0.012997425324674844,1.0
0.6271579199502657,1.6078108233038162,0.1635870679055982,0.055400685772493886,3.0
0.5598736412924782,-0.6925151670441084,-1.4816597051474178,0.021967535759742897,1.0
0.5598736412853929,-0.6925154390720886,-1.4809621737927852,-0.020122513689232777,1.0
-1.7317881821410657,0.054051986485293024,-0.004960961231660531,0.057772578207227886,2.0
0.6271579202069396,1.6078109769452305,0.15876238266843037,-0.01242747940108434,3.0
0.5435648552673592,-0.9671899947200896,1.3367656914694293,0.08822406551743756,0.0
0.5435648549932613,-0.9671895388467945,1.3280173030134608,0.04096691973728331,0.0
0.5598736410683096,-0.6925132960985125,-1.4798537831767138,-0.007171541556327204,1.0
0.5435648546444231,-0.9671906847907413,1.3290064545525284,-0.0354982411233331,0.0
0.5435648544093994,-0.9671879772734933,1.3339887127378554,0.03505592532594738,0.0
0.6271579201499007,1.6078111554448977,0.14893635634381636,-0.034509631233025216,3.0
-1.7317881816858354,0.054048515362498294,-0.007154036255081038,0.03604096350825255,2.0
0.5598736412411788,-0.6925162518485376,-1.481643995337161,0.049161014098084106,1.0
-1.731788181795177,0.05405292885935773,-0.007545170539226284,0.06691581876850672,2.0
-1.7317881812162599,0.054047929725062116,-0.0026816558883758896,0.05160372077240191,2.0
0.5598736420079724,-0.6925163441340055,-1.4791502471014555,0.0003672606456312175,1.0
0.6271579189177741,1.6078103958963628,0.15345372543093705,-0.026361434299384232,3.0
0.5435648553988164,-0.9671917580389436,1.3324897263110747,-0.04502982294512046,0.0
0.627157920059011,1.6078105969768874,0.16722977577665407,0.023673769919907325,3.0
0.5598736424069913,-0.6925155574057591,-1.4829399026057013,0.023790642956288372,1.0
0.6271579195330342,1.6078099223068623,0.15647709499867302,0.07349823470753156,3.0
-1.731788181678007,0.05404755545791402,2.7565807536488187e-05,-0.026206936862267115,2.0
-1.7317881807977453,0.05405176418843011,-0.005762030452068028,0.0014348029496274793,2.0
0.5435648546620988,-0.9671906225131116,1.3250866175225193,0.05218354427978742,0.0
0.5598736411345836,-0.6925151332463725,-1.476393721168613,-0.04733868113101595,1.0
0.6271579190349555,1.6078116262668958,0.1608549971011634,0.019942076772163322,3.0
0.5435648546110443,-0.9671890755544675,1.3342588323204834,0.09104503075022893,0.0
-1.731788181373965,0.05405365717235154,-0.0003407213348357566,-0.006799345867011028,2.0
0.5435648544862166,-0.9671908338564821,1.3368602203369013,-0.008265729306990072,0.0
0.6271579193753892,1.60780935568683,0.15827372368362275,0.025759726825242905,3.0
0.6271579204877709,1.6078122982460996,0.15927756528158737,-0.04109276292974074,3.0
-1.7317881807935767,0.05404846492061446,-0.0041020869921820306,-0.018355805983261517,2.0
-1.7317881813718583,0.05404961451180918,-0.007149939896099619,-0.015968117998909223,2.0
0.5598736418330887,-0.6925172888091186,-1.4842278119053296,-0.03448600965072649,1.0
0.5598736414408249,-0.6925181189435818,-1.4747944294308826,-0.000522657697737016,1.0
0.5598736417704463,-0.6925165569379287,-1.4794406942506795,-0.028761695717943774,1.0
0.6271579193506668,1.6078125317367393,0.15916217723457068,-0.01661386782072549,3.0
0.559873640950684,-0.6925174108235811,-1.4822488558318316,0.00021460562032992828,1.0
0.5598736416209723,-0.6925138964474785,-1.4787715332519802,0.006197481869945053,1.0
0.5598736414743943,-0.6925177893163199,-1.4767397951132595,-0.000907933691182683,1.0
0.5435648548600487,-0.9671903502675732,1.3299737780615861,0.012526757120301676,0.0
0.5598736416304242,-0.6925145217213048,-1.4799197723774153,0.01624819399206325,1.0
-1.731788181028834,0.05405315576987072,-0.005703855264072632,0.018438579190814246,2.0
-1.7317881814181462,0.05404945788621986,-0.011781945300197797,-0.05927566246702865,2.0
0.6271579196721228,1.6078110688124776,0.16130712717418344,-0.045514251610580383,3.0
0.6271579195546256,1.6078095305391202,0.15973135048581746,-0.008535945427087516,3.0
-1.7317881814782647,0.05404921079763461,-0.006868274484270946,0.021410245719904082,2.0
-1.7317881811203366,0.054048140711382205,-0.0030899031362150264,-0.08238874358493724,2.0
0.5435648552670858,-0.9671895403816304,1.3280345442642516,-0.0030864558958340668,0.0
0.627157919558986,1.6078096194645835,0.1566862095930935,-0.040015701907627654,3.0
-1.7317881815893177,0.05404908239251331,-0.007381637380774318,-0.01130740224349424,2.0
0.5598736414158344,-0.6925189295499649,-1.4792899194754883,-0.022293428465233373,1.0
0.5435648546427277,-0.9671903397308049,1.3340221762023208,0.012862297579477372,0.0
0.543564854022071,-0.9671896753682246,1.330570617959341,-0.0323149928444821,0.0
0.543564854568717,-0.9671923986608328,1.3316354818366676,-0.03140288172066148,0.0
0.6271579205248216,1.6078107572560731,0.16394361632815643,0.016436776411137513,3.0
0.5435648547444843,-0.967189396760115,1.3327554184259727,0.03049319609631073,0.0
0.6271579203370915,1.6078118834461004,0.15426785157422845,0.03679636440350915,3.0
-1.7317881820764183,0.054050965287982485,-0.0009986260841065402,0.009868316862321229,2.0
0.5598736414770716,-0.6925171294698035,-1.4731063849721733,-0.01362704623226494,1.0
0.5435648555529216,-0.9671872917847532,1.3333961217165744,0.08499703734415379,0.0
0.5435648549488716,-0.9671913040159889,1.3287860660801611,0.015099484173688655,0.0
0.5435648549731452,-0.9671913227074423,1.3329280958361889,0.038363323751034836,0.0
-1.7317881811641234,0.05405031524468578,-0.00594433746824787,0.00697895083308676,2.0
0.6271579200980133,1.6078131563575897,0.1591055112776626,0.08308278381332193,3.0
-1.7317881804827713,0.054051740526104904,-0.003599983221717507,-0.019196627694511168,2.0
0.6271579199969628,1.6078111748161135,0.15640331675834357,0.0392674093721946,3.0
0.559873641831594,-0.6925152143317699,-1.4830277588320808,-0.00775254131027005,1.0
0.5435648554482105,-0.9671910161422339,1.331726522288357,0.014565582182546773,0.0
0.5435648548148593,-0.9671895116199447,1.3289119388501784,-0.023705183417101906,0.0
0.6271579201264176,1.6078124356955397,0.16307097616204422,-0.006162850612459615,3.0
0.6271579199100045,1.6078122560791273,0.15964134948477302,0.0366635900676912,3.0
0.5435648550347281,-0.9671891724765113,1.3353057567362372,-0.013701848868736835,0.0
0.6271579199221563,1.607813034320886,0.1622517390349111,-0.024988358838568554,3.0
0.627157920111077,1.6078102717820535,0.16112562291830898,0.0381067263877152,3.0
0.5598736411628947,-0.6925175659394401,-1.4749379530730327,-0.0097468506675214,1.0
0.5598736418113778,-0.6925165407223626,-1.4797871420173323,-0.05466738303213622,1.0
-1.731788181214184,0.05405115839882651,-0.007053102313362321,-0.016961586789882018,2.0
0.5435648547209507,-0.9671918421588463,1.3289589955694772,0.011377043850939876,0.0
-1.7317881810173024,0.05405321052713429,-0.007027292494274825,0.0052819107384006365,2.0
0.5598736421892065,-0.692514070977587,-1.4760534442319124,-0.007772564514376988,1.0
0.5435648540054795,-0.9671891509728344,1.3346923990963717,-0.02713546359130994,0.0
-1.7317881816243288,0.054051587889964635,-0.00524464171381787,-0.07150904412764741,2.0
0.5598736417866603,-0.6925167973591574,-1.479432894125506,-0.09574165676980055,1.0
-1.7317881811869145,0.054050776769480315,-0.0024618355538344855,-0.009032910226612555,2.0
-1.7317881816474427,0.054051084620506284,-0.0052574888695079034,0.07540022278320842,2.0
0.6271579197791045,1.607810250222938,0.16941497133605335,0.017033801850931764,3.0
-1.731788181407777,0.05405099330741453,-0.002417599157793451,0.023093161249457234,2.0
-1.731788181234532,0.054046483123878136,-0.0074181275205707714,0.0016401754105048528,2.0
-1.7317881815240708,0.054048763573433044,-0.01106376914479222,0.03539499828896456,2.0
0.6271579201574509,1.6078140683185482,0.16187819514634116,0.025072400056863717,3.0
-1.7317881814140603,0.05404785105767816,-0.0003493606129771556,0.014930047213647542,2.0
0.5598736408216972,-0.692514264499999,-1.4780821698477282,-0.01343689229569255,1.0
0.5598736416889926,-0.692518733745565,-1.4775310407285713,0.0003095256511063485,1.0
-1.7317881815832536,0.054050552688797306,-0.008219538783381126,0.0012770503406082663,2.0
0.6271579193626051,1.6078114707214726,0.1598098957167393,0.019261737506204222,3.0
0.6271579200947867,1.6078113209993503,0.16351072359204724,-0.07597732335524969,3.0
0.5598736414182354,-0.6925165617570836,-1.477151665449485,-0.051640333693729445,1.0
-1.7317881810996287,0.05405140358253041,0.0030552605189164465,-0.003898011391088994,2.0
0.5435648543242737,-0.9671907719115995,1.3322259646784855,-0.02928997036441539,0.0
0.6271579192630541,1.607811828372627,0.15757633502184934,0.046321099343337994,3.0
0.627157919770191,1.6078127818317471,0.1574762473754314,0.04541566009712396,3.0
0.6271579198349432,1.6078100788218603,0.15812216694198408,0.017387794551695777,3.0
0.5435648541758513,-0.9671900990956065,1.3321598232407108,-0.007628987891027063,0.0
0.559873641733959,-0.6925153942533947,-1.4748710461139887,-0.026730621231839977,1.0
0.5598736418785323,-0.692517510462784,-1.4783126037537808,-0.0387172829166774,1.0
0.5435648539273337,-0.9671907633399938,1.327958219149941,0.06485161863421876,0.0
0.5435648548492594,-0.9671887541591586,1.3340201958397393,-0.031277038966229034,0.0
0.6271579201702439,1.6078118876015517,0.15953845263628197,0.0043134295906681105,3.0
-1.7317881817066691,0.054047496693093375,-0.008054961567525666,0.018965388165614022,2.0
0.5435648549882067,-0.9671910202130536,1.331423287565953,0.014585469671379648,0.0
0.5435648543487076,-0.9671905566767149,1.3410106725149573,-0.04244153557857361,0.0
0.5435648545058613,-0.9671884737760631,1.329011675336961,-0.01140014922950642,0.0
-1.7317881821917112,0.054049711646073646,-0.00751717669934746,-0.012190003066327105,2.0
0.543564854796099,-0.9671911380590993,1.3270528146210494,-0.03135278813492583,0.0
0.5598736413183881,-0.6925158511241294,-1.480279714709056,0.0022853092524735036,1.0
-1.731788181045401,0.05404984207840557,-0.005180771314175459,-0.0412344491067844,2.0
0.5598736419825189,-0.6925138967080514,-1.4847408598006695,-0.02904562459664751,1.0
0.559873640902938,-0.6925146615289688,-1.4714832655434678,0.018070140142276658,1.0
0.5435648544682596,-0.9671889510227482,1.3354585989672036,0.029937949429495615,0.0
0.6271579195755003,1.6078148442587183,0.15763038967600673,0.03704042626399194,3.0
0.6271579197196873,1.607810214261396,0.15857749990967024,0.01366099517929283,3.0
0.5598736405947924,-0.6925164290352409,-1.4829281251666768,0.010209102543788384,1.0
0.559873641978304,-0.6925177405114465,-1.4742828333825497,-0.06646303286792006,1.0
0.6271579194631483,1.6078131424644058,0.15717624570396563,-0.0034332634636311627,3.0
-1.73178818148171,0.0540521988253623,0.0041899879979329984,-0.017113156978115586,2.0
-1.7317881814949965,0.054049614870078096,-0.012099994654557357,-0.042871871678258386,2.0
-1.7317881822051207,0.054049470976060186,-0.0015888896903979298,0.017821398220382586,2.0
0.5598736412045021,-0.692514792724697,-1.4806474474029854,0.049985395105640686,1.0
0.5435648551989738,-0.9671886630088814,1.3267734618785554,0.025147618404715195,0.0
0.5598736413039807,-0.6925191825105594,-1.477226275439323,0.014280250881155298,1.0
0.6271579192448531,1.6078097919858327,0.15551257616111672,-0.06231208505441344,3.0
-1.7317881812686728,0.05404764877288599,-0.004373532929509077,0.013180757934481119,2.0
0.5435648549672218,-0.9671889387619235,1.3388462901108165,-0.07138376161100435,0.0
0.6271579200389897,1.607811012692235,0.1618020394353889,0.028058627698205416,3.0
0.6271579199151229,1.6078105022790892,0.16129677051588448,-0.04718275236892146,3.0
0.5598736418237181,-0.6925137411803739,-1.4761301802360882,-0.016625222059584454,1.0
0.5598736413868225,-0.6925182295232616,-1.479357955100515,-0.012449891422937119,1.0
0.6271579193335973,1.6078111311305112,0.15441863721497628,0.038243425779045305,3.0
-1.731788181257638,0.05405167825635364,-0.0014729259759991085,0.020560074561197312,2.0
0.5435648553418851,-0.9671887153802975,1.3336401873762516,-0.04497950467739581,0.0
0.5598736410403138,-0.6925145162270069,-1.475598370027432,-0.02826885363120802,1.0
0.5435648547812061,-0.9671897257590505,1.3373755036936918,-0.01382955946600795,0.0
0.6271579204420091,1.6078113222670993,0.1600693950306605,0.010801681170584871,3.0
0.6271579194744853,1.6078103691683692,0.163297100398412,-0.038264579535141986,3.0
0.6271579199868055,1.6078118390570564,0.15965146536740601,0.04458604663002818,3.0
0.5598736406868503,-0.6925185451786117,-1.4787012861343065,-0.002711337271492039,1.0
0.6271579198477876,1.6078138955583052,0.16108674754104824,-0.001998870171436543,3.0
0.6271579199684555,1.6078152142064621,0.1604364390864633,0.009923649493761209,3.0
0.5598736417970454,-0.6925167695747769,-1.4783978269577616,0.0500266579780352,1.0
-1.7317881810075653,0.054051135429470334,-0.0029338198370618884,0.04781866626380801,2.0
0.627157920154149,1.6078126001589954,0.15898136843610972,-0.009299721937146272,3.0
0.6271579201754449,1.607810168917049,0.15388644765680448,-0.03289945964195497,3.0
0.5598736413215276,-0.6925156384422816,-1.4832500670497895,-0.007919858428439156,1.0
0.5598736419241269,-0.6925174647706897,-1.471115121429606,-0.005409220444080887,1.0
0.6271579198164096,1.6078124498231312,0.15660861199737183,0.04207735379042795,3.0
0.5435648552582204,-0.967187976504953,1.33441096044778,-0.031582635820587845,0.0
0.559873641423112,-0.6925173515083796,-1.480893231652464,0.03959649458455189,1.0
0.543564854474638,-0.967189139077865,1.3309327913942097,0.09619537953036564,0.0
0.5598736418010333,-0.6925162701507882,-1.479285142224073,-0.03588632805998609,1.0
-1.7317881811352074,0.05404966669066169,-0.011194650586356814,-0.006348689582942687,2.0
0.5598736417568726,-0.6925193728471969,-1.4783220424492574,0.011300026496930154,1.0
0.6271579195249386,1.607810213418873,0.15953083529721404,-0.025161028937511636,3.0
0.5435648548074666,-0.9671918518996027,1.3300086113156553,-0.0022229309832884777,0.0
0.5435648545949772,-0.9671895927178692,1.32791700246918,-0.060581086958481606,0.0
-1.7317881816076108,0.05405180742607348,-0.007251308377552749,-0.02169505179067468,2.0
0.543564855509391,-0.9671904095544568,1.3357523938497782,0.0038979949388968692,0.0
0.6271579200765789,1.6078131808809675,0.16339365722136362,-0.06207436483095167,3.0
0.5435648544391756,-0.9671908392866817,1.3330138583725364,0.017816603100853968,0.0
0.5435648544022013,-0.9671893664326773,1.327198568432773,0.06898775911004196,0.0
0.5435648548065232,-0.9671925133953683,1.3348989848571677,0.024993297782784047,0.0
-1.7317881814369216,0.054048138114449,-0.007135827745709287,-0.011642829330324848,2.0
0.6271579195767987,1.607813296252381,0.16328745361685668,0.02168405373834996,3.0
0.559873641123474,-0.6925153925462995,-1.4849083743911546,-0.009069893439689829,1.0
0.5435648547018749,-0.967189629236992,1.334151306985379,0.048654680319042784,0.0
0.5598736415230943,-0.6925154502499654,-1.469393089836622,-0.03676323546674605,1.0
-1.7317881811667717,0.05404922514741258,0.0006413796803225151,-0.011999364719496012,2.0
-1.7317881812170641,0.05404982476753453,-0.008159354951857272,0.0069872052127197696,2.0
0.5598736418333992,-0.6925173973080277,-1.4789473587900765,-0.027746880764961374,1.0
0.5598736419077062,-0.6925203685599026,-1.478785711871427,-0.04484346793456749,1.0
-1.731788182006719,0.05405180276548968,0.0006221977878822902,-0.02879574901842547,2.0
0.5435648542351394,-0.9671911797992203,1.329180759812765,0.016389189642508566,0.0
0.5435648547321403,-0.9671887979627735,1.333883152371419,-0.018774601649711484,0.0
0.5598736413879839,-0.6925138283715868,-1.4806005826808502,0.03771224324959836,1.0
0.5598736418143861,-0.6925169747296335,-1.4804942452209975,-0.003314123491738763,1.0
0.5435648545197374,-0.9671912045818536,1.3365591419240987,-0.021187033658654125,0.0
0.5435648545480015,-0.9671893033581312,1.3305164535276233,-0.0056765435674257115,0.0
0.5435648547388374,-0.9671908034010778,1.3333110861139126,-0.0179055475358135,0.0
0.6271579197043512,1.6078110083827823,0.15917540813870196,0.042645624407898465,3.0
0.5435648548808029,-0.9671892901443792,1.3310817650579512,0.012075613520623583,0.0
0.5598736417467086,-0.6925155486020595,-1.478292803752741,-0.03522899713822309,1.0
0.543564854387781,-0.9671904953737711,1.3332863747998078,-0.02702409418320335,0.0
0.5435648556517562,-0.9671916737695567,1.3318033319075437,0.061640396037360774,0.0
-1.7317881814849783,0.05404836435432677,-0.004390731335690795,0.02793394998258586,2.0
0.6271579201350952,1.607810650728453,0.16178571517584572,0.014978528118072041,3.0
0.5435648553233773,-0.9671905354423317,1.3265718480599034,-0.014460860867752803,0.0
0.6271579192392128,1.60781102040664,0.166596334893027,-0.027118203259775035,3.0
0.5598736420902143,-0.6925155624690978,-1.4741622304599251,0.035938832541654864,1.0
0.5435648541644333,-0.9671886314000052,1.3246576348508443,-0.008216176883147942,0.0
-1.7317881808171092,0.054047724344985226,-0.011316628877356348,-0.032431093036833836,2.0
0.6271579198275982,1.6078133904919412,0.15934397594101055,-0.001246798310455289,3.0
0.627157920152373,1.6078131621418357,0.15413495499754776,-0.0010616866839540631,3.0
0.5435648554540581,-0.9671906991936735,1.333163059454741,0.05910872074039882,0.0
0.5435648547849253,-0.9671900948545563,1.3281433435168286,0.00799171614294977,0.0
0.543564855081875,-0.9671900473582518,1.3305950235670463,-0.06535597856879427,0.0
0.5598736413323179,-0.6925162224988316,-1.4715753170872503,-0.05316671958977079,1.0
0.6271579202822307,1.6078102892526072,0.16698676431379098,-0.011345256827013983,3.0
-1.7317881812517388,0.05405312858582305,-0.002121986036415529,-0.008021192857874084,2.0
0.5598736417437556,-0.6925167443945779,-1.4795550995350089,-0.02005609171215982,1.0
0.559873642078895,-0.6925162423273098,-1.476478198056594,-0.009272111165498158,1.0
0.5598736414476986,-0.6925170171921394,-1.4768087817607443,-0.029073523323742752,1.0
0.6271579199213103,1.6078119667403892,0.15193368729360174,0.04294657369157568,3.0
0.543564855189446,-0.9671907894987889,1.3317331526539369,0.0585255403208671,0.0
0.6271579201343137,1.607812066131845,0.16167424491318988,-0.07288173040697504,3.0
0.62715792045534,1.6078117194871286,0.1604374962173137,0.012906750046047546,3.0
-1.7317881816049618,0.05404815629837598,-0.010906731862610297,-0.04159514400582552,2.0
0.6271579198413085,1.6078114739536968,0.15516084107209574,0.005182907731670333,3.0
0.5598736415627834,-0.6925137653293507,-1.476269104696629,0.0419893207285781,1.0
0.5435648544493716,-0.9671893696649931,1.3337351783375604,0.023214983072869212,0.0
0.543564854995653,-0.9671896715694336,1.330069115700185,0.047179602160930874,0.0
0.6271579196644298,1.6078133627564877,0.16082168876962066,-0.03617388371112076,3.0
0.5598736414481309,-0.6925161263461346,-1.4781132883971688,0.004928033911462006,1.0
0.5598736415465366,-0.6925183678782686,-1.4714756111978506,-0.009890218535534658,1.0
-1.7317881814466614,0.0540519032265819,-0.008819472896563733,-0.0285704896551261,2.0
0.5435648544504647,-0.9671907151532068,1.3333190699713684,0.061169950500803996,0.0
0.5598736413636505,-0.6925166468645363,-1.4826301923985676,-0.017737578674472253,1.0
0.6271579201290747,1.6078146526000212,0.15604409971707506,-0.022810752859301876,3.0
0.5598736412245287,-0.6925131536973882,-1.472882451988073,0.021720627140604354,1.0
-1.731788180960433,0.05405010511452157,-0.0024817476734756904,0.005801444671001031,2.0
-1.731788181791884,0.05405019797792361,-0.00355934445816309,-0.010556632814304247,2.0
0.5598736412666531,-0.6925173635713995,-1.4833482431901064,-0.033990137480195116,1.0
0.6271579196128813,1.607811280631071,0.1645092998676206,-0.001290898149847571,3.0
0.5598736412243527,-0.6925170385638463,-1.4761024472735131,-0.04006458777192957,1.0
0.5435648546166006,-0.9671900000451905,1.333712221152586,0.06787820590316371,0.0
0.5435648545090986,-0.9671900894613192,1.3296504561422169,-0.006430719371055198,0.0
0.5598736414068717,-0.6925151106956,-1.4740130262356486,-0.016519083478033318,1.0
0.5435648548384282,-0.9671888568586436,1.3337910892732598,0.011495237070164834,0.0
0.5435648542431325,-0.9671882970235076,1.331443147390972,0.04218115160178006,0.0
0.6271579206364414,1.607812995148787,0.1599853372838064,0.005222596483445042,3.0
-1.7317881817963063,0.05404988396207613,-0.0009857558625674494,0.03844177521740923,2.0
0.6271579192342962,1.6078107990678172,0.16180543561887237,-0.0014173612915663214,3.0
0.6271579195598127,1.607811762097842,0.15438148801988769,-0.012817561249725646,3.0
0.5435648543383547,-0.9671886199231671,1.3296225972564601,0.01929813012373379,0.0
-1.731788181541856,0.05404759332092349,-0.003530198588060547,-0.027055176912471498,2.0
0.559873641228464,-0.6925168582176265,-1.4824203727580632,-0.0015283052117359068,1.0
0.5435648543836692,-0.9671911513328346,1.3246712290759226,0.02579166682397129,0.0
0.5598736419554888,-0.6925149461682573,-1.4869775368654121,-0.05464756883455852,1.0
0.6271579199841499,1.6078123657116858,0.157727811699757,-0.03294324837474979,3.0
-1.7317881815848313,0.05404968324284899,-0.00513960007114068,-0.0346755340359412,2.0
0.6271579199683267,1.6078108605087433,0.16502017924864332,0.043085149073872196,3.0
0.62715792019648,1.6078130793438652,0.1676771411543204,0.032330254772043904,3.0
0.5598736410155101,-0.6925150044521716,-1.483882250464804,-0.07066238813355426,1.0
0.6271579195942023,1.6078135373615141,0.15830255583173883,-0.06985759371759905,3.0
0.5598736408712015,-0.6925190053533756,-1.479846921446536,0.018244077621351346,1.0
0.5435648547460623,-0.9671913491265681,1.3331541854778566,0.046813582922869884,0.0
-1.7317881808894233,0.054049566480641756,-0.0002738345989755522,0.005445479842207199,2.0
0.543564854953628,-0.9671905660587027,1.3298377590906052,0.028789375941341108,0.0
0.559873641054009,-0.6925167149230611,-1.4823066428541423,-1.3480916543894648e-05,1.0
-1.7317881811963856,0.05405263843256551,-0.009600652808515369,-0.024801355839140476,2.0
0.5435648548381213,-0.9671903421847904,1.3322633071467145,-0.0030208981279306944,0.0
-1.7317881813789326,0.0540507642431273,-0.004483085703042099,0.04221199457505469,2.0
0.5598736424427992,-0.692513553993242,-1.4761001788211305,-0.020552561842306583,1.0
0.6271579197142448,1.6078104661502222,0.1599959877293634,0.023742400792480526,3.0
0.6271579198989636,1.6078126988861743,0.16482909636474144,-0.0067113802451152765,3.0
0.5598736413604312,-0.6925131353351528,-1.4814538884058022,0.017013877073071542,1.0
0.5598736417785474,-0.6925150202431645,-1.4770935688065319,-0.02947540965705835,1.0
0.6271579201752258,1.6078127274213638,0.15671120777550826,0.02269765879217312,3.0
-1.7317881813184441,0.05404814062319741,-0.0032842104528311095,-0.025757639112763537,2.0
0.5598736417997608,-0.6925172410183325,-1.4810151250869348,-0.004806094235275451,1.0
-1.7317881818666723,0.05404884839815317,0.00026629875811943067,0.03819527427977883,2.0
-1.7317881810130147,0.054052807216972025,-0.0038143629019640815,0.043883116503569526,2.0
0.6271579200188016,1.607807292278918,0.15895552272477353,0.03398507202306504,3.0
0.5598736416690646,-0.6925141454651359,-1.4774209989970473,-0.025283420785649876,1.0
0.6271579194761667,1.607811679359826,0.15754622430059734,0.035009150987292376,3.0
0.5598736411579232,-0.6925175712791849,-1.478321573024476,-0.040263773994101505,1.0
-1.7317881817879008,0.054051051911551566,-0.00021866787058529304,-0.03291862853755776,2.0
0.5598736415025495,-0.6925182022899744,-1.4766539076611496,0.021297845022276773,1.0
-1.7317881819147476,0.05404947330131804,-0.0011533869360409617,0.026950121977966587,2.0
-1.7317881813094946,0.054050256930213675,-0.014845206332056441,-0.01474612423455874,2.0
-1.7317881813173333,0.0540497131942296,-0.0064999940644041975,-0.014273776967304893,2.0
0.5598736412964901,-0.6925146206364338,-1.4705389394048258,0.03570043219130996,1.0
0.5598736413986704,-0.6925167328618077,-1.4749974669647339,-0.08360400840954456,1.0
0.5598736411605227,-0.6925163380670888,-1.4737682251569846,-0.05613715800446235,1.0
0.5598736411368246,-0.6925156711180986,-1.4869955761930418,-0.019743454553690667,1.0
0.5598736412878672,-0.6925162757612111,-1.4907930091731367,-0.0049411836269586855,1.0
0.5435648549283826,-0.9671888959252051,1.331982553324868,-0.010519313048181808,0.0
0.5435648549671283,-0.9671927712920655,1.3320181002676552,-0.057643618946875426,0.0
0.5435648552545267,-0.9671898153492215,1.3287696357990562,0.0431120768383527,0.0
0.5435648553605213,-0.9671886312585303,1.3280900786199972,-0.05452662280412993,0.0
0.6271579200059612,1.6078118630541942,0.15792363546209245,-0.06294670732204556,3.0
0.5435648554692257,-0.967188306065838,1.327890717874965,0.015976056148406633,0.0
0.5435648543448788,-0.9671876644660831,1.3323320437804544,-0.03544680322766722,0.0
0.5435648553176321,-0.967190474413633,1.3336468298653743,-0.04162241235006142,0.0
0.5435648545586207,-0.9671884735772467,1.3350686661035427,-0.05007055072725428,0.0
0.6271579191921774,1.6078109172030135,0.1483224349777235,0.04740177033345144,3.0
-1.7317881812822948,0.05404971540459635,-0.009225035484000174,0.021827631027942208,2.0
-1.7317881814142442,0.054048942209361406,-0.006389649134159808,-0.0021299026046652353,2.0
0.5435648551776913,-0.9671914777699795,1.3336119881968815,0.028900925481698723,0.0
0.543564854950299,-0.9671894042734304,1.3257762788629563,0.05426107705426316,0.0
0.6271579198376692,1.607808431451559,0.16211113844020952,-0.017251822237811423,3.0
-1.7317881812533045,0.05404901929562721,-0.008382253908665637,0.03051342688897453,2.0
0.5435648547034317,-0.9671854830448999,1.3321945183700608,-0.03671497168589419,0.0
0.5598736410083311,-0.6925185031072336,-1.4818138915380787,0.021979861199548294,1.0
0.6271579207747094,1.6078081129164818,0.16279171735634806,-0.023670282147426974,3.0
-1.7317881813787201,0.05405023638928791,-0.0003151068947176239,-0.08723417560201248,2.0
0.5598736411684391,-0.6925167001710839,-1.4799053087718876,-0.02663215538406278,1.0
0.5435648549729653,-0.9671904658111319,1.3333678073539477,0.04166948594687039,0.0
0.5598736413328035,-0.6925159661732694,-1.475293038453765,-0.024941429854917804,1.0
-1.7317881815758838,0.05404917113647622,-0.0040090370747315,0.01089955464543671,2.0
0.5598736413551636,-0.6925144356856004,-1.479719103211346,0.004164163830525191,1.0
0.6271579198125488,1.6078142401834676,0.16256221128899734,0.02502785202529548,3.0
-1.7317881816401492,0.054052953110186173,0.0019211363235658362,-0.01594538468208931,2.0
0.5598736415127512,-0.6925134509010072,-1.471972650463109,-0.0743716734010885,1.0
0.5435648543848866,-0.9671896752568707,1.330312857797537,0.06139746791985366,0.0
0.6271579194955239,1.6078105337710757,0.15479037392509554,0.024700330663374574,3.0
-1.7317881811961169,0.054049703702452385,-0.0019595011327305967,0.0001264583593010447,2.0
0.543564854265245,-0.9671901328263516,1.3342416938512927,0.013605833208889249,0.0
0.5598736408767097,-0.6925153012788722,-1.4671144461827088,-0.01969230635804923,1.0
0.5598736412761846,-0.6925150116113777,-1.4755005542605644,-0.031217891279001018,1.0
0.6271579198134197,1.6078137079482548,0.1626231569468233,-0.02882943045716265,3.0
-1.7317881818416696,0.05405236319512958,-0.0039971391028125,-0.06469868818866316,2.0
0.6271579199928319,1.6078142623120122,0.15383377718950692,0.013572588135245473,3.0
-1.731788181765791,0.05405368810560325,-0.007715719945124929,-0.029111663012712275,2.0
-1.7317881812732285,0.05405268138050825,-0.0021939920590223275,-0.01957999592007133,2.0
-1.731788181584505,0.054049396902849614,-0.006355528469764979,-0.009465599250880146,2.0
0.543564855026714,-0.9671880034478271,1.3434573550799298,0.04451406233510338,0.0
0.5435648545169622,-0.9671911916132474,1.335278841410671,0.11792599796295676,0.0
0.5598736415561728,-0.6925167805419727,-1.480442979061316,-0.05831661910599793,1.0
0.5435648543453877,-0.9671881818324142,1.3365268291555514,0.0185154826282337,0.0
-1.7317881813905105,0.05405076124219803,0.0007220109243879305,-0.03446581307728698,2.0
0.5598736420727961,-0.6925182083428629,-1.4820837422921749,-0.03490868663410815,1.0
0.5598736412617847,-0.6925159493059355,-1.4739857171008277,0.03189944502681803,1.0
0.5598736416208909,-0.6925142240797606,-1.4742650778330788,-0.0032033957366003605,1.0
0.6271579200321541,1.6078083571068127,0.15425387875492585,-0.0048106531720418216,3.0
0.5598736414660744,-0.6925151504873127,-1.4740340415636344,0.018426928334409162,1.0
0.5598736421005471,-0.6925183763485113,-1.4790107602711131,-0.05986623545303791,1.0
0.6271579194631046,1.6078103580826366,0.15883299036738557,0.013874925908429236,3.0
0.6271579198007017,1.607811409045529,0.15635482229420802,0.006975777302050124,3.0
0.5435648551097683,-0.9671909866218906,1.3345996437842125,-0.025707128514130165,0.0
0.62715791971888,1.6078118192262079,0.15725942252969394,0.05434813336702555,3.0
-1.7317881816328835,0.05405181034767603,-0.002562047936395304,0.014334810404080524,2.0
0.5435648548257429,-0.9671883811262216,1.333384946210262,0.031511669196173146,0.0
0.5435648543254654,-0.9671922121103714,1.3362877695355346,0.06229100075954395,0.0
0.6271579200007256,1.6078128667717528,0.1539012035171534,-0.0034831642296108403,3.0
0.5435648548785253,-0.9671917365160071,1.3327140156659583,-0.030811472455579414,0.0
0.5435648551026383,-0.9671899820743924,1.3357360487352858,0.012889554823449067,0.0
0.6271579201220704,1.6078103425724304,0.16929106732817073,0.026865257666603404,3.0
0.543564854508105,-0.9671887872358276,1.3297817420998874,0.03449754312957847,0.0
-1.7317881817828482,0.05405099484932168,-0.010365351791432238,-0.010095963188850256,2.0
0.627157919986748,1.6078099348823427,0.15842786054483748,0.030581094053310828,3.0
-1.731788181686697,0.0540514883676071,-0.0004637904794748385,-0.007997530619140734,2.0
0.5598736416179113,-0.692515631699458,-1.4804055279201775,-0.03486208631336701,1.0
0.5435648544570006,-0.9671899794180974,1.3282563526032913,0.041543924109685465,0.0
0.5435648549448142,-0.967187727233995,1.3333067401588767,0.002060728526748145,0.0
-1.731788181607207,0.054052463136895317,-0.008039185671004227,-0.018994522949524188,2.0
0.6271579197733519,1.6078107350922832,0.15776984869138677,-0.007623293324978984,3.0
0.5598736410601218,-0.6925159690599225,-1.4794418259372786,0.020194844128199437,1.0
-1.7317881815287934,0.054050295743219144,-0.003972357075235907,-0.04339577758097374,2.0
-1.7317881813610143,0.05405105219036054,-0.0072088493994415526,-0.02063798571435946,2.0
-1.7317881809109856,0.054051327401604475,-0.006520836847583935,-0.043638222771257534,2.0
0.6271579198792887,1.6078131516113878,0.1596755702036669,-0.015571650369053882,3.0
0.5435648542801037,-0.967190031418227,1.3355253293312899,-0.047523884828670815,0.0
0.5598736412326061,-0.6925162821398689,-1.4885476786323968,-0.053176421870632616,1.0
-1.7317881810358742,0.05404979830566604,-0.009083574427145146,-0.03720159976976076,2.0
0.543564854537256,-0.9671894691216585,1.3279452177939843,-0.015215514938245477,0.0
0.5598736417963757,-0.6925154949198423,-1.479722574466943,-0.013743849086473013,1.0
0.6271579197863252,1.6078151445212014,0.15839739512201667,-0.022059421700426022,3.0
0.5435648547886428,-0.9671900988631962,1.3348609891166157,-0.03787119033684902,0.0
0.55987364220839,-0.6925155082586997,-1.4740703405403215,-0.011377305986710553,1.0
0.5435648544427661,-0.9671902774001764,1.3262339764568045,-0.02606483239220839,0.0
0.5598736416354745,-0.6925156225833657,-1.475117138929606,0.026359853454827362,1.0
0.543564854022399,-0.9671922498488209,1.3309627009681833,-0.006289081944533052,0.0
-1.731788181709463,0.05404589088290633,-0.0027377739181126954,-0.0014473623160710628,2.0
0.6271579194519883,1.6078111572831428,0.15704388915635573,-0.041582916780922255,3.0
-1.7317881810258957,0.05404956716246125,-0.006782156113760988,-0.0033553528986390293,2.0
0.5435648552152603,-0.9671889862545265,1.3361875079047156,-0.026800235611842884,0.0
0.5435648546146281,-0.9671932493020688,1.3284252299006667,-0.027152989341180836,0.0
-1.7317881815251215,0.054049939457011566,-0.005042139524861626,0.03370192062404544,2.0
0.6271579205314984,1.6078109176792377,0.15591252355935353,-0.017257707386230958,3.0
-1.731788181216963,0.05405043312611428,-0.003222020524187691,-0.022856704949210063,2.0
-1.7317881816593363,0.05405147564010823,-0.008341802438642194,-0.04579888487483615,2.0
0.5435648552898609,-0.9671903303076744,1.3375656987086562,0.022343381464377175,0.0
0.5598736414116716,-0.6925188186970813,-1.4812945029089208,-0.010584544347107684,1.0
0.6271579198857187,1.6078118684889118,0.1647093885292418,0.07888802778232838,3.0
0.5435648548048717,-0.9671891374245839,1.3375441075221184,-0.03690075768754157,0.0
0.6271579200453944,1.6078107195069695,0.16556616611167557,-0.04551352285529212,3.0
0.6271579197129072,1.6078120764832025,0.160676110473637,0.016411292440256995,3.0
0.6271579195947805,1.6078098265346994,0.16122281444312214,0.007715707694827259,3.0
0.5435648543599666,-0.9671897968990681,1.3390268102446006,0.008880620500869886,0.0
0.5598736412369103,-0.6925147707510501,-1.4748697457700473,0.02176875967829252,1.0
0.5598736420368124,-0.6925159573336305,-1.4696448363550418,-0.029964449204643213,1.0
0.6271579198213938,1.60781561729151,0.1569415923572529,0.04520545660207818,3.0
-1.7317881811317228,0.054053029923340136,-0.006854469565290255,-0.01932816920086713,2.0
0.54356485525904,-0.967189249802122,1.33183538570746,0.08034472133651538,0.0
0.5435648549102353,-0.9671891588948873,1.3330543937047916,0.04936807515595415,0.0
-1.7317881812452387,0.05405269821898259,-0.004900733348991893,-0.026472378743333132,2.0
0.5598736410086602,-0.6925172323432661,-1.4798016869926238,0.006018313859693526,1.0
-1.7317881806273925,0.054049247463026646,-0.0016015261781445868,-0.011958138001726763,2.0
0.6271579200531316,1.6078117469303748,0.15365553744292165,0.08028582521208148,3.0
0.5598736412204516,-0.6925154917237072,-1.4755782284305543,0.025679961533650444,1.0
0.6271579201262342,1.607813105619811,0.15799218967650097,0.01161351199985709,3.0
-1.7317881814827076,0.05405095424944981,-0.0025545744874861053,0.029765865913928144,2.0
0.5435648551061187,-0.9671909536742164,1.3387255653474353,-0.029221663620552906,0.0
-1.731788181923961,0.0540506195974369,-0.001095438083180038,0.030622055915743688,2.0
-1.7317881818503453,0.054050535986703646,-0.002596598089792595,0.042806376971367036,2.0
0.5598736414787366,-0.6925157022593911,-1.4756373035812549,0.016231676871458767,1.0
0.5598736414810439,-0.6925165110488413,-1.4746028228089214,-0.08243039055165834,1.0
-1.731788181291778,0.054051880301208055,0.001001720038467726,-0.030444799389699486,2.0
0.6271579199978154,1.607810093258164,0.15211136844806394,0.059570348512205926,3.0
-1.731788181233039,0.05405035977872211,-0.005361227027305632,-0.034909831647927735,2.0
-1.7317881808482105,0.054050023685669885,-0.004931974559906592,-0.0025923162004132614,2.0
0.5598736411334352,-0.6925200954736237,-1.4827009448423347,0.006304353578797499,1.0
0.5435648549170673,-0.967186734836378,1.3318932151180338,-0.022079621967685245,0.0
0.5435648539248006,-0.9671899472582566,1.3318878922218769,-0.009225091894830789,0.0
0.5598736414751271,-0.6925167046275853,-1.4842273349799406,-0.03644889598406361,1.0
-1.7317881814310414,0.05404923300050199,-0.001879147916629259,-0.001841646278504084,2.0
0.5435648550269172,-0.9671871378498326,1.3328955338082344,-0.026488511240357362,0.0
0.5435648547030683,-0.9671898355787151,1.338001550469736,-0.048794265771175765,0.0
0.5598736412267437,-0.6925158595018632,-1.479376293339989,0.00958086523127822,1.0
0.6271579195578451,1.6078104394982982,0.15989337149957566,0.0271658540093359,3.0
0.5435648550681405,-0.9671909626265651,1.3316064703993866,-0.03523675023911985,0.0
-1.7317881816984622,0.05405121903022098,-0.003930226213846735,0.010873491941674838,2.0
0.5435648549662998,-0.9671882922160693,1.3277919672916807,0.034802345581830436,0.0
0.5435648547357891,-0.9671897485066098,1.3273074334262336,-0.021684476591163706,0.0
0.5598736411941824,-0.692517507238652,-1.4792160492712756,-0.033440414975539366,1.0
0.5598736406290836,-0.6925135234607066,-1.4767861775935753,-0.01785537395395191,1.0
0.5598736414468466,-0.692516487390123,-1.4767132047510163,0.0065810319664340805,1.0
0.5435648537638585,-0.967192918657808,1.3288808520626578,-0.006076700205156182,0.0
-1.7317881810174918,0.05405168327824451,-0.008794185140685596,-0.0035698508713111767,2.0
0.5598736410219367,-0.6925158431402776,-1.4825793495440658,0.05693729892902902,1.0
0.5598736420135588,-0.692515893266368,-1.4827511148864765,0.061666240776422736,1.0
0.6271579199931347,1.6078118897592082,0.1578157260081063,-0.02467574947702488,3.0
0.6271579199322534,1.6078135461977914,0.1611086348860738,-0.02864078236111868,3.0
0.6271579200333829,1.6078122256326748,0.16060124775562648,-0.03383863176927834,3.0
0.5435648550767576,-0.9671889146639531,1.3320149537362815,0.024759012075119536,0.0
0.5598736419488141,-0.6925180928223065,-1.4816421801056918,-0.030426805085407925,1.0
0.5435648550010049,-0.9671899789877819,1.3313786127859923,0.020769952668625438,0.0
0.6271579199677532,1.6078134247106683,0.15688562491605726,0.007931238373163233,3.0
0.5598736415353199,-0.692513284121566,-1.4780297747211315,0.023966465154992,1.0
0.5598736412038907,-0.6925166370124053,-1.4818047389571904,-0.038546405540046284,1.0
0.627157920046779,1.6078106356625503,0.15742121082437258,-0.023652750091509352,3.0
-1.7317881807362185,0.05404911123106347,-0.0072165091165987665,-0.004128153638005221,2.0
-1.7317881813559408,0.054050645485999735,-0.003971218688607039,0.025760316902736786,2.0
0.543564854252006,-0.9671914492392035,1.333184222050875,0.0384373800545754,0.0
-1.7317881808587676,0.054050513286464194,-0.0028378442322305594,0.04479288060781049,2.0
-1.7317881814198162,0.05404804319602302,-0.004978091543566799,0.007065814827002946,2.0
0.5435648548500824,-0.9671911161553975,1.3366085756625334,0.02049085941222478,0.0
0.6271579203468981,1.607812560480102,0.16322211689051744,-0.005308089947195371,3.0
0.5435648547233788,-0.9671873279707888,1.3319626026778524,0.013235866085117762,0.0
0.6271579205301397,1.6078111748931274,0.1633078691256644,0.019664774483147664,3.0
0.6271579197060537,1.6078118311237548,0.15819040464897566,0.01193447189240646,3.0
-1.7317881810798081,0.054049858407393035,-0.007739714982890086,-0.04966008946073573,2.0
0.6271579198452408,1.6078082587181743,0.15702541774532894,0.014123916806149668,3.0
0.559873641266693,-0.6925144373963629,-1.4835828929095973,0.021409082791238366,1.0
0.5598736413095388,-0.692515458366545,-1.480697830813525,-0.08684580322394449,1.0
0.627157920007283,1.6078100665425876,0.15887393883875386,-0.011461603874015663,3.0
0.559873641110401,-0.6925164919675213,-1.4828165940486149,-0.02327308482261111,1.0
-1.731788181748821,0.0540509156086237,-0.005302683791705096,0.05835228883508717,2.0
-1.7317881817669976,0.054049980870553356,-0.003982851826679264,0.006298584556014071,2.0
0.5435648551093978,-0.9671895222920041,1.3290742556235176,0.05101934222162617,0.0
0.5598736411378928,-0.6925166238804936,-1.4796900894231166,-0.04112556906743027,1.0
0.6271579198916996,1.607811687484018,0.15094099444137243,0.018506780646109913,3.0
0.5435648550468068,-0.967190602763019,1.3332203279192272,0.0003488213090633192,0.0
0.5598736418600085,-0.6925118820517471,-1.477354716505407,-0.006867076740961341,1.0
0.6271579196859425,1.6078116964529743,0.1591184927439442,-0.026218188791331403,3.0
0.6271579190238024,1.607812484174094,0.15664287840536448,0.013429030349979987,3.0
0.6271579203641449,1.6078127515942426,0.16562936118805632,-0.0029040403457861975,3.0
0.5598736409177089,-0.6925136955068452,-1.4802619634453873,0.008103133426383571,1.0
0.5435648551428259,-0.9671888045030709,1.3300578274093844,-0.018308160195915482,0.0
0.6271579191737551,1.6078110921899922,0.16570812658039213,0.00011383939067685192,3.0
0.543564854087781,-0.9671911483884064,1.3356397750534044,0.024138393094088374,0.0
0.6271579197575081,1.6078131024351388,0.16100320156065506,-0.007079119491795621,3.0
0.5435648543245081,-0.967189934150811,1.33491997882227,0.008708755756535298,0.0
0.5435648552503932,-0.9671885761221866,1.3318090403962883,-0.0031763686091194803,0.0
0.6271579199731858,1.607812728162005,0.16196091893364364,-0.011550440336832276,3.0
0.6271579200179451,1.6078148834273212,0.16094879665539885,0.016299587654202734,3.0
-1.7317881815309544,0.054048008511026015,-0.009712205931705006,0.008483077781216658,2.0
0.6271579195687954,1.6078108136801148,0.15160399409042558,0.015359594041515403,3.0
0.5598736412417701,-0.6925163605982892,-1.4824890849029344,0.0060075799068346715,1.0
0.627157919714969,1.6078128244594159,0.16460047242793477,-0.021604243471666677,3.0
0.5435648541714492,-0.9671894001917679,1.3291974156942636,-0.0026058611599370763,0.0
0.5598736418300394,-0.6925173128144112,-1.4825803832183042,-0.03463717339162793,1.0
-1.7317881822764571,0.05405010802268487,-0.000786409656860983,0.09588359182248256,2.0
0.6271579197428638,1.6078095801760333,0.15932899755086577,0.0018239331809896248,3.0
0.5435648539580542,-0.9671885079148453,1.339908347655544,0.027258515115482374,0.0
0.5435648542311711,-0.9671904987514909,1.322191780944314,0.013828070103358944,0.0
0.5435648543976104,-0.9671866754029151,1.3344817252088785,0.048310104153738424,0.0
0.5598736408183964,-0.6925155618172262,-1.4757256153107474,0.06246280726484588,1.0
0.5435648545817954,-0.9671902859947259,1.3329046116187095,-0.05404579020287924,0.0
-1.7317881821770027,0.05405074711598766,-0.005476287326207872,-0.0003385614477540599,2.0
0.5598736421008375,-0.692515753650626,-1.476750157809344,-0.001969695736745069,1.0
0.6271579195404527,1.6078110897578242,0.16026047130472082,0.07367302013657187,3.0
0.559873641517397,-0.6925129306716455,-1.483197895229556,0.04402626563777413,1.0
-1.7317881813497513,0.05404761707896794,-0.0021406148837385484,-0.023275818715165177,2.0
0.6271579197232422,1.607810873767643,0.1580554374455504,-0.04148009408769144,3.0
0.5435648546046666,-0.9671909386147285,1.327319429297462,-0.009206968783458128,0.0
0.5435648549522084,-0.96718906663427,1.330075092200959,0.018218732011082265,0.0
-1.731788181035404,0.054048574418891084,-0.0016454096591781665,-0.02658488683279034,2.0
0.5435648543170604,-0.9671886103738583,1.3363433889063439,-0.007584596540949033,0.0
0.6271579200047833,1.6078103573841156,0.16074471852429975,0.02170174243215137,3.0
0.6271579196988123,1.6078096587755017,0.155753329828992,0.004874262717472952,3.0
0.627157920293456,1.6078095422452106,0.16060950676620578,0.02576024397042115,3.0
0.5598736416161786,-0.6925156829504275,-1.4818700418831396,0.030451248991583683,1.0
0.5598736411435131,-0.6925184008472479,-1.4819641675473763,-0.016619701378918522,1.0
0.5435648550402821,-0.9671916571111898,1.3349249683647446,0.07862132651858454,0.0
0.5598736422139637,-0.6925146261798109,-1.4817431770820981,-0.030698695212362036,1.0
0.5598736421170245,-0.6925152161494027,-1.4809025611289397,-0.08793000402526804,1.0
0.6271579197739339,1.6078107388035534,0.16118973808537249,-0.012137948687292302,3.0
0.6271579192908017,1.6078124234438078,0.16785959009098675,0.01851650518654356,3.0
-1.7317881820081251,0.05405324821817158,-0.0041688855141229705,-0.030022834418139348,2.0
0.6271579195820345,1.6078119919946423,0.1612965493293004,0.03792983012862821,3.0
0.5435648548644931,-0.9671921438796063,1.32831385846171,-0.004853390818354779,0.0
0.627157920217716,1.6078121504435174,0.16202002434078594,-0.04012701909625721,3.0
0.559873641270151,-0.6925117008282016,-1.4760866601464766,-0.028242524487407418,1.0
0.6271579190465306,1.6078135163896494,0.16110246817882887,-0.04910850807557996,3.0
0.5598736416125437,-0.692517396679192,-1.476617034858568,-0.005606650213834926,1.0
0.627157919518484,1.6078119086038,0.15693399506390038,-0.04049240591367802,3.0
0.6271579203820724,1.6078100686273562,0.1619355408000343,0.034690688030048225,3.0
0.5598736418177317,-0.6925160822880958,-1.475299691717177,-0.01627902402847687,1.0
0.5435648546298303,-0.9671885176227579,1.3346495959254003,-0.057172999106037445,0.0
0.5598736416583461,-0.692516035747577,-1.4783891271507343,0.06281390842956208,1.0
-1.73178818159988,0.054051535862986506,-0.002284324365823733,0.12341339943356212,2.0
-1.7317881810299465,0.054047648919643906,-0.010807201662535683,0.01376571355236973,2.0
0.5435648545905878,-0.9671912967720133,1.3422235971716898,-0.02376526224775767,0.0
0.5435648554092741,-0.9671881628628753,1.3377401040602726,-0.002387282679066977,0.0
0.5435648551563618,-0.9671890561278061,1.3375191283454126,0.00296902589308647,0.0
-1.7317881816703253,0.05404960550622881,-0.011945523741974419,0.01840337374727589,2.0
0.5435648547533596,-0.967189559574689,1.3307598985072646,0.0036291077052792078,0.0
0.5435648546307005,-0.9671911994278768,1.3351655179790038,-0.011089679443393372,0.0
0.627157919846592,1.607809040389553,0.16132211119934406,0.005233012991525828,3.0
0.6271579203027579,1.6078114955845444,0.16463803577095715,-0.02190376936018397,3.0
0.5598736413878499,-0.6925171721024483,-1.4814065893157977,-0.003588585448958473,1.0
-1.7317881813910891,0.05405042803338379,-0.008200379243103306,-0.016276268079932953,2.0
0.5435648548234812,-0.967189089535151,1.3256688344451926,-0.03410052879249013,0.0
0.5435648547512802,-0.9671905721840423,1.337062340390183,-0.02780402458832172,0.0
0.5435648545129103,-0.9671921590472977,1.3363603294240725,-0.04046767650978096,0.0
0.5435648548564455,-0.9671901660090226,1.3346965263644746,0.006962035826947008,0.0
-1.7317881812859612,0.05405035034127225,-0.010767651040091404,-0.043707855658276326,2.0
0.5435648544890743,-0.9671894262728347,1.335631780003606,0.008950322337331043,0.0
0.559873641202059,-0.6925165358108862,-1.4797970841331538,-0.027750372019056845,1.0
0.5598736415462937,-0.6925172818310646,-1.478215524572544,-0.02107432304348379,1.0
0.5598736408182263,-0.6925155337876123,-1.4783594713284511,0.055199629769646395,1.0
0.5598736415548227,-0.6925138379297107,-1.4794029723015532,-0.010446527167333604,1.0
-1.7317881816132437,0.05404951312548708,-0.00015442435216449715,-0.04850758651388948,2.0
0.5598736415075783,-0.6925154316321379,-1.4777139509285582,-0.0006334807563362421,1.0
0.6271579201302906,1.607811057234382,0.159213666221528,0.01256569076712296,3.0
0.5435648545293599,-0.9671896531400653,1.3353119000801148,-0.021865203777275362,0.0
0.5435648548580857,-0.9671892383346602,1.3348678592680032,0.029108654732149745,0.0
0.6271579192968352,1.6078128766444701,0.16204172079449802,-0.040072295964450604,3.0
0.5598736413358915,-0.6925157429860092,-1.4779990695175644,0.013330146073179935,1.0
0.5435648545870787,-0.9671917302951805,1.333353034996248,0.02185965412638172,0.0
-1.7317881816892897,0.054052688633967255,-0.0048141000554831875,0.007653091137820366,2.0
0.5598736412532836,-0.6925146041246503,-1.476418855084363,0.015410151554787397,1.0
0.5598736416041776,-0.6925139480313907,-1.4825955001044007,0.009999155544325141,1.0
0.5598736411888792,-0.692514974927614,-1.4802311664582808,0.006915349630272486,1.0
0.5435648544732633,-0.9671895626707733,1.3320366333343938,-0.06073900810318534,0.0
0.5435648547806693,-0.967189347211877,1.3348712492769106,-0.04063918883418651,0.0
0.5598736414615296,-0.6925150418064776,-1.4816217720939129,-0.07353619982915126,1.0
0.5435648542975002,-0.9671896808949326,1.3351802994821975,0.016488442237177808,0.0
0.6271579197789412,1.6078103102107186,0.15895419386752002,-0.00604503731046828,3.0
0.5435648545744559,-0.9671882361367186,1.331080307567544,0.01468841160120943,0.0
0.5435648541988177,-0.9671903694553474,1.3306092449744489,0.03872427526130865,0.0
-1.7317881814700207,0.054050217842500824,-0.0026183464760560255,-0.09019857676933418,2.0
0.6271579193803921,1.6078107761592861,0.15965391928227932,0.0981638478595051,3.0
0.6271579191022518,1.6078127188991962,0.1616449307055103,0.002127096146783285,3.0
-1.731788180608782,0.05405131536251225,-0.009549245495514275,-0.014675913913258691,2.0
0.5598736415746487,-0.6925180130236118,-1.4872052357227623,0.01286963224693024,1.0
-1.7317881813724512,0.054051410163808135,-0.0033331668166783858,-0.06972641011198409,2.0
0.5598736414722373,-0.6925168676476107,-1.4830559456540722,-0.04803390385252824,1.0
0.5435648552067928,-0.9671891903894481,1.3377325161904026,-0.06556657322640262,0.0
0.5435648537692526,-0.9671890954970344,1.3397810970863224,0.01400294357148808,0.0
0.6271579206493557,1.6078146190769664,0.16402838564647843,-0.01808817963454086,3.0
0.6271579191673847,1.6078088520408087,0.16369202766343557,0.03826926355873322,3.0
-1.7317881810522842,0.05405093314299506,-0.006717771967060403,0.06498463576212027,2.0
-1.731788181191159,0.05404819607433226,-0.005020296134568318,-0.03441455532129833,2.0
-1.7317881811113898,0.054051265498141696,7.065576652038947e-05,-0.013054171376286602,2.0
0.543564854376905,-0.967189238289307,1.3311674310574855,0.030296428806297966,0.0
0.5435648548264107,-0.9671885066739695,1.328341824932964,0.021206422451350435,0.0
-1.731788181797271,0.05405345499541571,-0.0065690942673828105,0.020509736291228084,2.0
0.543564854998221,-0.9671887304467417,1.3350437112514002,-0.010399391205074843,0.0
0.6271579197990695,1.6078099515959934,0.1581581107555957,0.012712641281561335,3.0
0.5598736419495737,-0.6925170189136994,-1.4823291162009897,0.0038888470357558436,1.0
-1.7317881817674088,0.05404936097014644,-0.006320781898217646,0.06891604929377583,2.0
0.6271579197689081,1.6078141191737052,0.16698280583733988,-0.017633803616251994,3.0
-1.7317881812117633,0.05404874717463862,-0.00912926385117424,-0.0031758833302537805,2.0
0.6271579201837936,1.6078084092485103,0.15607732451732728,-0.026974873227493607,3.0
0.6271579191577412,1.6078119484218805,0.15231415359267161,-0.026058238095133076,3.0
0.6271579199614924,1.6078126902866177,0.1592295263901211,0.02634197138115785,3.0
0.5435648549808415,-0.9671916765104699,1.3333986018264812,0.023311979675885167,0.0
-1.7317881813331921,0.05405202469709831,-0.0026511554986979506,0.025913657788082387,2.0
-1.7317881809167337,0.05404975522886883,-0.004331190706879123,0.02067133397894334,2.0
0.6271579198310575,1.607810533420245,0.16231439989234625,-0.057244623942393054,3.0
0.5598736413391762,-0.6925175582490125,-1.4843225717528916,0.0062757935715314316,1.0
0.6271579193070068,1.607811444676415,0.16000926704297808,-0.035458730808880304,3.0
-1.7317881808656321,0.05405089868702711,0.003361925653987045,0.03700509550383992,2.0
0.5435648548883006,-0.967191584329457,1.3340022119867219,-0.03328379855243948,0.0
0.5598736417564218,-0.692518659689805,-1.4701113995378874,-0.03937741300580938,1.0
-1.7317881809354991,0.05405235420081339,-0.0016947461473425943,-0.005866165520307616,2.0
0.6271579203231774,1.607809320966492,0.1585974678950631,0.05333513087328682,3.0
0.6271579190241249,1.6078123858584024,0.1574329128611907,-0.017976707319096702,3.0
0.5435648544363697,-0.9671876527947119,1.3288390648361015,0.048018955179612036,0.0
0.6271579195057959,1.6078124843583943,0.15204585428701275,0.009520878209055037,3.0
0.627157919824832,1.6078138306543028,0.1646756669331573,-0.021318368273843025,3.0
0.5598736414814679,-0.6925153590542088,-1.4781308857315802,0.018609715189056047,1.0
-1.7317881817474723,0.05405100340073365,-0.0003802435753631184,0.06545046238182488,2.0
0.5598736421127585,-0.6925146888289058,-1.4708905187792953,0.06830418614574943,1.0
0.6271579198949069,1.6078109105577343,0.15822809604436444,0.005606573165158078,3.0
-1.7317881814282314,0.05404764957484821,-0.006833506645464182,-0.005801119943552843,2.0
0.5435648550481731,-0.9671896214274166,1.3350093228292725,-0.03336332991075317,0.0
0.5598736412082298,-0.6925163593342971,-1.47818653354883,0.002986219167045013,1.0
0.5435648544595402,-0.9671904064651111,1.3304790338434491,0.007524022114980361,0.0
0.5435648544390236,-0.9671852899548256,1.334674578797769,0.02635404859792005,0.0
0.6271579199675543,1.6078126302229652,0.16886191426104366,-0.003700934976207218,3.0
0.5598736409803753,-0.6925144432041787,-1.4795902923691102,-0.006426285756629824,1.0
-1.731788181556841,0.054049056130619874,-0.0005123273222358026,-0.021865203985289093,2.0
-1.7317881821827472,0.05404839454531923,0.0015197683604661787,-0.031364459169271,2.0
0.5598736414311188,-0.6925162396110927,-1.4807672353912347,-0.09078640326024005,1.0
0.6271579194767195,1.607812903508078,0.16175766210236742,-0.0027198700984592972,3.0
0.6271579197516239,1.607813386694875,0.15964405037192017,0.015487429539332562,3.0
0.5598736418383088,-0.6925161666432965,-1.4744182040459561,-0.016219709076853526,1.0
0.6271579192012003,1.6078093851120165,0.1629527543926419,-0.036253148949847706,3.0
0.5598736417854385,-0.6925123667817463,-1.4776097576584493,-0.08074795803842767,1.0
0.5435648541528142,-0.9671884339152498,1.3315923006700827,0.014949772038374408,0.0
0.5598736412073914,-0.6925180646984966,-1.4788334099679301,0.024210803897990497,1.0
0.5598736412235454,-0.6925166946376551,-1.4736601588647096,0.0749458889799969,1.0
-1.7317881816115066,0.05404899027222399,-0.009061231194329375,-0.01657202792226593,2.0
0.6271579199912762,1.6078128093556374,0.15589763493713713,0.003849807015997521,3.0
0.6271579193004185,1.6078096478790798,0.16526777559059164,0.007359489704935358,3.0
0.5598736416880861,-0.6925133353963407,-1.4847731272652347,0.03242568322294337,1.0
-1.7317881812155334,0.05405032460952229,5.580257522965459e-05,0.029499417941884626,2.0
0.5598736414719776,-0.6925166018513945,-1.4798920384882697,-0.016749602362671704,1.0
0.5598736415143882,-0.6925139221236409,-1.4793072637711129,-0.056752820801045746,1.0
0.5598736423774783,-0.6925189547882891,-1.4737445609697684,-0.016868210363297963,1.0
0.5598736411883244,-0.6925177568216847,-1.4803738071160975,-0.058911470607068715,1.0
0.5598736413104541,-0.6925197867685174,-1.478509290492712,-0.028435135409005705,1.0
0.6271579205571253,1.6078104752117224,0.16064379662991454,-0.019759401936979473,3.0
0.5435648546916549,-0.9671899165919475,1.3322923051637348,0.07276364760324339,0.0
0.5598736413855125,-0.6925147079056297,-1.4772308389454654,0.01992278552287483,1.0
0.5598736415074828,-0.6925173993668795,-1.4746942383127504,0.0034816957500644063,1.0
0.6271579194609697,1.6078120711923385,0.16620539200263168,-0.025700764396693478,3.0
0.6271579201949726,1.6078106508321697,0.15491162506972384,0.0018890560535680255,3.0
0.5598736416642894,-0.6925162732881018,-1.4824780353015978,-0.009577919513519998,1.0
0.5435648546629807,-0.9671903800596118,1.3303219773054824,-0.0070775273781068645,0.0
-1.7317881811172653,0.054048307404719415,-0.0028395719336718078,-0.07715672524853517,2.0
0.5435648551357513,-0.967189745721493,1.3290937255846837,-0.04238001090458945,0.0
-1.7317881810236142,0.05405142953259289,-0.002409672555381624,0.03940700503825658,2.0
0.6271579201044588,1.6078106139511248,0.1651170844015745,0.020444624677013804,3.0
-1.7317881814733076,0.05404779483360542,-0.00541562466226292,-0.03661309299045913,2.0
-1.731788182021869,0.05405116058440369,-0.004456970774964913,0.04374785354419649,2.0
0.5435648543654978,-0.9671897512970427,1.333663507552378,0.057024896948949966,0.0
0.5435648555010716,-0.9671935739710809,1.3301414309342017,0.054991647368671424,0.0
-1.7317881817564413,0.05404647898225084,-0.0009736472423091176,-0.05448748258645299,2.0
0.6271579195624191,1.6078114980157703,0.15987426488418918,-0.02827833264848855,3.0
0.6271579200594373,1.6078130663306847,0.1629242328808256,-0.026524081267070135,3.0
0.5598736418575258,-0.6925161570863291,-1.4806319401898058,-0.04500768117398411,1.0
-1.7317881811922815,0.054051961643518505,-0.0016048943942102282,-0.046093318142547655,2.0
0.543564854792759,-0.9671898099614337,1.3229040598051622,0.01188281133444372,0.0
0.6271579197110377,1.6078141884237018,0.15751412637052448,0.06716144716537446,3.0
0.5598736414753631,-0.6925139676890296,-1.478149339431942,-0.016806518493580166,1.0
-1.7317881810180422,0.0540526343235031,-0.006824844071353272,0.00109040041178831,2.0
0.5435648540946794,-0.9671890919561963,1.332881205941958,0.03640057910317427,0.0
-1.7317881812794895,0.054050303844888015,-0.00126681377352753,-0.04565193569569656,2.0
0.5435648544025466,-0.9671887549692357,1.3300189070499824,-0.005364717524740729,0.0
-1.7317881811444076,0.05405004962029514,-0.008404477338068397,0.06591297626170477,2.0
0.6271579203484277,1.6078090263249323,0.1627449009873048,5.0595936848841484e-05,3.0
0.6271579209181938,1.6078131685014379,0.16191348682793835,-0.06755096027748168,3.0
0.6271579204154026,1.6078127466427463,0.1606413403177798,-0.07194339896093808,3.0
0.6271579190933925,1.6078096695781268,0.15283027661641183,-0.010296672065911382,3.0
0.5598736409184129,-0.692515911012757,-1.4776603137215067,-0.018665781579240242,1.0
0.5598736415269819,-0.6925137973438289,-1.469497020585416,-0.0015764640015586756,1.0
0.6271579204071701,1.6078106880666267,0.16379030644420917,-0.004427244570844835,3.0
0.5598736419089663,-0.6925173417758489,-1.4789672433339616,0.016225520724975653,1.0
0.5435648551289601,-0.967188616657553,1.3359308471985898,0.0025742487594468608,0.0
-1.7317881820993055,0.054050268803752737,-0.006200620766849539,-0.0343675803667318,2.0
0.5598736421499211,-0.692516160208229,-1.4819563694732547,-0.017165001143113395,1.0
-1.731788181218099,0.054048268840336866,-0.005893370684341432,-0.0022465440136896194,2.0
-1.7317881815343927,0.05405207230849851,-0.006040222888662549,-0.011257073539508939,2.0
0.6271579195938066,1.6078121024379313,0.16474196390892837,-0.011980664743127555,3.0
0.5598736415915847,-0.6925174025993804,-1.4787344602113848,0.047295422169922254,1.0
0.5435648545313028,-0.9671888875686606,1.332347953543628,0.015425912788318499,0.0
0.6271579201114177,1.607811541777687,0.16406706233263124,-0.001601424677453589,3.0
0.5598736414502942,-0.6925156651027319,-1.4801117718478727,-0.07229545458992358,1.0
-1.7317881814915466,0.05404934486490869,-0.007122587855990379,-0.02509744823134666,2.0
-1.7317881818081708,0.05405062316701328,-0.009424480236161558,0.004038474745113075,2.0
0.5435648549378583,-0.9671902566980327,1.3308195457570053,-0.0074916873213132385,0.0
0.6271579195655778,1.6078111417531387,0.15838411773043135,0.052744375440341384,3.0
-1.7317881812589113,0.05405022505644302,-0.004415367207389572,0.015266485377365243,2.0
0.5598736413797517,-0.6925162076934549,-1.4780223265802195,-0.05071482454704798,1.0
0.5435648548887196,-0.9671896789863241,1.330858949137754,0.08010990420706554,0.0
-1.731788181607675,0.05404886495170152,0.0012387570758826043,-0.001008454928933853,2.0
0.5435648547020288,-0.9671902560037644,1.3236072977736113,-0.0010181654523173467,0.0
0.6271579197599959,1.6078096387968035,0.15374528039216542,-0.036224365134335273,3.0
0.5435648547674151,-0.9671882286510082,1.3351421980012366,-0.015265981333052599,0.0
0.5598736411189906,-0.692513462864595,-1.4753614787197902,-0.030554869238369333,1.0
0.6271579199818277,1.6078111204057575,0.1610064958889922,-0.08955949614302704,3.0
0.5435648546560266,-0.9671889627800114,1.3315016346925765,-0.015584567590545483,0.0
0.6271579198685581,1.6078114195150737,0.1624533983170741,-0.0506391635574292,3.0
-1.731788181766791,0.054051378362223304,-0.004453341743258291,0.07200046462848865,2.0
0.5435648540681187,-0.9671899211671028,1.334191420679413,-0.042037817434110544,0.0
0.5435648549727876,-0.967188904349186,1.332956739045828,0.018999129333862805,0.0
0.5598736411829592,-0.692520424302632,-1.4729173374079039,0.001981678109076068,1.0
-1.731788180766092,0.054047930756960946,-0.0031678838664011273,-0.004318011872100179,2.0
0.6271579198765758,1.6078131345318032,0.16166020840256537,-0.017197158236777275,3.0
0.5598736414960621,-0.6925129435607346,-1.482484893372129,-0.027046293976274526,1.0
0.5435648551886952,-0.9671912891951692,1.3317683209713864,0.006768890161417041,0.0
-1.7317881811063924,0.05405101784410727,-0.006283468115145049,-0.013891594448648898,2.0
-1.731788180919813,0.05404941072108146,0.0016381472875470677,-0.016337963432655332,2.0
0.5435648548775889,-0.9671912151493878,1.328846299123904,-0.03513023547623747,0.0
0.5435648542474857,-0.967187937279778,1.3306417217357012,0.027905829807940735,0.0
0.627157920275347,1.6078112660540067,0.1616598875449268,0.01823032305033062,3.0
0.5598736407924081,-0.6925160845564701,-1.479775878365093,-0.03239924040445228,1.0
-1.7317881815457263,0.054050152455631724,-0.005484596512189913,-0.012879664891746651,2.0
0.5598736413802027,-0.692516127685348,-1.4791576705397456,0.01779354613644271,1.0
0.6271579198772771,1.6078098360103616,0.1623578629711058,-0.04249649901368117,3.0
-1.731788181324532,0.054049311465376754,-0.006552893304136027,-0.020814326753901918,2.0
0.6271579198269908,1.6078140686715647,0.15978090571276507,-0.017129799257722816,3.0
0.5435648544244094,-0.9671902128952926,1.321953922824803,0.0581173930213388,0.0
0.627157919807578,1.6078128529025155,0.15621734759170944,0.018134561326708223,3.0
-1.731788181375077,0.054050790952650474,-0.00330098735304562,0.031602246342565164,2.0
0.5598736416267488,-0.6925162131714482,-1.4744892640518696,-0.004895695169173562,1.0
0.6271579196109635,1.6078100357854272,0.16520335764723318,-0.023259470829923735,3.0
0.5435648545909624,-0.9671888549633803,1.3281760665155842,-0.037845545083131,0.0
0.5598736411037492,-0.6925172026652265,-1.477837873966639,-0.0568170141724351,1.0
0.6271579191674918,1.6078091602498825,0.15906520609845132,-0.003390062891683406,3.0
0.5435648550144808,-0.967192213796184,1.3371911234955751,-0.003850048475746392,0.0
-1.731788181742513,0.05405089331557054,-0.002437696024666746,0.011488172657330337,2.0
0.5598736418856413,-0.6925175672134971,-1.4819647553937318,-0.016870098311961713,1.0
0.5598736414815786,-0.692513492341657,-1.4704295733563584,0.028316913105658016,1.0
0.6271579204394037,1.607811321966225,0.1668420475921127,-0.019179981813669294,3.0
0.5435648545732391,-0.9671888522667625,1.3343922915146755,-0.051822585786252456,0.0
0.5598736412124471,-0.6925153015156258,-1.473696643130362,-0.00914904469352955,1.0
0.5598736414632398,-0.6925139090909103,-1.4742472349818116,-0.011420087831565447,1.0
0.5598736413330858,-0.692517613290324,-1.4873239613615086,-0.004198619656899648,1.0
0.5598736411693845,-0.6925158560677985,-1.4710730766495814,0.025374303727215976,1.0
0.543564854660935,-0.9671861789405034,1.327166096357995,0.008507430822922765,0.0
0.5435648551659342,-0.9671841588531495,1.3396527290322613,-0.05119379285031694,0.0
0.6271579196293958,1.6078125113005823,0.1619131500197237,0.04458327922097532,3.0
0.5598736405247308,-0.6925159021077274,-1.4768932178634082,0.02558739051309473,1.0
0.6271579206648632,1.6078126278675064,0.16536643470678053,0.02588029068557058,3.0
0.6271579201286677,1.6078110678962216,0.16250204042329197,0.05689748010970966,3.0
0.6271579195308434,1.607812605803172,0.15944502553693618,0.045993881140985536,3.0
0.5435648545764444,-0.9671875833966362,1.3245384023536608,0.009314293346794464,0.0
0.5435648551343807,-0.9671897321241663,1.331642723769071,-0.05232877739223351,0.0
0.5598736419254139,-0.6925139595972968,-1.4785651860928088,0.01814016428225666,1.0
0.6271579195388299,1.6078125267627503,0.1577243107022233,-0.05197224597933292,3.0
0.5435648549436539,-0.9671892291945527,1.3353608582817786,0.019887738111156815,0.0
0.5598736417126878,-0.6925149927162266,-1.4826085865960912,-0.023922336727564456,1.0
0.543564855214585,-0.9671893047269094,1.3355787569703563,-0.024807227070433882,0.0
0.5435648541967439,-0.9671874363348986,1.3291682506165705,0.03625773644865424,0.0
0.5598736415300797,-0.6925150844790515,-1.473031367811623,0.031814606475821336,1.0
0.5435648549065235,-0.9671888729024608,1.3294242830451022,0.02907716407490149,0.0
0.5435648540008277,-0.967191397022397,1.3329414656797867,0.0006708224464879508,0.0
0.5598736420538424,-0.6925186817127359,-1.4792234941883304,-0.007052483596749074,1.0
-1.731788180824784,0.05405064557879762,-0.005427772694384683,-0.035896588668798524,2.0
-1.7317881820399956,0.05405090919587893,-0.010645381073443169,0.007281333484179629,2.0
0.6271579196128446,1.6078102510235717,0.1585375984417121,0.029463126784592564,3.0
-1.7317881814057055,0.05405115315451539,-0.004079990167738005,-0.004299105460198152,2.0
0.5435648550567823,-0.9671904789352539,1.3341236688879432,0.033062163577200626,0.0
-1.731788182104478,0.05405018512517383,-0.0045878106752751495,-0.05366348271690891,2.0
0.6271579196741836,1.6078120414353627,0.16106517992495634,0.017429201640502635,3.0
0.6271579203090977,1.6078112087625498,0.1584519184062616,-0.034374870823740224,3.0
0.55987364130313,-0.6925163724239446,-1.480002724661926,-0.005822954572683426,1.0
0.6271579192672941,1.6078112579729298,0.15665092687122878,0.0241420406375083,3.0
0.5598736413154876,-0.6925156876191444,-1.4805930169189332,-0.041187434158381005,1.0
-1.731788181660762,0.05404973713427528,-0.000189015391749036,0.01756625205565059,2.0
0.627157920098855,1.6078128804077252,0.16499231322539612,-0.06969993702101805,3.0
0.5598736413587997,-0.6925175071525639,-1.47949266767292,-0.028967657096366475,1.0
0.6271579205368448,1.6078102785470179,0.16246477637568899,0.04323514424418727,3.0
0.6271579197510446,1.6078130458607574,0.16735927150788624,0.06235169606711805,3.0
0.5435648542863775,-0.9671875141367898,1.329391806338668,-0.009673189190427008,0.0
0.5435648549515161,-0.9671878492725736,1.334559399125764,0.03463580606106669,0.0
0.5598736417061887,-0.692515361655632,-1.480863360184471,-0.021998885992078807,1.0
0.6271579198814496,1.607810288380143,0.16441127304573314,-0.03138797391830954,3.0
-1.7317881812566698,0.05405080970901118,-0.0035055144833787983,-0.004544086757606658,2.0
-1.7317881811494626,0.05404928833245784,-0.01163545045123137,0.0194449454869659,2.0
0.6271579201737305,1.607810817542115,0.16035866902116028,0.06958828245633505,3.0
-1.7317881818345924,0.05404757320422232,-0.004224684672429447,0.05145830807506798,2.0
0.54356485462673,-0.9671896217998154,1.3296613308747542,-0.008365235109384275,0.0
0.5435648546909758,-0.9671867108981588,1.3334653052129601,-0.03587607941167994,0.0
-1.731788181464929,0.054051133383805336,-0.004358781496876119,0.0012867635665081826,2.0
0.5598736416751158,-0.6925156925085558,-1.483375496238903,-0.08868145157163679,1.0
0.6271579195370452,1.6078107280344867,0.15645071756866052,0.05136688859396041,3.0
0.6271579198859143,1.6078108624084415,0.1605108338068125,-0.0257600004917181,3.0
0.5598736419169287,-0.6925148140200025,-1.4695342172756802,-0.04180022604565408,1.0
0.5435648551917731,-0.9671934047716636,1.3268425131978834,0.02262853416638353,0.0
-1.731788180931533,0.05404933217603945,-0.015116148379268692,0.01630608825636152,2.0
0.6271579197338636,1.607810267122972,0.15424000070176622,-0.021923034197539295,3.0
0.5435648548975979,-0.9671903262940831,1.3269881878810648,0.07379359954277308,0.0
0.6271579203260815,1.6078122211098,0.1578039416287336,0.04168004044021422,3.0
0.6271579193918049,1.6078126695596808,0.15927451486867725,-0.023802145153860765,3.0
0.6271579199816077,1.6078134180451926,0.15740479131146223,-0.022437251007329163,3.0
-1.7317881806465412,0.054053551416631776,-0.0036101209207871545,2.9742641375538726e-05,2.0
0.54356485546036,-0.9671919503561031,1.3283557973908133,-0.015034435800926598,0.0
0.6271579199663025,1.607810816662982,0.16272362404759838,-0.034123388917820865,3.0
0.5598736417006633,-0.6925198257898203,-1.4773797184235287,0.023281394479833697,1.0
0.6271579195754249,1.6078121474359817,0.16240730904761566,-0.036038807066124064,3.0
0.543564854731076,-0.9671902110441455,1.3260283100869983,0.029580608542253865,0.0
0.6271579200617677,1.6078100159470634,0.15513732846511055,0.015539720217810367,3.0
-1.7317881815003509,0.054049684242312046,-0.011998846659635081,0.0006213919214476373,2.0
0.5598736415309108,-0.6925178407299384,-1.4872627405387346,0.006986659923169802,1.0
0.5435648551969148,-0.9671913310937285,1.3315431092268948,-0.018705014053136616,0.0
0.5435648540929173,-0.9671894730743422,1.3352673416435514,0.05495542803006966,0.0
0.5598736413705474,-0.6925176057796477,-1.4842302114855044,-0.046742508110279364,1.0
0.5435648547498707,-0.967192595443802,1.338929501574415,-0.002572314548439598,0.0
-1.7317881814537324,0.054049212271806736,-0.0009437992076870599,-0.03891923446667396,2.0
0.5435648544091228,-0.967188628120829,1.3304471063305758,-0.02070901074811552,0.0
0.5598736413043541,-0.6925149008532301,-1.4780267692569569,-0.0690810126766952,1.0
-1.73178818108967,0.05404949764768468,-0.0037082488201860184,-0.019381903711285925,2.0
-1.7317881814526974,0.05405325261544855,-0.0045645316881115115,0.07476304982336808,2.0
0.6271579201768673,1.6078098247727335,0.16637902352487935,-0.006822988635257139,3.0
0.5598736416723451,-0.6925149874616694,-1.4833049234053686,-0.04306313343146928,1.0
0.6271579195840754,1.6078118323010295,0.1703937328168701,-0.023330371635725877,3.0
0.6271579199285117,1.6078125503679674,0.16181885270524723,0.045569630134779215,3.0
0.5598736412945718,-0.6925135616304448,-1.4790337754026717,0.05131327808066269,1.0
0.5435648546886364,-0.9671883400205706,1.3253855049600944,0.01873943438215601,0.0
0.5598736417641546,-0.6925154249589185,-1.4723306801951233,-0.025875216100261812,1.0
0.5435648539400894,-0.967189036110188,1.335236393096274,-0.0249782940929103,0.0
-1.731788181941849,0.05404731324877954,0.0006344915955182283,0.08002302698162406,2.0
0.5598736409553589,-0.6925176032097833,-1.4778803667580604,-0.019047986118648025,1.0
-1.7317881815575198,0.05404888185749439,0.0002123005116986303,-0.015247415079767184,2.0
0.5435648544823428,-0.9671883584631404,1.3283922231648504,0.009936066044219639,0.0
0.6271579198807059,1.6078097512568306,0.15866660483003572,0.03312683450284193,3.0
0.559873641418305,-0.6925141196934382,-1.4726835541105452,0.09020485894210063,1.0
-1.7317881815937077,0.05405016770853271,-0.004660340505254807,0.010469528993441566,2.0
0.5435648545338639,-0.9671921433094004,1.3400349828788065,-0.012490624368504946,0.0
0.6271579197595647,1.607811940682765,0.161156630848948,-0.00230258717542548,3.0
0.6271579197971133,1.6078091596775381,0.16498755643700505,0.11126752943179793,3.0
0.5435648548614551,-0.967192342957633,1.3368662252293422,-0.009710738794465634,0.0
0.5435648541293224,-0.967189743045593,1.3308228679053855,-0.013115881998552341,0.0
0.5598736415403446,-0.6925150335198472,-1.4797657519089222,0.0019246381484656985,1.0
0.6271579195824873,1.6078098772442155,0.15263225688372076,-0.0773119937888569,3.0
0.5435648539502111,-0.9671904930252079,1.338913420325863,0.08233730959098827,0.0
0.6271579202948047,1.607811230056083,0.16023673851711,-0.003821826404843512,3.0
0.5435648548919987,-0.9671887051176729,1.3332077738823847,0.06036874622655133,0.0
0.5435648547994274,-0.9671917050479666,1.3330603374477554,0.032583123689211346,0.0
0.6271579198641671,1.6078141590157218,0.15973312793516797,0.09280917820262226,3.0
0.5435648553886739,-0.9671915310059377,1.326134567182093,0.0020118265832410466,0.0
0.6271579199158978,1.607808943229204,0.15360842721051882,-0.040865982831054935,3.0
0.5598736413979992,-0.6925160551949107,-1.4768266244640493,0.013338437329383118,1.0
0.5435648552932614,-0.9671898141318556,1.3331143208556713,0.024261137654181582,0.0
-1.731788181398251,0.05404977395279085,-0.002197796460482273,0.04236979371932477,2.0
0.5435648546332611,-0.967190287811913,1.3374477384582506,0.0803586189978406,0.0
0.5598736415365726,-0.6925155129912851,-1.4757114499908321,0.03976704658897917,1.0
-1.731788181538865,0.05405079005995217,-0.00644361596089741,-0.000428512440967466,2.0
0.6271579201975405,1.6078118969576825,0.157569223531048,0.026537518760602043,3.0
0.5435648553144475,-0.9671887776986821,1.337074908433092,-0.03461278512946279,0.0
0.543564854304679,-0.9671873965499035,1.3238379585301892,0.05019496027987318,0.0
0.543564855011723,-0.9671900497957221,1.3312155105045196,0.08702238437547521,0.0
0.5435648546849876,-0.9671885225706399,1.339251174173957,-0.049744176485686346,0.0
0.5598736411458982,-0.6925165797607029,-1.4758227522529663,0.012846877058074498,1.0
0.5435648550357629,-0.9671932513222228,1.3316577633353308,0.03157570548460958,0.0
0.5435648545010954,-0.9671889725085663,1.32984824518403,-0.0015174805747244517,0.0
0.5598736423102469,-0.6925153750272274,-1.4849997769412582,0.03560848210465976,1.0
0.5598736412809547,-0.6925157193837168,-1.477794559658447,-0.028779951821477988,1.0
0.6271579205842712,1.6078114547674585,0.16254062018738813,0.027453108733870926,3.0
0.6271579203946842,1.6078124317008486,0.1596868993638428,-0.06372897013467696,3.0
0.5435648557069984,-0.9671903155443742,1.3353192040045776,-0.008541114129163661,0.0
0.5435648540190732,-0.9671916566292861,1.338427227993053,-0.009789158091789776,0.0
0.5598736409408847,-0.6925158603774222,-1.476695429061928,-0.006473156967326318,1.0
-1.7317881808983486,0.05405042236915682,-0.006391835363774725,-0.027703327223085647,2.0
0.6271579201507417,1.6078121018292806,0.1578223665336888,0.04070554041389048,3.0
0.6271579201692131,1.607809187872948,0.16487003422636265,0.06352191869316351,3.0
-1.7317881817650946,0.05405201457398202,-0.0003341152167001228,-0.003138236332217357,2.0
0.5598736410230097,-0.6925180168467798,-1.4795560557690584,0.02534512003342918,1.0
0.6271579196813256,1.6078122672503092,0.15206038068644795,0.0027142092030115078,3.0
0.6271579198543332,1.607812935749475,0.15691359652311793,0.008615658474434362,3.0
0.5435648548322681,-0.967192279998383,1.3341245893247273,-0.06732551928703094,0.0
0.5435648549033112,-0.9671891731121001,1.3357258060709947,-0.006213733992322869,0.0
0.5598736413227652,-0.6925170582046469,-1.4763474639017855,0.03199712480093013,1.0
-1.7317881805617004,0.05404919937821563,-0.012977126465676475,0.03386148089756309,2.0
-1.7317881813247042,0.05404959987170109,-0.005752166410369077,0.08339407569989095,2.0
-1.731788181368932,0.054050585771030515,-0.01004106969485216,0.01971690976378069,2.0
0.559873641468242,-0.6925189501900157,-1.4819831302438977,-0.01953512923348883,1.0
-1.7317881810032012,0.054049487808324324,-0.0058698674102989415,0.06790573884397302,2.0
-1.7317881822800827,0.05404945633403596,-0.005296132846358958,0.02867285696823214,2.0
0.5435648543281107,-0.9671896295620013,1.3343754401661156,-0.03008368529367288,0.0
-1.7317881815295741,0.05405268619108148,-0.008969075350915767,-0.010032091824142492,2.0
-1.7317881810586429,0.05404921707003076,-0.0075545477707309565,0.013677219109016422,2.0
0.627157919516112,1.607809838324413,0.15928285783596438,-0.005626874307249951,3.0
-1.731788182434907,0.05404971601888659,-0.007800181806512747,0.006721222545335044,2.0
-1.7317881818091856,0.054049182280981004,-0.001262778676747383,0.05405311899941199,2.0
0.5435648554209943,-0.9671888589224332,1.337573659125832,0.018335049211138002,0.0
0.5598736417703807,-0.6925175324815731,-1.4813468362762334,-0.04424761958764254,1.0
0.5598736417537313,-0.6925165986196574,-1.4781184126603446,-0.016878784186729605,1.0
0.5435648544145503,-0.9671887509879131,1.33127258061402,0.012657177644829636,0.0
0.6271579204109514,1.6078125934154057,0.16755388997067547,-0.049757572117258744,3.0
0.62715792025576,1.6078112318483566,0.15384202232361574,-0.0016939026957171236,3.0
-1.7317881818725913,0.05405005330457898,-0.005733666828477762,0.006544737616675801,2.0
0.5598736417263717,-0.6925185986373394,-1.4824797173508717,-0.0005982002500676314,1.0
-1.7317881812354468,0.05405286757378188,-0.010494178983192604,-0.021439030944857707,2.0
0.5435648540650926,-0.9671897389919603,1.3365964625329216,0.008248024781570846,0.0
0.5435648538169287,-0.9671901570734617,1.3292195210298938,-0.013742105134347616,0.0
0.5435648540086,-0.9671907265109831,1.3336945368309576,-0.005330303971526194,0.0
-1.731788181556952,0.05405216012431702,-0.007941458988562978,0.03447684284620716,2.0
-1.7317881811977973,0.05404988928835766,-0.002364730540484626,0.01860661537024272,2.0
0.6271579203091109,1.6078141803349273,0.16403609377000053,0.05708059729319371,3.0
0.6271579199633186,1.607811072974427,0.16286685645785287,-0.055384308074520085,3.0
0.5598736417828023,-0.692514808202135,-1.4806935346721013,0.05181002470426724,1.0
0.5598736416700347,-0.6925156905969156,-1.477832071913732,0.022060797627838122,1.0
-1.731788181637725,0.05405158184210691,-0.008969560204655036,0.0431010214359332,2.0
0.6271579197131193,1.6078107823869585,0.15981787977939935,0.02346482453389216,3.0
0.6271579195819008,1.6078101417083848,0.16583160893008098,0.04384310963244103,3.0
0.6271579201943377,1.6078150274055043,0.16075686135381004,-0.010072943660331906,3.0
-1.7317881811809195,0.05404785653803141,-0.008572052750060559,-0.04840503978251024,2.0
-1.731788181458231,0.05405270449354915,-0.004680333487799504,-0.03529726862149237,2.0
-1.731788181432212,0.0540530894762474,-0.008752838696489846,0.11806477620151579,2.0
-1.731788181425653,0.05405000358577358,-0.005678817774512827,0.00476544560569673,2.0
0.627157920401571,1.6078109696506235,0.16423816019396198,-0.017488032852023442,3.0
-1.731788181820368,0.05404736620745332,-0.007262656704482175,0.057908271836645236,2.0
-1.7317881814633913,0.0540486080981604,-0.003157672943646075,-0.02085360553626821,2.0
0.5435648542284375,-0.9671892124137337,1.3350810573626213,0.057625079709221,0.0
0.62715791951588,1.6078131825283095,0.15977924550314432,-0.03633908317203325,3.0
0.5435648545340128,-0.9671842266862566,1.341387402874238,0.02103653952980455,0.0
0.5435648548028915,-0.9671934291946618,1.327479759152528,0.027706814836564675,0.0
-1.7317881813655849,0.05405050500440445,-0.004932688826564162,-0.03133467039632963,2.0
0.6271579198584244,1.6078099106459047,0.1592784291489285,-0.014993768337779103,3.0
0.543564854599224,-0.9671890187592721,1.3351794593996684,0.03269753465645914,0.0
0.6271579199245361,1.6078111720273864,0.15337316591790684,0.0053916238299738595,3.0
-1.7317881809912032,0.05405045393870931,-0.011342322851129832,-0.0013512676680425715,2.0
0.5435648550949964,-0.9671900763106983,1.331648317681551,0.0034559761401136663,0.0
0.5598736412629582,-0.6925158969994805,-1.473768316531034,-0.0646619143418796,1.0
0.5435648545996982,-0.967191716407432,1.3379523702628429,0.01093866973536045,0.0
0.627157919841481,1.6078094973454653,0.16481564809427035,-0.09202967158124783,3.0
-1.7317881812595626,0.054052652860235494,-0.003834017505741337,0.013163231553931086,2.0
0.6271579199819656,1.6078093273713785,0.16486972178589654,-0.01484465462916992,3.0
-1.7317881816931973,0.05405065811806103,-0.006413724402520393,-0.08012482110400575,2.0
0.5598736413427808,-0.6925167949079304,-1.4737365290431548,-0.0034456909779018345,1.0
0.543564854994885,-0.96719157189925,1.3273516316850351,-0.016377729806364778,0.0
-1.7317881817285752,0.054054314474428135,-0.005285058053762048,0.02863201747505533,2.0
0.5435648546045415,-0.9671910237771755,1.33564859744391,0.012918703951048632,0.0
0.5598736419359847,-0.6925152579136871,-1.4796162680535565,-0.01728968613962554,1.0
0.5598736409546744,-0.6925150582375227,-1.4839377095500832,-0.03816780603704793,1.0
0.5598736409994766,-0.6925173591180245,-1.47940338283832,0.028592196215275766,1.0
0.6271579201326652,1.6078126078454678,0.16201000650011832,0.03497982251389738,3.0
0.5598736418654618,-0.6925152127844475,-1.4698597877538235,-0.017978161196237505,1.0
0.5598736411899226,-0.6925165976227639,-1.4797560314749607,-0.055676148546309936,1.0
-1.731788180680659,0.05404827188078323,-0.006081219820296536,0.02374408777110082,2.0
0.5435648545301961,-0.9671884914076684,1.3324366537380048,0.01653619199999255,0.0
0.5435648551239483,-0.9671916485696315,1.3292361031942515,-0.00533094730548826,0.0
0.6271579202669169,1.6078097506153979,0.1610888002239731,0.025314666038530987,3.0
-1.7317881814131584,0.05405132108756748,-0.004790821193065336,0.028360559621889,2.0
-1.7317881813663596,0.054047545705433034,0.002582916766076311,-0.03512494030461191,2.0
-1.7317881812193159,0.0540467597474264,-0.0067083543603810684,0.029499783416376324,2.0
0.5598736411214386,-0.6925168387212085,-1.4779368333326548,0.05693122658270969,1.0
0.543564855186188,-0.9671853228088232,1.3298297041702076,0.04693581850912695,0.0
0.5598736415870117,-0.6925196957647822,-1.4703984705167086,-0.00218044135229538,1.0
0.6271579202303246,1.607810946411578,0.15707634637483234,-0.000395509579090474,3.0
-1.7317881813520195,0.0540502111386712,-0.0001432788772357237,-0.011041092446970557,2.0
0.627157919953017,1.6078115673718558,0.16175595776803445,-0.004615635923219871,3.0
0.5435648542367109,-0.9671910739516064,1.333055974104373,-0.00664420236969807,0.0
0.5435648545822444,-0.9671901404766997,1.3299357210449556,0.02120090913750081,0.0
0.5435648544792462,-0.9671910184716221,1.329488078178771,0.08617392461516325,0.0
0.5435648547025282,-0.9671886428202076,1.3372319252819005,-0.03516293781049365,0.0
0.5435648551999704,-0.9671884389832014,1.334947645006514,0.03260586304570789,0.0
0.5598736412905271,-0.6925164532617948,-1.4812467791975197,-0.022329377619541346,1.0
-1.7317881801917099,0.05405179485748736,-0.0014462233776472938,0.040927014910012965,2.0
0.6271579196280423,1.6078104592277864,0.15191573782693982,-0.061673991569656035,3.0
-1.7317881806613606,0.05405155369185795,-0.006865297200930008,-0.002450151146707755,2.0
0.6271579196405573,1.6078080841210771,0.1608352333829087,-0.017751782571731496,3.0
0.5598736410084091,-0.6925152644749609,-1.472397141038088,-0.0013140846101809469,1.0
-1.7317881816595084,0.05404764138373494,-0.0059017232914863145,0.015143836685988529,2.0
0.5435648545509376,-0.9671918015361819,1.3263925639787566,0.0579051362107577,0.0
0.5598736418871487,-0.6925167992755092,-1.482679450698772,-0.028423815495872407,1.0
-1.7317881814155018,0.054050772505197645,-0.00942662345128945,-0.0035164671726869647,2.0
-1.7317881817060632,0.054049106269536275,-0.008696476166604974,0.013523805532121506,2.0
0.5598736416365497,-0.6925183526507854,-1.4796293801860771,0.0022157790879202004,1.0
0.5598736413372208,-0.6925156081739563,-1.4832167450864369,0.025268716679772825,1.0
-1.7317881815016392,0.05405025763858531,0.0003907737305429509,-0.02175572392346527,2.0
0.6271579191845492,1.6078103349822717,0.15531714131260196,-0.002614466109972695,3.0
0.5598736419565796,-0.69251423814327,-1.4804959297593212,0.01575329082024155,1.0
0.5598736407317497,-0.6925151048474308,-1.4790984524661874,-0.033864139567014576,1.0
-1.7317881814133593,0.05404824334371441,-0.002432813020115858,0.02355038944605189,2.0
-1.7317881811926121,0.054052050676705626,-0.002985327706222442,0.022684111245482304,2.0
0.559873641441151,-0.692514545598296,-1.4837664533410424,-0.02196657828351293,1.0
0.559873641528112,-0.692517870775536,-1.4800696852539188,0.025100788212132887,1.0
-1.7317881820649228,0.05405090167804998,-0.009690489941065944,-0.014308566876868722,2.0
-1.7317881817540057,0.05405304513083899,-0.0011791731065070431,0.023839141056654117,2.0
0.5435648546565819,-0.9671875982591988,1.326967890029794,0.07930504989266683,0.0
0.5435648544309334,-0.967191436966865,1.3381678427247437,0.03543949484957879,0.0
0.5598736415802551,-0.6925172935355771,-1.4740713780267198,-0.014949660657240672,1.0
0.5598736415133307,-0.6925176561202353,-1.4768593908628511,-0.05775735551847967,1.0
-1.731788181651928,0.0540504439691675,-0.003664441246788248,0.0055791431138406105,2.0
0.6271579197911452,1.607810392624935,0.1603939913674192,-0.03907825428808571,3.0
-1.7317881815037188,0.0540477262365724,-0.005711463682087648,-0.02232951716612721,2.0
-1.7317881816238592,0.05404867719686814,-0.004440595267062682,0.03903248586121997,2.0
-1.7317881811458722,0.05404842626958136,-0.0005512625030716287,0.022288280810954884,2.0
-1.7317881814221752,0.0540525833172409,-0.004065841915769806,-0.008012675793059159,2.0
0.5598736413561048,-0.6925183465593938,-1.4761792383420644,-0.04170163582792747,1.0
0.6271579200379854,1.607809683806526,0.162865754043975,-0.06307669012363339,3.0
0.6271579200881573,1.6078124815500021,0.16670022516815822,-0.06728635395574842,3.0
0.6271579192079622,1.6078091235545904,0.15951418253314018,0.027476662121778753,3.0
0.54356485516309,-0.9671916225235468,1.3291599657018092,-0.01520858086388054,0.0
0.5435648548301752,-0.9671882635928204,1.3340265332797163,-0.06083012727430012,0.0
0.6271579194239467,1.6078118763136908,0.16110802322613804,-0.012200493564626345,3.0
-1.7317881813038212,0.054052402724846085,-0.005996647270978684,-0.042282707486720826,2.0
-1.7317881821394998,0.05404747406287977,-0.006239755911197461,-0.03211531980074988,2.0
0.5435648547079192,-0.9671875631000999,1.3358274333470435,0.05618817562640466,0.0
0.5598736412960096,-0.6925163202023775,-1.4798134849644238,0.011133865968531349,1.0
0.5435648549087692,-0.9671876864279131,1.335032511786975,0.029833080097044537,0.0
0.5435648550574846,-0.9671904560229998,1.329911109888193,-0.010711491387893965,0.0
0.5435648544603318,-0.9671891471757651,1.3350334618636057,0.008210432834600684,0.0
-1.7317881815681964,0.054049312808853764,-0.00042611043340978305,-0.054151419057473435,2.0
0.543564855083529,-0.9671910569911985,1.3374510919276097,-0.04987565282726156,0.0
0.6271579202052272,1.6078119228289078,0.16255537537734502,-0.010215483076954515,3.0
0.6271579198416298,1.6078091971038506,0.16466561415444503,-0.022176739771872796,3.0
0.5435648546381567,-0.9671875759655296,1.328502546830323,0.0278418248562835,0.0
0.5598736416138029,-0.6925132680623278,-1.4751285242588117,-0.05116855720999584,1.0
0.6271579197377813,1.6078095258454168,0.1604004393662782,-0.049652427238898324,3.0
-1.7317881817867886,0.054051931993009956,-0.0027464421255309996,-0.07145829117091518,2.0
0.5598736421137339,-0.6925149161578481,-1.4802680411697187,0.029184306546211077,1.0
0.5598736412451762,-0.6925159880565063,-1.4823033499490366,-0.06880463897448034,1.0
0.5435648557001103,-0.9671896262708377,1.328931980342273,0.01542261367391065,0.0
0.6271579199087163,1.6078103080261,0.1584705066220509,-0.018570938246362675,3.0
0.559873641429058,-0.6925152652905456,-1.4831493027565248,-0.04659591263650755,1.0
0.5435648548644424,-0.9671886603608851,1.3298052914352814,-0.0555934675584768,0.0
0.5598736415295993,-0.6925150897089413,-1.4821849556305784,0.020321330141396504,1.0
0.6271579198479207,1.6078099782938073,0.1626947051709132,0.11116415289278596,3.0
0.5435648542724072,-0.967193191873725,1.3298770428586166,-0.019200562141475794,0.0
-1.7317881809702642,0.05404983918253057,-0.0062944720247819835,0.04508698471758576,2.0
0.559873641998542,-0.692517296186685,-1.4852058324869282,0.022844499848882264,1.0
-1.7317881819118277,0.05404977121150318,-0.0009082927936896598,0.0003804833437909877,2.0
0.6271579202423087,1.6078114461821784,0.15658793879059363,0.0007779085354567855,3.0
0.5598736409424669,-0.692517429678289,-1.485812916534256,0.006909151831017109,1.0
0.6271579199183753,1.6078109299906105,0.16426365199241416,0.033399656300391864,3.0
-1.73178818183653,0.05405104724258169,-0.004809183691638636,-0.019749437183797607,2.0
-1.7317881816910357,0.054050609864145734,-0.008794244581976795,-0.015497278193720912,2.0
-1.73178818165219,0.054051125318973485,-0.007982835885879738,-0.0005923418203495003,2.0
0.6271579201314967,1.6078127691292563,0.15971234034935486,0.005523025813248791,3.0
0.627157920412449,1.6078107852186414,0.16303853034733012,-0.0006218939796876095,3.0
0.6271579204218699,1.6078122642864614,0.15382511933246967,0.02243075566018033,3.0
0.543564854801026,-0.9671889017675628,1.3264899936431334,-0.03399504374732043,0.0
0.5598736409938038,-0.6925175941705597,-1.481097838107246,-0.023609548486552268,1.0
0.5435648551623106,-0.9671881982732244,1.327420657752324,0.015917381276141625,0.0
0.6271579195186173,1.6078092394250416,0.16183044806455435,-0.005607176365849212,3.0
0.5598736413768668,-0.6925137894369742,-1.4768106166050818,0.017732462338690667,1.0
0.5435648539268182,-0.9671898892378106,1.3355603411912573,-0.001143993329614005,0.0
0.6271579199054097,1.6078095494048201,0.15795295151139044,-0.020817905554037838,3.0
-1.7317881819436416,0.054046999487202846,-0.0023040602522721213,0.07721154990807506,2.0
0.6271579192053488,1.6078112455624594,0.16765517395346247,0.03482712203499366,3.0
0.5435648544384266,-0.9671888389323073,1.3305267306852546,-0.0004394335011958543,0.0
0.5598736418637064,-0.6925113977785079,-1.4741250534125492,-0.009948321666870347,1.0
0.6271579195779382,1.6078099272508377,0.1640204132226604,-0.010416079432460819,3.0
0.5598736412656384,-0.6925151603318438,-1.4816775881443163,-0.006405751322334475,1.0
-1.7317881811406877,0.054051571590782124,-0.00372256427380489,-0.0003320750941800986,2.0
-1.7317881811607956,0.05404946888235133,-0.009052065434795366,-0.08399589220047765,2.0
0.5435648548937533,-0.9671886943646822,1.3282846239122872,0.005135126664752023,0.0
0.5435648547168396,-0.9671885396039481,1.3285644261005487,-0.004421627640360355,0.0
0.5598736408490059,-0.6925143147789434,-1.472959162123235,0.003520933068632315,1.0
0.5435648543416702,-0.9671916324324799,1.33574041032356,-0.02529004982412604,0.0
0.6271579192385066,1.6078144361492268,0.16221893012130012,0.019954411624300315,3.0
0.5598736418418783,-0.6925181055608175,-1.4831968601347156,-0.00165821660270681,1.0
0.5435648545157642,-0.9671865763945164,1.3369716590111864,0.0288333717192945,0.0
0.6271579202336398,1.6078099430614554,0.16223851651429289,0.022635199298560588,3.0
0.5435648546308395,-0.9671909901386556,1.3347196218087498,-0.040105729288962715,0.0
-1.731788181562627,0.05405169408220791,-0.003520039418672994,0.005827197965698713,2.0
0.5435648548395251,-0.9671904469640364,1.3301736886501387,0.06906532269121364,0.0
0.627157919623985,1.607810663197823,0.16713894341891675,0.011680111456183336,3.0
0.5598736416437222,-0.6925165564964634,-1.4821041761199032,0.0007885718389873447,1.0
-1.7317881816262566,0.05405028644740097,-0.007251885042436113,0.0014067515227660654,2.0
0.5435648552139671,-0.9671899494757182,1.3334318012233648,-0.029651145474012864,0.0
-1.7317881816486849,0.05405094894194194,-0.006310115527952576,0.07118352511915119,2.0
-1.7317881817940002,0.05404871259083041,-0.007013521772065644,-0.02705309419499174,2.0
0.5435648553957586,-0.9671900386959165,1.3347054368990963,0.03945443690573049,0.0
0.5435648549183201,-0.9671903506178701,1.3345056308134844,0.005994693309547971,0.0
0.6271579201395735,1.6078138707489595,0.15794155524238765,-0.040464056718537485,3.0
0.6271579198985965,1.6078102742660927,0.16336304875801266,-0.00493134307931164,3.0
0.5435648547246187,-0.9671892339586172,1.3327231927374072,0.08015032252399615,0.0
0.6271579197185085,1.6078118461381425,0.15860789462152547,0.029162168665955824,3.0
0.5435648550022387,-0.9671915903802769,1.329907891143645,-0.012525782971841782,0.0
0.5435648545137715,-0.9671877820421864,1.3311078506130007,0.08113370673265656,0.0
0.6271579198353171,1.6078096618806637,0.16622200188647765,0.04529123338915543,3.0
0.6271579193343324,1.607809604896001,0.15601190144316823,0.043473454354179715,3.0
0.5435648551423988,-0.9671861345656654,1.3340463354275052,0.07382685842314649,0.0
0.6271579200090392,1.607810396584458,0.16517030824074283,0.0022310269102605693,3.0
-1.7317881825093842,0.05404746610726445,-0.0018592761708628742,0.0320442863628595,2.0
0.6271579198184699,1.607812651543119,0.15449577699213876,-0.05581132707469923,3.0
0.6271579198522974,1.6078100303274347,0.16253340493811924,0.0019602722229236087,3.0
0.5598736414973957,-0.6925164259564686,-1.4780318456887802,0.028870569992363905,1.0
0.6271579193308721,1.6078088875073728,0.16186652999637346,-0.031150159317920676,3.0
0.5598736416772526,-0.6925163734414085,-1.4752341527659005,0.019755892293379866,1.0
0.5435648553223336,-0.9671903035035774,1.3355594197985061,0.0534731080586448,0.0
0.6271579202782115,1.6078128018120046,0.16432987996726825,0.011642080835483364,3.0
0.5598736412721999,-0.69251660980782,-1.4823587989774387,-0.01123875934265637,1.0
0.6271579194122506,1.6078135691264885,0.1636892495427979,0.07119318384356516,3.0
0.5435648545695355,-0.9671895345791147,1.3338501132865654,-0.02989644050717186,0.0
0.543564854517364,-0.9671897619007802,1.3316977257470177,-0.0034642035372567117,0.0
0.6271579200508182,1.6078120312088855,0.16413369952058868,-0.07124757909169017,3.0
0.6271579200138284,1.6078110167609982,0.16149640104648466,-0.03386139159734522,3.0
-1.7317881816894083,0.05404995949488491,-0.0019837227518056666,-0.06530546406227951,2.0
0.5435648544250189,-0.9671905868831947,1.3384849284651423,-0.01492349675575851,0.0
0.5598736410006283,-0.6925162059554144,-1.4834088980960805,-0.11022976984609462,1.0
-1.7317881814803622,0.054049207571668784,0.0011447021450146316,0.03986548884828943,2.0
0.6271579199600317,1.6078142624702956,0.16155642204218051,0.014541552187516463,3.0
0.5598736418168051,-0.6925159409680122,-1.4779108556654301,-0.04262270689607953,1.0
0.5435648551636533,-0.9671872285462876,1.3386030698073894,-0.043394769414399285,0.0
0.5598736416917753,-0.6925149468947961,-1.47780674140029,-0.007787601802127338,1.0
0.5598736416164817,-0.6925150194900843,-1.476780398733206,-0.02153739733142775,1.0
0.6271579196321511,1.6078094117708444,0.16697881280705756,-0.07023592778195809,3.0
-1.73178818180359,0.054050053175063395,-0.0033321076059436663,-0.03130172381015769,2.0
0.559873641283998,-0.692515022604565,-1.4811254646607754,-0.023881513976186017,1.0
0.5598736412110579,-0.6925154186987802,-1.4712311569265664,-0.05795605409239025,1.0
0.627157919854935,1.607811626954672,0.1549209997733739,0.02970520002361118,3.0
0.6271579195690494,1.6078133932083276,0.16735358894797414,0.053688282056440405,3.0
0.5598736412651641,-0.6925152507886874,-1.4770817343804803,0.09973841559421293,1.0
0.5598736407966012,-0.6925145220066408,-1.4760434400154112,0.006832523027689003,1.0
-1.7317881814836025,0.05404998091840208,-0.0064802873508787205,0.020960096930788315,2.0
0.5598736421074485,-0.692514622339613,-1.4818912808432552,-0.01629115015082961,1.0
0.5598736422225077,-0.6925181744047278,-1.4770524250441248,0.040609048577360043,1.0
0.5435648546997566,-0.9671876603441018,1.328101342452054,0.0713771719805186,0.0
-1.7317881812316427,0.054051197169450775,-0.007322679322396535,0.027331631177399993,2.0
-1.7317881825651016,0.05405264952338244,0.0017640267839454092,-0.016162719440058242,2.0
0.5435648548429688,-0.9671886309887898,1.334797728942719,0.005136802440981752,0.0
0.5435648548228504,-0.9671900680561771,1.3322949592262143,0.024022919233908865,0.0
0.5598736414473764,-0.6925182509798817,-1.4799938765301952,-0.039181613004607714,1.0
0.543564856168925,-0.967190618609823,1.3356683777803342,0.057198397809328894,0.0
0.5435648547909017,-0.9671913364467946,1.3349685541870082,0.017546149883511976,0.0
0.5598736417824801,-0.6925198244646906,-1.4808702672078946,-0.03262662193054759,1.0
-1.731788181665449,0.05404909578992899,-0.007040939351179817,0.04787539408441089,2.0
0.6271579205730616,1.6078090667398468,0.1537914240585819,0.009994049882922695,3.0
0.5435648549897424,-0.9671889684527145,1.3319658332118656,0.053804925519252186,0.0
-1.7317881814076592,0.054053180239289865,-0.004878150809283303,0.010624458524193827,2.0
0.6271579198754184,1.6078111825484682,0.15739625949667538,-0.003592590496805183,3.0
-1.7317881818417349,0.05404734932182352,-0.007716164399766092,-0.008721471627954827,2.0
0.5435648546812181,-0.9671899410037805,1.3262252424584806,0.034420198569985974,0.0
0.5435648550310493,-0.9671899645475539,1.329293238785818,-0.05241246676798117,0.0
0.6271579207109553,1.607812550079346,0.16530563474979548,-0.030206404676023705,3.0
-1.7317881818223093,0.05405047337872293,-0.005672502185801557,-0.01658930013224031,2.0
0.559873641423205,-0.6925167822379601,-1.481106482236914,0.03763626598736253,1.0
0.5598736416434573,-0.692513200240989,-1.4812956522661558,-0.03420482945314869,1.0
0.5598736416846456,-0.6925155418337079,-1.4747071145311412,0.02101214359056483,1.0
0.5598736415436336,-0.6925140329994026,-1.474168380409826,-0.005688811754954346,1.0
0.6271579197354477,1.60781192244565,0.15542408867534233,-0.001006931986853358,3.0
0.543564854635168,-0.9671896948733845,1.3251302915856566,0.03537512614345997,0.0
0.6271579198004312,1.6078078166323084,0.15531487478030565,0.020920069657078884,3.0
0.5598736417657078,-0.6925168277913258,-1.4793499988131384,0.062959230939996,1.0
-1.73178818123997,0.05405313334215661,0.0028283116658951017,-0.07520102667923433,2.0
0.5435648551074806,-0.9671884185597239,1.3355332200223478,-0.01597345687589074,0.0
0.6271579199625806,1.6078104310659116,0.15862337571541846,0.050824040449392226,3.0
0.5598736411689813,-0.6925166173903959,-1.4819672793686147,-0.016998696846768305,1.0
0.5598736419854015,-0.6925174813958112,-1.4798696218115863,-0.04830537019579192,1.0
-1.7317881814585188,0.054050302119272635,-0.008620167259806239,0.0027124937130003418,2.0
0.627157920510821,1.6078124852825604,0.1516470637635727,0.07353967943308534,3.0
0.5435648541668492,-0.9671887355942255,1.3311620462364815,-0.025204567176210325,0.0
0.5435648545950372,-0.9671889849731512,1.3298703230677436,-0.019081720656793734,0.0
0.5598736421507082,-0.692512576789855,-1.4768041716497835,-0.056628179049667784,1.0
-1.7317881816187013,0.05404771917412475,-0.006133993683505753,0.050343817690210735,2.0
-1.731788181566946,0.0540523710621952,-0.003074061450475897,0.002276641693631025,2.0
0.6271579196019595,1.6078108300093388,0.15222498388421418,-0.04497271749317616,3.0
-1.7317881815689076,0.05405301090489709,-0.009179998467999802,0.015243416047430673,2.0
0.5598736409423027,-0.6925146316636042,-1.477818784525684,-0.046657153131503044,1.0
-1.7317881810760674,0.05405170164401676,-0.005271436125625073,-0.0678929075098409,2.0
0.5598736407721173,-0.6925147830883933,-1.4757513175083747,-0.022746193133777088,1.0
0.5435648549092905,-0.9671877969560888,1.336803214644844,-0.004749501697502129,0.0
0.6271579196660606,1.6078135103513047,0.167072599707975,0.04265928749959799,3.0
-1.7317881822814785,0.05404759182301201,-0.011881276830029805,0.04894825301848407,2.0
0.627157920139035,1.6078130969474005,0.15944828559547986,-0.05919429051996563,3.0
-1.7317881814917109,0.05405197214936045,-0.0009997779761992834,0.011581233185238163,2.0
-1.7317881816139644,0.05405351837299788,-0.0067994607600468755,-0.0023772760323201997,2.0
0.6271579202167912,1.607813413953196,0.1632620506385132,-0.005497011932517311,3.0
0.6271579204136014,1.607810288543694,0.15451722168249926,-0.012687103396808596,3.0
0.5598736417185498,-0.6925151606445126,-1.4780191796864455,-0.044412457689491876,1.0
0.6271579195834716,1.6078108532580786,0.16271537837074726,-0.034096686142708436,3.0
0.5435648547971476,-0.9671903148440304,1.3373960666640952,-0.0302251073715955,0.0
0.5598736409258799,-0.6925189526895399,-1.4777176838323436,-0.023753749888440714,1.0
-1.731788182238173,0.05404870435836593,-0.006784805085627007,0.015518646043337886,2.0
0.627157919039381,1.60781146949169,0.1617295734442994,0.016507504982652542,3.0
-1.7317881818549827,0.05404965874777746,-0.0032926799416510485,-0.03937849338381136,2.0
0.5435648550167919,-0.9671884102322882,1.337543338366035,-0.06456369956353465,0.0
-1.7317881808001103,0.05405261882657546,0.0003326351381229911,0.023674237881399978,2.0
0.5435648551785625,-0.9671907562860419,1.3369625664485576,0.005751054722082614,0.0
0.5435648548489896,-0.9671860486419435,1.327085807730419,0.005743519650645065,0.0
0.5435648551187287,-0.9671891139751376,1.3335665818363298,0.02903098846389894,0.0
0.5435648544131028,-0.9671874806234217,1.332225568084878,0.0689707368375654,0.0
0.6271579195711816,1.6078123549272751,0.16316278022206368,-0.03360492306172706,3.0
0.5435648550699517,-0.9671885135406657,1.3325375577095016,0.03485682534576829,0.0
0.5598736414817906,-0.6925166614601369,-1.4777536395980952,-0.0066035013870442616,1.0
0.5435648553204889,-0.9671878370060801,1.3308584238814642,-0.056805225320670394,0.0
0.5598736417529159,-0.6925159778517423,-1.48043742617642,-0.055641002880111125,1.0
0.6271579202453486,1.6078099861538506,0.16394474676716334,-0.08326588624619148,3.0
-1.7317881821940344,0.05405151522025231,-0.0022911766402194016,0.008544611858185133,2.0
-1.7317881814713734,0.054051007283089716,-0.0024698487082692863,-0.043000139107434526,2.0
0.5598736414838298,-0.6925158208382277,-1.4797390419604237,0.014925433216723447,1.0
0.6271579192993905,1.6078097774874105,0.15848676366761333,0.024866464489901596,3.0
0.5435648555027551,-0.9671884291231934,1.3338666152664858,0.04981687923174034,0.0
0.6271579197320485,1.607811683380822,0.1615194514953154,-0.005408215203101617,3.0
0.5435648545037155,-0.967188161711057,1.3338475197867252,0.024374692570129208,0.0
0.6271579200468782,1.607809233200251,0.1609443357103837,-0.03518307498030566,3.0
-1.7317881814980574,0.05404986396078569,-0.0028836928826539215,0.02541501104942265,2.0
-1.731788181119334,0.05404980883433365,-0.002884732772491648,-0.02066360696603282,2.0
0.5435648541918534,-0.9671901180492564,1.3306188079594652,0.011925239147749801,0.0
-1.7317881815984466,0.05404993435110748,-0.004954090511501535,0.06350185615974686,2.0
0.559873641117071,-0.6925158551231851,-1.4759782062060927,-0.01067851365745038,1.0
0.5598736417541421,-0.692514059823442,-1.4779948953715687,0.0143306906991523,1.0
0.559873641683932,-0.6925149808663824,-1.4790405934187796,-0.0867753529023649,1.0
0.5435648549771281,-0.9671904669927488,1.3345321967077828,0.027353489572904715,0.0
0.5435648551213726,-0.9671890462207409,1.330182653103016,0.017049380856314012,0.0
-1.7317881814411404,0.0540480346866511,-0.005710796323567673,-0.046982191538350836,2.0
-1.7317881817489353,0.05404975201238079,-0.0030928377179343398,0.033779981328902906,2.0
0.5435648549792277,-0.9671887506884452,1.3295041100440128,-0.01330926074203606,0.0
0.5598736415758774,-0.6925163440867899,-1.4735257468790932,-0.039569754275241315,1.0
0.559873641346569,-0.6925163872900885,-1.4812332163324027,0.007012818784148642,1.0
0.5435648544416739,-0.9671882815614508,1.3328151088345326,-0.0018450363256138711,0.0
0.6271579198507625,1.6078113773735692,0.160540458626495,-0.05176779406550445,3.0
0.6271579198064955,1.607811983960131,0.1641423714915151,0.039217117170046396,3.0
0.5435648542199045,-0.9671869346076148,1.3327952823444322,0.01783861470354848,0.0
-1.731788181947487,0.05404676563136848,-0.010881619621719803,0.05047662936770059,2.0
-1.7317881815974485,0.05404751645563569,-0.006874082084935696,0.00011542599098236992,2.0
-1.731788180737884,0.05405010318259119,-0.0035792903431729924,-0.04847284019857903,2.0
0.5435648547307491,-0.9671919769234495,1.3313043356972982,0.015912708589682485,0.0
0.5598736407737943,-0.6925182439115932,-1.478292349865874,0.01675060030990107,1.0
0.6271579198534718,1.607814799406368,0.16132787558440292,-0.04857257876528531,3.0
0.559873641428843,-0.6925180979914631,-1.4749702593682095,-0.006507494534405046,1.0
0.6271579192996966,1.6078127640298274,0.15998677300758446,0.026235092155747822,3.0
0.5598736409975065,-0.6925152439844893,-1.4787262862007633,-0.02829073421424487,1.0
0.5598736420714931,-0.692515582845658,-1.4794518210221834,-0.038070294456036755,1.0
0.5435648549220137,-0.967190848482762,1.3281587180614614,-0.030278121856161938,0.0
-1.7317881812271054,0.054050184996204224,-0.0036112148135944155,0.00584794534881207,2.0
-1.7317881818359806,0.05405216169274487,-0.005706476966945529,-0.0094433258887177,2.0
0.6271579198915322,1.607811431736692,0.1585480278584907,-0.012392709072702974,3.0
0.5598736413995029,-0.6925194701672343,-1.4867632178649743,-0.026726881309008937,1.0
-1.7317881813200584,0.054049439919121395,-0.0061986008841426335,-0.005912370128895102,2.0
-1.7317881808890725,0.05405101683739342,-0.0071609469119407465,-0.0528167720978265,2.0
-1.731788181718207,0.054051218081422506,-0.00953515833527844,-0.0357082686059908,2.0
0.5435648557116214,-0.9671890242893443,1.334064345473283,0.013948890471768904,0.0
0.5598736408269462,-0.6925174390936126,-1.4772242888450526,0.009746639031514903,1.0
0.6271579197351981,1.6078103232681904,0.16542019093923632,-0.031925780353091515,3.0
0.5435648542643504,-0.9671888553072172,1.3333053733206266,0.040770255434495584,0.0
0.5435648552528846,-0.9671877697410541,1.3401936269582564,0.05988589390298902,0.0
0.5435648550773191,-0.9671900065073417,1.334038711710716,0.026965026081379087,0.0
0.6271579197566485,1.6078124299131873,0.15503066988155412,-0.04525118813719739,3.0
0.5435648545882351,-0.9671902513055237,1.3301399027660856,-0.006396907756536729,0.0
-1.731788181134813,0.05404932722676536,-0.0006948941204871925,-0.043823048596892074,2.0
-1.7317881810070825,0.05405061022778904,0.0021875788408151943,0.014942658182547523,2.0
0.5435648553049093,-0.9671902356443673,1.330242703101265,-0.005678620561741274,0.0
0.5435648549176347,-0.9671901943540808,1.331340470690878,0.021627646908195363,0.0
0.5435648547649014,-0.9671893076083302,1.3370160269032554,0.04408124802245507,0.0
0.6271579197980344,1.6078098273066295,0.16654306000667723,0.02827896098580419,3.0
-1.7317881819614935,0.0540532967588739,0.00300723526068865,-0.05789130617249403,2.0
0.6271579197063654,1.607811095428853,0.15711151988094518,-0.016961361377952896,3.0
-1.7317881812904377,0.054051478949604014,-0.004230468839905117,-0.004157284583759955,2.0
0.5598736415309399,-0.6925146454463433,-1.4709842526345742,-0.021269982389213717,1.0
0.5598736409127905,-0.6925154143096638,-1.4759645647712305,0.0032604653801235526,1.0
-1.731788180992334,0.054051161385613694,0.0023654590840568963,0.047215102523887546,2.0
0.5435648553269871,-0.9671909042272495,1.3361122088041384,0.032238470283666124,0.0
-1.7317881811261153,0.05405046887906247,-0.006228784456313332,-0.006490590694340742,2.0
-1.7317881815707814,0.05405085871843727,-0.004944559512750624,0.04014327281861473,2.0
-1.7317881815461669,0.054048524222858406,-0.0031870172284029804,-0.029909295340618862,2.0
-1.731788181599528,0.05404950905996371,-0.009972257325416017,-0.023663971538256508,2.0
0.5598736407360567,-0.692515766920155,-1.4817149493236175,-0.008017478572596994,1.0
0.5435648546129952,-0.9671882739373437,1.3248460107697777,0.04526178201591634,0.0
0.5598736409720846,-0.6925157699212531,-1.476598816663656,-0.026049382775714735,1.0
0.5598736414060916,-0.6925160750585463,-1.4798180410192636,0.07944090734681042,1.0
-1.7317881815381493,0.054047535383364556,-0.004596451657733139,-0.05757170353626034,2.0
-1.7317881813740097,0.054049524525152236,-0.005336417302454447,-0.023048703653624217,2.0
0.5435648543852343,-0.9671885688513118,1.3368993616777263,0.04633620764139695,0.0
0.6271579197608945,1.6078084737387672,0.15006031146325619,0.03776016592462631,3.0
-1.731788181673437,0.05405071666201956,-0.006030921007990532,0.04088497624828527,2.0
0.5435648545975357,-0.9671920834463592,1.3298248779845545,0.01806379306771851,0.0
0.5435648548075895,-0.9671894555054442,1.3337512411447623,-0.05064609318714722,0.0
0.5435648541425555,-0.9671875738917999,1.3382164395359808,0.03132764815401354,0.0
0.6271579197352677,1.6078066530146398,0.15529838201656274,0.0603827316864485,3.0
-1.7317881811838551,0.05404984324006814,-0.0049244759662851086,0.07287900086175429,2.0
0.5598736414560321,-0.6925164700427466,-1.4831554474389117,-0.010163649136531672,1.0
0.5598736413539356,-0.6925161908639963,-1.4779569364521257,-0.006821029912802046,1.0
0.5435648545574465,-0.9671865272610248,1.3297416029960532,0.002667662544242852,0.0
0.5598736418669908,-0.6925135336093985,-1.4800639995280878,-0.12340564985036707,1.0
0.5435648549963166,-0.9671879801772997,1.3337370134362443,-0.040979764894621254,0.0
0.6271579200732648,1.6078138208868638,0.15673636165016722,-0.002133473776482102,3.0
0.5435648546319046,-0.9671893067957537,1.3291803679873826,0.08027275164966284,0.0
0.6271579196353535,1.6078100757595228,0.16838166988802217,-0.03395171388425366,3.0
0.6271579197994294,1.607809516542917,0.16391429680635383,0.0011160412996609843,3.0
0.5435648546284605,-0.9671912147383385,1.3316917339042367,0.02280210594753453,0.0
0.5598736415913966,-0.6925156343260335,-1.4810623934497176,-0.030537575029356136,1.0
0.6271579198747028,1.6078119716497514,0.15630704188273492,0.011103497485342008,3.0
0.5598736407722318,-0.6925157511804294,-1.4744908745336305,-0.005327300735916428,1.0
-1.731788181519865,0.05405007073443015,-0.008280774522581219,0.13635029192783396,2.0
0.6271579198257742,1.6078081292966013,0.1585153680862875,-0.03101125815935201,3.0
0.559873640783236,-0.6925153957174887,-1.4877591078550356,0.0034805015573792283,1.0
0.5598736413083417,-0.6925175256777645,-1.482688120291465,0.00012384863038228698,1.0
0.5435648548413051,-0.96718953339469,1.3249189349492878,-0.04029478497398349,0.0
0.5435648542885738,-0.9671882504908091,1.3360541591277775,0.04222588025613295,0.0
0.5435648545739802,-0.9671905703436848,1.3326010981622736,0.022691816060366937,0.0
0.5435648542840776,-0.9671904057017575,1.3386840247316234,-0.014846344985562976,0.0
0.5598736411742747,-0.6925149392344959,-1.4757382621434239,0.0186958846801368,1.0
0.5598736414955519,-0.6925125482398342,-1.4809329400806965,0.00046395212180973743,1.0
0.543564854853523,-0.9671880791571084,1.3303986469969222,-0.0142891682277043,0.0
0.5598736412667098,-0.6925168973861129,-1.4758692204905024,-0.02930582759596959,1.0
0.5435648546429341,-0.9671910642344882,1.330253973348266,-0.018048356150256583,0.0
0.5598736412314297,-0.6925166010438922,-1.4766321145519152,0.028295513281691984,1.0
0.5435648542124314,-0.9671871150119246,1.3350560783064813,0.011141461909088969,0.0
0.5435648546429676,-0.9671913113342702,1.3393490291688743,0.0033532972544189944,0.0
0.5435648549470229,-0.9671879459463314,1.3346792799890272,0.02586422915502599,0.0
0.5435648547738666,-0.9671880907053043,1.3324234924264986,-0.004748274558746165,0.0
0.5598736408419805,-0.6925134471609805,-1.4752460851185303,-0.012041759608397882,1.0
0.6271579201499178,1.6078128671447076,0.158931301187882,0.026255854375525394,3.0
0.5435648541839543,-0.9671896033546822,1.3305917460336893,0.041583845482891874,0.0
0.5598736419916059,-0.6925129711877512,-1.474253735290713,0.0018423311255062447,1.0
-1.731788181069858,0.05405047831555417,-0.0071332641426297035,0.0008519843396008506,2.0
0.6271579198440991,1.6078105110652907,0.15893886925260214,-0.009202936290573522,3.0
0.5435648548658876,-0.9671882444009645,1.3309832558629442,0.0319358459071578,0.0
0.5598736412712086,-0.6925165695762735,-1.4735899044926781,0.034725715253592755,1.0
0.6271579199817704,1.6078118085923598,0.1633449964801805,-0.0717582974759137,3.0
-1.7317881811233862,0.05404939937853472,-0.0035534458578682206,0.021467245620906353,2.0
0.5435648544306724,-0.9671900746256487,1.3307191673219854,0.014473925308290881,0.0
0.5598736411116579,-0.6925152702620812,-1.4772314267470583,0.04076063177648577,1.0
0.5598736414275407,-0.6925123340678752,-1.4786236145984588,0.01572046713621385,1.0
-1.7317881810576936,0.05405102936956782,-0.01058805148898303,0.037497018585078506,2.0
0.6271579200809776,1.6078097377000689,0.16023377908237074,0.036078208627695445,3.0
0.6271579197372652,1.607810382420363,0.16268511928665425,-0.02728313870520223,3.0
0.5598736415181268,-0.6925165814172219,-1.4818847955023613,0.012177064984862655,1.0
0.5435648545939105,-0.9671936777748342,1.3273718607147988,-0.015626520912787996,0.0
0.5598736415318711,-0.6925168909919708,-1.476445866200926,-0.018438389297827124,1.0
0.5598736419373401,-0.6925173420013119,-1.4685321045236974,0.03624826620396695,1.0
0.6271579202205007,1.6078092431844444,0.1581273294715512,-0.02356076194027271,3.0
-1.7317881807905366,0.054052808926898566,0.001922083571254139,0.02438743876261367,2.0
0.5598736414498451,-0.6925146382236578,-1.4777276238803412,-0.030183272180839934,1.0
0.5435648550218097,-0.9671872830001247,1.338740476287336,0.00816150582878687,0.0
0.627157920560738,1.607808703331005,0.16702609897853443,0.06277476760257435,3.0
0.5435648548286947,-0.9671891693326451,1.3304521036780514,0.09186887262240641,0.0
-1.73178818186629,0.05405158743187,-0.003744947429315249,0.10135866660250267,2.0
-1.7317881816611893,0.05405075582374295,-0.002170060099905423,-0.017197235564287205,2.0
-1.7317881813393086,0.05405154205033126,-0.0019335388181451266,-0.00677880921704694,2.0
-1.7317881824080106,0.05405044403319869,-0.00475256759511095,-0.02802209405638523,2.0
0.6271579201306259,1.607811141982829,0.1609372917744519,-0.02681932565389682,3.0
-1.7317881820344188,0.05404828276974329,-0.0008288249023951538,-0.05159621202855633,2.0
0.5598736415487866,-0.6925156895540855,-1.4833539916801588,-0.007398071814011182,1.0
-1.7317881817388665,0.054050752122594886,-0.005553599982827282,-0.030634083377216664,2.0
0.6271579203742951,1.6078120114208905,0.1656119995409414,-0.006510982537088987,3.0
-1.7317881811596854,0.054050268334176296,-0.002402566382634697,-0.07878987273465554,2.0
0.6271579194783752,1.6078126800359476,0.16125456218165285,-0.008610306917987287,3.0
-1.7317881807189572,0.05404625785289373,-0.004816545620390553,0.03178097366112067,2.0
0.5435648550795017,-0.9671892257560755,1.3305475151993138,0.04104144734585103,0.0
0.5435648555874211,-0.9671877905951118,1.3311837878276658,0.004825160390428106,0.0
0.5435648546918714,-0.9671901335362624,1.338294689081707,0.022477982742079215,0.0
0.5435648545957097,-0.9671870176225146,1.3320464450260798,0.042645813201643505,0.0
-1.731788181277314,0.05405074180995941,-0.0027677442011048653,0.038045749700926196,2.0
0.5598736412560894,-0.692515245805982,-1.4795200982362238,-0.007591731515586697,1.0
0.5598736413702713,-0.6925149862212266,-1.4773945074224812,-0.004056372656362126,1.0
0.6271579196680952,1.6078103103044206,0.16468663666032676,0.024145779162739574,3.0
0.5435648542666738,-0.9671890686716624,1.3360840659801168,0.04066858804734366,0.0
0.5598736414410296,-0.6925176176274358,-1.4742209858397086,-0.02611711394362547,1.0
0.5435648549264066,-0.9671891779074258,1.3310416258009095,0.018061205310049212,0.0
0.5598736421691842,-0.6925153395573992,-1.4766106407935609,-0.029131840070280985,1.0
0.5435648550069033,-0.9671883810780059,1.3322861421496368,0.00992390706746788,0.0
0.6271579198777522,1.6078106061045077,0.16045586503014167,0.05119109451578049,3.0
-1.7317881814208738,0.05405013928400865,-0.006301380078530105,0.037849033009054824,2.0
0.6271579201357274,1.607813961780374,0.16373277882846807,0.019162903648594624,3.0
0.5435648548489073,-0.9671895715451048,1.3333177270242664,0.00020108017337166904,0.0
-1.731788181832528,0.05404758987657983,0.0008448718382853118,0.007089017467168934,2.0
0.543564854597143,-0.9671890549179701,1.3336967695061963,-0.02121627205947567,0.0
0.6271579195797442,1.607815269074326,0.15644649941918187,-0.002946037856046514,3.0
0.5598736412540551,-0.6925151743153608,-1.4688472130315207,-0.055527652030957865,1.0
0.5598736413651041,-0.6925178178266321,-1.4775986669326804,-0.02292069157789254,1.0
0.5435648545910807,-0.9671903185775131,1.3358696780553927,-0.03129556834850091,0.0
0.5435648546191977,-0.9671903710641383,1.3321084631428028,0.016368098161051704,0.0
0.6271579199983087,1.6078124596903849,0.1579262535949812,-0.028704481782713877,3.0
-1.731788180934979,0.05404618454708462,0.001929944980821146,-0.02087029000333645,2.0
-1.731788181463621,0.05405020243258156,-0.0018384950074208342,0.0071895349220028396,2.0
0.6271579198598242,1.607810061549843,0.15373980901792728,0.033322210164845024,3.0
0.5435648545813782,-0.9671914762970404,1.3316909782302233,0.02921784926091398,0.0
0.5435648547836647,-0.9671919068449473,1.336262760532163,-0.007281530932453552,0.0
0.5435648547145693,-0.9671904323977614,1.3297276818652046,0.016739900700524283,0.0
0.5598736408039615,-0.6925146207689753,-1.4825968079584395,0.03144706194412826,1.0
0.5435648549585194,-0.9671887082068314,1.3318535155671678,-0.03450318663583145,0.0
-1.7317881811804745,0.05404913435392499,-0.0008256329353681275,0.008330154065297616,2.0
0.5598736411810915,-0.6925154651981921,-1.4768606851187234,-0.04873891857379701,1.0
0.5598736411995472,-0.692516327852534,-1.4790877444508068,0.012254332331435552,1.0
0.5435648553409608,-0.9671875709689852,1.3352495629203394,0.026384805527047663,0.0
0.5598736418573664,-0.6925166318289995,-1.4803191644256974,-0.033768828335410575,1.0
0.5435648549191988,-0.967185556447096,1.328414090894936,-0.004757543952331992,0.0
0.5435648547535211,-0.9671899971667112,1.329170537743887,-0.02634125712903776,0.0
0.5435648549116512,-0.9671856855532398,1.3368041811528517,0.030952324871358353,0.0
0.6271579193533364,1.6078121681473547,0.15753710591259604,-0.037896127843371874,3.0
0.6271579193433676,1.6078098943133385,0.16610969619501756,0.011677649072047165,3.0
-1.7317881813283018,0.05405235825893926,-0.0007480345536257419,0.0625291935595786,2.0
0.5598736422041702,-0.6925182130197483,-1.4788738103628272,-0.03268409397563071,1.0
0.5435648539423023,-0.9671894115027924,1.3297582310820157,0.057470603098394114,0.0
0.5598736419138999,-0.6925156979358358,-1.4762386129062242,0.05785760579226738,1.0
-1.731788181460059,0.054051021003166715,-0.010509337277320086,-0.002227394306357697,2.0
0.5435648548038671,-0.9671907816115651,1.3384482532812183,0.04519409716716303,0.0
0.5435648542651866,-0.9671891587569817,1.3382307811933705,0.012220174643964042,0.0
0.5435648544123194,-0.9671866297143054,1.331325141671823,-0.007040656353707333,0.0
-1.7317881816817018,0.05405085631073484,-0.012751438463402476,-0.01169146619670717,2.0
0.5435648546007357,-0.9671896180486631,1.3287616838183989,-0.0008226362750396841,0.0
0.5435648546100118,-0.9671876563715838,1.3307621695885734,0.041695372921854,0.0
-1.731788181135015,0.05405126053684602,-0.009032351052531286,-0.01565513414124797,2.0
0.6271579194814373,1.6078106123966303,0.1590140634122655,-0.03621568494572726,3.0
0.5598736414609325,-0.6925148061985669,-1.4845451836217578,-0.013683398507859256,1.0
0.6271579194835268,1.6078113962507137,0.16100411539188905,-0.04610116581551675,3.0
-1.7317881816445038,0.05404941326842709,-0.005039380195955149,0.01985851587175949,2.0
0.5435648544679554,-0.9671858258642738,1.334920994123732,0.007621247475366982,0.0
0.543564854372967,-0.9671886631992029,1.3348330971817428,-0.006308837592022501,0.0
-1.7317881814292946,0.054051925498660044,-0.007111279499535182,0.03429707751576225,2.0
0.6271579196298055,1.6078122579155927,0.15866319721078445,0.04745169381262504,3.0
0.6271579196092094,1.6078123536996507,0.16402749522563703,0.04382516122312571,3.0
0.5435648552630603,-0.9671906561891155,1.3321575461605852,0.03189749488705161,0.0
0.5435648546974293,-0.967190553361284,1.3305193534847601,-0.031532973645782066,0.0
0.5435648547761042,-0.9671886631537995,1.3312369491930147,-0.02841970335455798,0.0
0.5435648551573602,-0.9671899569122895,1.3318844378119639,0.010144529707235284,0.0
0.5598736414895643,-0.6925191409554144,-1.4799232340586044,-0.059367492827937546,1.0
0.5598736416536289,-0.6925187296437587,-1.476948044746646,0.027668583597830355,1.0
0.6271579196057296,1.6078102722765624,0.1581012361716922,0.017125774411662617,3.0
0.5435648548926058,-0.9671888921110775,1.336835258322494,-0.06043637982177763,0.0
0.6271579198445144,1.6078156574878413,0.16401539381577454,0.008269543871402715,3.0
0.6271579206856709,1.6078130660437764,0.16948825354980532,-0.0026947058777828346,3.0
-1.7317881814698093,0.05404790250925977,-0.004394426984994884,0.008535986023014018,2.0
-1.7317881809589577,0.05404883462367913,-0.002688844440446234,-0.03122151686535531,2.0
-1.731788181625154,0.0540503326058932,-0.0044138559987829725,0.009460684920573873,2.0
0.6271579196049776,1.6078123987684303,0.15900760613182577,-0.010910167622982022,3.0
0.5598736412056513,-0.6925152824435311,-1.480465891980656,-0.07314809979288421,1.0
-1.731788181716577,0.05405214347626764,-0.0032102286854343667,0.09316599480894966,2.0
0.5435648548726626,-0.9671915507199601,1.3412024791430033,0.011242349257804238,0.0
0.5435648544964179,-0.9671896201666175,1.3280091039154156,0.06418416171730795,0.0
-1.7317881813069733,0.054049567870794984,-0.008138151995170779,0.0012205676386044491,2.0
-1.731788181252646,0.0540518081269386,-0.007287348207218224,0.011809465574805094,2.0
0.6271579199991961,1.6078130561984763,0.16002093373246107,0.037755930384675805,3.0
0.5435648548756191,-0.9671908829661465,1.3263307302082297,-0.03662571486048194,0.0
0.5598736413264697,-0.6925139536470931,-1.4848974564835677,-0.025542475055291173,1.0
0.5435648550433668,-0.967190904848284,1.33211576440333,-0.006828526869254001,0.0
-1.7317881817996232,0.05405056897531039,-0.004715818873052887,0.0014339732266644882,2.0
0.5598736408302984,-0.6925136850528313,-1.4800136902319716,-0.004144911831689929,1.0
-1.7317881815924132,0.05405226476028658,-0.00531101057779752,0.016693219937281654,2.0
0.54356485435421,-0.9671883978472228,1.3308109812050546,0.006542229424255722,0.0
0.5435648555805589,-0.9671917008569826,1.329797022179018,0.024132505603033542,0.0
0.543564854547893,-0.9671925520840207,1.3260165502102856,0.03353633930159431,0.0
-1.7317881814408755,0.054050038939964615,-0.0014672580369848452,-0.0008841370443685709,2.0
0.627157919778518,1.6078107420692564,0.15773294894660367,-0.04422482562339568,3.0
0.5435648550092177,-0.9671894168347542,1.3285556475922309,0.002318250825134835,0.0
-1.7317881813825706,0.05404618744436477,0.00041429391608232023,0.046206010844070534,2.0
-1.7317881807036262,0.05405017688864807,-0.004511357699629295,-0.04233238656890641,2.0
0.5598736420264332,-0.6925165975433064,-1.48184693178569,-0.05455358857388572,1.0
0.5598736417605386,-0.6925131658976665,-1.4789880063093175,-0.025100616435475818,1.0
0.5435648544515437,-0.967193311818061,1.3270456780901156,-0.028376432123803353,0.0
-1.731788181604246,0.054051003631432476,-0.005658602379056188,-0.014049208290145483,2.0
-1.7317881819740728,0.05404835286521533,-0.0027613719046022307,-0.030935945008063702,2.0
-1.7317881815767346,0.05405181587892433,-0.003454068421885436,-0.05252249917885674,2.0
0.627157919958103,1.6078092712459582,0.15437884626278942,-0.0029983323080405707,3.0
0.5435648548301086,-0.9671909735311236,1.3357515376373417,-0.031659258185752,0.0
0.5435648552665073,-0.9671890192993164,1.3372216313087368,0.008426157056847206,0.0
0.5598736414575846,-0.692518715880229,-1.477355713078277,0.011509430555016471,1.0
0.5435648547248492,-0.9671912854924677,1.3413407181619137,0.031081332793003454,0.0
0.5598736407798144,-0.692514890934375,-1.47895122163485,0.037678113299870794,1.0
0.5598736419310942,-0.6925169803217176,-1.477750519176299,-0.022927576762627463,1.0
0.559873641167636,-0.6925147850634821,-1.4800799781587486,0.01116463737540355,1.0
-1.7317881809692752,0.054049330262807796,-0.009362659548945815,0.0653954730888236,2.0
0.6271579205360658,1.607810438003833,0.1641410488587508,-0.013259570274910993,3.0
0.5435648547505377,-0.9671899207719193,1.3335559413969305,0.04743239436254087,0.0
0.5435648552135245,-0.9671893855407039,1.3388906404915366,-0.030061055901264882,0.0
0.6271579200070996,1.607808945688362,0.16171033412468558,-0.03542987391160305,3.0
0.5598736413275182,-0.6925135101571569,-1.4766903704967702,0.05415782899031017,1.0
-1.7317881815285796,0.054051557791250274,-0.005094244604802295,0.04056301376726203,2.0
0.54356485442225,-0.9671897593998064,1.3355375265852851,0.04119626905314105,0.0
0.5435648552084608,-0.9671896878360028,1.327665974782037,-0.015633101044741155,0.0
0.5598736420565251,-0.6925181205398019,-1.484624599214714,-0.03396010548351338,1.0
-1.7317881816232505,0.05405161800048717,-0.00444452339241245,-0.06620215100854274,2.0
0.5435648546190791,-0.9671887430989732,1.3277648397920894,-0.0324988196316022,0.0
0.5598736412104354,-0.6925175655695225,-1.4831972967239035,-0.03569916628959558,1.0
-1.7317881813702993,0.05405281648197178,-0.005949289373834427,-0.0852572779183643,2.0
-1.7317881816349485,0.05405114285350347,-0.0036574570393126545,0.014007368588829774,2.0
0.5598736412833744,-0.6925163931211703,-1.4795158996989164,-0.007393173774411278,1.0
0.5435648542570277,-0.9671880282450674,1.3331761772271122,-0.0415146032546028,0.0
0.5598736418339006,-0.6925141397235335,-1.475868674523439,-0.012096961690620764,1.0
0.5598736419559736,-0.6925168884066507,-1.4830076312708864,-0.037585186431924295,1.0
0.5598736415393929,-0.6925166998482506,-1.4799569189236932,-0.01621950225176038,1.0
0.5598736409705356,-0.6925152167022705,-1.4823150785226502,0.0004823471089916233,1.0
0.5435648550737127,-0.9671873893774642,1.3370504344619183,0.030922449193991754,0.0
-1.7317881815371812,0.05404678867360324,-0.0014531285102686615,0.022223989887892218,2.0
-1.7317881818570202,0.05404823046598193,-0.005817227990360495,0.017504676517947147,2.0
0.5598736414833133,-0.6925155204218447,-1.4773148818461541,-0.01698177869456756,1.0
0.5435648550725535,-0.9671873768200182,1.3333620137974727,0.04884324361287859,0.0
0.5598736421271218,-0.6925170095113248,-1.4800209577297128,-0.052586136646259635,1.0
0.6271579204700577,1.6078108816647574,0.16466055576924168,0.015533499857091456,3.0
0.6271579192849808,1.6078108075536548,0.16654588982257082,-0.04817415394283998,3.0
0.6271579202494999,1.6078100454110875,0.1575875282613603,-0.0062937246560441805,3.0
0.6271579200412457,1.6078122044775816,0.15833615659568506,-0.01578434081436905,3.0
-1.7317881809973672,0.05405032888333064,-0.0013717369382811513,-0.0016937123631209435,2.0
0.5598736417776118,-0.6925153196132441,-1.478430081020665,-0.037114654037897016,1.0
0.6271579200521442,1.607810391099361,0.15620803470527014,0.04776643851956071,3.0
0.5435648546083737,-0.9671935429888209,1.3320752305313353,-0.013768096348988625,0.0
-1.7317881812344358,0.054052997918626534,-0.004244591208821492,-0.014066829341183832,2.0
0.5435648551639952,-0.9671888295718952,1.3302505673003104,0.024413534723898917,0.0
0.5598736412371074,-0.6925149671495539,-1.480600479159953,0.03926614698514811,1.0
0.6271579203352099,1.6078111068867722,0.16031111113438176,0.002411964413066399,3.0
-1.7317881812949665,0.054048141796918234,-0.002144780968003323,-0.012662631271301714,2.0
0.5435648549147156,-0.9671897940389562,1.3292971277772012,-0.04921359886076031,0.0
0.5598736414784712,-0.6925166574319802,-1.4833406732727221,-0.06927110586400025,1.0
0.6271579197190411,1.6078105402755452,0.16017805095004523,-0.029010441053710697,3.0
0.6271579197760057,1.607812778602118,0.16522840730064361,0.0004950521152273012,3.0
0.5435648542843609,-0.967188785557492,1.3316106031660266,-0.0013637361216882564,0.0
0.6271579197356181,1.6078113734726693,0.15092080108476316,0.01675144812658671,3.0
0.5598736414496988,-0.6925168179379949,-1.4810060736412947,-0.027405926450488716,1.0
0.5435648549092643,-0.9671921697633696,1.3335304180390002,-0.00459145875055139,0.0
0.559873641552353,-0.6925140154490698,-1.4746003558095797,-0.028416023984321685,1.0
0.5435648549741133,-0.9671891206403972,1.332503130334673,-0.014296277380924292,0.0
-1.7317881813954414,0.054052892822630816,-0.009855484161939829,0.015961016907148406,2.0
0.5435648545095249,-0.9671920354476151,1.336203940987873,0.06404911806337961,0.0
-1.7317881817091059,0.0540530627349096,-0.006415967469780121,-0.06251785885256779,2.0
-1.7317881820147705,0.0540511888898762,-0.003260285920199659,0.01908972200307116,2.0
0.5598736413128609,-0.6925158820606989,-1.4854458506194415,-0.040589823737943634,1.0
0.5435648542748973,-0.967188095569216,1.332243817418478,-0.017318536090612853,0.0
-1.7317881818957563,0.05404899665379319,-0.005081310219794966,0.029693647602939317,2.0
0.6271579193718495,1.6078134396316042,0.1668937667449759,-0.023420270664602876,3.0
0.5435648545445091,-0.967188583682106,1.3399614627920196,-0.05198937027927565,0.0
0.5598736410199876,-0.6925148622007691,-1.4746348778607292,0.011731358960473434,1.0
-1.731788181754878,0.05405046446164341,-0.004500064176442425,0.02360886244421966,2.0
0.5435648551027337,-0.9671899227215036,1.340172701905272,-0.013817277541160319,0.0
0.5598736414484488,-0.6925180720001523,-1.4761474096588971,-0.024938467168427896,1.0
-1.7317881819405212,0.05404915446344033,-0.008272510080411185,0.004329107771907149,2.0
0.5435648542739479,-0.9671885851026588,1.3309468013170511,0.009408563687635896,0.0
0.5435648547618466,-0.9671900814430089,1.3292911616036562,0.01965620302327467,0.0
0.5598736420474928,-0.6925191561247291,-1.4734555412062231,-0.08493449573519121,1.0
0.6271579204888028,1.6078125066297082,0.1550628355176671,0.0028679486891618547,3.0
0.5435648554935726,-0.9671871374253069,1.3313566485110395,0.05053252810167411,0.0
0.5435648545916625,-0.9671902678184946,1.3306073464254387,0.020127788529561663,0.0
-1.7317881819991683,0.05404993056347932,-0.00464874205467313,0.007031621436704609,2.0
0.5435648546673568,-0.9671895312310735,1.3342065651123434,0.016391900340369563,0.0
-1.7317881815513716,0.05404856779470163,-0.0016721199617802428,-0.03014010402030746,2.0
0.6271579199898475,1.6078131854897035,0.15485552786271684,-0.017432928430812036,3.0
0.62715791942135,1.6078115552956815,0.16197142763291725,-0.018177339419848778,3.0
0.6271579198269076,1.6078130455741675,0.1560589855405025,-0.04252568181885483,3.0
-1.7317881814777083,0.05404962658889447,-0.00026059156691624064,-0.04533390254976655,2.0
-1.731788181186962,0.054049915849451076,-0.008982359684551553,-0.004125217951188308,2.0
0.5435648547421336,-0.9671892608116157,1.3348031358777317,-0.01554100761549219,0.0
-1.7317881816337979,0.054050539152999975,-0.004707020628971299,0.011457815099677165,2.0
0.6271579204550597,1.607812025990123,0.16333996266868422,0.025852654296209802,3.0
0.6271579197228623,1.6078116449650357,0.16179154953866118,-0.01839513802021893,3.0
0.5598736418829955,-0.6925162963132844,-1.4770582370734084,0.005621750217215208,1.0
0.5598736414416484,-0.6925149874191486,-1.4764786964439574,-0.011655059572895204,1.0
0.5598736425715921,-0.6925179896877807,-1.4860317570716164,0.04035842014889747,1.0
-1.731788181606176,0.054050005984596174,-0.00893010541309882,-0.03933393168895904,2.0
-1.7317881811370048,0.05405035149188603,-0.0075906557230460735,-0.033965377345758274,2.0
0.543564855981524,-0.9671884312538435,1.3290308660651415,-0.013370777566738639,0.0
0.5435648551886564,-0.9671899944258884,1.3300777368631276,-0.005668963340312213,0.0
-1.7317881818051417,0.05405077765650019,-0.011709437989459831,-0.03257852984701991,2.0
0.6271579197001615,1.607814539659763,0.1604501240052809,0.022940830022642054,3.0
0.5435648549687785,-0.9671878907546476,1.332232113699379,-0.01822502511470079,0.0
-1.7317881812830689,0.054049529927484595,-0.007512607796168267,0.004234564885356943,2.0
0.5598736418002928,-0.6925184537955885,-1.4754588695659494,-0.014654421930347552,1.0
-1.731788181776378,0.05405178321514799,-0.004114849477671938,0.06005644378407001,2.0
0.5598736412482064,-0.6925160614398229,-1.479289914489058,0.010899435429889833,1.0
0.6271579191935246,1.6078113370949676,0.16526484774062447,0.07631535369651543,3.0
0.5598736421650865,-0.6925171725439186,-1.4801991741760945,0.044474525654769,1.0
0.5598736413493244,-0.6925136415881243,-1.4717519806364006,-0.02798746711980875,1.0
0.5598736415279315,-0.6925176435180465,-1.475230409865271,-0.07987299356143444,1.0
-1.7317881805895947,0.054049563977393515,-0.0009147920759165898,-0.0428983527886338,2.0
0.5435648545485934,-0.9671907604622423,1.3380676271474112,0.033832411867857536,0.0
0.6271579197574464,1.6078118048516807,0.1641114414871592,0.02066546790518311,3.0
0.5598736412023914,-0.6925131139723248,-1.4745992686103897,-0.06154316308167009,1.0
0.6271579200466134,1.6078128843351887,0.16156863360639281,0.027443086202006303,3.0
0.543564854811592,-0.9671873032437329,1.33791588287825,0.04074440227137553,0.0
0.543564854441447,-0.9671886403197371,1.3313314938641696,-0.01717447605379012,0.0
0.5598736414211672,-0.6925135979477077,-1.4793033362173733,-0.020204547622639915,1.0
0.5435648545522361,-0.9671888691581195,1.3319966429538257,0.053509029180703604,0.0
0.6271579204024181,1.6078108296647906,0.15340129149211162,0.057953417929807696,3.0
0.5598736417072095,-0.6925189598880583,-1.4747434772093944,-0.051635212253508034,1.0
0.5598736413483753,-0.6925134770991691,-1.4759625916357344,-0.03248364487221009,1.0
0.5435648550652554,-0.9671877741827927,1.3242964906517651,-0.0061291570019437955,0.0
0.627157920057867,1.6078141876370171,0.15831724342994774,-0.01993476900912824,3.0
0.5435648547241744,-0.967186525080427,1.3371074587237979,0.048416846467863095,0.0
-1.7317881813894378,0.054051573353395055,-0.0049933171975991035,0.034749258310759826,2.0
0.5435648548562092,-0.9671873456193177,1.3298797834703902,-0.013062692346509279,0.0
0.5598736415662349,-0.6925172882417379,-1.4779650858228277,-0.06565059673816745,1.0
0.5435648544068691,-0.9671899512807524,1.3369442022333549,0.016832691967887253,0.0
0.6271579197879606,1.6078142357389422,0.1606536051889685,-0.05762350723651104,3.0
0.6271579198074179,1.6078097228629058,0.16302478928898112,-0.00939855458670834,3.0
0.5435648546601043,-0.9671904197665206,1.3383539129705344,-0.02336763952528678,0.0
-1.731788181280543,0.05405117260219498,-0.00476134220046611,-0.013517524075315672,2.0
0.5598736421222812,-0.6925153240736768,-1.4744777624217313,-0.03495592579369707,1.0
0.5598736409702335,-0.6925166602930095,-1.481330776096371,-0.04946152671224947,1.0
-1.731788181120591,0.05405048350638092,-0.002147518081322313,-0.0942875918063594,2.0
0.5435648555375183,-0.9671874866445168,1.3248257441990774,0.01196247851754647,0.0
0.5435648554823086,-0.9671884915258964,1.3296612509400787,0.042204682006531456,0.0
0.5598736418386574,-0.6925172647707467,-1.4810191213183315,-0.017900414040589698,1.0
0.5598736414767099,-0.6925153687089173,-1.4774612063714152,-0.09984560235558756,1.0
0.5598736412645309,-0.6925137326035681,-1.478445884218952,-0.0032734100235442803,1.0
0.6271579198368334,1.6078083689363754,0.16120304174787087,0.030860913180652153,3.0
0.6271579197596769,1.607809796115754,0.16470899605325837,0.003698084354697189,3.0
0.5435648550718022,-0.9671897677489074,1.329477213154698,-0.02870926936402673,0.0
0.6271579188348968,1.607809443030305,0.15693157760659704,0.015821689973217784,3.0
0.5435648543602251,-0.9671897872844265,1.336378588407985,-0.06318968121156897,0.0
0.5435648546751554,-0.967190008215081,1.3307316905412483,0.026240440348862328,0.0
-1.7317881816081766,0.0540502815021426,-0.0070959976049117315,-0.021281708825445705,2.0
0.5435648545196952,-0.9671866780923223,1.3364468208340594,0.04279951369266722,0.0
0.5435648536314298,-0.9671877367709837,1.3344473976955809,0.03946513736441623,0.0
0.5598736419866936,-0.6925158811844492,-1.4884263722858315,-0.07001833351570146,1.0
-1.7317881811450393,0.054051255119681216,-0.004049482562921901,-0.02713165566367912,2.0
0.6271579194552189,1.6078121621334518,0.1620177638108816,-0.0010222796564094074,3.0
0.5598736417073317,-0.6925149989854774,-1.4819940087640284,-0.04378742514370272,1.0
0.6271579201470825,1.607813884515642,0.16332792187064396,0.04088309477543397,3.0
-1.731788181657404,0.054048088120101326,0.00011646287694852151,-0.051279975579691814,2.0
-1.7317881817786027,0.05404787689522632,-0.0048398804071806785,0.007010267928617801,2.0
-1.73178818175936,0.0540497989340348,-0.0027622272620777904,-0.03985591317419081,2.0
0.6271579199946011,1.6078129457767645,0.15485214234198066,0.02379424818189494,3.0
0.6271579197325758,1.6078114237454817,0.16448283015291468,-0.03757330345010405,3.0
0.5435648551450967,-0.9671882657650308,1.3421775011571078,0.01165833646885891,0.0
-1.7317881814749225,0.05404953616024972,-0.00684303931935626,0.052663562399305155,2.0
-1.7317881814349803,0.05405152066657207,-0.0068296264931725905,-0.031800893583826054,2.0
0.543564854196093,-0.9671907187060361,1.3324370739792355,-0.0078032444859342225,0.0
-1.7317881812820164,0.05404840846152539,-0.00012378476149792339,0.04958063654344047,2.0
-1.7317881806320634,0.05405113238558364,-0.002892725703002924,0.06413592452281837,2.0
0.6271579196187627,1.6078123045247514,0.16107921068312334,-0.0199822403318769,3.0
0.5598736419425058,-0.6925163181583087,-1.4835404009775806,-0.015014447377326596,1.0
-1.731788181402816,0.05405029661623772,-0.005760526280519369,-0.041352224326756754,2.0
0.5598736408470392,-0.6925177557694876,-1.4794554983551,0.05042452238787784,1.0
-1.7317881811129998,0.05405161231260203,-0.005641939096787264,-0.04377702051102105,2.0
0.5598736414845906,-0.6925162290981575,-1.4760452755306122,-0.017046869168654843,1.0
0.5435648547680777,-0.9671905543366682,1.3294598709633636,-0.019093375707015237,0.0
0.5435648552306348,-0.9671882067476562,1.3379538845826449,0.02884573657758951,0.0
0.6271579201040911,1.6078111594844682,0.16283369635416894,-0.019684871086541832,3.0
0.5598736410010134,-0.6925162930029923,-1.4852533420953193,0.027083338723483175,1.0
-1.7317881816449203,0.0540524884412886,-0.0063099819336476575,-0.02668971231208261,2.0
0.559873641898687,-0.6925164502829522,-1.4801621924899948,-0.010021932449188253,1.0
0.6271579194797171,1.6078114824433185,0.15972080222231072,0.03230616819124578,3.0
0.559873641614459,-0.692516593661879,-1.4782294540088066,-0.014534884860966824,1.0
-1.7317881822257053,0.05405060563756993,-0.007444530069866984,0.0013120905536092276,2.0
0.6271579200932137,1.607810886313871,0.1604835753498193,0.021100809692625372,3.0
0.627157919721919,1.607809643794176,0.15734507144370108,-0.04672216244003762,3.0
0.5435648543418174,-0.9671880646202451,1.3358070816418433,0.04178816277785873,0.0
0.6271579199592434,1.6078104521404182,0.16088896072936887,0.006636370735849015,3.0
-1.7317881815770533,0.054049876565640725,-0.0013340325541971148,-0.049376278694758,2.0
-1.7317881817626384,0.054050759852592105,-0.005825002406826936,0.05916698967673312,2.0
0.6271579194048538,1.607811952027918,0.16092723194670167,-0.06111813822779757,3.0
0.559873642283158,-0.6925184081629785,-1.4813827032228586,-0.010897102061977899,1.0
0.5598736413363556,-0.6925152859906694,-1.4771103994733732,0.009297391428641116,1.0
0.5598736413245412,-0.692516656165175,-1.477619576343786,0.002507960031858795,1.0
0.5435648545998645,-0.9671888808710742,1.3326661659027756,-0.0202152725011717,0.0
0.5435648546608867,-0.9671883158841712,1.3353072165510622,-0.026729166705336257,0.0
0.5435648538245144,-0.9671895136029577,1.3363391022933078,0.020375646060896396,0.0
0.5598736412519612,-0.6925172325370663,-1.4754689870587956,0.0736120429827376,1.0
0.5598736418902228,-0.6925140417693043,-1.47874463727184,0.007787044525934461,1.0
0.5435648546659082,-0.9671890591294515,1.3335353939748076,-0.00847864365256754,0.0
0.6271579196094433,1.607811707625003,0.15951926382503076,0.04653963334090598,3.0
-1.7317881809906726,0.054051113145350396,-0.009632276696041785,0.02797689697174755,2.0
0.5598736412855859,-0.6925148369260471,-1.4797478259758754,-0.00423579065620067,1.0
-1.7317881811880371,0.054051330040574,-0.0019459070109787953,-0.02359007921737657,2.0
-1.731788181045959,0.0540529174488081,0.0005245003826124811,0.049425986222942926,2.0
-1.7317881818097383,0.054051429240936345,-0.0007384735179084892,0.049300763404618655,2.0
0.5598736412509066,-0.6925145171245625,-1.4796871414454305,0.005236513484559492,1.0
0.6271579195386019,1.6078122504896168,0.15779978327406782,0.004540755435348714,3.0
0.6271579195343961,1.6078131555925723,0.1570003669749977,-0.02380276100003568,3.0
-1.731788181634748,0.05405188909411254,-0.004914413825882546,0.054716366564229804,2.0
0.6271579199865539,1.607812117638951,0.17036905588380535,0.003590759853374924,3.0
0.5435648551744852,-0.9671901609165715,1.3292695100257284,0.07402255633005042,0.0
0.55987364110166,-0.6925147961723874,-1.4771681149036888,-0.03575920522331091,1.0
-1.7317881814130736,0.05405129271161876,-0.003588296619084394,-0.01162232924387775,2.0
0.5435648543789853,-0.967189917510135,1.332000376899795,-0.0013880164136639219,0.0
0.6271579200582026,1.6078126877079382,0.16008111482350257,-0.025574280246919757,3.0
-1.7317881814100418,0.05405106413064382,-0.003655980812426073,-0.0021649197314771874,2.0
-1.7317881807296742,0.05405110475821084,-0.00959039231531005,-0.0035757707410504825,2.0
0.5435648544923163,-0.9671900409764487,1.3332125704771398,-0.010926650769473212,0.0
0.6271579200067412,1.6078102800296385,0.1565310497913243,0.02868598850664588,3.0
0.6271579193711858,1.6078115180177548,0.1596341813762412,0.05224534970874378,3.0
0.5598736418436471,-0.6925154654234388,-1.476960639254528,0.0009212000454707267,1.0
0.6271579193038108,1.6078131289538737,0.15793766638289675,0.09175543914213702,3.0
-1.731788181599973,0.054047623513924295,-0.000707974672166162,-0.024024594811171,2.0
0.6271579197318817,1.6078130558469337,0.16847090677519874,0.021900000892895292,3.0
0.5598736419700248,-0.6925157791773491,-1.4742600968535395,0.0068956496602123095,1.0
0.5598736417875445,-0.6925136727177238,-1.4798528555410886,-0.058801329622509994,1.0
0.6271579193913226,1.6078094538089156,0.15211629963396325,0.02511943252576412,3.0
0.6271579200637758,1.6078122141796956,0.15933893213031847,0.022620482845939854,3.0
0.5598736420661474,-0.6925159518513992,-1.4748775467385495,0.0318453295316225,1.0
0.6271579194269475,1.6078135032162595,0.15738131200363836,-0.037856430109686534,3.0
-1.731788181527764,0.054049268200894215,-0.005217487517282962,-0.09805470056183466,2.0
0.6271579201470008,1.6078122914764792,0.15433657661963154,-0.02216907030219564,3.0
-1.7317881822548957,0.05404884067185522,-0.008254521852309241,0.00405375512823944,2.0
-1.7317881818326455,0.05404907998237631,-0.005517498632844115,0.03743947109531637,2.0
0.6271579196199812,1.6078132919280743,0.16298894223292862,-0.03348100951972007,3.0
0.627157919686456,1.607810800038124,0.16271247827417906,0.05080766191904974,3.0
0.5435648547055203,-0.9671901166837665,1.3369594476411109,0.04956858321110264,0.0
-1.7317881816134848,0.05404929022537288,-0.0013305935123048972,0.015569543192482153,2.0
0.6271579193630462,1.6078068110993726,0.15527220244447443,-0.049259490242271095,3.0
0.627157919780714,1.6078113141510642,0.15579826759761686,-0.05349234694997159,3.0
0.5598736418579064,-0.6925129013361446,-1.4803769187940565,-0.009511599518716456,1.0
0.6271579194384543,1.607811318061277,0.15988133023351844,-0.022631902348982238,3.0
-1.731788181491934,0.05405414606161645,-0.005437389963275972,0.041336108346285504,2.0
0.6271579199410295,1.6078119185701425,0.1640647082840708,0.02964938121527072,3.0
0.5598736414198853,-0.6925149492695143,-1.4813397943259092,0.025369858916766196,1.0
0.6271579193665153,1.6078136165318413,0.1600676016177065,-0.028213254228960996,3.0
0.5435648546685623,-0.9671910329202091,1.3314246364523745,-0.020419722296730135,0.0
-1.731788181412091,0.05404968840452033,-0.0035542819650713434,-0.0024594746916342686,2.0
-1.7317881820958874,0.05405169458404877,-0.0013629202368009912,-0.012152986346435402,2.0
-1.7317881817156628,0.0540531356509064,-0.002264603598182881,0.018386884410311978,2.0
-1.731788180944472,0.05405029668946905,-0.007899790864693855,-0.005581952884704106,2.0
-1.7317881811505866,0.05405028793109365,0.0009225628487599892,-0.002774680652127014,2.0
0.6271579201491788,1.6078086182217441,0.15693246214623183,0.08027464865525559,3.0
-1.7317881813522977,0.0540508446673036,-0.0053666709590890265,0.018017057914801446,2.0
0.6271579201495964,1.6078105199995032,0.1654610526796143,0.005684185017226111,3.0
0.6271579203918407,1.607814188159814,0.16082984717001436,0.019732518246492383,3.0
-1.7317881815396592,0.0540525515508795,-0.009509771558686606,0.004390885029313407,2.0
0.6271579203308849,1.6078089119432961,0.16427808453604417,0.01432273579129288,3.0
0.5435648551339869,-0.9671946930635535,1.3290298516689596,0.09497316500257988,0.0
0.6271579202501281,1.6078140928136673,0.16039774493014325,0.005163660098189653,3.0
0.5598736412539017,-0.6925136056341064,-1.4829813646440686,-0.022311459116072678,1.0
-1.7317881814813707,0.054049740097448576,0.0005800544655521167,-0.05148661729168094,2.0
0.5598736420668652,-0.6925139419045423,-1.4777226218943187,-0.014130262619664718,1.0
0.6271579200878217,1.6078107442019953,0.15077648351832312,0.053646495386980596,3.0
0.6271579199763121,1.6078142463393943,0.16630104503903537,-0.00774270001222272,3.0
0.5598736412609744,-0.6925157621700754,-1.4845136529376373,-0.09605719493094753,1.0
-1.7317881814857983,0.05405121732368387,-0.0076266182077194,0.028113312155428966,2.0
0.5435648551146391,-0.9671896589627103,1.332947635506227,-0.039192023171909354,0.0
0.5435648549738356,-0.9671913256821216,1.3327500626582467,0.009648069472798664,0.0
0.5598736419221818,-0.6925156474198636,-1.4841419505462108,0.006156094028189466,1.0
-1.7317881814241411,0.0540532633571013,-0.0021043184295189317,-0.04827639009062954,2.0
0.5435648541802192,-0.9671899658683738,1.3272076184811026,0.003581110427943604,0.0
0.5435648549662631,-0.9671882210994827,1.3353290175541048,0.0130871023039151,0.0
0.543564854865965,-0.9671901824111735,1.3351906825545368,0.036377796603003346,0.0
0.6271579201640477,1.6078140725331458,0.1632434405733235,0.03356858619046893,3.0
0.5435648549952873,-0.9671914288929546,1.3293492886803278,-0.005863594644308429,0.0
-1.7317881815780882,0.054047537619480786,-0.007864963941816454,0.016064979205869245,2.0
0.5598736410946052,-0.6925123213493309,-1.4848182138485717,0.020787406737582257,1.0
-1.731788181218928,0.054051179110838274,-0.004548527996092324,-0.04137157265846304,2.0
0.6271579199511573,1.6078096275609304,0.16279357950140533,0.017572860738649766,3.0
0.6271579199291688,1.607808113617147,0.15708341823703661,-0.03747656220095813,3.0
0.5435648546460724,-0.9671905247344826,1.33444482767662,-0.013018321511121924,0.0
0.5598736418739919,-0.6925143893976182,-1.4824412681119354,-0.03706367194505758,1.0
0.627157919828171,1.607809602263243,0.16391115543102058,0.001431130237524598,3.0
0.5598736423656534,-0.6925154344238402,-1.4802434953256665,-0.015514015330539576,1.0
0.6271579202330795,1.6078095602873972,0.16009924386252636,-0.013503227308951055,3.0
-1.7317881815686675,0.05405080622931244,-0.0009193096043378552,-0.009402156214795265,2.0
-1.7317881818126761,0.054051452992544415,-0.0009259035135296222,-0.03712124545332327,2.0
0.6271579201903135,1.6078104313545858,0.15824525633071027,-0.05409817554877951,3.0
0.5435648549040354,-0.9671880901845391,1.3315769812217122,0.026191286612361538,0.0
0.5435648552084666,-0.9671895729191335,1.333033081628779,-0.020737811856409476,0.0
-1.731788181799662,0.05404994291230263,-0.00764141261297482,-0.04398819284543391,2.0
-1.7317881816984477,0.054049715127162376,-0.008407294834500883,-0.02525388873897167,2.0
0.6271579197210536,1.6078107982228507,0.16049453871120217,0.027444109620764653,3.0
-1.731788181303445,0.054050554115834135,-0.007911428532332431,0.04469717437168503,2.0
-1.7317881812613976,0.054051601164341566,-0.003428863766906057,-0.02671517334325372,2.0
0.6271579194334622,1.6078147781881302,0.15534099867976275,0.10687335576351575,3.0
0.5598736410453722,-0.6925156691373179,-1.4779322026844033,-0.031809493047153053,1.0
0.5598736417823956,-0.6925161576757354,-1.4759708586075604,-0.03234513519010356,1.0
-1.7317881810790996,0.05404966123973427,-0.004629722040729568,-0.04012295505214332,2.0
-1.7317881821666756,0.05405132264007884,-0.007932344680917873,0.007080101962486793,2.0
0.5598736415669504,-0.6925173354376647,-1.48130617662923,0.02088638597872951,1.0
-1.731788181283009,0.05404923762350725,-0.002130964476793822,0.030562074742723877,2.0
-1.7317881818780496,0.054048154822971796,-0.006404940138960943,0.014133171667913022,2.0
-1.7317881818528755,0.05405150679677371,0.00937752778084065,-0.015542466601140226,2.0
0.6271579202925328,1.60780910791268,0.16094591894712462,0.013864351066760067,3.0
0.5598736414852424,-0.6925137372243397,-1.4782343261784856,0.01514490715735292,1.0
0.6271579196743355,1.6078117482441545,0.1571714371036225,-0.04769754727979309,3.0
-1.7317881813558436,0.054049472327410225,-0.0028428707380638513,-0.028147003837446158,2.0
-1.7317881813947151,0.054051235120265065,-0.003591875895349346,0.029077628438593076,2.0
0.6271579198948323,1.607813445228364,0.1643680824242561,-0.023194586766824853,3.0
-1.7317881815703349,0.054050735368991326,-0.0012838441350927082,0.04683332849630058,2.0
0.6271579196444351,1.6078122109046624,0.1571083314083341,-0.0021178609440125552,3.0
0.5435648544013169,-0.9671929075922769,1.3370916723412374,0.0483150922987791,0.0
-1.7317881810546627,0.05404881970996056,0.0020303122022671508,-0.014611279948754477,2.0
0.6271579193405261,1.607812917099965,0.16386930615261444,-0.009891598865150036,3.0
0.5435648542006268,-0.9671886449846611,1.328748958287016,-0.009903117956357243,0.0
0.6271579201007919,1.6078078135404712,0.16072109120709313,-0.008725776191566094,3.0
0.6271579197894691,1.6078082046517228,0.1589840119890001,-0.009699880835262988,3.0
0.6271579196979719,1.6078110585149186,0.15802388224445568,-0.005529210194712185,3.0
0.6271579203166627,1.6078063048062001,0.15950628527343175,0.047231581592039044,3.0
-1.731788181309512,0.05405089987558614,-0.007375158410362974,0.04987524601867336,2.0
0.6271579205366616,1.60780950914803,0.1593130255916529,-0.013513020299332382,3.0
0.5435648542988534,-0.9671898235097083,1.3290993162713203,-0.011871279021097685,0.0
0.5598736417292903,-0.6925149472714843,-1.4797419228166813,-0.03223768094176796,1.0
0.5435648544830287,-0.9671903197408996,1.325453871077276,0.028894943380462314,0.0
-1.7317881819521903,0.0540490154047946,-0.010376471095262055,0.0023348333875630157,2.0
0.5435648551101693,-0.9671898934770596,1.3351020506338092,0.05200379405854146,0.0
0.5435648548155075,-0.9671907708234148,1.3321137969439638,-0.04569025346909689,0.0
0.627157919962143,1.607813092781907,0.15988891177533848,0.01874123616071282,3.0
-1.7317881813563594,0.05404976535731545,0.0019334807945917748,0.04194366852169896,2.0
0.6271579204396422,1.607811556974849,0.1593345638876706,0.011792528933702574,3.0
0.6271579202112716,1.607811401128092,0.1605358935682292,0.010242181393801784,3.0
0.6271579201561271,1.6078101999742342,0.16287184040752753,-0.048870047156726715,3.0
-1.7317881808513835,0.054051650327538815,-0.003648024179907359,-0.01035554421187008,2.0
0.6271579195665269,1.6078075381103503,0.16548568044757103,0.04048005861874291,3.0
0.5598736410590396,-0.6925156528502111,-1.4716232425716773,-0.07295643110424803,1.0
-1.7317881820419836,0.05404892850341712,-0.004213689445941175,0.09121418418529097,2.0
0.5435648545040965,-0.9671899873738515,1.3304399447269264,-0.0018851351727140273,0.0
0.5598736412300981,-0.6925157146844848,-1.4784462736099724,0.03848807668342877,1.0
0.5435648549738898,-0.9671905771094569,1.338840790085649,-0.010433136875515244,0.0
0.5435648548333063,-0.9671896037381581,1.3291786446416403,0.07326017217367083,0.0
0.5598736411799251,-0.6925182123802796,-1.4749945161913405,0.04439994401509726,1.0
0.5435648548123252,-0.967187834442078,1.3300526438603508,-0.05067124433134918,0.0
0.5598736416333276,-0.6925159438001399,-1.4753293819545827,-0.011376120638905108,1.0
0.627157920074603,1.6078135639705593,0.15957010521622025,0.07211946956730872,3.0
0.5435648543841818,-0.9671911507753663,1.3310337475833418,-0.01565087622688648,0.0
0.6271579195764859,1.6078115486724447,0.1602380475853217,0.012250722350061256,3.0
0.5598736413216889,-0.6925149324105563,-1.4861057993120315,0.001601588217743143,1.0
0.543564854603317,-0.9671897231441405,1.335332358843942,0.017582629975968746,0.0
0.5598736411077713,-0.6925175078383322,-1.4783814292545359,-0.0412557610760938,1.0
0.5435648545337981,-0.9671911935221003,1.327942647947338,-0.044526822588712794,0.0
0.5435648550032215,-0.9671897586992119,1.3285871856288207,0.04630699684924457,0.0
0.6271579193658217,1.6078124394231235,0.15623362948996725,0.04707297049010094,3.0
-1.7317881808390836,0.054051236785649444,0.001432990561440245,0.015339062058481954,2.0
0.5598736419032092,-0.6925191109480091,-1.4766150077422515,-0.021809373422484367,1.0
0.5598736410039719,-0.6925177320785552,-1.4843171790501404,-0.03643705065628327,1.0
-1.7317881814339249,0.05405043526098103,-0.005091125526610379,-0.01069313795236388,2.0
0.6271579194630809,1.6078113973582617,0.15719704204540721,0.030308100192074295,3.0
-1.7317881813337008,0.05404846713292007,-0.0036874512835835846,-0.059843950695792604,2.0
0.5435648542832469,-0.9671903520109385,1.3320165547371887,0.006080507618688451,0.0
0.5598736410844295,-0.6925160784583414,-1.4781944111448493,0.019328370690965838,1.0
-1.7317881809800642,0.05405153925807774,-0.0016378245214170365,0.013226282195468899,2.0
0.5435648548936731,-0.9671896796085062,1.3387459198406884,0.005773514311568644,0.0
0.5435648551691548,-0.9671911504728105,1.3318828694334834,-0.035685573339421996,0.0
-1.731788181615095,0.05405056485598203,-0.005958210204962601,-0.049892291407311565,2.0
-1.7317881812546125,0.0540475973072316,-0.009982016316528829,-0.020056486100614383,2.0
0.6271579208451393,1.607813130705935,0.15956356427436238,-0.008233649286175858,3.0
0.6271579198936081,1.6078123950899295,0.16556718413356644,0.008011781796808493,3.0
0.5598736413979106,-0.6925145263560843,-1.479193037785945,-0.0326837853496645,1.0
0.6271579198754419,1.6078119884610378,0.15897958894075342,-0.01517435773623877,3.0
-1.7317881813795932,0.05404914871373384,-0.00018891777392030448,-0.06698491505352931,2.0
0.5598736416500019,-0.6925205933965183,-1.4766587422799784,-0.0029637718165385117,1.0
-1.7317881810002111,0.054050872891408926,0.0031981865414411836,0.0384330677776285,2.0
0.543564854458546,-0.9671904306516506,1.3330553678234096,0.023085321493924907,0.0
-1.7317881816500198,0.05405214446766778,-0.0064339459013813705,-0.02023781489196121,2.0
0.5435648535120621,-0.9671902342334484,1.3306957026161585,0.027846457534173974,0.0
0.5435648546036458,-0.967189255126322,1.3377723779690303,0.03584572043772952,0.0
0.5598736412616478,-0.6925166986594196,-1.4792041941206469,-0.040556797041516816,1.0
0.6271579199260879,1.6078129706423554,0.15304388199724728,0.007725096150723345,3.0
0.5435648550331671,-0.9671914904963311,1.3370915185856462,-0.014062636545228453,0.0
0.5598736414302823,-0.6925177174779868,-1.4772449358197328,0.039914090518822595,1.0
0.6271579192455612,1.6078122191178434,0.1647098367307363,0.012137510900635001,3.0
0.5598736419367545,-0.6925148869174756,-1.4775761620649859,0.0013992350141381052,1.0
0.5598736415249466,-0.6925166539351819,-1.475998455031049,-0.0036388059455135847,1.0
-1.7317881809824374,0.054048794116127744,-0.004866196654497392,-0.054323019875659934,2.0
0.5435648542893411,-0.9671893730116993,1.332929602784973,-0.01722775778046321,0.0
-1.7317881811964722,0.054047480256988724,-0.00840493183003681,0.02943926363796172,2.0
0.5598736409586305,-0.6925160463163601,-1.4811118012698452,-0.017519549708811786,1.0
0.6271579198112804,1.6078080441177427,0.1658573139725883,-0.043813840187416526,3.0
0.5435648551976849,-0.9671910811479725,1.3324646490995955,0.003088259025541718,0.0
0.5598736410900584,-0.6925136916789243,-1.4831882801915826,0.05318901141971917,1.0
0.6271579197691244,1.6078114667537904,0.1578157572375815,-0.01621677324691538,3.0
0.5435648548814196,-0.9671889481141801,1.3317691053838763,-0.08793161215403701,0.0
0.6271579206275395,1.6078125944095787,0.16441195741088532,-0.03652291918984405,3.0
0.5435648546690026,-0.9671905179282929,1.3319909368983722,-0.012151436112315644,0.0
0.5598736416680552,-0.6925148257431151,-1.480775626004684,-0.01788830738998427,1.0
0.6271579198634221,1.6078106585672316,0.1622648074234124,-0.02211382312099772,3.0
-1.7317881811650517,0.05405035594160597,-0.0025765679698426147,0.032514091546275214,2.0
0.559873641742358,-0.6925171338579015,-1.4818331635421746,-0.01780310933141916,1.0
-1.7317881815956444,0.05404990546480739,-0.003976626433011479,0.028505131121572165,2.0
0.6271579196462725,1.6078105264643956,0.1599113046950955,-0.0388038306765565,3.0
-1.7317881818902041,0.05404949112545524,-0.0024636684588161947,0.010035253427368263,2.0
0.6271579196703314,1.6078114855192602,0.1661642077534114,0.007083070426701766,3.0
0.5435648540547011,-0.967187739836399,1.3279485903375148,-0.08517747560564569,0.0
0.5598736414910574,-0.6925165849644362,-1.4775287322664779,-0.022464440117861532,1.0
0.5435648549430203,-0.9671912246635346,1.3289617589468767,0.02776829042185276,0.0
0.5435648550321762,-0.9671891343853037,1.3360301849371987,-0.07087374312322169,0.0
0.5598736417039081,-0.6925153067482039,-1.4758670748639773,0.03833560352339818,1.0
0.6271579193314544,1.6078096435064524,0.1697127998519355,-0.042363868134415957,3.0
0.6271579198418299,1.6078125188677301,0.16763163543666826,-0.0369729706421475,3.0
0.5598736409784594,-0.6925157078787783,-1.4794189270812912,0.006169904651718884,1.0
0.5598736406247178,-0.6925169280927638,-1.479945915211994,0.05032236982791413,1.0
0.627157919798811,1.6078126196667428,0.16472136892089564,-0.015419060346433977,3.0
0.6271579199353472,1.6078098860838257,0.16483791546822546,0.014291599034471313,3.0
0.627157920041598,1.6078129999430955,0.160726775844655,0.014396390808957105,3.0
0.6271579199762386,1.6078134009621763,0.1586917079375645,0.05087699380345901,3.0
0.5598736417490612,-0.6925185156314605,-1.4818323902579054,-0.07069834700409805,1.0
-1.7317881810790077,0.054048857599306825,-0.001645974371252109,-0.06486762335661671,2.0
0.627157920090276,1.6078124498067738,0.1602159297696657,0.0012565505356896408,3.0
0.5435648544968064,-0.9671918095063095,1.3390459721370136,0.03610764745937429,0.0
0.6271579199795343,1.607812409270636,0.15646367481277326,0.0911995622006431,3.0
0.5598736415086358,-0.6925153653590215,-1.480172323344362,-0.047125728222699864,1.0
-1.7317881810562112,0.054051905409131504,-0.011745320733147524,-0.01330376163522079,2.0
0.5598736416750845,-0.6925146108005529,-1.4778631678963623,0.01825467533338087,1.0
0.5435648542638037,-0.9671893568434126,1.3290188513002874,-0.023261483720089137,0.0
0.6271579202909615,1.6078125147626592,0.16096311852492826,0.002243338657380619,3.0
0.6271579200002866,1.6078110541357338,0.1591088375044151,0.029353495084588836,3.0
0.543564854722108,-0.9671892508317097,1.3341018683312693,-0.043971962756796226,0.0
0.6271579197874854,1.6078107565389104,0.1677362651679158,-0.03994391761736697,3.0
-1.7317881816702325,0.05405017390960787,-0.005878735634096615,0.01760899703582732,2.0
0.5435648552078496,-0.9671898664165949,1.332426606396615,-0.048168464485904935,0.0
0.5598736417781085,-0.6925154452452169,-1.472745442264571,-0.014219957082176366,1.0
0.5598736420120094,-0.6925157811623377,-1.472773954740747,-0.04012255610065375,1.0
0.6271579201369806,1.6078136315736056,0.1615055208324745,0.015043652514493487,3.0
0.5598736408903487,-0.6925183118752982,-1.4855552695327565,-0.02798262041108154,1.0
-1.7317881815973653,0.054050833361829205,-0.004071567460344067,0.05592891511801941,2.0
0.6271579201768225,1.6078119675564362,0.15870499775945385,-0.042440836935910345,3.0
0.5598736414769665,-0.6925174910598635,-1.4849672729256371,-0.020260806729440764,1.0
0.5435648551485699,-0.9671896796998631,1.3328205298506426,0.03472376970958017,0.0
0.6271579202925662,1.607809813412693,0.15818994426159155,0.03620148289119076,3.0
0.6271579192766868,1.6078141588919213,0.16134208414514084,-0.03625685738593452,3.0
0.5435648551103087,-0.9671906977218264,1.3275366050988398,0.03252131203350811,0.0
-1.731788181158408,0.05404883261514587,-0.0003603071996830528,0.0014439005746494018,2.0
0.5435648551379446,-0.9671898018095486,1.3321893099261994,0.03950517925765538,0.0
0.6271579198464395,1.6078117532640508,0.16410868869495945,0.059394569833190025,3.0
-1.7317881810597517,0.05405086409710777,-0.007721448894594044,0.054653515912398316,2.0
0.5598736418175079,-0.6925147540522054,-1.4817761525382096,-0.0645234598232399,1.0
0.5435648548457892,-0.9671916008603988,1.3279252534323238,-0.01982255604027983,0.0
0.5435648552263155,-0.9671895898946882,1.3309510246463259,-0.009295723455100224,0.0
0.5435648548121862,-0.9671897203576764,1.3358470224617496,0.003995789314572646,0.0
-1.7317881812600329,0.05404955236288409,-0.0018614445590942582,-0.05519844950001019,2.0
-1.7317881819317213,0.05404831334228917,-0.0015254292722400563,-0.04577952079693282,2.0
0.5435648547897659,-0.9671890542102,1.3278873001229543,0.021830352619820262,0.0
-1.731788181076422,0.05405165139531627,-0.0043679810959666165,-0.05739650441914429,2.0
0.543564855405244,-0.9671885816965244,1.3317637505386348,-0.02017168280996536,0.0
0.6271579192466537,1.6078091424978027,0.15547840168192398,-0.001297069735976221,3.0
0.5598736409986009,-0.6925139054371502,-1.47403769243128,-0.004579341963607261,1.0
0.6271579202319711,1.607811022894651,0.1634245792337154,0.012731160037677509,3.0
0.5598736421320468,-0.6925169293092621,-1.4789782501082094,-0.0038491399882287754,1.0
0.6271579196160147,1.6078129725050565,0.15986599525975037,0.016404489282012734,3.0
-1.7317881809641433,0.05404959903887137,-0.009156933796071767,-0.04959386231130694,2.0
0.5435648550553042,-0.9671896482002402,1.334292571707725,-0.03310796396036867,0.0
0.6271579196183099,1.60781093433206,0.15908316156783026,0.001145214659608114,3.0
-1.7317881816216305,0.05404936802940109,0.0013360714988849974,0.0570202581130525,2.0
0.5598736411061045,-0.6925141319880728,-1.4731592775693743,-0.022729053812470024,1.0
0.559873641262779,-0.6925165943465067,-1.4812672064168195,0.023464040368210662,1.0
0.5435648547689043,-0.9671894796960503,1.3272191333942807,-0.006087079427849636,0.0
0.5598736419723923,-0.6925137373207604,-1.4739501965733584,-0.04264913003670683,1.0
0.6271579196187927,1.6078108948120429,0.15726265698683328,0.0719597985417312,3.0
0.5435648544131788,-0.9671895669909664,1.3310230134987253,0.04404440561445219,0.0
0.5598736411260189,-0.6925130025354778,-1.4789104143014662,-0.026656344752369842,1.0
0.5435648540770096,-0.9671892523632779,1.337751054618229,0.02261266917838286,0.0
0.5435648544801012,-0.9671882561653647,1.3303463644545193,-0.032395684710178244,0.0
0.543564854404645,-0.9671881988670862,1.3322163133289064,0.03998944487694732,0.0
0.6271579198193389,1.607814414366194,0.1571677837296789,-0.008164033778491224,3.0
-1.7317881820979981,0.054050831018722954,-0.005032390534487932,-0.04768538228961463,2.0
-1.7317881818988425,0.054048282399749695,-0.005771558365218427,-0.04084652410487191,2.0
-1.731788181683492,0.05405147237934626,-0.005804427525255834,-0.007580384168600141,2.0
-1.7317881815129863,0.054049336886300266,-0.005423738779183245,0.0016249799665225431,2.0
0.6271579196035197,1.6078120105948466,0.16146371034808446,-0.015866404638649485,3.0
0.5435648550222691,-0.9671885081943484,1.3332020702970304,-0.05218051004466164,0.0
-1.7317881813178762,0.05405084021660912,-0.009610820293535027,0.09173031310943071,2.0
0.5435648541977847,-0.9671893498546225,1.331977893731525,-0.012598859085714155,0.0
0.6271579207753353,1.6078098417113156,0.16038383203794027,-0.004726884822067929,3.0
0.6271579208193226,1.6078098712337123,0.15628022752537057,-0.036180344826163086,3.0
0.5435648542163387,-0.9671897496788756,1.3388404682509518,0.03933227412821451,0.0
-1.731788182054976,0.05405114220337789,-0.009403213658935367,-0.03809731504966875,2.0
-1.7317881820478693,0.054049801677327786,-0.001114810640745784,-0.024850071556517948,2.0
0.5435648549841302,-0.9671902602125815,1.332603933279929,0.053507619251407686,0.0
-1.7317881821464827,0.05405048692678232,-0.009006708075584496,0.00309094572388684,2.0
0.5598736418262485,-0.6925159302127916,-1.4747267941664166,0.05060990113120917,1.0
0.6271579200567646,1.6078100485200262,0.1588601152101872,-0.005477798806275154,3.0
0.559873641651933,-0.6925175100425128,-1.4786061358041123,-0.0638550165368983,1.0
-1.7317881826200683,0.054047794904114016,-0.0057949732173034766,-0.010535103961577676,2.0
0.5435648542537158,-0.9671932316186346,1.3366227599601168,0.029842200846865778,0.0
-1.7317881817248022,0.05405142756480528,-0.006931035931840246,0.007097608037242402,2.0
0.5598736409479531,-0.6925141620303501,-1.4770094871314696,0.04441481993107302,1.0
0.5435648545689161,-0.967191146071027,1.3340895391923757,0.06457154009224217,0.0
0.5598736428463482,-0.6925146975546932,-1.4826129202395233,-0.01988886255522662,1.0
0.5435648549226606,-0.9671928537488338,1.3347249894867403,0.03429453042240733,0.0
0.6271579193616977,1.607809467058813,0.16246974593697439,0.0022045167271552016,3.0
0.559873640832184,-0.692513774592542,-1.476224611607918,-0.0077573023185936235,1.0
0.6271579190432951,1.6078120030615324,0.16426083939734343,-0.017643509715617737,3.0
0.559873641542276,-0.692514130271828,-1.482926365842276,-0.02369460461526429,1.0
0.6271579197886867,1.6078136367175073,0.1591475172898227,0.04462796326992647,3.0
-1.7317881819650096,0.05405121915796996,-0.008708597063668208,-0.014997393960592537,2.0
-1.7317881815859966,0.054049162036561176,-0.004497410027818837,-0.006320456908698921,2.0
0.5598736417651877,-0.692519249728568,-1.4838134631719353,-0.0038009450644268215,1.0
0.5598736414442533,-0.6925151114087296,-1.4780136750154047,-0.005214608606310094,1.0
0.5435648542144834,-0.9671863296680604,1.339298190499144,0.012584913437882133,0.0
0.5598736412541588,-0.6925150855598254,-1.475177555710821,0.004497316246031893,1.0
-1.7317881813960332,0.054050765186493634,-0.005224972321581821,-0.001081050459765927,2.0
0.5435648546074447,-0.9671898268214436,1.3267895479858736,-0.02041510956906574,0.0
-1.7317881812550076,0.05405131850016491,0.0020560371806906466,0.016286022204139435,2.0
-1.7317881815610576,0.054049190330992564,-0.006037740984941157,-0.04535044721624161,2.0
-1.7317881812222657,0.054049624419572714,0.00193578622105131,0.04814932080380871,2.0
0.5598736413839656,-0.6925174233010982,-1.4779496955779527,-0.009385885627006447,1.0
0.5435648543633607,-0.9671868310413383,1.329709176721693,0.03319584751879566,0.0
-1.7317881812683587,0.05405329108948523,-0.0002182562093921175,-0.012585519070800773,2.0
0.5598736415333437,-0.6925188331958568,-1.47843214572212,-0.04382584751981125,1.0
0.559873641746032,-0.6925148350527285,-1.4803361804177035,0.02328200725226868,1.0
0.5598736414075721,-0.6925162742026512,-1.485398671289668,0.04068503689805913,1.0
0.5435648545684622,-0.9671897510390273,1.335444147907291,0.018383446534519364,0.0
0.5435648540339822,-0.9671918535731964,1.3342876782912505,0.05388194510558685,0.0
0.6271579197882821,1.6078131176413197,0.1642502746298794,0.03693865623247366,3.0
0.5598736415642552,-0.692517385894959,-1.4796920251089754,-0.006892374778930869,1.0
-1.7317881819548273,0.054049161130541035,-0.003509451703739007,-0.011876964478085552,2.0
0.5435648543279162,-0.9671923194458585,1.334964077689068,-0.023286332831980467,0.0
0.5435648542073465,-0.9671917158920683,1.332427021064396,0.04894650621613957,0.0
0.6271579200432205,1.6078147111390209,0.1612955556665118,-0.045480405985189716,3.0
0.6271579193802864,1.6078098139750578,0.16231850104281637,-0.046524678835762216,3.0
0.6271579195426693,1.6078094673211158,0.15937898017353985,0.0831563645521517,3.0
-1.7317881814877978,0.05405039014778306,-0.00022315321940149393,0.023828084479369623,2.0
0.5598736415573041,-0.6925150685354141,-1.4777923389952752,-0.009439559332896577,1.0
0.5435648539959715,-0.9671929899442003,1.329337582184583,0.020064314625895578,0.0
0.6271579196182905,1.6078126340990844,0.1542420075737443,-0.0010847799751231614,3.0
0.5435648552568693,-0.9671911129065387,1.3396558424993796,-0.019728162685408654,0.0
0.5435648546687152,-0.9671884899689557,1.3391540071254473,-0.008046443617849192,0.0
0.5435648545095321,-0.9671904862745435,1.3316077189269506,-0.007004387643116487,0.0
0.5435648550585385,-0.9671906990620595,1.330211226259843,-0.01876682139048455,0.0
0.5435648547815414,-0.967190355347983,1.333917525719819,-0.022297367475215307,0.0
-1.7317881810679052,0.05405105938608582,-0.009645500165458289,0.029349831746987708,2.0
0.627157920275272,1.6078111049678905,0.16211356561510867,-0.09460805136593987,3.0
0.5435648542907405,-0.9671875621859966,1.3360286566000692,0.008683457059644557,0.0
0.6271579203487117,1.6078126192271516,0.15207958416421916,0.01573462406479798,3.0
0.6271579198165038,1.607811590412634,0.1659006046626529,0.005266038232185057,3.0
0.5598736411590902,-0.6925145278813716,-1.4771720816812202,0.03253529905090282,1.0
0.5598736417268819,-0.6925174552773204,-1.4785878792884453,-0.054945278342853475,1.0
0.6271579195095783,1.6078102042649647,0.1578699137749855,-0.004320163860172013,3.0
0.543564854711737,-0.967188234396962,1.3371196089898671,0.03650245990263725,0.0
0.5435648548997084,-0.9671892881089929,1.3322901668131915,0.03705787583356222,0.0
0.6271579196587361,1.607811162916888,0.1577635237376193,-0.025441497432335404,3.0
0.6271579203567507,1.607809767169597,0.16730459076525206,0.019084468931139374,3.0
0.5435648545178892,-0.9671907293405033,1.3346210158151695,0.00951234826878385,0.0
0.5435648542796464,-0.9671903485004985,1.330720566442612,0.03519798328300027,0.0
0.5598736414841279,-0.6925141344341437,-1.4751614374799176,0.05858171131912308,1.0
0.5435648546478342,-0.9671911224435511,1.3330331332301646,-0.009291147572800878,0.0
-1.7317881813440574,0.05404765094581082,-0.009008189283665617,0.03631480445197861,2.0
0.543564855370554,-0.9671885967242316,1.3333801106379595,0.033020156839364226,0.0
-1.7317881811167521,0.05404927749608689,-0.007795628701711224,0.0029067162771490213,2.0
0.54356485514719,-0.9671894054573908,1.3334880427561757,-0.018241586485990342,0.0
-1.7317881816552654,0.05405172989876402,-0.008004522853349499,-0.007511928639801045,2.0
-1.7317881812492368,0.05404913932218604,-0.004390540396349999,0.015447149764217459,2.0
0.5435648545791879,-0.9671901537708097,1.3312465587087914,0.014747132916041879,0.0
0.6271579201788576,1.6078133764721996,0.16021687390082726,0.011677055546332832,3.0
0.6271579200676911,1.607810816528866,0.16432687683600658,-0.06270455975673131,3.0
0.5598736416244887,-0.6925178394357743,-1.4840607046190495,-0.07731558405619661,1.0
0.6271579203468783,1.6078139790912616,0.15668016463215295,-0.02963353805004191,3.0
-1.7317881808927897,0.05404736026134587,-0.005310420871816833,0.009795336867865448,2.0
-1.7317881809516855,0.05404963797190038,-0.0012015568753223236,0.010795632414167604,2.0
0.5598736417923785,-0.6925130087999813,-1.4762578137320075,-0.05247353362630919,1.0
-1.731788181453855,0.054050254480957405,-0.006778636395505981,-0.024954194630658857,2.0
0.5598736421170024,-0.6925157967825405,-1.4831692429118584,-0.0081419063995217,1.0
-1.7317881809082487,0.05405071048986253,-0.003946318305507613,-0.0004739511892267314,2.0
0.5435648549532346,-0.9671890972506769,1.3368359997238872,-0.02145254847074365,0.0
-1.7317881816181404,0.05404654528162651,-0.0016297543001850892,0.05040337500036384,2.0
0.5435648550629223,-0.9671896602676745,1.3389008625617929,0.026530571315483687,0.0
0.5435648550154217,-0.9671908854572807,1.33793913591355,-0.013322889256619574,0.0
0.5435648546954377,-0.9671886463022683,1.330823653421155,-0.01229804078976226,0.0
-1.7317881809060267,0.054052737817378606,-0.009995817243413809,0.08452368143328715,2.0
0.5435648548558986,-0.967189565891192,1.3306622493331108,0.08524195927928921,0.0
-1.7317881812470843,0.054048277093479674,-0.008714070252406642,0.015294999187229742,2.0
-1.731788181293614,0.05405060585683759,-0.0005471365211205517,0.01444424890961119,2.0
-1.7317881815277723,0.0540493716296405,-0.008231200038973964,-0.03809115137570667,2.0
-1.7317881807189628,0.054053120673282426,-0.003847430669326058,-0.01762607271305929,2.0
0.6271579195638662,1.607811539287878,0.15487473633216164,-0.014310326152878347,3.0
0.5435648553324768,-0.9671892217377989,1.3351163174191387,-0.0388345751009953,0.0
0.5598736416685406,-0.6925165538190518,-1.4745596415576145,-0.030274648238446045,1.0
0.5598736411818053,-0.6925164638048081,-1.477912328644142,-0.018404357652408734,1.0
-1.7317881810613072,0.054049292931984884,-0.009910426797972135,-0.054295663959209865,2.0
0.5435648550942288,-0.967187932221407,1.3349032893946091,-0.04995609052309254,0.0
0.5435648539920946,-0.9671915451129207,1.3355462620943925,0.013362720673168784,0.0
-1.7317881809906581,0.054049292862972685,-0.008380291655566375,0.03002677273373066,2.0
-1.7317881824424777,0.05404931994837469,-0.0010490288428898834,0.006625525046208196,2.0
0.5598736418060951,-0.6925152790354356,-1.480158290482469,-0.018581553447299424,1.0
0.5435648551668435,-0.9671906062066121,1.3293480571991818,0.025820932898301684,0.0
0.5598736420645166,-0.6925166334792344,-1.4827860186194557,-0.009517150488221882,1.0
0.5598736415227193,-0.6925145819781224,-1.4702491436050278,-0.07537547328866921,1.0
-1.731788181350147,0.054050479315742715,0.0020770635315830364,0.05103667684662011,2.0
0.6271579198613331,1.6078156344786143,0.16227942447006613,0.01342839919588044,3.0
-1.7317881815379068,0.05405200541707103,-0.003095088374128059,-0.01454967541806839,2.0
0.6271579197402075,1.6078128480566727,0.16060907110400524,-0.012050407641606272,3.0
-1.7317881809342566,0.054048420024510345,-0.005555753189080106,-0.01982820080894535,2.0
0.5435648548810393,-0.9671893142592112,1.3277671928362529,0.04087115872935566,0.0
0.5598736420779875,-0.6925154391821401,-1.482257486293312,0.052521717600053544,1.0
0.5435648547935011,-0.9671903635158431,1.3305492595095425,0.06905205846790007,0.0
0.5435648543634314,-0.9671896325711902,1.3379740964443556,-0.010781947274944066,0.0
0.5598736411554455,-0.692514415687054,-1.4795084239498881,0.05150569798296474,1.0
-1.731788181657161,0.05404864416726556,-0.0017600695358702876,-0.015942049761638422,2.0
0.6271579198254723,1.6078082692362468,0.16052631973628473,-0.015734021182250046,3.0
0.5598736417177492,-0.6925123143776267,-1.4769986878175798,-0.029713530276801473,1.0
0.5598736414117107,-0.6925175854959337,-1.4802683335265723,-0.01840004549718478,1.0
-1.731788181530418,0.054049917901953896,-0.007285739981245881,0.03304944235503634,2.0
0.5598736418090382,-0.692517085312478,-1.4822261429330355,-0.06395067830779633,1.0
0.5435648547541254,-0.9671876548693993,1.3325315678022096,0.05911039726925683,0.0
0.5435648550542028,-0.9671904284828151,1.3244015071908675,0.04638452281726086,0.0
0.5598736420565715,-0.6925184744621778,-1.479213252677307,-0.040199030345494595,1.0
0.5435648545217107,-0.9671885956353719,1.333144436871853,-0.029454657765284716,0.0
-1.731788180927615,0.054051845139556326,-0.00840255947781315,0.06943006169798087,2.0
0.5598736414569612,-0.6925159396417797,-1.4714737874072525,0.01069433947835127,1.0
0.5598736413414505,-0.6925127299552735,-1.482693592502412,0.04411454922613919,1.0
0.6271579198135494,1.607814328074717,0.15444582533160406,0.03680093522043811,3.0
0.5435648548568248,-0.9671898903774377,1.3350094568666282,0.018590212004290632,0.0
0.5435648550405998,-0.9671880065611188,1.3419791057440724,-0.06411606908911016,0.0
-1.7317881817937046,0.05404963044486461,-0.008180225385811406,-0.02936841765738326,2.0
-1.7317881809860416,0.05404950774225071,0.0007007080248713075,-0.032787148297293206,2.0
0.6271579198493274,1.6078091630756806,0.15978820247454817,0.045614823780603594,3.0
0.6271579198589344,1.6078123283896069,0.16381681925983027,0.05205479438071608,3.0
0.6271579196844231,1.6078127327048837,0.16191968354135206,-0.01190410551378097,3.0
-1.7317881813045017,0.05404921646673552,-0.007431033195327091,-0.07798932975810619,2.0
0.5435648559211655,-0.9671905143763692,1.326372667128031,0.04845062461342602,0.0
0.5598736414925382,-0.6925144535774166,-1.482436589031691,0.036480774634722206,1.0
0.5435648553678345,-0.9671911044199675,1.33051803931559,0.01751274305930431,0.0
0.5598736414681151,-0.6925146991831359,-1.4763586943376978,-0.058171767436005224,1.0
0.5598736420573311,-0.6925192465544247,-1.4755840900585422,-0.004656298861841922,1.0
0.5598736416902104,-0.6925121925517493,-1.4880422316535304,-0.0030813278930206913,1.0
0.5598736418303182,-0.6925152468458946,-1.4715381245105281,0.025192072248416412,1.0
0.6271579200655047,1.607809813620141,0.16544111980917783,0.022394909985208027,3.0
-1.7317881809775142,0.05404844393795192,-0.005976868361761709,-0.012149287735563358,2.0
-1.7317881809826452,0.05405127252809893,-0.004632341791758531,0.015224047238687238,2.0
0.6271579198639482,1.60781326821085,0.15869946169280547,-0.07577022055140034,3.0
0.5435648550808728,-0.9671896335472062,1.3348025774004793,-0.005885377070477252,0.0
0.6271579190879191,1.607808808493739,0.15472711802058703,0.010394690645718336,3.0
0.543564854980464,-0.9671915994674195,1.3321293985247402,0.0586492936097368,0.0
0.5435648549480255,-0.9671910147154302,1.3351155976445326,-0.024376684724290783,0.0
0.6271579200616193,1.607810272044746,0.16187080648884755,-0.07265612418853973,3.0
0.6271579201114872,1.6078128014337227,0.16145077963124657,-0.040100403944194854,3.0
0.5435648543815524,-0.9671900495512606,1.3311539092739424,0.015456457744696823,0.0
0.5598736420087541,-0.6925196956281805,-1.4748667450158475,0.05258733640607269,1.0
0.5435648551885798,-0.9671896049889684,1.3338876769205874,0.019177206881349874,0.0
0.5598736411516371,-0.692515788336688,-1.4787431433068567,-0.0220660004219571,1.0
0.6271579201420978,1.6078105931940094,0.15593993590054447,0.017280271721638978,3.0
0.5435648543507748,-0.9671903163414631,1.3343893912294544,-0.029881064031067807,0.0
0.6271579203665574,1.607813758120968,0.16362629741631318,-0.04122689325159478,3.0
-1.7317881814785032,0.05404977807958072,-0.007240124846583836,-0.04833409635074028,2.0
0.5435648549351718,-0.967188814346234,1.330284632113386,0.02396791865941707,0.0
0.6271579199950428,1.6078110466144997,0.15667942715016914,-0.03106413755343372,3.0
0.543564855594336,-0.9671917568674996,1.3360738332446134,0.00250146718999704,0.0
0.5435648540827792,-0.967188644199198,1.3305312674145813,-0.015087517870717451,0.0
-1.731788181113923,0.05404956460628176,-0.010057096381613203,-0.030027396738255028,2.0
0.5435648543361766,-0.9671897998475278,1.3343035447250968,0.005696420849796999,0.0
0.5598736419696404,-0.6925153088654896,-1.4751353982267053,-0.06197037777122088,1.0
-1.7317881814134115,0.054051055239990646,-0.005257178513199105,-0.043662170969511686,2.0
0.5598736414947969,-0.6925170982518234,-1.4796016502979268,0.017711455142755246,1.0
0.627157919640522,1.6078120506060407,0.16479357505781206,0.06538682560817143,3.0
0.5435648549866292,-0.9671922243183061,1.3298581728082262,-0.014175020570824327,0.0
0.6271579195190191,1.607811424163753,0.1591449959207995,0.03270408658778796,3.0
0.6271579196906611,1.607812888864371,0.15667563763717343,0.03749484682761654,3.0
-1.731788181041954,0.054047973049997235,-0.00259177933020664,0.009191177579053286,2.0
0.6271579192842919,1.6078107223984628,0.16487721699460994,0.07778322168217656,3.0
0.6271579196536792,1.607810385086504,0.15793734957840538,-0.06263969604583355,3.0
0.5435648543722116,-0.967189986608983,1.325529717038277,-0.01072250176033947,0.0
0.5598736419641479,-0.6925157341238571,-1.4798027366926194,0.04481737354349259,1.0
-1.7317881809003965,0.0540527766615963,-0.002236671827474785,-0.024433629163101815,2.0
0.6271579198371391,1.6078129523169187,0.16020844334170667,-0.09351671837183181,3.0
0.5435648546999174,-0.9671898228031747,1.3315808614710753,0.019183131975048357,0.0
0.6271579198476774,1.6078083948995219,0.16393130890846214,-0.023652613725343715,3.0
0.5598736413425299,-0.6925147265426735,-1.4752704232868803,0.012646232489997132,1.0
-1.7317881814750784,0.054048473719162965,0.0028596334640605095,0.016713280560414906,2.0
0.6271579203425266,1.6078115714460766,0.15390282483501055,-0.011668273305425214,3.0
-1.7317881816734693,0.054049337700557025,-0.0048401427039557006,-0.032279613436698815,2.0
0.5598736412082433,-0.6925130382311826,-1.4811672351764436,-0.08281582913841637,1.0
0.5435648537637467,-0.9671891317462044,1.3326521998838523,-0.022191052045584945,0.0
0.627157919312686,1.6078120582281081,0.1561564119814069,-0.021922008374001396,3.0
-1.7317881805252935,0.05404774984715394,-0.009053574076803942,0.04261021296334385,2.0
0.5598736420811368,-0.6925161696246135,-1.4796055481837176,0.0252993271623802,1.0
0.5598736414055716,-0.692516508327272,-1.4795369990441836,0.019907689085282915,1.0
-1.7317881818093126,0.05405115975051311,-0.0060662982159604565,0.05213839262398982,2.0
0.5435648547509093,-0.9671927488849005,1.3360741265276785,0.060423099709839875,0.0
-1.7317881820136398,0.054047717140992886,-0.002453903324334675,0.035934195362169095,2.0
0.5435648541755987,-0.9671895747708182,1.327769264809808,0.011107916567594026,0.0
0.5598736407911308,-0.6925150734288625,-1.479834740687496,-0.005274864984518257,1.0
0.5598736414294164,-0.6925134474624688,-1.4749433082464714,0.0005043519975729049,1.0
0.5435648546788647,-0.967188210991852,1.3368338268598785,0.062478638111075006,0.0
-1.7317881816140404,0.054050515488795185,-0.00663121954694159,-0.004978042725727832,2.0
0.5435648546675799,-0.9671912189153323,1.326915272671168,-0.012685427550671072,0.0
-1.7317881813129414,0.054049598940451686,-0.0035514280315461924,0.0029375037398183313,2.0
0.5598736417897987,-0.6925166050451642,-1.4843903175638533,-0.03777566885086071,1.0
0.5598736409649734,-0.6925173030677414,-1.4781956813925472,-0.01928700475360483,1.0
0.6271579199305721,1.607809374035649,0.16172775439488415,-0.044609355782451385,3.0
-1.7317881818329708,0.054048248984149595,0.0018431540724657995,-0.03375297881659372,2.0
0.5435648545845524,-0.9671890014064466,1.330039803836604,-0.02828557946622834,0.0
0.6271579198812577,1.6078140655846795,0.16292606742805935,-0.000888547076842934,3.0
-1.7317881813334997,0.05405065230069645,-0.008995544053223956,-0.030555925855229434,2.0
0.5598736414115344,-0.6925172577302585,-1.4820056065310223,0.005380115024177065,1.0
0.5435648542433559,-0.9671887906397622,1.3326251506887088,-0.03133058040500545,0.0
-1.731788181349017,0.05405212587566847,-0.005720516000114354,-0.029540044810745472,2.0
0.5435648547929628,-0.967191351601304,1.3301728463272606,-0.00864273725100044,0.0
-1.7317881814228344,0.054049301962949166,-0.008172567358051084,-0.02422094433547676,2.0
-1.7317881818400571,0.05405122278470207,-0.01155754675714956,-0.002504321194514538,2.0
0.5598736418587824,-0.6925158682984434,-1.4780271446852642,0.01935776746492472,1.0
-1.7317881814827027,0.05405286714298066,1.5351992400126383e-05,0.06589835207611681,2.0
0.5435648545614171,-0.9671881204377759,1.3246573941137356,0.031049958084316553,0.0
0.5598736412857006,-0.69251647479323,-1.481216285445582,-0.01079876341931508,1.0
-1.7317881816016103,0.05404829645302073,-0.001580073144572729,-0.014323234813046488,2.0
0.5598736413931698,-0.6925171070006113,-1.477826051794197,-0.033149727131858646,1.0
-1.7317881812061449,0.05404896183307239,-0.014890520297905803,-0.0029174054982559943,2.0
0.6271579200449064,1.6078093079815092,0.16194863749466426,0.017109397225074444,3.0
0.5435648549168558,-0.967189839795904,1.3370920398914772,0.00920465717100443,0.0
0.5598736410025575,-0.6925160096232359,-1.4788581015037687,-0.0014736414577809125,1.0
0.5598736412009099,-0.6925151851991685,-1.4782874882197456,-0.05954915706176032,1.0
-1.7317881815101253,0.05405144988077763,-0.010713449115450932,-0.002362956557788895,2.0
0.5598736415292298,-0.6925170968374407,-1.472444262143949,-0.031101874417470966,1.0
0.5598736417308666,-0.6925158031247538,-1.4814825625113681,0.011444019695220483,1.0
0.6271579200318396,1.6078119749467366,0.15951217210914853,0.03094297471380785,3.0
0.5435648552511213,-0.9671872315710626,1.3331141440211232,-0.0005465196553144985,0.0
0.6271579197995568,1.6078131250462746,0.1608682192875438,0.009562762042939486,3.0
0.5435648553384788,-0.967190131122101,1.3296209510601844,0.009891705920940602,0.0
-1.7317881820522947,0.054055236437001365,0.004262727610321432,0.10170330953229934,2.0
0.6271579196735011,1.6078144685698732,0.16479401590665793,0.03518435201698061,3.0
0.5598736420346297,-0.692514480794075,-1.4800433348693889,0.020593563060751982,1.0
0.5435648544975848,-0.9671926424037861,1.33492499780981,0.03159151359731972,0.0
0.627157919621336,1.6078118982375824,0.15449342805348956,0.017504338267215064,3.0
0.6271579194407291,1.6078133397176664,0.16149704348154795,-0.006587109166614268,3.0
0.6271579196375594,1.6078109955737687,0.15456012446718448,-0.03444304821915964,3.0
0.6271579199165845,1.6078084345309962,0.16513499218924868,0.05284346678443638,3.0
0.5598736414590946,-0.6925152533756397,-1.4758715167445344,0.04162519308851119,1.0
0.5435648547308009,-0.967189158851176,1.333042690846482,-0.028686802025503586,0.0
0.5435648546011058,-0.9671922784549277,1.3314080701084303,0.03920799050262212,0.0
0.6271579195055342,1.6078102878185305,0.1626467848664771,0.014328142432584344,3.0
0.5598736420927609,-0.692516361670595,-1.4825908860963835,-0.048314172051180417,1.0
-1.7317881810845022,0.05405093843798139,-0.005742045708468716,-0.03719051838687677,2.0
0.5598736420932138,-0.6925160109346848,-1.4769741459130956,-0.0019404663287493405,1.0
0.5435648544571888,-0.9671882362179245,1.3327177072685101,0.054513930018088214,0.0
0.6271579196008921,1.60781047889435,0.1591517668353515,0.0048691588102662406,3.0
0.6271579197094244,1.6078107054687876,0.16050514069797603,-0.05607963237850687,3.0
-1.731788181200796,0.05404911574526948,-0.0027663419794261524,0.06258000663865258,2.0
0.5598736420970114,-0.6925160832531494,-1.4775135276073053,0.0420440018177739,1.0
0.6271579202413821,1.6078133126991334,0.15786998874338232,-0.08389851452130356,3.0
-1.731788182057782,0.054052498649283555,-0.0028696226129640142,0.013838933728203613,2.0
0.5598736417072974,-0.6925155950014866,-1.484260883225736,-0.017685771593796317,1.0
-1.7317881813322307,0.05404727132237833,-0.002499964336505256,-0.028865933970819335,2.0
0.627157920003892,1.6078142058658906,0.15976291120278818,-0.023868298787995366,3.0
-1.7317881813795575,0.05405150458761732,-0.006112845236196777,0.02350515513095651,2.0
0.559873641086218,-0.6925162026489943,-1.474998148250279,0.0038536993628550714,1.0
0.5598736420608786,-0.6925129330326608,-1.4734427840485775,0.0019734542124393863,1.0
0.5598736419689702,-0.6925142748002717,-1.4771335611768186,-0.01959458291615917,1.0
0.6271579199782459,1.6078104642128646,0.16393346887934543,-0.004203824115938843,3.0
-1.7317881818562628,0.05405172498821199,-0.0014154797354440554,-0.016265324785277868,2.0
-1.7317881816823553,0.054050732280109565,-0.009983846250738343,0.0430167046241807,2.0
-1.7317881815558116,0.05405196546720333,0.0002999429509898725,0.0059760068828772425,2.0
-1.7317881808290803,0.05405028803631763,-0.0028594902790841517,0.015755956066514046,2.0
0.5435648551137654,-0.9671893264865157,1.3288044430307413,0.03203248094059854,0.0
0.5435648548399576,-0.9671893929994929,1.337223743094708,0.04090594549460246,0.0
0.5598736416889001,-0.6925131874709471,-1.4734211315555434,-0.01943279596683786,1.0
0.6271579193679302,1.6078088655602094,0.1503225062927447,0.025996668589377898,3.0
-1.7317881815075822,0.054050552061024916,-0.005914298363351798,0.05740448830808614,2.0
0.627157919704617,1.607809948812747,0.16539336777442215,-0.018388761651926894,3.0
0.5435648542464933,-0.9671911150846961,1.3301506238268712,-0.007309017512793336,0.0
0.5435648549642609,-0.9671856267244039,1.3325415280576332,0.011450817826530074,0.0
0.6271579194297006,1.6078106247655077,0.158587975770842,0.0854607218139169,3.0
0.5435648547317283,-0.9671904542574559,1.3398322735839039,0.01361072767464081,0.0
-1.7317881812568299,0.054049536750928856,-0.0055747786635775825,-0.005209105357029162,2.0
-1.7317881817741345,0.05404934407097951,-0.003004141810852433,-0.01421831122769573,2.0
0.5598736414344843,-0.6925187833408938,-1.4782465512813963,0.002565935874152449,1.0
-1.7317881807309492,0.05404617209445036,-0.0069562393787153285,0.015067696461282587,2.0
0.6271579196898494,1.6078094059672035,0.1634850593696509,0.011642453899066528,3.0
0.5598736419592035,-0.6925154092359358,-1.4800847468462923,0.021686512541987654,1.0
0.5598736417791131,-0.6925159872449195,-1.4772578637604763,-0.008984469120306576,1.0
0.5435648546242978,-0.9671899238561558,1.3322506626091457,0.03935379384470934,0.0
-1.7317881818004015,0.05404938505584818,-0.005428709933098505,0.003953171262323132,2.0
0.5435648539532785,-0.9671917391773875,1.3321217425470084,-0.013663607224385584,0.0
-1.7317881816934768,0.054048909488326385,-0.0034332851395365875,-0.03546152297783322,2.0
-1.7317881811014868,0.05404777539694837,-0.003664368376241408,-0.003036300244248658,2.0
0.5435648543769882,-0.967189957812689,1.3310212288929386,0.07463291607369667,0.0
0.5435648541848017,-0.9671884975975433,1.3290330964531434,0.05588178378063525,0.0
0.5598736410012723,-0.692515438212583,-1.4775650878706819,0.022803331594074577,1.0
0.5598736409795185,-0.6925188649658515,-1.482314234548032,-0.007692968122980428,1.0
0.6271579198342766,1.6078135387355565,0.1635542315438291,-0.013078171450954175,3.0
0.6271579195321779,1.6078110955711635,0.15195824774872435,-0.012334845200160389,3.0
-1.7317881812966704,0.0540520071021405,0.0004022465146259044,0.049928714974485124,2.0
-1.731788180740465,0.054051320069698774,-0.005457907514972864,-0.032448448314724536,2.0
-1.7317881816008052,0.05404987247426295,-0.009543844361730208,0.008051696299830921,2.0
-1.731788181673154,0.05405006623612702,-0.0006234288343098936,0.010057638560519711,2.0
-1.7317881812577713,0.05405111214129829,-0.0012396718867321273,0.017684957619082838,2.0
0.5435648545533277,-0.9671882484740202,1.3380187405905168,0.02061562102710546,0.0
0.5435648550610179,-0.9671906461505925,1.33167074931459,0.011286780533152168,0.0
-1.7317881815518388,0.05404944423731792,-0.004965555224788283,-0.04944732506810872,2.0
-1.7317881810175741,0.05404795112862074,-0.002728729926240066,0.05413903940142181,2.0
0.6271579200750823,1.6078080353551394,0.15784712900254297,-0.036657182293076455,3.0
0.5598736411912127,-0.6925170202724208,-1.4854768999272512,0.055451285779637524,1.0
0.6271579201392934,1.6078106755647033,0.15796049313112515,-0.016596275992652454,3.0
0.5435648549625665,-0.9671890687494122,1.3333284245520027,0.03133178968384615,0.0
0.5435648540885583,-0.9671900042884201,1.332513859405266,-0.019183961951299865,0.0
0.5435648550935092,-0.9671895411019593,1.3356132151133562,-0.007211455102916437,0.0
0.6271579201514929,1.6078116903078663,0.16419015490750388,0.06541914782426826,3.0
0.5435648547100133,-0.9671911201598232,1.3317460268797934,-0.02039685884876179,0.0
0.6271579195479846,1.607810552096048,0.16325702820762153,-0.046901106436841394,3.0
0.6271579194375477,1.6078082195605012,0.15910058572365365,-0.02227891072607815,3.0
0.543564854324988,-0.9671884709626495,1.334064710908435,-0.007053757133846626,0.0
0.5435648551859652,-0.9671922265976758,1.331246949613239,0.019632412438223258,0.0
0.6271579194804465,1.6078142781628189,0.16247596955043506,-0.01545952538367014,3.0
0.6271579198592129,1.6078134219996405,0.14946113256005733,-0.02536758694858267,3.0
0.5598736414181827,-0.692518782641725,-1.476415576900876,0.02072779094436901,1.0
0.5598736415925188,-0.6925162570483917,-1.4733076068064506,0.058044963456511924,1.0
0.5435648552167351,-0.9671905354327964,1.331970104794945,-0.0052774768704029335,0.0
0.5598736416368074,-0.6925177597562925,-1.478857822611659,-0.05901233014003822,1.0
-1.7317881810909055,0.05404770397576908,-0.0008041954136274761,-0.0004266913843468697,2.0
-1.7317881824613364,0.05404978950980483,-0.009670255621306004,0.011583232955640411,2.0
0.6271579198143105,1.6078125303325486,0.16247994497992493,0.03275249999218943,3.0
0.5598736415426436,-0.6925158377992955,-1.4821572390516151,-0.001629839024070172,1.0
-1.7317881809870612,0.05404958834913875,-0.004503766167128496,-0.05982011092576706,2.0
0.5598736414076422,-0.692516144752355,-1.4775426933000064,-0.018771647212008476,1.0
-1.7317881809523232,0.05405100737760143,-0.0005085462030025971,-0.003109649944614628,2.0
0.5598736415322234,-0.6925172314121831,-1.484896786206425,-0.029421758316490642,1.0
0.5598736420373631,-0.6925183115333272,-1.4802612076853157,-0.050522649891331206,1.0
0.5598736415760377,-0.6925141424858317,-1.477077881658276,-0.033658749807364045,1.0
0.5435648551183462,-0.9671890708099566,1.3284088243801546,-0.016835466908595696,0.0
0.5598736410693327,-0.6925181626985003,-1.4838440947073985,0.0238088703374035,1.0
0.6271579196219809,1.6078101242672256,0.1591496192785891,-0.003817682016927249,3.0
0.6271579197943378,1.6078098292948428,0.1637444138729432,-0.025966645446138456,3.0
-1.7317881813626284,0.05405092860070303,-0.0034650760389357094,0.007722657255056474,2.0
0.6271579194072614,1.607808987753453,0.1605754993737827,-0.08490693100064352,3.0
0.5598736405484114,-0.6925141630299134,-1.4731082896770868,-0.015548271822546094,1.0
0.5598736414229403,-0.6925146604702302,-1.485529520672655,0.01956802035716504,1.0
0.5435648546464596,-0.9671916063396526,1.3323290225091127,-0.014704979513078682,0.0
0.5598736417460821,-0.692515053897129,-1.4825690895337464,0.01392727221172144,1.0
0.5435648552382859,-0.9671890490319334,1.338216346886735,-0.011409749516764545,0.0
0.5598736415614634,-0.6925163982584193,-1.4706457974466989,-0.029897534860619027,1.0
0.6271579193480165,1.6078093891570189,0.16264505647880928,0.034490454611279024,3.0
-1.7317881812743254,0.054048248088870494,-0.005706612946907295,0.01686716866726996,2.0
0.5435648547224765,-0.9671875659432668,1.3237842144698488,0.06485967733008877,0.0
0.6271579196886538,1.6078121923949646,0.15807026885155123,0.05008502479385396,3.0
0.5435648549353082,-0.9671929012133434,1.3383196448829426,-0.024369811003924744,0.0
-1.7317881808059867,0.054047628893629567,-0.0020508307120529487,-0.036183277804614805,2.0
-1.7317881813228848,0.05404961721959747,0.005256526394858489,0.03118788316760784,2.0
-1.7317881815442293,0.05404881435895888,-0.0028772557043025525,-0.034542171511198295,2.0
-1.7317881811937392,0.05404762612600014,-0.0008253431156484358,0.030073115968612993,2.0
0.5598736410133234,-0.6925153072754056,-1.4765224784224262,0.039746142175723746,1.0
0.6271579198391563,1.6078108955841217,0.16141527061707805,0.009188613953603276,3.0
-1.7317881815832827,0.05405326760302854,-0.007767107795449465,0.025132023323853104,2.0
0.5435648548753778,-0.967189112466532,1.3339734176321807,-0.012848193984413366,0.0
0.627157919223459,1.607809676021005,0.15679821581136194,-0.009768832829721442,3.0
0.6271579199681298,1.607810764288136,0.16063466685403913,0.059009444957884793,3.0
-1.7317881808816964,0.05404848972731013,-0.003739572384641992,-0.03878384342154893,2.0
0.5598736415973323,-0.6925159090587857,-1.4843861929194229,0.006991641699978746,1.0
0.6271579195298461,1.6078096804812616,0.16288991211976198,-0.006181379913839955,3.0
0.6271579199895307,1.607811403629603,0.15796742214509524,-0.0481198865957196,3.0
-1.7317881808107105,0.05404829977228664,-0.009853669354644433,0.005374213096608525,2.0
0.55987364164086,-0.6925150744492841,-1.4806924707237266,-0.08041601885339202,1.0
0.543564854986663,-0.9671919524465732,1.328827381742636,0.0012476582562172794,0.0
-1.7317881819528835,0.05404671916320642,-0.003916515370055613,-0.00506849604827417,2.0
0.5598736413827331,-0.6925151923802252,-1.4766858027347438,-0.020407512028384856,1.0
0.543564854626588,-0.9671900323476663,1.3300474937396598,0.023782541458996796,0.0
0.5598736413406912,-0.6925158012033321,-1.4801405007660344,0.002832349515981237,1.0
0.559873641624711,-0.6925140526144614,-1.4740710463551434,-0.02651447566362078,1.0
0.5598736412735201,-0.6925147892074893,-1.4858667313013432,-0.023396662024561133,1.0
0.6271579197461188,1.607812010691159,0.16504268439566425,0.023549590326925565,3.0
0.62715791937906,1.6078123510981661,0.16029117297546255,-0.0015603465927003706,3.0
0.6271579204097261,1.6078093506199076,0.16698021453474338,0.01974476270598243,3.0
-1.7317881813425327,0.05404991382233876,-0.009246126960240167,-0.03160995658080446,2.0
0.5435648546927072,-0.9671895246996759,1.3338207577472398,-0.018389604085181803,0.0
0.5598736412760392,-0.6925165696602812,-1.4782395556110886,0.05361315022123269,1.0
0.6271579199481889,1.6078101571276222,0.1610553558907748,0.023463267986195708,3.0
-1.7317881818635408,0.05405106718144577,-0.00044085822441261287,0.05292164469559263,2.0
-1.7317881815998366,0.05404762632976796,-0.0031845148895758703,0.0040833027087264035,2.0
-1.7317881805329738,0.054046070721358905,-0.0017259764371036427,-0.037883735082485326,2.0
0.5598736410735906,-0.6925170736555888,-1.474672584243861,-0.02250408977960314,1.0
0.5598736417566894,-0.6925159786681057,-1.4723403707925335,-0.021791623073696052,1.0
0.5598736415663711,-0.6925169336909973,-1.477923852680857,0.0404754792111508,1.0
-1.7317881813208398,0.05404977869038357,0.0010754097704101203,-0.015138092980391668,2.0
0.559873641425806,-0.6925145449495177,-1.4798486245290172,0.0072081823239358135,1.0
0.6271579204080722,1.6078143724154037,0.1586195523675946,-0.03786189443072971,3.0
-1.7317881810884335,0.05405127318809466,-0.005895971523723803,-0.0076226313914472986,2.0
0.559873641234569,-0.6925150625882217,-1.4793404513409898,-0.004591229370931839,1.0
0.5598736420787485,-0.6925183320660074,-1.4768843022619365,-0.08815181547971052,1.0
0.543564854758134,-0.9671869767910032,1.330909799427535,0.031640512409320504,0.0
-1.7317881814240308,0.05404987228609865,0.002316033084830788,-0.0037148641169687394,2.0
0.54356485463684,-0.9671895434251664,1.3327484790975141,-0.001902424631818531,0.0
0.5435648549549221,-0.9671909966944738,1.3330066574604533,0.014859551823159196,0.0
0.5435648553203694,-0.9671934778219576,1.332320165000776,0.03199035140982303,0.0
0.543564854375234,-0.9671881285278031,1.3312255731917941,0.017292914746174334,0.0
0.6271579200368529,1.6078151537753755,0.1616017060436354,0.024962346141006012,3.0
0.5435648547242667,-0.9671926191366161,1.3303054645746255,-0.018142412815044622,0.0
-1.7317881810140014,0.05404885413988124,-0.0043747004017747945,-0.03696164920404291,2.0
0.5598736413809429,-0.6925176148910828,-1.4819431724771075,-0.011654367855938179,1.0
0.5435648550113967,-0.9671909861299203,1.3433315582374257,0.01768758129555153,0.0
0.6271579192593504,1.6078111437103362,0.16079546661906247,-0.0016218545730783123,3.0
0.627157920088619,1.6078116388406674,0.16650504859929113,-0.049155484478692,3.0
-1.7317881811311366,0.05405112369129692,-0.005695648642707772,-0.00391251336965529,2.0
0.5435648549701748,-0.9671881890343457,1.330215384554555,0.01654551751841967,0.0
0.5598736421530462,-0.6925146660843757,-1.476328323670169,-0.0020389026555122703,1.0
0.6271579195893,1.607810178560924,0.16032724906613408,-0.003434353012797002,3.0
0.5598736420660997,-0.6925160811037384,-1.4813507436156472,-0.05179288811631089,1.0
0.5435648545401994,-0.9671895995820835,1.3290134271583418,0.06185051767546594,0.0
0.5598736414522298,-0.6925144302795467,-1.4785153883476092,-0.0046245526262107895,1.0
0.543564854730755,-0.9671893321096808,1.329164117273098,0.00021445641105062658,0.0
-1.7317881814118123,0.054049496308782946,-0.005735258459871443,-0.06857426905051028,2.0
-1.731788181128373,0.05405213946903157,-0.010184603518192118,-0.056902670204288734,2.0
0.6271579198308413,1.6078136124816247,0.15951075596111902,0.009377619642716354,3.0
-1.7317881812087375,0.054050685770312946,-0.005440313057157919,-0.022095013183025182,2.0
-1.7317881813021792,0.05404628503755757,-0.0020811189879192432,0.0017083232071220672,2.0
0.6271579201133781,1.6078123646284086,0.1647234836720136,-0.0004820281623331245,3.0
0.6271579207410187,1.60781413521395,0.15849790549669482,-0.022128385586633256,3.0
0.6271579192871951,1.6078122355668032,0.163753835148591,-0.020425104366530618,3.0
0.543564854905233,-0.9671902106409963,1.333642949732251,0.03417532707755458,0.0
0.5598736413890997,-0.6925150733898842,-1.4815990961452392,0.05317413205552595,1.0
-1.7317881813890965,0.05405241313133514,-0.0013179097997833417,-0.03306496921535028,2.0
0.5435648548291646,-0.9671886250453484,1.3350840390261374,0.07675736561509625,0.0
-1.731788181018782,0.05405201489665364,-0.006531707037277337,-0.013076975610531711,2.0
0.6271579199965028,1.607811770986331,0.16026810636431707,0.0003747589628061076,3.0
-1.7317881811380749,0.0540501248456335,-0.0016854148644691203,0.004815353349558084,2.0
0.543564855183296,-0.9671883720969342,1.339528080376162,-0.01951208705459353,0.0
0.627157919779252,1.6078115933568438,0.1565356808097465,-0.061328991849402804,3.0
-1.7317881814593308,0.05404966273741035,-0.008659684190867385,-0.02926974652755617,2.0
0.6271579194685676,1.6078100980276226,0.1684034324100465,0.012707292072594892,3.0
0.5598736417380944,-0.6925137905706192,-1.4782023268419104,-0.037607142358820136,1.0
0.5598736414382358,-0.6925150011734604,-1.477944727697815,-0.018495160320557775,1.0
0.5598736414404738,-0.6925156995096581,-1.483928749403345,0.04446998281691997,1.0
0.5435648547209453,-0.9671912631854086,1.3380080417173765,0.02095069805391807,0.0
-1.731788181753782,0.0540506698554048,-0.0022117861410135206,-0.015291785182612865,2.0
0.627157919899082,1.6078073089608726,0.16187541094789984,-0.03049957898394867,3.0
0.5598736412538738,-0.6925155659798357,-1.4810087153158977,-0.04681912380788265,1.0
0.5435648546030587,-0.9671897269683385,1.3353303519282402,0.03287876591227249,0.0
-1.7317881818814982,0.0540514695222802,-0.0076473055193026895,-0.0429969391972631,2.0
0.5598736410897376,-0.6925172323260205,-1.4707656669664477,-0.015591727661724576,1.0
0.6271579192933823,1.607810280859164,0.15614555746005726,-0.01861956623665541,3.0
0.6271579202372093,1.6078087126257756,0.1646346555904354,-0.024100293826591727,3.0
0.5598736416474542,-0.6925132858289978,-1.485841065684796,0.011043828797737947,1.0
0.5435648548811022,-0.9671901931722354,1.3264371203576744,-0.001948523522039499,0.0
0.5598736414707167,-0.6925136432883484,-1.4757377868364174,0.04270784790781091,1.0
0.5435648547076467,-0.9671883341893937,1.3329694005299402,0.025088518163139176,0.0
0.5435648549054816,-0.9671905673332121,1.334360824850654,-0.09757558945587096,0.0
0.559873641286709,-0.6925185633357662,-1.4765396967666449,0.053862762631078885,1.0
0.5598736413455437,-0.6925180687831415,-1.4820295050794197,0.010745961625628676,1.0
0.5598736417209621,-0.6925174671799109,-1.4814606093388456,0.06203969840419518,1.0
-1.731788180953685,0.05405389215657757,-0.011161552665232987,0.04640434059708223,2.0
-1.7317881811196045,0.054047148937237825,-0.010008112240074703,0.049468391502292,2.0
0.5598736413963352,-0.6925137573751246,-1.4774597680671187,-0.05891020575605753,1.0
0.5598736420902614,-0.6925146889189439,-1.4778999363712901,-0.05783444679562929,1.0
-1.7317881813752345,0.05405126719650345,-0.004768001967228622,0.05544219176436946,2.0
0.6271579194517596,1.6078134787072502,0.16279321590352228,0.05177641732808207,3.0
0.5435648553867783,-0.9671892954758019,1.327751591782271,-0.07956143171189821,0.0
-1.7317881811951916,0.05405311160271137,-0.0022423842645569367,0.04108811982119647,2.0
0.559873642077882,-0.6925168131987557,-1.4807697653031704,-0.06048821919545986,1.0
-1.731788181697939,0.05404806628294139,-0.00031331204931081915,0.03259253595919993,2.0
0.5435648543468973,-0.9671875123129926,1.3333753234573864,0.06107691384020177,0.0
0.5598736414438868,-0.6925179329397653,-1.4789187251135814,-0.03971626922146017,1.0
-1.731788180763196,0.05405040947788187,-0.002002157860217424,-0.017363824835796425,2.0
0.6271579197047388,1.6078120392274757,0.16103655700224495,-0.00015612344559305788,3.0
0.6271579204647253,1.6078107221005469,0.16096615520141622,0.052326560110359674,3.0
-1.7317881812948428,0.05404806149500176,-0.00419858773218819,-0.038819723980995334,2.0
-1.7317881814569647,0.054051099173011805,-0.0073296408350337445,0.012364606173076022,2.0
0.5435648550526562,-0.9671916372083278,1.3353888533975076,0.06571463012763952,0.0
0.627157920088798,1.6078096567595364,0.16036111192037505,0.009836699980470764,3.0
-1.7317881810597893,0.054052541100998906,-0.004574580495007698,-0.000445562738943788,2.0
0.5598736416877075,-0.6925157531309493,-1.4768201104915637,-0.018896914265354045,1.0
0.5598736414132633,-0.6925149971816889,-1.4795547583799125,-0.006187747786791881,1.0
0.5598736411330143,-0.6925161601953894,-1.4785305092856709,-0.045659439468541375,1.0
-1.7317881816699316,0.054050468209476045,-0.002361860679012568,0.017703387972672964,2.0
0.5598736416369701,-0.6925125336204081,-1.4765761282804772,-0.0008890506571491083,1.0
0.5598736415064409,-0.6925147825924873,-1.478056813178184,-0.06282542061621518,1.0
-1.7317881823719095,0.05405086641458169,-0.0067826726283517404,0.027733272638330312,2.0
0.5435648548293391,-0.9671905924777828,1.3301278331647948,-0.01302654949220861,0.0
0.5435648546752919,-0.967187971861001,1.327541005488054,0.03165025092973807,0.0
0.6271579203830239,1.6078086786187396,0.16172059938352637,-0.0038133884746511092,3.0
0.5598736414671827,-0.6925167556288293,-1.4770796946216265,0.07253062638827054,1.0
-1.7317881818024177,0.05405183998568456,-0.00552419323304594,0.020034407147779588,2.0
-1.73178818154547,0.054049039400784496,0.00032383676883665,-0.017473646111243905,2.0
0.627157919701701,1.6078123981578738,0.15881901224181202,-0.014022517932259428,3.0
-1.7317881818118268,0.054049138854453824,-0.0008779794197921378,0.007827467142031308,2.0
-1.7317881821351322,0.05404843405340302,-0.01111276698790934,-0.01363885373655073,2.0
0.5598736412914617,-0.6925163391463762,-1.4827252733436016,-0.03146091461509123,1.0
0.5435648541273889,-0.9671890808290706,1.3325366725660546,0.006420695412329128,0.0
-1.731788181370747,0.0540526481951031,0.003267354565933074,-0.025318937321736228,2.0
0.5598736414213348,-0.6925183396799764,-1.476459334692293,0.060341820656121065,1.0
0.5435648543434034,-0.9671892656048711,1.3281894909118968,-0.06154022183518622,0.0
0.5435648551208302,-0.9671898784725258,1.3317190267496148,-0.02227177233921823,0.0
0.5435648545655636,-0.9671901479897009,1.327776957973794,0.03004734848519357,0.0
0.5598736411473386,-0.6925153023858174,-1.4788271229120853,-0.04807542688230063,1.0
0.5598736416024545,-0.6925147305783564,-1.4750035678689644,0.007888964763769095,1.0
0.5598736420052993,-0.6925125900241266,-1.4850679909465652,-0.006055147582878907,1.0
-1.7317881818854002,0.05404826805173043,-0.0014444417792937648,-0.054071705026648834,2.0
-1.7317881806923971,0.05404935912937017,-0.0050879337646176585,0.03653986923809016,2.0
0.627157920584426,1.6078133197180684,0.16162222003388946,-0.005466612232966848,3.0
0.6271579196462657,1.6078112197640138,0.15964538771338604,-0.024617205679600726,3.0
-1.7317881814010607,0.054049457711746365,-0.009959519756921444,0.06424141544074725,2.0
0.5435648548849459,-0.9671853110657945,1.3290390772949376,-0.05326345170702559,0.0
0.559873641674269,-0.692515205768599,-1.4781993937735274,-0.0078062427848728565,1.0
0.5435648554417987,-0.9671901623632994,1.3371955876229686,-0.05372440026052098,0.0
0.5435648552803657,-0.9671880793612934,1.3317910998116163,0.027925856561148977,0.0
0.5435648540022996,-0.9671907732580698,1.3336969875253908,-0.018105563709025867,0.0
-1.7317881804872914,0.05404773716935619,-0.0044758539662594155,-0.01401817606709856,2.0
0.6271579199378087,1.6078106240684031,0.15569319515590724,-0.023157826016052686,3.0
-1.731788181291938,0.05404925686649554,0.00021182352763366675,0.02655793447326202,2.0
0.5598736415580033,-0.6925170218027757,-1.4822423966408158,0.0681634945527717,1.0
0.5598736417558747,-0.6925135543738808,-1.476282562477311,-0.018114435327037402,1.0
0.5435648549974997,-0.9671913629894339,1.3349415304249852,0.061455632469198745,0.0
-1.7317881811145015,0.05405174774257056,-0.003881137736967491,-0.031437908350263,2.0
-1.7317881820284133,0.054049877653882604,-0.008138176769950253,-0.0638375933636623,2.0
-1.7317881811647733,0.05404716903582479,-0.009170891296715796,0.025803175049838995,2.0
0.5435648555724643,-0.9671870067876777,1.3315793853952886,0.06525786409809187,0.0
0.6271579199384514,1.6078109587188134,0.16738291737839692,-0.07557098110965592,3.0
0.627157919496792,1.6078114478328849,0.160374826782605,0.009617282488891907,3.0
0.543564855384517,-0.9671908046034924,1.3345021017303078,0.05464450652329922,0.0
-1.7317881817879728,0.054048983282545045,-0.002129868838290293,0.039564929219268144,2.0
0.5435648551757637,-0.9671924850326264,1.3301369257812847,0.008326157638481161,0.0
0.6271579197260023,1.6078122694892445,0.15690663886991102,-0.00616308655546338,3.0
0.5435648550474713,-0.9671943022596721,1.333074646952937,-0.007359254947890868,0.0
0.5598736414403629,-0.692515452645262,-1.4788714842474024,-0.046319518757259426,1.0
-1.731788181468254,0.054052392513579066,-0.004360205786893034,0.001085530128816338,2.0
0.627157920483437,1.6078084928021728,0.16445152773428698,0.04220514274032519,3.0
0.5598736408470023,-0.6925172764132319,-1.4798001279485562,-0.021592734507232213,1.0
0.5435648550631722,-0.9671920581019112,1.3323221553404452,-0.013952252515232263,0.0
-1.7317881809616005,0.05404996570935358,-0.011461961983891558,-0.05405897884640453,2.0
0.5435648543790934,-0.967188026521723,1.338137263680804,-0.014748988765246282,0.0
0.5435648552205867,-0.9671907790368082,1.3370675627512527,0.02976757893038373,0.0
0.5435648553439872,-0.9671897170573271,1.3260132421589776,0.011595072518865622,0.0
0.543564854923262,-0.9671897243997283,1.330473666729313,-0.01160143149774958,0.0
0.559873641576278,-0.6925172429747221,-1.48402481344886,-0.02652818039923203,1.0
0.5598736411031943,-0.6925173416883784,-1.487318925258187,-0.018609542840877548,1.0
0.5435648543086821,-0.967190104229124,1.3328999528761272,-0.040928709167658846,0.0
-1.731788181894015,0.054051711868433806,-0.001448037918826989,-0.05063630184461693,2.0
0.5435648544734989,-0.9671855329572521,1.3354181116303523,-0.0036779373058177215,0.0
0.5435648547315372,-0.9671898556614521,1.332068296264127,0.061837890865634085,0.0
0.5435648542907465,-0.9671908527890054,1.333667601729889,-0.016126961566029916,0.0
0.6271579196260343,1.6078110404370538,0.15912958507068792,0.004804366810707998,3.0
0.5598736420961465,-0.6925168206166512,-1.4739783976902943,-0.0065985920074131624,1.0
0.5598736423206421,-0.6925173581147847,-1.4806773940695257,0.046952034828613,1.0
0.5435648554357172,-0.967187568893014,1.3346055767084066,0.03337005391471185,0.0
-1.7317881817401113,0.05405051746635596,-0.009328046409043698,0.04746153729153051,2.0
0.5435648550303536,-0.9671903132798303,1.3390029738926768,-0.0013182420498720716,0.0
0.5598736412618428,-0.6925155429235718,-1.4780823445683597,-0.019567442121483317,1.0
0.5435648546288391,-0.9671893815462191,1.334743103631214,0.029670526808358674,0.0
0.6271579202830913,1.607810406912041,0.15974957384199423,0.10371191517890493,3.0
0.5435648544291805,-0.9671883487508303,1.3306141236111708,0.026529616272725817,0.0
0.5435648545865427,-0.9671902674123039,1.3340741775345655,-3.197883608037897e-05,0.0
0.5435648551777651,-0.9671887062489138,1.3316662069713971,-0.0005147143647905448,0.0
0.6271579198249075,1.6078150469215753,0.16182686901955348,-0.0027023278376264778,3.0
0.5598736416434574,-0.6925160821163167,-1.4824453220950873,-0.0908507194603302,1.0
0.5598736417736352,-0.6925135613283484,-1.4860363509732066,-0.057784999054333604,1.0
0.5598736412077424,-0.6925123224426077,-1.475760319955692,0.016737129917114416,1.0
0.6271579196336583,1.6078120040824837,0.16111702517446336,-0.00446999104134127,3.0
-1.731788182202341,0.05405041850461645,-0.0005125603343451326,0.0492829884463928,2.0
0.559873641431269,-0.6925140597159546,-1.4778317669061278,-0.06678947555261691,1.0
-1.7317881820444885,0.05404887351627321,-0.0069470171676672505,-0.04055979245514765,2.0
0.5598736413848497,-0.6925172981272685,-1.477765905925588,0.021382747442914334,1.0
0.6271579201174199,1.6078112386977141,0.16100654493869132,0.01494961427157334,3.0
0.55987364169845,-0.692517415889393,-1.4800148351372944,-0.056215420453452646,1.0
0.6271579199496297,1.6078133276168198,0.16259324713246776,0.0067297007575939025,3.0
0.5435648545555702,-0.9671911752489122,1.3291305050254365,-0.019689109256176906,0.0
-1.7317881819445777,0.05405473012500547,-0.0046250889615118505,0.027289203684199126,2.0
0.6271579201841788,1.6078095987707701,0.15369716810432835,-0.009089520523152494,3.0
-1.7317881816061242,0.054049460478771114,-0.005587050159151067,-0.06133375731176507,2.0
0.6271579197886034,1.6078110761576252,0.15203080607657352,-0.03226181118338002,3.0
0.5435648553698273,-0.9671880060230166,1.3306729856817532,-0.020234613010377895,0.0
0.5598736412149488,-0.6925134726369789,-1.4749071499750146,-0.01722958876923021,1.0
0.6271579199128402,1.6078141597881095,0.16678011723364322,0.009070022642723621,3.0
0.6271579196472639,1.6078110944125072,0.15781837955941372,-0.012518925671962522,3.0
0.5435648547485251,-0.9671872148793311,1.3250248904894322,0.00284982731377187,0.0
0.5435648548585229,-0.9671888754194492,1.3333090485183543,0.0022318888577981763,0.0
0.5598736415501926,-0.6925157792756785,-1.476447797096872,-0.010085889094714834,1.0
0.5598736419267517,-0.6925156304163602,-1.4794808167788398,0.04177576618041223,1.0
-1.7317881813037965,0.05405130437331887,-0.004431435299285594,-0.05554593020025329,2.0
0.5598736414930405,-0.6925193589354123,-1.4828590762818528,0.02756538164249544,1.0
-1.7317881816150076,0.05404777722933668,-0.003047812766354424,-0.013992245456103686,2.0
-1.7317881814734724,0.054047387330613865,-0.005299360677868909,0.0561199007434479,2.0
-1.731788181416363,0.05405171528843142,-0.005259670029747188,-0.07549698520149958,2.0
-1.731788181839962,0.054053892018654986,-0.004737256838025502,0.003742652413260607,2.0
0.6271579202442285,1.607810490163449,0.1574000225603317,-0.0028989484249639518,3.0
0.5435648551886257,-0.9671919000515793,1.3350682723388418,0.03912061242695313,0.0
0.5435648551359569,-0.9671928220298917,1.3272013704899164,-0.009672400892542303,0.0
-1.7317881816926521,0.0540501812318152,-0.0017284126051472376,0.014488886614806705,2.0
0.5435648545041633,-0.9671879275217481,1.3337204578607589,0.03122995686725446,0.0
-1.7317881816125302,0.05405049226363464,-0.008937123957214197,-0.019302086973143937,2.0
0.5435648546561885,-0.9671896600963418,1.3343125934063913,0.006421924440002776,0.0
0.5598736419653715,-0.6925159813040541,-1.4782156616598456,0.00285986317195662,1.0
-1.731788181843574,0.05405050176048125,-0.0017553414865439656,-0.019363140794216582,2.0
0.5598736419374297,-0.6925205190751381,-1.4804160281058063,-0.04986215727358025,1.0
0.5435648547854012,-0.9671904332229212,1.3324554308027268,0.05122631403475032,0.0
-1.7317881818250307,0.054050215340975025,-0.005915761946234589,0.015314736475879227,2.0
-1.731788181000203,0.054052780477926325,-0.002952956312423001,0.017312489860916935,2.0
0.5598736417206301,-0.6925165244353964,-1.4751205195932529,-0.07828094537548513,1.0
0.5598736414782687,-0.692515625661648,-1.4775608208192872,0.05729109476130535,1.0
-1.7317881818150216,0.05404920678046072,-0.005059849834179631,0.06927399510541297,2.0
0.6271579198423755,1.6078096669916577,0.15522632889301444,-0.05327811513507146,3.0
-1.7317881816131768,0.054051008488647106,-0.004141901184777895,0.059901280800308675,2.0
0.6271579198008681,1.6078092187965403,0.1565728510823822,0.011994659022130882,3.0
0.6271579197211414,1.6078111574090772,0.1570383296790065,0.02680312505800711,3.0
0.5598736411306648,-0.6925148927578852,-1.4813307881871995,0.016231613760207743,1.0
0.5598736411395753,-0.6925158660320702,-1.4773486928700816,-0.016364476421332465,1.0
0.5435648551397034,-0.9671899568899714,1.3359630769468929,-0.034939025654349254,0.0
0.5598736420000288,-0.6925194613866579,-1.4802913040626187,-0.0006075501172150611,1.0
0.5598736421445503,-0.6925149886310985,-1.4761123178042317,0.012586483425178048,1.0
0.6271579197922422,1.6078102879153076,0.15882326449508183,0.023251005283797258,3.0
0.6271579196414465,1.6078116671472877,0.1645011448277946,-0.026572075327180412,3.0
0.5598736410718329,-0.6925171298261004,-1.472666960023363,-0.006899790871379984,1.0
0.5435648548579487,-0.9671894771913294,1.3331049566065496,-0.07547488473228695,0.0
0.5598736404093819,-0.6925158038352317,-1.4854317511055606,0.0036281586082917193,1.0
0.5598736412404194,-0.6925165476941912,-1.478287919479002,-0.043200985541268055,1.0
0.5598736419613504,-0.6925167732699492,-1.4773746112679373,0.09276310721361314,1.0
0.5435648546937286,-0.9671892794927126,1.335857665820075,-0.04014568478110589,0.0
0.6271579198956319,1.6078090251405475,0.16222483711119096,0.025023627020397315,3.0
0.5435648547106365,-0.9671883951770531,1.3362561109830786,0.017530836815338575,0.0
-1.7317881813164575,0.05405362789995151,-0.008634256747944704,0.018264599590174964,2.0
0.6271579192250839,1.6078122238848305,0.15817017018342047,0.04115373434884323,3.0
-1.7317881815528187,0.054049857080321534,-0.008603830897584135,0.03970430866195142,2.0
0.5598736413623912,-0.6925149659355766,-1.4737479206802553,-0.07618131855972783,1.0
0.6271579195655534,1.6078107926502196,0.1599361765482016,-0.04237923604237714,3.0
0.5435648552004785,-0.9671886724923531,1.3304605885289336,-0.056246713110596154,0.0
0.5435648545232237,-0.9671892687399626,1.3347940056436607,-0.00785735948210768,0.0
0.5598736414621582,-0.6925163383837915,-1.4717206050480955,-0.04042084682872059,1.0
0.6271579197171945,1.6078112992475098,0.15626774218752376,0.02987804067764695,3.0
0.5435648549020634,-0.9671861678057587,1.3328357375214244,0.03152249730689142,0.0
-1.7317881814668923,0.054051156384509455,-0.0012038891899729285,-0.019854406285543184,2.0
0.5598736422096481,-0.6925175865521136,-1.480464135251564,-0.02597855682823388,1.0
0.559873641452882,-0.6925185589950924,-1.4776764605540411,0.00434174402238719,1.0
0.5598736418030936,-0.6925170905797147,-1.480196021795783,-0.010950348297806466,1.0
0.5435648556730821,-0.9671877422080303,1.3334197963223156,-0.04178078473265311,0.0
0.6271579198403088,1.607810343398253,0.16190677404892354,-0.03455718603068002,3.0
0.5598736418896607,-0.6925126486229761,-1.477343981784261,-0.020581696535537913,1.0
0.5598736416398236,-0.6925176206703694,-1.4788742877961139,0.025094820094428733,1.0
0.543564855227165,-0.9671906436080995,1.3290202195825793,-0.0203033694031303,0.0
0.54356485467786,-0.9671903852526992,1.3340431104743355,0.05745110432808386,0.0
0.5598736410530797,-0.6925153465803338,-1.4745413892992205,-0.026577728749698656,1.0
-1.7317881809708826,0.054050010140553134,-0.007471537510493737,0.03506761697513027,2.0
0.6271579195848809,1.607811699832712,0.15862831563239896,0.02966851968353572,3.0
-1.7317881815784546,0.05405209568170322,-0.010733068226720986,0.0035985911981371035,2.0
0.559873641186763,-0.6925166609423044,-1.4806215388360404,-0.06324877115356488,1.0
0.6271579201094749,1.6078126167949591,0.15919839398363575,-0.0019000582420527132,3.0
0.6271579196298426,1.6078105414155242,0.16221093675802584,-0.014561058265968003,3.0
0.6271579200215829,1.6078126499711138,0.16312763028719923,0.018199797384783983,3.0
0.5435648549148893,-0.9671900502940473,1.3330010730102575,0.05050580081215733,0.0
0.6271579191556348,1.607809567219492,0.16334729878821483,0.03757226963427171,3.0
0.5435648546020778,-0.9671911510875861,1.333735854297911,-0.0064289252281912925,0.0
-1.731788181097068,0.054051947892874916,-0.005978350301710196,-0.012165517722316563,2.0
0.5598736414120437,-0.6925149448885697,-1.4813393484409556,-0.02853856259409692,1.0
-1.7317881808940045,0.05404891692179291,-0.010768496904145051,-0.053501850573436316,2.0
0.5598736411609707,-0.6925170307157928,-1.4815630281157808,-0.029353453705118444,1.0
0.6271579194555814,1.6078102917854082,0.16229539020841,0.02908009311894922,3.0
-1.731788181669682,0.05405005656075648,-0.002328791315803565,0.008064325235400469,2.0
0.5598736412781756,-0.6925152162041324,-1.4762375993292627,-4.6175025195120734e-05,1.0
0.5435648545112738,-0.967191770164936,1.3377097419586932,0.03746623524476018,0.0
0.5598736419557493,-0.6925154371266068,-1.4764184354418228,-0.025115654286346507,1.0
0.5598736417033783,-0.6925163983325812,-1.4745324291756898,0.020660354527267076,1.0
-1.7317881818164877,0.05404903896951632,-0.000728448308408881,-0.003281849620497106,2.0
0.5435648545305882,-0.9671872794628676,1.330814704486492,0.005178560194011463,0.0
0.5598736420063124,-0.6925172080292108,-1.479337726830874,0.019932471667874156,1.0
-1.73178818180766,0.05404624351369854,-0.004788919415585439,0.0013276772392111222,2.0
0.6271579203177606,1.6078120902929196,0.1614404940566974,-0.054989977848662275,3.0
-1.7317881819833785,0.05405193326423554,-0.0017338646972940802,0.010373203815994703,2.0
0.5435648544520362,-0.9671903411881095,1.3325490266815767,0.012142463153202292,0.0
0.5435648549714286,-0.967191622612472,1.334132307556884,0.028975736578462585,0.0
0.627157919988541,1.6078125496504492,0.15575428086266557,-0.030229464728404265,3.0
-1.7317881814220997,0.05405105500616279,-0.0032565516359125265,0.018128050098354977,2.0
-1.7317881817924072,0.054050449304247454,-0.006221071971550746,-0.03259752623836817,2.0
0.559873641440572,-0.6925142475188675,-1.4773897860947574,-0.035831618371235475,1.0
0.5598736419061883,-0.6925161106705263,-1.480028357028599,-0.01568919832721837,1.0
0.6271579194936895,1.6078088941188886,0.16854167663770342,-0.04449456051652252,3.0
0.559873641988843,-0.6925139531120055,-1.4791549797262302,0.0026797642235931456,1.0
0.6271579197116754,1.6078107083596556,0.1705592009935462,0.01613882601944938,3.0
0.5598736414747374,-0.692515699053526,-1.481761926061256,-0.05993369170941687,1.0
0.5598736415660872,-0.6925158623484907,-1.4816794152049648,0.0009773770618578363,1.0
0.5435648541151213,-0.9671888714036188,1.3328810116422953,0.03294216050734329,0.0
0.6271579195242839,1.6078087908033574,0.16036996432492504,-0.008757722375055288,3.0
0.6271579199218321,1.6078131395669824,0.15789693099622854,-0.04791817722483326,3.0
0.6271579204055304,1.607812909497609,0.1562777601536175,0.01048730738721834,3.0
0.5598736418492827,-0.6925170961739637,-1.4738452529254316,0.027790731175104774,1.0
-1.7317881816709781,0.054052367605591636,-0.00043255116611616833,-0.02497124092278864,2.0
0.6271579197918788,1.607814310823853,0.15578514326066972,-0.012709997002032037,3.0
0.5435648549260753,-0.9671884457756468,1.3298689735325173,-0.004809672972903388,0.0
0.5435648545561607,-0.9671892344736008,1.3327188963099206,0.029817135464669152,0.0
0.6271579196541844,1.6078111192354947,0.15932506381612746,0.04854425487410091,3.0
0.6271579198956532,1.6078107885586754,0.16093837067807293,0.08539609729187791,3.0
-1.731788181440811,0.05404879168832581,-0.0002951175014098089,0.0160321660099005,2.0
0.543564855135772,-0.967189837202181,1.3329768841976544,-0.03544671044468266,0.0
0.5598736412609107,-0.6925127219224936,-1.481907883322475,0.009118567202147885,1.0
0.6271579199603786,1.60781023704022,0.1581693992430907,-0.021690261024307145,3.0
0.6271579204761298,1.6078107921984852,0.16261838623623728,-0.03128345572005989,3.0
0.6271579207614695,1.607807995650352,0.15788894611153192,-0.04807527039514706,3.0
0.6271579198171527,1.6078108925744266,0.16296223019442502,0.024545694240943647,3.0
-1.7317881815023295,0.054052342954962716,-0.0021578895790419425,0.007899987595991372,2.0
0.6271579197695986,1.6078142717933612,0.16215326403859182,-0.03623326986200987,3.0
0.5598736416790228,-0.6925158389650558,-1.482132392661146,-0.017270948176167474,1.0
-1.7317881811468594,0.05404780033368961,-6.176461792957493e-05,-0.07481367515400004,2.0
0.6271579199825597,1.6078112890159793,0.15850269877242396,-0.06057965801159567,3.0
-1.7317881814556397,0.054049944472660996,-0.005893130638105756,-0.0020164036962680245,2.0
0.6271579191484703,1.6078103601952132,0.15297015787043738,0.05108129008025526,3.0
-1.7317881821797456,0.05404939854667958,-0.007188974578032271,0.03647474557083831,2.0
0.5435648548627557,-0.9671928991657104,1.3379656874277837,0.060427758509435124,0.0
0.6271579198121324,1.6078082715360686,0.15670729928793975,0.02518307296500211,3.0
-1.7317881814183054,0.054050812388783065,-0.0017340886790664341,-0.01728185463837495,2.0
0.6271579194814164,1.6078108521589367,0.16528012082309043,-0.00991424557084066,3.0
0.559873641374397,-0.6925158425194367,-1.4829843002092018,0.03094566425598933,1.0
-1.7317881816029468,0.054048561138514646,-0.005346536363917012,-0.016142219930363584,2.0
0.5435648553380055,-0.9671880464060805,1.3403301617843566,0.02768631611118907,0.0
-1.731788181350995,0.0540485894732161,-0.0040825251499377185,-0.01822309892239194,2.0
0.5435648549286974,-0.9671890836695615,1.3317476045451289,0.0018182222502439636,0.0
-1.7317881813176013,0.05404962556159603,0.0005714289123055747,0.03171189596997926,2.0
0.5598736416106467,-0.6925171235727935,-1.4737511925259437,-0.0005199000807294729,1.0
0.5598736415294071,-0.6925169877732847,-1.4783223571085957,-0.015598160536503654,1.0
-1.7317881817921685,0.05405049779817887,0.0021750599528852746,0.01871965239758058,2.0
0.5435648547285051,-0.9671911923342564,1.3343327154362483,0.06255176045239857,0.0
0.5598736417641754,-0.6925136543883106,-1.4767620615101444,-0.004434052388911018,1.0
0.5598736412508889,-0.6925157102236458,-1.481745414677185,0.014871901862126839,1.0
0.6271579199468342,1.607811775153389,0.15707665349600672,-0.03336876675971662,3.0
0.6271579204240176,1.607809533622511,0.1661463925419505,0.0443269894112887,3.0
-1.7317881807366773,0.05405100503956876,-0.001729040824415238,-0.06261379962221086,2.0
0.5598736410637324,-0.6925142582529517,-1.4791250272307745,-0.05621505168450355,1.0
0.5435648544976105,-0.96719052433714,1.3319095600722979,-0.02816921099658656,0.0
-1.7317881816695981,0.054050369482495066,-0.010933838511702898,-0.009397611829814589,2.0
-1.7317881810120532,0.05404804817121095,-0.001360528547918426,0.056951813628074055,2.0
0.5598736419789,-0.6925181896245514,-1.481347446167506,-0.015353016135771865,1.0
-1.7317881807873867,0.05405067098529719,-0.002675767492076893,0.023338441653689392,2.0
0.6271579198018209,1.60780919043644,0.16903514197475544,0.032500862661668836,3.0
0.6271579206777863,1.6078088677823756,0.1627924214026435,-0.05875945954689772,3.0
0.5598736412044704,-0.6925162932928559,-1.4817755735695328,-0.07030154256083065,1.0
0.5598736411170737,-0.6925188729183677,-1.4765008749539639,-0.02631347150383206,1.0
0.5598736413956847,-0.6925193000010857,-1.479391466138192,0.030435595615435705,1.0
0.6271579198498279,1.6078107209744243,0.1656871338125291,-0.03260984025083752,3.0
0.6271579207534531,1.6078108191578235,0.16044067627207723,0.02737305914726487,3.0
-1.7317881813097376,0.054051151205963856,-0.004597218072889295,-0.06046463742118716,2.0
0.5598736413385045,-0.6925145905804605,-1.478458086057526,0.002874749168777241,1.0
0.543564854862068,-0.9671898412943746,1.3350577272244195,-0.012981069262191341,0.0
0.543564855474364,-0.9671916129647591,1.3323605938625451,-0.019658647498718533,0.0
0.6271579200509078,1.607810988592857,0.1599997061031682,0.03295579508543373,3.0
0.5598736413221929,-0.692517097122315,-1.4675586871959072,0.05195565005590606,1.0
0.559873641928338,-0.6925161149333764,-1.4764958403681145,0.011013411589452994,1.0
0.6271579204074419,1.6078093331788152,0.15754904119213972,-0.03624450274310537,3.0
0.6271579199358444,1.6078104819338483,0.1542827408809907,0.1122521199225877,3.0
0.5435648539361108,-0.9671897411171788,1.3339825560807463,0.001813661623079979,0.0
-1.731788181621382,0.05405156568604223,-0.0015889731113926573,-0.00512716741369719,2.0
-1.7317881814710683,0.05405350152484647,-0.0033848717578764394,-0.04067057360881868,2.0
0.5435648545717288,-0.9671911191209428,1.3354857424394775,0.0075515446519339256,0.0
0.5598736417735638,-0.6925204272436584,-1.48324107160684,-0.006980032680891443,1.0
0.5598736417180518,-0.6925138380656638,-1.4781204841892752,-0.02154379994331227,1.0
0.5435648548889868,-0.9671866652521308,1.3291793705855843,0.0031707733987489666,0.0
-1.7317881810589104,0.054048702107791946,-0.002696321026485696,0.052907406077296645,2.0
0.5598736409847023,-0.6925177172818612,-1.4751407811321624,0.031733851251401594,1.0
0.5598736415999298,-0.692512183394136,-1.4781669163277706,-0.014366044913432864,1.0
0.5598736415996401,-0.6925171317125517,-1.4815769026179126,-0.06661336378434306,1.0
0.5598736410657212,-0.6925145345085625,-1.4799654928004529,-0.0076603232806613875,1.0
0.5435648546519108,-0.9671884852149812,1.3311398904170229,-0.06665559388947077,0.0
0.6271579199333691,1.6078093791355539,0.15920606303981671,-0.026259676878963873,3.0
-1.7317881819506786,0.05405040179258567,-0.0030282680294350423,-0.05220570272598764,2.0
0.6271579202709274,1.6078156579924399,0.15552962868711306,0.009122453995303838,3.0
0.5598736415026203,-0.6925160964315364,-1.479240971711979,-0.01174353830256816,1.0
0.6271579201116847,1.6078110569678112,0.15981538652139454,0.016465076859226567,3.0
0.5435648554374348,-0.967189560617154,1.3356936432190598,0.01033309937573371,0.0
0.5435648541468241,-0.9671886172068009,1.3292674084334053,-0.019777151739480824,0.0
0.6271579206268665,1.607814393014872,0.16623237258049622,0.038755620517948994,3.0
0.627157919582595,1.6078129768785152,0.15967264437118714,-0.009946025886332695,3.0
0.5598736416034014,-0.6925159598896643,-1.47868321115222,-0.06873259022749212,1.0
0.6271579200557965,1.6078074966282125,0.16027347992514132,-0.014875706810990867,3.0
0.6271579203207048,1.6078117238061198,0.1580905057501726,0.07077594382951878,3.0
0.6271579202527501,1.6078118658757663,0.1592974305263749,-0.031135986955665607,3.0
-1.7317881811299467,0.054049806994868284,-0.004555875695237311,-0.02049096003819033,2.0
0.6271579193130987,1.6078119786056784,0.15898444919407154,0.022581652712383493,3.0
0.5598736419959895,-0.6925167166419592,-1.4767369989364572,0.02140987564838,1.0
0.5435648547470374,-0.9671881176374686,1.3381933873935632,-0.05165195637792864,0.0
0.6271579203091728,1.6078116001856764,0.15461574071442932,0.020546659616267005,3.0
0.5598736416523534,-0.6925140617354546,-1.478604722616636,-0.04023812875332995,1.0
0.5435648547052098,-0.9671913913100534,1.3273494023241876,-0.029736777386911585,0.0
0.5598736418042397,-0.6925141520200473,-1.4745699410346158,0.03230763759707787,1.0
0.5598736415631239,-0.6925156413877526,-1.4763513055491841,-0.02406057818093789,1.0
0.5435648543830974,-0.9671927509887832,1.33313347030207,0.020208415280479657,0.0
0.5435648545925926,-0.967190789526616,1.3324726930334954,0.00490085995313203,0.0
-1.731788181360151,0.05404874781411961,-0.0014577166733024465,-0.03599371444032327,2.0
-1.7317881813012235,0.05405005819165993,-0.006065881642444134,0.0034370231436184877,2.0
0.543564855030173,-0.9671869470158556,1.3369445279647927,-0.00440245676489748,0.0
-1.7317881812131173,0.0540526559964906,0.001379832680179959,0.061794272194654706,2.0
0.627157919313944,1.60781205959747,0.1582924279268398,-0.02230709658055614,3.0
0.6271579199078136,1.6078122202170955,0.15855834551273393,-0.00807274257496241,3.0
0.5598736419856796,-0.6925159819677433,-1.481472780448761,-0.02848576751825109,1.0
-1.7317881810356122,0.05404739755082927,-0.00855779456857887,0.015130968207915468,2.0
-1.7317881817407732,0.05405062081600589,0.0016920401771515572,0.06326511289059376,2.0
0.5598736411270347,-0.6925132953555355,-1.4826060137272215,-0.015524801317437057,1.0
-1.7317881816058998,0.05404975407280238,-0.0013419557896900897,0.015818783790662164,2.0
-1.7317881813906144,0.05405000033448928,-0.0011460536409250103,0.03915142032941509,2.0
0.5598736417230781,-0.6925159873781245,-1.4780267810073588,-0.04832357168402911,1.0
0.5598736410599915,-0.6925175639301626,-1.4749476440620268,-0.0027884651702637653,1.0
0.6271579190547362,1.6078131741149773,0.16148619190994748,-0.006612768297842549,3.0
0.5435648546571225,-0.9671914833192582,1.3340497160599782,0.0012054369980464572,0.0
0.5435648547665501,-0.9671877363234271,1.33193897368486,-0.052850770849688894,0.0
0.6271579203762113,1.6078134679216716,0.157743023038829,-0.0617807716089837,3.0
0.559873641042673,-0.6925165647164259,-1.4841043948988004,-0.0234732965492059,1.0
-1.7317881813342237,0.05404943983852435,-0.0036278725743433076,-0.005291678719619672,2.0
0.5435648544084172,-0.9671920845233953,1.3298013501172101,-0.04687318721681592,0.0
0.5598736417937039,-0.6925185851367032,-1.4815305508941583,0.013587785093126067,1.0
0.543564854716054,-0.9671883240793625,1.3354162155662963,-0.018962066567965057,0.0
0.6271579199119681,1.6078121010283408,0.1613973311065373,-0.010531876278219799,3.0
0.6271579196945276,1.607813685423619,0.16052476882829042,0.02209623257154298,3.0
0.5598736412315533,-0.6925168597938772,-1.4766568034188141,0.043527755148610806,1.0
-1.731788181694937,0.05405035848353978,-0.007279122491721682,0.07878775669112388,2.0
0.5598736422974602,-0.6925137588261081,-1.4709092686724639,-0.004790232615745573,1.0
-1.7317881814872682,0.05405126810770001,-0.0104786160903717,-0.0265773370316301,2.0
-1.7317881816083578,0.05405167608712013,-0.007886595188200726,0.005720329664162551,2.0
-1.7317881810549771,0.054052303733452774,-0.0014836022930941116,-0.04965962021452119,2.0
0.559873641912704,-0.6925172468390597,-1.4712116883603108,0.021907177659667692,1.0
0.5435648545857282,-0.9671862523973481,1.331621591973986,-0.03693496168458964,0.0
0.5435648548831626,-0.9671898719645521,1.3332927746935181,0.007984418887618507,0.0
0.6271579203492127,1.6078118749698922,0.15607838993000633,-0.029812708566421646,3.0
0.5598736411549368,-0.6925169041004771,-1.4744130196658622,-0.07110531950659059,1.0
0.5435648543277501,-0.9671898395671862,1.3376390570791328,0.026947124042347954,0.0
0.559873641811385,-0.6925141869710622,-1.4770168411206102,0.07419743754352218,1.0
-1.7317881811164217,0.054049299628155474,-0.009231387652097231,0.04150446349203381,2.0
-1.7317881808258662,0.054049974919986706,-0.0015827263678281198,0.06925090680229913,2.0
-1.731788181706489,0.054049763601541456,-0.00798718552191574,-0.05789813307588415,2.0
0.5435648554202317,-0.9671892621638599,1.3329338636805323,0.027362422792513604,0.0
0.6271579201892964,1.6078113736240915,0.16554450990955333,0.0353177175107143,3.0
0.6271579201166845,1.6078112484306986,0.1634272868679474,-0.0025756783515612936,3.0
-1.7317881815767144,0.05405065223042556,-0.006386065823006517,-0.023988547451664,2.0
0.6271579197764572,1.6078119927046624,0.15629096030968898,0.028484402107658142,3.0
0.5598736415077215,-0.692514697175401,-1.4771878374377316,0.024308992387693133,1.0
-1.7317881810528577,0.05405167470633984,0.0019428372817269597,-0.007424527289492325,2.0
-1.7317881815251273,0.05405134091173133,-0.00660352987375095,-0.05121287837778781,2.0
0.5598736413932682,-0.6925166472997653,-1.4746361186226924,-0.04356361283769653,1.0
0.6271579202882097,1.6078096040242573,0.1619648381174722,0.03470816005058229,3.0
0.54356485462844,-0.9671876040224292,1.3360022859133849,-0.018779301736907856,0.0
0.5435648546555583,-0.9671921309145652,1.3329641474071035,0.047485083693745204,0.0
-1.7317881817112557,0.054049094788756115,-0.0036147536426991613,0.01884086095073371,2.0
0.6271579206884055,1.6078131119742727,0.16009480501905715,-0.03274149901448203,3.0
0.6271579199071888,1.607812321605905,0.15646320297722774,-0.04316420115027332,3.0
0.5435648545544928,-0.9671910001116549,1.3350846116085238,-0.04584973171530652,0.0
0.6271579196689611,1.6078127202460213,0.15778996456979905,-0.06404504544292637,3.0
0.5598736417293719,-0.6925188534617821,-1.4772452801842266,-0.0017611893888462408,1.0
0.6271579196836748,1.6078094464259287,0.15446563834657687,-0.02591572557735973,3.0
0.5598736415704493,-0.6925171126133634,-1.4824586751260278,-0.022147749154001452,1.0
0.6271579201136323,1.6078123343701833,0.15948358962679857,-0.03551732997551699,3.0
0.5435648540543754,-0.9671895227921037,1.3328378908713787,-0.037506995119283175,0.0
0.5435648546832996,-0.9671910163595091,1.3327081788031059,0.04023151254601185,0.0
-1.731788182257182,0.054051374866222184,-0.005517103490090808,-0.0163282210331696,2.0
0.5598736410269601,-0.6925154531979199,-1.4794256269489123,-0.02536536544693167,1.0
0.559873642367383,-0.6925161507656227,-1.4820829329943819,-0.017084071646919732,1.0
0.5598736413907877,-0.6925139245482713,-1.474792127921395,0.024839905700579753,1.0
0.5598736413209682,-0.6925162085613811,-1.476783318191874,0.038855825898174406,1.0
0.5435648549022251,-0.9671876244374044,1.3354553171183083,0.01353480102783777,0.0
0.5435648542663736,-0.9671895430491081,1.3322124049384014,-0.025818620862499746,0.0
0.5435648547276322,-0.967189659654361,1.3279202003834443,0.07403852823817869,0.0
0.5598736417075393,-0.6925163302686806,-1.4727717567610419,0.009244584211979847,1.0
0.6271579202899296,1.6078124573441646,0.16447670680350882,-0.0027851268175062074,3.0
0.6271579197594193,1.6078139609632163,0.1587027496873567,-0.00029743108175330824,3.0
0.5598736415548478,-0.6925147004530732,-1.4805017186303076,-0.06192877552919256,1.0
0.6271579200927704,1.6078147308027757,0.1583675807231382,-0.03506172414376033,3.0
0.6271579198229161,1.6078105627648127,0.1564459856848155,-0.03870410499963141,3.0
-1.7317881819496306,0.05404925641982244,-0.0031382435268097566,-0.040263084963932314,2.0
0.6271579198123245,1.6078123754463935,0.16398538365164558,-0.026401228209893383,3.0
0.5598736417441175,-0.692514215925905,-1.4804333848937414,-0.08489455397921733,1.0
0.5435648558643436,-0.967189269347117,1.3371978022905555,0.07981478219291974,0.0
-1.7317881811994036,0.05405172606254045,-0.00816096260601541,-0.021670280144543374,2.0
0.543564854734284,-0.967188994352973,1.3292789261901414,0.08378192033879339,0.0
-1.731788181373513,0.05404878983195075,-0.0030415747846833053,0.017330864310000103,2.0
-1.7317881809069264,0.05404791167806676,0.0013623305600938612,0.035860987280789555,2.0
0.5435648541861622,-0.9671897246769657,1.3318714323135203,0.06974631877212387,0.0
0.5435648545298882,-0.9671883775455988,1.324932257408072,0.029134230947409315,0.0
0.559873642182578,-0.6925170393939875,-1.48142654970065,-0.016520343107174672,1.0
0.5598736416612154,-0.6925175448563744,-1.4805184109970446,-0.0011286121023410254,1.0
0.6271579192345137,1.6078111353196247,0.16022803991851672,-0.024858462443672482,3.0
-1.7317881820296623,0.05405253082325972,-0.0049169371586897746,-0.001970853139580529,2.0
0.6271579203083255,1.607812669683468,0.15706566833453112,0.00036212762150571214,3.0
-1.731788181250738,0.05405008862888298,-0.006317512683106912,0.013057638393898043,2.0
0.5435648551289105,-0.967189901321108,1.332044239040417,0.008697315015339258,0.0
0.5435648547226491,-0.9671887186681947,1.3269589257458443,-0.02619519288579446,0.0
0.5435648549831752,-0.9671877736312642,1.3331464012216547,0.040381311041329415,0.0
-1.731788181239536,0.05405114765531195,0.0008466305826209088,0.07145673020640647,2.0
0.6271579197202631,1.6078094432915353,0.16416790776423462,1.8361576904203516e-05,3.0
0.5435648547704065,-0.9671901019516403,1.3295205437009698,-0.04847544242090665,0.0
0.5598736416861564,-0.6925150273004486,-1.473933259088521,-0.058809460867608694,1.0
0.5598736411894858,-0.6925150033589562,-1.4805600842265438,-0.025276545028797493,1.0
0.5598736413457153,-0.6925147630038822,-1.4798649666909043,-0.07466940636286575,1.0
-1.7317881816904308,0.05404908192527664,-0.004275790297377726,0.0002542731987258667,2.0
0.5598736415958874,-0.6925161090832068,-1.4724883584418236,-0.05995986856066788,1.0
0.5598736417453505,-0.6925156067310464,-1.4824077837598653,0.008230986773947587,1.0
0.5435648545327337,-0.9671881814340925,1.3365416288844907,0.05391157830029979,0.0
0.5435648544096465,-0.9671903503330687,1.3339468694941872,0.041588133489946354,0.0
0.5598736420614018,-0.69251570100746,-1.471386419792679,0.02663522989928611,1.0
0.6271579203351446,1.6078088863581148,0.16520991237810875,0.05041660611033143,3.0
0.559873641453244,-0.6925143684328992,-1.4757869191088762,-0.04186106483557788,1.0
0.5598736413105501,-0.6925168214475137,-1.4756074355270028,0.011562736090671774,1.0
0.6271579196275502,1.6078115333876193,0.16140692734386317,-0.006310956338014764,3.0
0.5435648545448425,-0.9671878143461692,1.3334912496735933,0.026573115097659118,0.0
0.627157920328358,1.6078114856603671,0.16218131222452545,0.008364412388421255,3.0
0.5598736410549314,-0.6925195901926796,-1.479967013564253,-0.005540221569306821,1.0
0.5598736419855915,-0.6925142039121482,-1.472644162236653,2.8550767213080155e-05,1.0
-1.7317881807849447,0.054050615972138456,0.006803233360138996,0.01525777143026404,2.0
0.5598736418346305,-0.6925135176679661,-1.4748767464559638,-0.018905404207192604,1.0
-1.7317881814253513,0.05405274054227866,-0.0021078872179733986,0.01094292892326707,2.0
-1.7317881812934344,0.05405179117888928,0.0036854096762746883,-0.01334734772083445,2.0
0.5435648540016706,-0.9671901420116933,1.3334482394753662,-0.012807417636929852,0.0
0.5435648553430021,-0.9671867693809636,1.331741824102304,0.008931826592172344,0.0
0.5598736419102666,-0.6925180514574601,-1.477221837112804,-0.05183560407895881,1.0
0.5435648546092671,-0.9671892576121162,1.339036323843058,-0.024826279591251894,0.0
-1.731788182120946,0.05404977493200007,-0.0054138270538556625,0.08117942408241335,2.0
0.5435648543210643,-0.9671932731327222,1.3316425941835097,-0.017361879429029132,0.0
0.6271579192751339,1.607814330734892,0.15746687495822034,0.007588316791947718,3.0
0.627157919303713,1.6078128658825437,0.1577561857070791,-0.024835350769707262,3.0
-1.731788181142089,0.0540480215469737,-0.003134598711254291,0.030646470118120616,2.0
-1.7317881819409569,0.054053811794154916,-0.005025999165446898,-0.07339388605602641,2.0
0.5598736419596781,-0.6925164794435009,-1.4807862552758195,-0.048830160230993735,1.0
0.6271579203384944,1.6078115305066694,0.15824773270008533,0.0041074188217557536,3.0
0.6271579197304179,1.6078102359852333,0.16238893222258033,-0.015081505963949656,3.0
0.6271579197149072,1.6078097491546046,0.15749514809616635,-0.014294923857807952,3.0
0.6271579202523765,1.607807952147955,0.16453296589644506,-0.014279066848727607,3.0
-1.731788181344147,0.05404675320229368,0.0017251699660813832,-0.002654872094067916,2.0
0.6271579197338432,1.6078098413437316,0.16095741425096965,-0.020951066801821325,3.0
0.5598736415460355,-0.6925146136833096,-1.4804189031080164,-0.04027199056276978,1.0
0.6271579197508153,1.6078128493610477,0.16595555863013736,-0.046288149246608006,3.0
0.5598736416241191,-0.6925155370489462,-1.48311629070312,0.0011857596152041578,1.0
0.6271579201238259,1.6078119587360997,0.16075909280491166,-0.004923645180629202,3.0
-1.7317881817523522,0.054050884350004644,-0.0015421952140353473,0.00965464030084378,2.0
-1.7317881816450174,0.054049687645699215,-0.0018662963823793495,0.044130869439734724,2.0
0.6271579205607947,1.607814711522247,0.15056588383593636,0.06333911367737881,3.0
-1.7317881822503283,0.05405066492097586,-0.007117571760686407,0.058722622843388264,2.0
0.6271579193163125,1.607810713790824,0.15453468255030886,0.0329448304494115,3.0
0.5435648543793984,-0.9671913820380186,1.3358383869119321,-0.026624739456936705,0.0
-1.7317881809360234,0.05405215877475696,-0.004347317589029624,0.014082898344803758,2.0
0.5598736414888956,-0.69251630062898,-1.4822399117617877,0.011907073740046443,1.0
0.5598736418460145,-0.6925176810871055,-1.4733962842848383,-0.01904483154933281,1.0
0.6271579195385467,1.6078121055424133,0.1627646600207168,0.014867767605712505,3.0
0.5598736413816705,-0.6925191768677414,-1.4833114909039302,0.028181088305176388,1.0
0.6271579201049433,1.6078096913457518,0.16301114086391613,0.02283389865237667,3.0
0.6271579194924828,1.6078149913912703,0.16202566425345133,-0.016862780401974024,3.0
0.5435648545852962,-0.9671932026827909,1.331144960586972,0.05621674508675415,0.0
0.55987364192051,-0.6925141707877439,-1.4837127014168439,0.0039563212573450945,1.0
0.5435648548328214,-0.9671880996246238,1.33669329093579,-0.007352949582755204,0.0
-1.731788181568192,0.05405124297511719,-0.0035308238885425162,-0.06732231702224518,2.0
-1.7317881814280842,0.054049258940538386,-0.007611273360635256,0.08603057500633898,2.0
0.6271579195297252,1.607808989767243,0.16170657915099343,0.03981917841662603,3.0
0.543564853624086,-0.9671878005571377,1.3296987452804607,0.0760027592909368,0.0
0.5598736414763591,-0.6925148265570825,-1.4730250628599946,0.04445450697039379,1.0
-1.7317881811979527,0.054050620147768666,-0.009805299326572328,0.014879284597541263,2.0
0.5435648545861044,-0.9671899440083798,1.3304008389770654,-0.03795709357047997,0.0
-1.731788181569713,0.05405186116361751,-0.0009018891789237945,0.09710295905946988,2.0
-1.7317881810579867,0.054050692555217286,-0.009174737515628055,-0.02204712859102227,2.0
0.5598736422400865,-0.692519140595464,-1.4846738455072814,-0.03652387252265008,1.0
0.5598736413327086,-0.6925157537867843,-1.4762325997575407,-0.10655627832475355,1.0
0.6271579201021398,1.6078126658508587,0.16890105139727765,-0.02857317751614436,3.0
-1.7317881808509488,0.05404717049547577,-0.007182259995699325,-0.03500440684515939,2.0
0.559873641855144,-0.6925148958046194,-1.4815032137912385,0.006489154130761875,1.0
0.6271579198628324,1.6078103393130394,0.1641815601164369,-0.014403262468416155,3.0
-1.731788180857119,0.05404814688276528,-0.007562473603621749,-0.011079200861506284,2.0
0.5435648546052851,-0.9671893570756629,1.3285779361083259,0.0730509936572382,0.0
0.5598736414746042,-0.6925148326262659,-1.473362016588524,0.024249168174562966,1.0
0.5598736414169079,-0.6925138764759806,-1.4818499954049245,0.025853406717691676,1.0
0.5598736417622416,-0.6925167970845488,-1.4825727887655817,0.009435754682914138,1.0
0.5598736412517862,-0.6925180355554871,-1.4809418188647867,-0.005616973097966924,1.0
0.543564854720435,-0.9671883366723326,1.335654674381697,0.03085842476418556,0.0
0.5598736413426104,-0.6925160200622972,-1.4765138511483547,0.011953128644689835,1.0
-1.7317881815949123,0.05404895046500178,-0.006045710045968375,0.00701596326615505,2.0
0.5435648547306768,-0.9671887901006369,1.3240248440591558,0.05282587079923276,0.0
-1.7317881818781145,0.054051154698655915,-0.0012280062857317582,0.0017961202012062906,2.0
0.5598736410600852,-0.6925154313229018,-1.4710347636394083,0.0028754036474227434,1.0
0.5435648545266016,-0.9671907569899102,1.3369594142686685,0.022950592541711445,0.0
0.5598736415147545,-0.6925139254803054,-1.4824323513565902,0.009363619555260286,1.0
0.5598736420146515,-0.6925166084238288,-1.475941077569727,0.0020063621157563895,1.0
0.5598736415020004,-0.6925167884557758,-1.476762309014089,-0.006447792852359048,1.0
0.5435648549416255,-0.9671883882172694,1.326493641876312,0.02883430539416592,0.0
0.6271579196285549,1.6078096300658609,0.16307244115222647,0.019253076244240823,3.0
0.5435648549936603,-0.9671897504574931,1.3375077047710318,-0.05269629576151101,0.0
0.6271579191618324,1.6078092483579745,0.15724088871108982,0.042326478375207074,3.0
-1.731788181185848,0.054046348745717315,-0.0037859302233931923,0.0012334702842573123,2.0
-1.7317881810504159,0.05404985773023402,-0.004628245935839135,-0.026736631602219937,2.0
0.6271579197507092,1.6078109052066434,0.16543955551568112,0.018429218905614754,3.0
0.5598736412115631,-0.6925174888851319,-1.4734319063429029,0.0076075969149112365,1.0
0.543564854728401,-0.9671915576899074,1.3333105915603858,0.04617681500392535,0.0
-1.7317881815437202,0.05405219739498673,-0.00281272202668706,0.02268067479666833,2.0
0.5435648545519903,-0.9671889630704665,1.3298028865366305,0.045299967397882716,0.0
0.5598736419231659,-0.6925141129735751,-1.479995224821331,-0.06747168222454797,1.0
0.5598736414360689,-0.6925193853229029,-1.4828479343081953,-0.027272243805588667,1.0
0.6271579195812922,1.6078109832803025,0.1606189138881055,-0.02174913461564552,3.0
0.6271579196712487,1.6078135621498322,0.16376714744549137,-0.002947365805670876,3.0
0.559873640619277,-0.6925157592581948,-1.4776350680080468,-0.041748987655402636,1.0
-1.7317881812864298,0.05404971016411261,-0.011474702072300159,-0.013948963375519235,2.0
0.543564854651131,-0.9671927636293343,1.33297913958478,-0.04262190313128611,0.0
0.5598736415064326,-0.6925113763310643,-1.4814128332668035,-0.0008460417937043221,1.0
-1.731788181188516,0.05405229737572538,-0.006102113645931585,0.0250481797030691,2.0
0.5598736415119184,-0.6925164925768414,-1.4740907102662564,0.05261994405324068,1.0
0.5598736410646471,-0.6925137406221646,-1.4771197425178726,0.033434857006386653,1.0
0.5598736407932589,-0.6925210388101286,-1.475391319219233,-0.032076871189280785,1.0
-1.7317881810727278,0.054052415699870904,-0.00019221837563916557,0.004539647626801029,2.0
0.5435648549888501,-0.9671907264147028,1.3344644072853813,0.03473698788881973,0.0
-1.7317881820990197,0.05405073416079369,-0.009383676403618944,-0.011304148427307545,2.0
0.559873641211956,-0.6925165792517732,-1.4785963789948295,0.04374586258952606,1.0
-1.731788181667293,0.05404910546630366,-0.0069716532031569075,0.001562462262490628,2.0
0.6271579201121826,1.6078122457208388,0.16096205975039699,0.03252530471348904,3.0
-1.7317881815507108,0.054050305102464564,-0.0012926823648696717,-0.06608119571462986,2.0
0.543564854483574,-0.9671910218680769,1.3338838631308114,0.0509742993087432,0.0
0.5435648553356559,-0.9671894247767807,1.3330365435397196,0.022949712287724338,0.0
0.5435648541143273,-0.9671905549260296,1.3335738220814548,-0.006894614040214429,0.0
0.5598736413379245,-0.6925171741657383,-1.478932956163819,-0.0040977182587024884,1.0
0.5598736417368627,-0.6925116274871769,-1.4813334673383434,-0.028873696418208146,1.0
0.5435648546858841,-0.9671906047113411,1.3304444180264352,0.008882728818663305,0.0
0.5598736413010872,-0.6925178501123379,-1.4832847788179404,-0.05530569091406976,1.0
-1.7317881813770668,0.05405005949892153,-0.007021184385042367,-0.006110313632408859,2.0
0.5598736411031444,-0.6925162069669442,-1.4745384768214151,0.03933699787041846,1.0
-1.7317881815629506,0.05405034966787971,-0.006779534342116288,0.011400846083741189,2.0
-1.7317881815244804,0.05404797466372887,-0.008543963120783187,-0.05332141129940979,2.0
0.5598736414177481,-0.6925186400151809,-1.4769982793693583,0.047292922306404236,1.0
-1.7317881811616644,0.05405170065283436,-0.007277326771515702,0.01941360511212088,2.0
-1.7317881815103786,0.054050599472969064,0.0010135602070126446,-0.022486573205723802,2.0
0.5435648548533301,-0.9671896666925835,1.3250581885993664,-0.015051268842314603,0.0
0.6271579203198765,1.6078100164211877,0.1597422641235346,-0.003950906522854193,3.0
0.5435648546043853,-0.967191705448693,1.33120216234332,7.164888784137703e-05,0.0
0.5435648549720568,-0.9671909869516752,1.3391823101272244,-0.016445881197902017,0.0
0.5598736419526636,-0.6925150383926018,-1.478832724403935,0.02161557885947713,1.0
0.5435648541039726,-0.9671935263371355,1.3338877518410643,0.01326567401567083,0.0
-1.7317881815028628,0.05404764056442564,-0.013460629546382535,0.028595364071691127,2.0
0.6271579196884972,1.6078118170082005,0.16156186552557425,0.008671406102276036,3.0
0.5435648550644583,-0.9671929778487349,1.3324489337118635,-0.001556271947951199,0.0
-1.7317881824285706,0.05405241082714504,0.002272430581774025,0.05513643319252271,2.0
-1.731788180973454,0.05405240927312994,-0.004865901944495697,0.0075518732486785645,2.0
0.5435648549861068,-0.9671880767946126,1.3327686570480717,0.020127562496438184,0.0
0.5598736417510348,-0.6925165307092671,-1.4716689112553685,0.030884567551081526,1.0
-1.731788181272882,0.054046632917077224,-0.007151757177557498,0.027518215994162695,2.0
0.6271579198990906,1.6078097148493435,0.15986617744620402,0.005833482118275015,3.0
0.627157919731778,1.6078123969907032,0.1651518645625003,0.0011311093375144467,3.0
0.5598736423878632,-0.6925155174188085,-1.481615883142215,-0.005715649549384149,1.0
-1.7317881815239438,0.05404997716187609,-0.0013474965131697293,0.030566428038636236,2.0
0.5598736418455142,-0.6925175746982338,-1.475290208793231,0.015847455133490028,1.0
-1.7317881804569255,0.054049883029771865,-0.00730625181870277,-0.009627240973049527,2.0
-1.7317881804349657,0.054047880399517155,-0.0008808455527441821,-0.002380473426889329,2.0
0.5435648551285246,-0.9671872773370348,1.3336781338691455,0.014771842777647837,0.0
0.5598736412385097,-0.6925157037467856,-1.474170023095815,0.0696687110087691,1.0
-1.7317881816600271,0.0540514893930225,-4.3158375533070104e-05,-0.09859109886673409,2.0
0.5598736413078989,-0.6925158833981916,-1.4735678614215235,0.0013409663443327317,1.0
0.5598736418652044,-0.6925142301051861,-1.4821091415846044,-0.014270619148624809,1.0
0.5598736413248279,-0.692513909560257,-1.4798476752310885,-0.01806899960096364,1.0
0.5435648550161262,-0.9671880930564676,1.3375137515539135,0.011341730767862561,0.0
0.5598736405526141,-0.6925158519830773,-1.4753983214193673,0.028340251976130264,1.0
0.6271579205593906,1.607811369813588,0.15716842704288841,-0.039400212579363186,3.0
0.5598736412328998,-0.692515360568794,-1.4799017487460366,-0.05978380754222556,1.0
0.5598736418079822,-0.6925133682176392,-1.4856058526657236,-0.11073541192411877,1.0
0.5598736413662587,-0.6925172843744977,-1.4736695124482402,0.034569585525210555,1.0
0.5598736405612774,-0.69251449444623,-1.4772434587216934,-0.044009876757443396,1.0
-1.7317881815541112,0.05404873104211534,-0.005042077315224556,-0.06451882082679293,2.0
0.6271579200183869,1.6078108180992239,0.159513824538565,0.024871152678400427,3.0
-1.7317881817545753,0.054048192762040266,-0.005293392492670441,0.034627418814250896,2.0
0.559873641555649,-0.6925176098264845,-1.4778480614191403,0.022306675496313252,1.0
0.6271579196337261,1.6078134779955167,0.15995997634481057,-0.03592795770920936,3.0
0.6271579195884767,1.6078127476234763,0.1633432515236716,0.024493520745760604,3.0
-1.7317881821862375,0.054051741996060755,-0.0027170502074935856,0.017384950050757575,2.0
0.6271579207772997,1.6078137877612824,0.15821595899375399,0.01066278015093844,3.0
-1.7317881811188458,0.0540524319003553,-0.0016578640470095885,0.030223918955622285,2.0
-1.7317881816618657,0.05404781526879727,-0.008682185791590356,0.006695327802332985,2.0
-1.7317881814185707,0.05405277718680293,0.0011912143285483857,-0.012947585554581167,2.0
0.6271579194058685,1.607811177762382,0.1664907098565243,0.01988200252594077,3.0
0.5435648548806844,-0.9671861062679055,1.337463709157221,-0.00443627421580346,0.0
-1.7317881812239446,0.05405084570186599,-0.01028216963489271,-0.03858019027093635,2.0
0.6271579204252705,1.6078111727904116,0.16669169936906764,-0.040947231135768196,3.0
0.5598736416304773,-0.6925156913190976,-1.482348716795715,-0.09377137348661906,1.0
0.6271579200599565,1.6078111188673614,0.1551406429961294,0.011888507897594451,3.0
0.627157919367099,1.6078136902289788,0.15802270701209553,0.007511362511542668,3.0
0.543564854931846,-0.9671889714152867,1.3337351865808575,-0.07613864339300529,0.0
0.6271579204610815,1.6078105072684028,0.16187166180678114,-0.022438980152985472,3.0
0.5435648543302166,-0.9671902364110222,1.3314829073267134,0.05714775149235555,0.0
0.6271579204764056,1.6078124603315924,0.1661188884866329,0.018922820522420485,3.0
-1.7317881814415843,0.05405152784711276,-0.00034010979749742813,0.011314890341681429,2.0
0.6271579195176066,1.607810113869058,0.16517677047348456,0.05098381902877396,3.0
-1.7317881811694043,0.054048891592770876,-0.008341161435549804,0.011587984940773993,2.0
0.6271579202366434,1.6078117189498344,0.15365600806547117,0.00125804097886479,3.0
0.543564855370768,-0.9671904156039247,1.326326322048436,0.020703176690824235,0.0
0.5435648549084019,-0.9671918600694022,1.3347978210963654,0.05091903804299107,0.0
0.6271579198424376,1.6078132369181277,0.168483746016753,0.03370475676746163,3.0
0.627157919179658,1.6078087168540893,0.16604256222420166,-0.03396749518629325,3.0
0.5598736416707512,-0.6925162400864816,-1.4789220550971993,-0.03619350752971204,1.0
0.5598736413708226,-0.692513981688479,-1.4750191514796347,0.03973528650267182,1.0
-1.7317881814878335,0.054051613137491614,-0.0032184106073994785,-0.004142932930200523,2.0
-1.7317881813732823,0.0540487367401324,-0.009707819313645854,0.03748825809783533,2.0
0.5435648549950143,-0.9671906355229847,1.334104437319514,0.08390303165820093,0.0
-1.7317881819876255,0.054050678322875655,-0.006520012878572012,-0.03814712007814829,2.0
0.5598736414664705,-0.692516596159429,-1.4793524680871637,0.011404046804545986,1.0
0.5598736416693376,-0.692516902727885,-1.4775139947005071,0.0027609714103342424,1.0
0.5598736406982824,-0.6925153368011195,-1.4815345582720145,0.010534413383537587,1.0
0.5435648547811321,-0.967188335395213,1.3297910703507219,-0.0496144035908558,0.0
0.543564854924042,-0.9671908181182636,1.3308908189317612,-0.008986025198315144,0.0
0.5435648551690467,-0.967189541783464,1.3376422823687304,0.009898609872783761,0.0
-1.7317881810562146,0.054045866481296174,-0.0027326678930036765,-0.050373671724062964,2.0
0.5435648549162793,-0.9671911507909591,1.3358885751173706,0.013817473505769229,0.0
0.5435648543341562,-0.9671890517620594,1.3348220194653662,-0.021531032464139784,0.0
0.6271579204115313,1.607810518416944,0.1548467089977099,0.0593809575864432,3.0
-1.7317881810490094,0.05404765457465196,-0.007817890815871408,-0.020930276707991247,2.0
-1.7317881818152765,0.05404923787449742,-0.011136740610958335,0.0486487263848855,2.0
0.5435648544474957,-0.9671896741547255,1.3340577859087486,0.04120083228988807,0.0
-1.7317881818800656,0.05404797081090293,-0.0025824982538371383,-0.040719068261037474,2.0
0.6271579195506596,1.607808687115962,0.1588602766148071,-0.016941009964928175,3.0
-1.7317881810973281,0.05404929177495822,-0.006327559514844377,0.008566605951688825,2.0
0.5435648553442068,-0.9671892506673204,1.3334600811937305,0.02816772541443874,0.0
0.5598736411428276,-0.6925129982103039,-1.4768817791827022,0.00575077287526489,1.0
0.5598736417791078,-0.6925139517285654,-1.473861142776931,-0.025240644954941258,1.0
-1.73178818101661,0.05404952755232096,-0.005906184654005759,-0.055721278764223336,2.0
0.5598736418078955,-0.6925147610033275,-1.47856892408306,-0.046033372785511624,1.0
-1.7317881827170203,0.054047756420206865,-0.0016961263559657118,0.0056891783688803495,2.0
0.5598736408273495,-0.6925175448805003,-1.4761860755519396,-0.04867475891106913,1.0
0.5598736419543551,-0.692514252559553,-1.4786908757456583,0.01356384666630944,1.0
0.6271579195438555,1.6078108899388432,0.161243241060703,0.006044220511796631,3.0
0.5435648544554559,-0.9671888905675379,1.3359585094398667,-0.05211194516328503,0.0
0.5598736414681612,-0.6925140185157331,-1.4829919784493668,-0.021695534282650124,1.0
0.5598736415957791,-0.6925170155263929,-1.4809174194271086,-0.03439147318208399,1.0
0.5598736412107815,-0.6925138711893061,-1.4743424832216325,0.00852166388818973,1.0
0.5598736415577853,-0.692516144451795,-1.4716604597011853,0.0167490271616251,1.0
-1.7317881819425,0.05404679889749017,-0.001477641796113053,-0.03028689228610933,2.0
0.6271579196555804,1.6078147086273884,0.16256246235075092,0.0023679314505763802,3.0
-1.731788181111571,0.054049455155383556,0.004036074957857982,-0.008108205626872578,2.0
0.5598736409371224,-0.6925161205999343,-1.4809444305089974,-0.03223859381483466,1.0
0.5598736418866385,-0.6925147450793584,-1.4822530993426821,0.04745831794340425,1.0
0.6271579199430127,1.6078138676114215,0.15865480312174934,-0.0273298416356271,3.0
-1.731788181669045,0.0540504924196181,-0.008282453753033712,0.015999306548749932,2.0
0.5435648548479736,-0.9671897018780365,1.3369059719548348,-0.01277650869605607,0.0
-1.73178818128651,0.05404836596623826,-0.005961147119441331,0.03606278279999954,2.0
-1.7317881818637237,0.05405154042417731,-0.006537980819057289,-0.027895773211922534,2.0
0.5598736415409459,-0.6925152352916841,-1.474848815176101,0.014476447911402523,1.0
0.5435648551561315,-0.967188720351306,1.328514861047241,0.05158899813547136,0.0
0.6271579193096988,1.6078084325161053,0.15671973960621458,-0.06028465187344712,3.0
0.5435648542991915,-0.9671914829750901,1.3290918369997902,-0.010389295272340851,0.0
-1.7317881815557001,0.05404953954674066,-0.005783074816825949,0.007019792506889356,2.0
0.5435648550175352,-0.9671887672023661,1.3314245409641674,0.01223267583468766,0.0
0.5435648550960955,-0.9671898662786657,1.3373554764491602,-0.04125379933285738,0.0
-1.7317881823603625,0.05404721567419718,-0.007945392718432797,0.02793015654232144,2.0
0.6271579198666092,1.6078120174370878,0.15938340622330777,0.020793233561262062,3.0
0.5435648551889288,-0.9671908606487534,1.3282313443843519,0.015523324518513,0.0
-1.7317881816828944,0.054049404175675525,-0.005084324630123874,0.03486387431283178,2.0
0.5435648539196876,-0.9671877381673305,1.329462237053207,-0.00520956059149851,0.0
-1.731788181822207,0.05405127867126349,-0.009239256705709926,-0.10439082720890953,2.0
-1.7317881817917187,0.05405029691441002,-0.005241822056217253,0.006020371786427964,2.0
0.5435648552493121,-0.9671895972489986,1.3299082723903162,0.020480935368886007,0.0
0.627157919630739,1.6078092101037058,0.16195178373417965,-0.0019478090563266458,3.0
0.5598736413379428,-0.6925172293318455,-1.4797245344889185,-0.019661580185709817,1.0
-1.7317881813176486,0.05405041031504509,-0.009513062185603391,0.04758110734940008,2.0
-1.7317881812631999,0.05405036159027782,-0.01043297960754014,0.024453539926305976,2.0
0.627157919993053,1.607812632969851,0.15897840350497358,0.007589220419523934,3.0
0.5598736418621943,-0.6925151707317156,-1.483954777181436,0.047681571632512965,1.0
0.5435648544223842,-0.9671893917170101,1.3287312921633285,0.040816835969012547,0.0
-1.7317881814161422,0.054050097355618804,-0.0028746904852584823,0.011097473538893596,2.0
-1.7317881819184804,0.05405372292700839,-0.0051859518183784235,-0.01310509020412679,2.0
0.5598736414291985,-0.6925177263773453,-1.4753611085132485,0.010081631632385442,1.0
-1.7317881804607198,0.054050391996353246,-0.0028184468937598943,0.016270152684270994,2.0
0.6271579191265755,1.6078115240900805,0.16341690872482373,0.04301026970648972,3.0
-1.7317881819121144,0.054049331170189306,0.0008319305897269369,-0.005914680019203894,2.0
0.6271579198824977,1.6078088788218015,0.16623009118654783,-0.015990386475986027,3.0
0.543564854964595,-0.9671881650368414,1.3370450955278281,-0.015180660707433537,0.0
0.5435648549796764,-0.967189471025076,1.3319090530248525,0.025826241655371198,0.0
0.5598736412847719,-0.6925138559040593,-1.4820765581448403,-0.04598103698293913,1.0
0.6271579198621027,1.6078099085082136,0.1565657590538923,0.04418199006075528,3.0
0.5598736410706976,-0.6925143298905366,-1.4790402288147912,-0.058025221229646894,1.0
0.5598736415605419,-0.6925160067172546,-1.479221336985365,-0.07876360474753223,1.0
0.6271579208980811,1.6078115596895382,0.156791557539972,0.014200171184136502,3.0
0.5435648550849356,-0.9671909919608314,1.3353111400500732,0.04051686551258462,0.0
0.6271579208977957,1.607810195878118,0.1515864668300561,-0.010760127002766996,3.0
-1.7317881810416176,0.05404930446761957,0.002724689607873305,-0.039148715004428174,2.0
0.5598736415420357,-0.6925173311660952,-1.4792055180545702,-0.011019227531471864,1.0
0.627157919736992,1.607810803648294,0.16071555562019685,-0.03434204733452838,3.0
-1.731788181603682,0.05405283772747064,-0.004573133895481377,-0.020976164930026124,2.0
-1.7317881817824634,0.05405165365953451,-0.008287987707449176,0.019258184537405833,2.0
0.5598736411392563,-0.6925125016232935,-1.476662888599874,-0.005159228467186663,1.0
0.6271579195859431,1.607813383731296,0.15401475098002276,0.036632673468348774,3.0
0.5598736413633555,-0.6925193636231456,-1.4719248246627972,-0.016903090706547753,1.0
-1.7317881811523617,0.05404717070186141,-0.00776821589325887,0.006662686128780285,2.0
-1.7317881807762192,0.054052349304616186,-0.007430349362698959,0.0647810693551268,2.0
0.6271579198343562,1.6078103550691243,0.15873070073439255,0.03698451053196286,3.0
0.5435648543858792,-0.9671897606967703,1.3333618797551978,0.007123430894934049,0.0
0.627157920234549,1.6078120842172656,0.15763791487795442,0.06155120078037494,3.0
0.6271579200949027,1.6078110041431648,0.16019329882145472,-0.01759094363481776,3.0
0.543564854906348,-0.967190150084825,1.3401921210207626,-0.06959826902974062,0.0
-1.7317881816426153,0.05404945433882415,-0.0026677012999383573,-0.007728278104827858,2.0
0.5598736407127582,-0.6925146102205197,-1.478459510449907,-0.04478692941195319,1.0
0.6271579201687187,1.607812770636069,0.1560947848429202,-0.05810329570298291,3.0
-1.7317881815753717,0.05404997949718982,-0.003701485666529107,-0.060819118742790786,2.0
0.543564854569079,-0.9671917660557849,1.3391458416849216,-0.03642113253447788,0.0
0.6271579196723203,1.607810611768864,0.15548257507759053,-0.008502300405140096,3.0
-1.7317881819457361,0.05404939476918368,-0.010810377231172504,0.022211527612923887,2.0
-1.731788180726636,0.05405104225167175,-0.003785709637908349,-0.005921849133319077,2.0
-1.7317881815007259,0.05405167762234646,-0.006164444749260084,0.010775620217717226,2.0
-1.7317881816657088,0.05405370008434545,-0.002997629432594101,0.015642118309079838,2.0
0.5435648549283068,-0.9671924499256059,1.3421473622698246,0.05691246933888388,0.0
0.6271579198739267,1.6078097435260812,0.1579474233289803,0.020202427653370814,3.0
0.5435648549995578,-0.9671870733052399,1.335357783226727,0.03457568351833312,0.0
-1.7317881810470837,0.054051630928594885,-0.004384951331429534,0.004949720918361998,2.0
0.6271579197555885,1.6078124498705444,0.1692139631084623,0.012103487604460028,3.0
0.5598736417139007,-0.6925180224650966,-1.4846626843307098,-0.027612673978142717,1.0
0.5435648542137451,-0.9671874398878669,1.3341070336975551,-0.02194513199858384,0.0
0.5435648543003416,-0.9671884404730463,1.3325312424116982,-0.026105431658800256,0.0
-1.7317881819263101,0.054047679622317685,-0.0080201230703159,-0.03236650977268513,2.0
0.5435648547112961,-0.9671871513561704,1.3333576094984287,0.019655966380338438,0.0
-1.7317881820391094,0.0540491591274304,-0.007256799841809077,-0.013170910712427385,2.0
0.5598736420495013,-0.6925178273157908,-1.4793997470095854,-0.036152506878972326,1.0
0.5598736418090299,-0.6925148107587461,-1.4824114639198485,-0.020467967130213007,1.0
0.5435648548876453,-0.9671905337100356,1.3305635776035571,-0.019309728454616575,0.0
0.543564854451812,-0.9671907967277732,1.326547604792877,0.012667345828828752,0.0
-1.731788181327179,0.05405165095093615,-0.018583382164939502,-0.011218698759360789,2.0
0.5598736417214519,-0.6925165599954218,-1.4789770684728443,-0.02247042807992344,1.0
0.6271579201127258,1.6078127184349063,0.15823802148454583,0.035243856041741344,3.0
0.5435648544797246,-0.9671912680625322,1.334361763888254,-0.03249530972481629,0.0
0.559873641322142,-0.6925144020466092,-1.481471539771957,-0.08514807093285395,1.0
0.6271579199424441,1.6078134942360272,0.1550613516589733,-0.06087716369233378,3.0
0.6271579196120632,1.6078094313024585,0.17042198900691038,-0.020040036456346163,3.0
0.5598736417257756,-0.692515375938107,-1.4764273978853688,-0.08517032233746705,1.0
0.627157919894247,1.6078105749115585,0.1629630883087187,-0.009354924544917499,3.0
0.5435648550706593,-0.9671899757808828,1.3269835648473307,-0.004965654662182097,0.0
-1.731788181734334,0.05405084554905862,-0.010844467587181496,0.02545520893793132,2.0
0.543564854397893,-0.9671901751881202,1.3347077718628273,-0.01415330381493556,0.0
-1.7317881814324163,0.05405025285264988,-0.000617922612405686,-0.002090840934316717,2.0
0.6271579203038943,1.6078088184327322,0.16567245200788516,0.03723527245712321,3.0
0.6271579198480244,1.6078126476847214,0.1634806203026119,0.02696082975609575,3.0
0.5598736416998044,-0.6925181608014647,-1.4770845372794483,-0.02571296711836375,1.0
0.6271579194923341,1.6078123365798196,0.16063076707397153,-0.00922628037638543,3.0
0.5598736422058891,-0.6925163294440518,-1.478944787968377,-0.013277920410074995,1.0
0.5435648544045669,-0.9671903411025451,1.3344550042720953,-0.09454915773426735,0.0
0.5598736411630852,-0.692514304863894,-1.4751633049828663,0.04099521658058392,1.0
0.6271579206530035,1.6078096975213596,0.15732308984694499,-0.03619890330905967,3.0
0.5435648549471287,-0.9671919445922552,1.330534966867061,0.027504604238485164,0.0
0.5435648552651093,-0.9671919157439801,1.3334344072158482,0.012990855510573012,0.0
0.5598736413166943,-0.6925142591561256,-1.478105026797964,0.025628711429465847,1.0
0.5598736420483738,-0.6925179245923531,-1.4852464926627316,0.013187072695728162,1.0
-1.7317881812068263,0.05405070037212788,-0.004599760183371492,-0.03307578645936139,2.0
0.5435648544883234,-0.9671910178854134,1.3241561280079608,0.009672912851520258,0.0
-1.7317881814067633,0.05405090103479968,-0.012237512702846887,-0.08370764849999267,2.0
-1.731788181124805,0.05405047874872208,-0.004427495045878008,-0.023747755502700932,2.0
0.5435648546211396,-0.9671889750533649,1.3322164941893744,0.014342999355438087,0.0
0.6271579200285988,1.6078125035448667,0.16550839480427124,0.05323622250982817,3.0
0.5598736416791421,-0.6925155201420066,-1.4833972732088037,-0.07484423922937167,1.0
0.6271579191897574,1.607813728286648,0.1606176743863093,-0.02227830431230617,3.0
0.6271579196420046,1.6078115285996484,0.15916028853270067,-0.002436448950558414,3.0
0.6271579200589056,1.6078081287807426,0.1621612098725047,0.02404937217515483,3.0
0.5598736412487428,-0.6925171561350321,-1.478767495797325,-0.03157007415294718,1.0
0.5435648543395722,-0.9671912961205598,1.337121044591435,0.06383481255800207,0.0
0.5435648540287683,-0.9671889155438085,1.3363920484410958,-0.00443389132731028,0.0
-1.7317881813450886,0.054050622524792084,-0.0038897151787041003,-0.027927591882576847,2.0
0.6271579196009444,1.6078154117498127,0.15887490204825555,0.04074072690159597,3.0
0.6271579194055027,1.6078129054916845,0.16049421829603416,0.02901679064276191,3.0
-1.7317881807784155,0.054050988150245616,-0.00808132173746224,-0.0041335512533746,2.0
0.5598736405781808,-0.6925186295530642,-1.4790275527311179,-0.03139100371738602,1.0
0.6271579207104225,1.6078147844854445,0.1595857562636618,0.008853565067702851,3.0
0.5598736415652298,-0.6925153397756184,-1.4837694512931152,-0.051247154247207945,1.0
0.5598736419723911,-0.6925158862458869,-1.478562494095219,-0.032163537445355966,1.0
0.5435648545117693,-0.96718979080453,1.3328177019409824,0.02999350556290258,0.0
0.6271579198727057,1.6078093698675189,0.1551861297801613,-0.005684549182599918,3.0
-1.731788181259745,0.05405071293070474,-0.0021504017819861465,-0.04423210076924547,2.0
0.5435648547782712,-0.9671901369508519,1.3350675124542866,0.06913963737164136,0.0
0.6271579193119511,1.607813419132177,0.16962639139049807,-0.02013361428507005,3.0
0.6271579206833257,1.607809640385534,0.1577982111821328,-0.021145011904548625,3.0
0.6271579199376747,1.6078112221511365,0.1598701710371965,-0.04396572086213348,3.0
-1.7317881813919012,0.05404828091525183,-0.005597767086660112,0.03538706277085056,2.0
0.5435648554801146,-0.967189324869005,1.3308647808741831,0.05921672846020234,0.0
0.5435648549877747,-0.9671926956315138,1.3333877583029288,0.02967522326254248,0.0
0.5435648548101447,-0.967192602674407,1.3329474536941264,0.06296218374953781,0.0
0.5435648545220282,-0.9671906359146579,1.3352483382540117,-0.03861877336619855,0.0
0.6271579202166804,1.607808715198047,0.15897140556735515,-0.013591497481584955,3.0
0.6271579198680385,1.6078114441938844,0.16032737981658657,-0.03900778000271943,3.0
0.5435648551139329,-0.9671876713843446,1.337176158949552,0.017678712964625747,0.0
0.5598736414952026,-0.6925133254644121,-1.4779959692635762,0.0011221361036035605,1.0
0.627157919474317,1.6078122563387351,0.16487223455840214,-0.033367691704538016,3.0
0.6271579192642236,1.6078130232202268,0.16091515031002704,0.009581574528519427,3.0
0.543564854262065,-0.9671875715052953,1.337434053337792,-0.031993574742820885,0.0
-1.731788182416582,0.054051939802227604,-0.00792030312521861,0.08115021917372729,2.0
0.6271579200424006,1.607810651319235,0.16090502253924405,0.017463448144723146,3.0
-1.7317881811589595,0.054050719974343055,-0.007341117733248158,-0.009293354041377449,2.0
0.5598736416072915,-0.6925162318292797,-1.478756575017034,0.0039338320967996915,1.0
0.6271579199544053,1.6078153100525627,0.15002554663592024,-0.010814815799795076,3.0
0.6271579195798049,1.607812038243298,0.1605098958206101,0.03178015457437604,3.0
0.6271579196305904,1.6078096665792507,0.15879387457199748,0.029233813879576673,3.0
-1.731788181680669,0.05404821545314,-0.010154539841898727,0.03610652341937296,2.0
-1.7317881816491294,0.05405002402388548,-0.004773571066212979,0.009384459497714258,2.0
0.5598736413401606,-0.6925156614573248,-1.471454434373452,-0.01767686497800128,1.0
0.5598736412558124,-0.6925166948355034,-1.478749477444514,0.009723680106125622,1.0
0.5435648553007729,-0.9671897980129286,1.3312474305272595,0.00015636822223905473,0.0
0.543564854931297,-0.9671861979208074,1.335782623840612,0.0033368044624523035,0.0
0.559873641290824,-0.6925176847114223,-1.4753083584698994,-0.06648337566357891,1.0
0.6271579188128418,1.6078126670982804,0.15994349398481608,0.0021168716238892807,3.0
-1.7317881811879645,0.054051187513157795,-0.0018112762758699997,-0.01067172326173714,2.0
0.559873640933732,-0.6925166053959932,-1.4788229573193108,0.04567381815353032,1.0
-1.7317881810572424,0.054050121664414696,-0.003826242533645735,0.04952050720991997,2.0
0.6271579197190669,1.6078149636429655,0.15695084341899504,-0.06685506330867912,3.0
-1.731788181356154,0.054052740391681064,-0.0058638150953546735,0.06943094331736623,2.0
0.6271579197227687,1.6078133828192949,0.15856592196033598,0.005370493969464526,3.0
0.6271579194057362,1.6078116519966963,0.1565579849339474,0.014742383107460885,3.0
0.6271579198433546,1.607809297254666,0.1650094148363609,0.015342009125180349,3.0
-1.7317881811499285,0.054048916216116474,-0.005216290746365015,-0.03989384012764371,2.0
-1.7317881816320004,0.0540508586564248,0.0019873196541388273,0.03830589497002786,2.0
-1.7317881809259996,0.054050400963683805,-0.004564092115076796,0.014049866497189294,2.0
0.5598736416633633,-0.6925176482723816,-1.4806543123303497,-0.0359683565890244,1.0
0.627157919847376,1.6078090239277005,0.16185347145793863,-0.04143056645692326,3.0
0.5435648547461135,-0.9671885687804369,1.3298261111599647,0.002509160599873055,0.0
0.6271579195712199,1.6078125853910896,0.16256018108711326,-0.006645468330545398,3.0
0.5435648549042079,-0.9671870014141268,1.3347218644592016,0.06952048332561268,0.0
-1.731788181115562,0.054051067921343204,-0.004888208995406958,-0.01779610518691974,2.0
-1.7317881818585497,0.054048029899281196,-0.0011936283828270704,0.013619858877744893,2.0
0.5435648549880898,-0.9671887616898457,1.3340632221012891,0.02977771967968993,0.0
-1.73178818168126,0.05404970152027013,-0.0033396226855950347,-0.021009826873104456,2.0
0.5435648549150295,-0.9671888785994552,1.3346334097334722,0.014571312801963233,0.0
0.5435648542731418,-0.9671894410940813,1.3355766452746043,0.028216929588195837,0.0
0.5435648549262924,-0.9671873806576569,1.3277360418575497,0.048085791846095745,0.0
0.5435648541461349,-0.9671908364197231,1.333129412021942,-0.09081722315967367,0.0
0.5435648550263493,-0.9671914714869758,1.3321999238556506,-0.006802541323226588,0.0
0.6271579205115767,1.607812324208617,0.15994537988738874,0.06348870716171667,3.0
-1.731788181765277,0.054050062008739186,-0.004302932804499507,-0.036116082461830575,2.0
0.5435648551990099,-0.9671872329062957,1.3409019652752556,-0.0027542394535193934,0.0
0.54356485495279,-0.9671881501697808,1.3363529023788947,0.105186234042861,0.0
-1.731788182216283,0.05404904144129701,-0.004032145306432712,-0.027866160671950073,2.0
0.6271579195183431,1.6078129775836,0.1622801707433319,-0.0404416762233619,3.0
0.5598736414230219,-0.6925170271215699,-1.4817446126907436,-0.05651635868221403,1.0
0.5598736417441011,-0.6925154105470761,-1.484145136738866,0.053614453438788734,1.0
-1.7317881817953125,0.05404955640304527,-0.005595370459260626,-0.046117152014026684,2.0
0.5435648546456954,-0.9671897013818134,1.3378756881362148,-0.007063561754234192,0.0
0.5598736417878414,-0.6925161051358444,-1.4752075955024901,0.004950710109429894,1.0
0.627157919941617,1.607812145459826,0.16233098921796293,0.05113898231097284,3.0
0.559873640752987,-0.6925167226149398,-1.4853950461455476,-0.010869815774807456,1.0
0.6271579202840395,1.607813372838843,0.16242559846218005,-0.005851529476059492,3.0
0.6271579199195523,1.607811806025982,0.1584836131957512,0.001302667098409048,3.0
-1.7317881818096534,0.05405074783581228,-0.00270373623578504,-0.027411425487797868,2.0
-1.731788180932798,0.05405028914918802,-0.009670727280633286,-0.015716280891830844,2.0
-1.7317881813216878,0.054050113987572146,-0.0023375485031277106,0.030468529804902573,2.0
-1.7317881816825975,0.05404894383768268,-0.005400265954359455,0.048726276251353,2.0
0.5435648548353279,-0.9671898626929161,1.333180337649951,0.01985588777776786,0.0
0.5598736420367023,-0.6925158807810418,-1.4842073272531902,0.02320869092251316,1.0
-1.731788182050973,0.0540503291157734,-0.012694774808384983,0.05633555527123325,2.0
0.5435648551313124,-0.9671875011911117,1.3364110946984948,0.002339757972599581,0.0
0.5598736414033512,-0.692514338541352,-1.485450353544494,0.01935171266249024,1.0
0.5598736413681737,-0.6925163842096025,-1.4854696014875257,0.038201980987152696,1.0
-1.7317881815971778,0.05405166870623023,-0.0029121620439972696,0.0008924878509902328,2.0
-1.7317881815707155,0.05404884905816896,-0.007290738929751023,0.042017469392547344,2.0
0.6271579202518572,1.6078101881847533,0.15902135267216252,-0.0015674470125450891,3.0
0.5598736416571555,-0.6925167379442373,-1.4768477801469493,0.08447700885568732,1.0
0.6271579204842701,1.6078095631538776,0.15669552017300312,0.06607668299511725,3.0
-1.7317881811678506,0.05405108144863828,-0.010882365128330495,-0.006068989029137986,2.0
0.5598736418804866,-0.6925137914312337,-1.4783010329444235,-0.021338925699188355,1.0
0.5598736420167184,-0.6925141748725137,-1.4736997552622895,-0.07221085340155775,1.0
0.5435648550942721,-0.9671901159094358,1.3318199924337837,0.027039123523157755,0.0
0.5598736422827066,-0.6925137610026598,-1.4845829527176526,-0.05184254505017845,1.0
0.6271579192602221,1.6078106260127802,0.15995755797778216,-0.011902122291904908,3.0
0.5435648549004914,-0.9671905885657213,1.331247100903924,0.056036437234496965,0.0
0.5435648540015597,-0.9671914702129939,1.3295919442603847,-0.00018711181456254505,0.0
0.6271579200092829,1.6078120489551935,0.15585766126072104,0.03244273053599363,3.0
-1.731788181548579,0.054050981964309866,0.001489908878135175,0.012919347321987776,2.0
0.5435648544690553,-0.9671915610855316,1.3369245185931133,0.015014788750256896,0.0
0.6271579201412174,1.6078099616310675,0.15745785421340625,-0.01771881761858477,3.0
-1.7317881813332416,0.054051617050173514,-0.002802303168334092,0.08308512625259708,2.0
0.5435648545914247,-0.9671892792500014,1.3317845842782146,-0.014917856579853072,0.0
0.5435648548706828,-0.9671884011467196,1.3296357486930936,0.041352715114502725,0.0
-1.7317881815361846,0.05404983546772564,-0.005004756879818125,0.0032106510981210253,2.0
-1.7317881811752058,0.05404868733554205,-0.0009775557521193598,0.06131416759160717,2.0
0.5435648542170093,-0.9671915929076922,1.3297307350115077,0.019295936525491855,0.0
0.5598736411102105,-0.6925152275962844,-1.4788019889921928,-0.04255039132183563,1.0
-1.7317881811958753,0.054052480837526874,-0.006847773117348804,-0.026948869064064532,2.0
0.6271579200399939,1.607812539805506,0.16120679012231942,-0.05344220323061823,3.0
0.5435648548049987,-0.9671900885631689,1.3285676561382938,0.03445364858250566,0.0
0.6271579193091125,1.6078126525833367,0.15601292753014254,-0.02942765249944153,3.0
0.5435648551333122,-0.9671872893682687,1.3320516096797113,-0.055513835148661664,0.0
0.6271579199887638,1.6078129288100065,0.15585096346057248,-0.03718835516902793,3.0
0.6271579196064748,1.6078134014463021,0.16040171941549616,-0.022880914290628003,3.0
0.6271579204384462,1.607812316477982,0.16496373822994712,0.07663391180175681,3.0
0.6271579197675304,1.6078096195338303,0.16067571066422065,0.08044556327839408,3.0
-1.7317881818991123,0.05404889782617753,-0.006348346247988979,0.004933038344361799,2.0
0.5598736414236561,-0.6925159277850433,-1.4783539956398222,-0.05645117516401702,1.0
0.5598736415465319,-0.6925130433762755,-1.4801843322232415,-0.024184693604166852,1.0
0.5598736410702659,-0.6925162493256772,-1.4830410989734801,-0.007719773616255725,1.0
-1.7317881809624427,0.05404812263280388,-0.0003933463989695986,0.05347998839389082,2.0
0.6271579196224346,1.607811503799838,0.16608821489103615,-0.05376059191249533,3.0
0.6271579199356158,1.607809448377189,0.15892129590861623,-0.02284553605899669,3.0
0.5435648545220467,-0.9671932770192853,1.3336063062315442,0.01929619142864529,0.0
-1.7317881814669094,0.054050447119277964,-0.006276615231734336,-0.015144879747937191,2.0
0.6271579203020357,1.6078120656106871,0.1544250269705728,-0.006453811480334815,3.0
-1.7317881812204174,0.054049924365792805,-0.003538733516725883,0.026598140160104092,2.0
0.5598736410462487,-0.6925160341392416,-1.4811651742976948,-0.058319518688202676,1.0
0.5435648558344441,-0.9671895468103316,1.3283291293786776,0.018012763874882456,0.0
0.5435648546329312,-0.9671887382982742,1.331029584063839,-0.03037931349239062,0.0
0.543564854665949,-0.9671887454512773,1.3378824991936742,-0.03325669732421071,0.0
-1.7317881813791922,0.05405096002967819,-0.005483513714462774,0.0321319241478368,2.0
0.6271579197644945,1.6078121157082017,0.16566141113813102,0.017279391099373445,3.0
-1.7317881810557114,0.05404889027529544,0.0001265944056236976,-0.03511661696683303,2.0
0.5435648558618996,-0.9671914003665458,1.3282706488413718,0.06018062296522241,0.0
0.5435648552323307,-0.9671917618605814,1.3367789151797522,-0.013194950447477661,0.0
0.5598736407849686,-0.6925150943760652,-1.4746994566158178,-0.0009147754088180157,1.0
-1.7317881815781466,0.054048871469831235,-0.006172228979942465,-0.01025748253349057,2.0
0.5435648540772225,-0.9671907511030963,1.337621091926215,-0.0313947826368886,0.0
-1.731788181529013,0.05404978919724282,-0.007865737782061235,0.012453074070665478,2.0
0.6271579200948514,1.6078101939875127,0.16177576156756093,0.01155022251355517,3.0
0.5435648546507065,-0.9671912020155088,1.3264107069607844,0.006947460256578764,0.0
0.5598736414080082,-0.6925152169183774,-1.4826993269045283,0.017810263233537956,1.0
0.6271579188036838,1.60781144305833,0.15466347874296377,0.07575704794207945,3.0
-1.7317881814144622,0.05405074285675086,-0.0038887772350635038,0.03223469297032887,2.0
0.5435648544473533,-0.9671911901065672,1.3320993881669407,0.034361437789565234,0.0
-1.731788181764608,0.054050900710720204,-0.00464305261166373,-0.028851248320319402,2.0
0.5598736413211043,-0.6925177233403742,-1.4786025661403437,-0.0036513652823313156,1.0
0.5435648544589082,-0.967191277096981,1.3260366590555814,0.03894094033632195,0.0
-1.731788181750201,0.054048694813802284,-0.002070499725820243,0.04503461936333785,2.0
0.6271579200305964,1.6078126682161455,0.14843601954639118,0.05434941100465257,3.0
0.5598736409155303,-0.6925176812384901,-1.4831353765576119,-0.0673232198935664,1.0
0.5435648546427054,-0.9671845180222924,1.3312106817357017,-0.02111633337972508,0.0
0.6271579189674116,1.6078119706910954,0.15975626918972602,0.0432399585879362,3.0
0.5435648544816116,-0.9671908068496876,1.3350587679199046,-0.010141928698024175,0.0
0.5435648551969631,-0.9671908797477385,1.332747906787884,0.02014140711192186,0.0
-1.731788181308267,0.054051340986412,-0.006258163692573997,-0.09596629538939883,2.0
-1.7317881816132894,0.054049662133203225,-0.004150739405809025,0.0629584840470103,2.0
0.627157919763457,1.6078135722531144,0.16352687850003797,0.06343835829645758,3.0
-1.7317881805136102,0.05405019188248552,-0.002027558055522965,-0.01572942706140384,2.0
0.6271579197138026,1.6078084046058019,0.15458092582515898,-0.00213955204479608,3.0
0.627157920554313,1.6078116781077942,0.1563246031919769,-0.022074001716156335,3.0
0.5598736415849561,-0.6925145284622107,-1.4823835588554901,-0.004373339276366977,1.0
0.6271579192751463,1.6078113401084024,0.1650718424445689,-0.004712449734386353,3.0
-1.731788181742793,0.05405070309077502,-0.005517803914139263,-0.0023975988359442655,2.0
0.5435648547534128,-0.9671900557014084,1.3351529274350393,0.054611549996035263,0.0
0.5598736415262069,-0.6925165016595559,-1.4801596082497686,0.01280707493773294,1.0
0.6271579194573355,1.6078134306817191,0.16240624793501945,-0.00454806745733256,3.0
0.5435648546696971,-0.9671887957138633,1.3369861322226753,-0.03547050581497719,0.0
0.6271579196670686,1.607812771323381,0.16247770571250744,-0.02076619795158659,3.0
0.5598736414705107,-0.6925172811388494,-1.4808291205324415,-0.03881932743852994,1.0
0.5435648544631968,-0.9671905419533208,1.328268417338284,-0.01407623303120224,0.0
0.5598736418906569,-0.6925185555698609,-1.4716710863496525,0.015388739809565923,1.0
0.5598736412785795,-0.69251833398564,-1.4773088732475506,-0.020356180715787247,1.0
0.6271579200846815,1.6078093325811966,0.16203662839928337,-0.0012320880803534937,3.0
0.5598736414618689,-0.6925170869297872,-1.4774176067042486,-0.012522745247809617,1.0
-1.7317881821703827,0.05404907905330674,-0.004103909544361252,-0.034309107031086965,2.0
0.5435648548072739,-0.9671880563721637,1.324734207642012,0.005475375226346689,0.0
-1.7317881806155966,0.05405110939800179,0.0032968522002317976,-0.04775334210226897,2.0
0.5435648546906324,-0.9671890121378046,1.3348761487332927,0.05106138718757717,0.0
0.5598736415128146,-0.6925163506777059,-1.47364313046194,-0.003862715477374471,1.0
0.5435648543246397,-0.9671898478374352,1.3341997302701785,-0.009296692467780879,0.0
0.559873642041606,-0.6925164914569687,-1.4868008110010862,0.018607464310908376,1.0
0.5435648555327656,-0.9671917910822799,1.3302301796876765,0.06961862513866464,0.0
-1.7317881811992448,0.054049011901785286,-0.006255883693574227,-0.05068984293025444,2.0
-1.7317881816882783,0.054049968517757355,-0.006179993046405176,-0.028795440681840208,2.0
0.559873641156222,-0.6925169773116039,-1.4756715004526324,0.03162089270473966,1.0
0.5435648548600917,-0.9671888098048265,1.33064592159604,0.010591862410607696,0.0
0.5435648548041759,-0.9671893998460969,1.3288340984881266,-0.0014501264220162522,0.0
0.559873641789192,-0.6925150255026558,-1.478177887301114,-0.02372526281109346,1.0
0.5598736415033719,-0.6925173218691939,-1.4794015744003608,0.0033756190384799027,1.0
0.5598736420083886,-0.6925167002226535,-1.4791383063177685,-0.03716704281250439,1.0
0.5598736415351228,-0.6925177088570834,-1.4810274701231185,0.06727385446343258,1.0
-1.731788180824801,0.05405076272358682,0.0024535231969037004,0.002230477987388213,2.0
0.5435648544714015,-0.9671900425605288,1.3342861915502635,0.013529627519197354,0.0
0.5435648553748654,-0.9671914630980416,1.3367080898735886,0.02410943969139327,0.0
0.5598736410645848,-0.6925170276164696,-1.4784769639949895,0.032126290243189144,1.0
0.6271579197242796,1.607811218037157,0.16149064031798682,-0.005658882786901053,3.0
0.5598736417139663,-0.6925151490925229,-1.4848263680119205,0.013497728480343302,1.0
0.559873642258117,-0.6925165795574654,-1.4797290318540606,-0.03467370785584852,1.0
0.5435648542308719,-0.9671898308930612,1.3278828759597252,-0.03866006138373444,0.0
0.6271579196357785,1.60781130055685,0.1562080052301833,-0.012876953123077742,3.0
0.5598736413964654,-0.6925180499216028,-1.4832840565133225,0.015311776029542815,1.0
-1.7317881809976414,0.05404997704215722,-0.010672837775610674,-0.00877680348243173,2.0
0.543564854515236,-0.9671884563282873,1.3319639322890149,0.022926155000000076,0.0
0.559873641121269,-0.6925157577235393,-1.4760382282032791,0.0018085885410279398,1.0
0.543564854295908,-0.9671874518741839,1.334086330573224,-0.0012256965149140759,0.0
0.5598736408750928,-0.6925139844454601,-1.485488312263335,0.05215384648957881,1.0
0.5598736415999052,-0.6925155992555606,-1.4746167040999678,-0.057472842396591825,1.0
0.6271579203608639,1.6078111608633652,0.15749984536658593,0.005097853244327455,3.0
0.627157919997288,1.6078123038090488,0.1578048365659316,0.013142396314509832,3.0
0.6271579197872774,1.6078138824260564,0.15413087741312556,0.005090811525690105,3.0
0.5435648542279207,-0.9671914711996211,1.3288997929711637,0.049646694129072626,0.0
0.5598736406738506,-0.6925135194712229,-1.4810882841194408,0.05491398000321528,1.0
0.6271579200071846,1.607811730841081,0.15548106235292086,0.001262817086664317,3.0
-1.7317881812443174,0.054050572464926894,-0.0101803713111013,0.0007613543998176442,2.0
-1.731788180775465,0.05404999229086485,-0.0047234221109470126,0.022501509373205848,2.0
0.6271579206313282,1.6078128315163145,0.1572198899641723,-0.008752967836775326,3.0
0.6271579197256183,1.6078115751677526,0.15335725864527502,-0.07066584715866782,3.0
-1.7317881817157152,0.0540514970895941,-0.007186272200293496,-0.0012616523387619736,2.0
0.5435648549852974,-0.9671893465119442,1.326527497806719,0.046971120741171414,0.0
-1.7317881814479292,0.05404917925764344,0.0005782892264163126,0.026172929968110662,2.0
0.5598736414823949,-0.6925163100312646,-1.4834972129749135,0.042440562714115795,1.0
-1.731788181719203,0.05405050057007621,-0.0011642426126327488,-0.07250273117219777,2.0
0.6271579194801198,1.6078116355422314,0.16925429254283508,-0.024208823759417963,3.0
0.627157920044778,1.6078087010882545,0.15786243540521233,-0.007261133801035466,3.0
0.5435648547024575,-0.9671908023707209,1.3366402906506556,-0.04594065575846928,0.0
-1.7317881811898659,0.05405158588731892,-0.004388375615035131,-0.0015514939406810347,2.0
0.6271579202403169,1.607810348761296,0.1540979735009122,-0.022728694759985728,3.0
-1.731788181813849,0.054050186733764834,-0.005020375431962093,0.02662019387436166,2.0
0.5598736413284807,-0.6925141321829225,-1.4834907793254404,-0.007319637768224593,1.0
0.5598736413307119,-0.6925124115155434,-1.4729592918381325,-0.0076734085182342425,1.0
0.5598736417722114,-0.692514404704852,-1.4816434944328314,-0.06400236160377905,1.0
0.5598736417203151,-0.6925136321468109,-1.4779084760091339,-0.020897697061583308,1.0
0.6271579200877688,1.6078083813214652,0.16253680731267856,0.03888864615750264,3.0
0.5435648544359577,-0.9671865200899639,1.3319820639754247,-0.029701423919069325,0.0
-1.7317881818263028,0.054048181909045624,-0.004703471252667642,-0.003045719615215067,2.0
-1.7317881815911587,0.05404972839437247,-0.003579710469903138,-0.050640460816012665,2.0
-1.7317881820071808,0.054050291291503384,-0.0018820265377454725,0.036632167569536106,2.0
-1.731788181602146,0.05405113174554848,-0.008335358402631811,0.04711141430989002,2.0
0.627157919788695,1.6078105739768316,0.15916175352982254,0.023130841878820203,3.0
0.5598736416601618,-0.6925164283310912,-1.4814759471701457,0.014591452869956148,1.0
0.6271579201039525,1.6078113724203615,0.1606873123434084,-0.0174251247305215,3.0
0.54356485488981,-0.9671892752173196,1.335473482616866,0.0660084305412026,0.0
0.6271579194746139,1.6078090756373438,0.1599347297470991,0.006539505024768865,3.0
0.5435648546190374,-0.9671902274493661,1.3320741171919988,-0.043410503250436806,0.0
0.543564854213383,-0.9671909695245259,1.336889084504065,0.014290531615403933,0.0
0.5435648551497065,-0.9671887957056573,1.332842538802952,0.044262378595929054,0.0
-1.7317881816550276,0.0540492555182502,0.0014053992299031476,0.05235142920623707,2.0
0.543564854704424,-0.9671914962860094,1.3345965247925102,-0.01700586875794133,0.0
0.5435648544292185,-0.9671887620390947,1.3364820354866809,0.0683506903357314,0.0
0.5598736411961632,-0.6925156713518085,-1.4790985292953347,0.009346081763584929,1.0
0.6271579198712774,1.607811712921297,0.15923469158560238,-0.02843582907703429,3.0
-1.7317881811886942,0.05404970961653759,-0.0029510040819486945,-0.027110274466151146,2.0
0.6271579199153708,1.6078115258973908,0.15730736111066607,0.029080954864123126,3.0
0.6271579187513231,1.6078116423120796,0.1583755356861492,0.010701358859411866,3.0
0.5598736407477826,-0.6925170353630733,-1.476531207029852,0.002497522958994355,1.0
0.6271579193464198,1.607811012501687,0.16342321193808712,-0.010243978584337534,3.0
-1.7317881813794669,0.0540492135669536,-0.012900664935631238,-0.016369188737771302,2.0
0.5598736414897707,-0.6925144570739545,-1.4810617181511336,-0.04752754291976432,1.0
0.5435648553556065,-0.9671900338264475,1.3324194003560617,-0.029340255151067383,0.0
0.5435648547770404,-0.9671928207084501,1.334029984466766,-0.021006512780596922,0.0
0.5598736416436761,-0.6925159481234633,-1.4794473609149992,-0.03054979682237677,1.0
-1.731788181595339,0.05404937691251992,-0.008795300398587108,0.023274305003421255,2.0
0.5598736415879086,-0.6925153270678954,-1.4762203931943423,0.018959103997703824,1.0
-1.7317881807076039,0.05405420667810127,0.0008125429140632103,-0.023518108349494013,2.0
0.5435648544912466,-0.9671893569048728,1.3347778600122597,-0.01989732816405117,0.0
0.5435648550469377,-0.9671891582197091,1.3338567087968642,0.02169222365656983,0.0
0.6271579199177448,1.6078122179494392,0.15437957632143015,-0.024844906728279367,3.0
0.5598736409606967,-0.6925161688418551,-1.4791658380143846,0.025158970354955675,1.0
-1.731788182139294,0.05405007004316894,-0.003083334443704123,-0.0027645405275604842,2.0
0.627157920108027,1.6078133380193007,0.16632070416032183,-0.029069001886051656,3.0
-1.731788181744733,0.054051420323653926,0.001777450807376132,0.0072583829846700745,2.0
0.6271579196489679,1.6078126397313752,0.15487106586979973,0.003927819010853127,3.0
0.5435648546032661,-0.967189124663545,1.333077440915494,0.0153599539663207,0.0
0.6271579199479699,1.6078110111855188,0.15717405000534931,0.011959281806116974,3.0
0.5435648543566076,-0.9671894977024104,1.3286371935173937,0.040613481446046276,0.0
-1.7317881816717173,0.054050741208128646,-0.007149733209226242,-0.018759542370348065,2.0
0.6271579198696862,1.607811812915202,0.1589112906735166,0.021221246362363583,3.0
0.6271579201994804,1.6078104755254665,0.15611328769137928,0.01817623353399739,3.0
-1.7317881808589417,0.054047526989289454,-0.005453872425573598,-0.05241155765289638,2.0
-1.7317881806159783,0.05405119658942134,-0.003159126657932254,-0.040832680322410296,2.0
0.543564853792877,-0.9671911794462476,1.3371118859756654,0.0027987408938813154,0.0
0.6271579203718685,1.6078130349424458,0.15344817796097732,0.009237692330266268,3.0
0.6271579197716447,1.6078122775438135,0.16867825789495286,0.017809546023107647,3.0
-1.731788181739985,0.054049220444889176,-0.004449180922895416,0.037952941548782516,2.0
0.5435648545919001,-0.9671898933220314,1.3321725523219572,-1.149664618622964e-05,0.0
-1.731788182020789,0.054050258630892155,-0.010772484757386337,0.01379340881765777,2.0
-1.7317881816190936,0.05404999528233094,-0.0055656522380665065,0.027621115721153177,2.0
0.5435648542824641,-0.9671905401030362,1.329571163284863,0.040984944609811745,0.0
-1.7317881814273046,0.05405194099260223,-0.0006316118110220811,-0.044719502956927226,2.0
-1.7317881816070593,0.054048388968212874,-0.002674180771946052,0.019555046800531294,2.0
-1.731788180476162,0.054047700265066195,-0.002245732389849579,0.041476726416895655,2.0
-1.7317881812545308,0.05405205363588598,-0.012152859902977249,-0.07474145573562287,2.0
-1.7317881811601732,0.054049791349375514,-1.0881281737713506e-07,-0.015733959837814223,2.0
0.5598736414210649,-0.6925157590155706,-1.4825023854569979,-0.06458439909686199,1.0
0.5435648546133445,-0.9671865234009253,1.3288572861993933,0.08945211142892254,0.0
-1.7317881813420803,0.05405071713509325,-0.007565217912605401,0.037246107874642206,2.0
0.6271579202403713,1.6078093507812627,0.15798282150626303,-0.0896334372728558,3.0
0.5598736404783317,-0.6925178951242978,-1.4773705025702208,-0.057635139430564766,1.0
0.5598736419519309,-0.6925149449398477,-1.483470210678819,-0.032573097192838726,1.0
0.5598736417728358,-0.6925186989719109,-1.4791085747523278,-0.011196026334191518,1.0
0.5598736415307108,-0.6925165847670043,-1.4754693899572742,0.021260758485250025,1.0
0.5598736409809801,-0.69251792508037,-1.4775745316077338,-0.031060168491627356,1.0
0.6271579191350174,1.6078113971244032,0.1617422691849564,0.010400417636747442,3.0
-1.731788181038236,0.054050352742153175,-0.004823909484570624,0.0165551442573586,2.0
0.6271579204589712,1.6078123292271798,0.16861862514175474,-0.008532441563057016,3.0
0.6271579200846096,1.607814581898739,0.16255801319011973,0.06096492790986879,3.0
0.6271579199111749,1.6078108414745143,0.15923381621094337,-0.038750051092284694,3.0
0.5435648544611079,-0.9671926723115605,1.3296780851614174,0.0259714794291731,0.0
0.6271579200953067,1.6078111741302161,0.16287708365645284,0.022627494923102783,3.0
0.543564855144833,-0.9671860388533948,1.3352942614088905,0.0464820715137966,0.0
0.5435648546949303,-0.9671896319352525,1.3267638592390016,-0.03775108785443856,0.0
0.5435648550110443,-0.9671914952021071,1.3357686738887948,0.008104154523599548,0.0
0.5598736413693715,-0.6925160953392492,-1.4755992278891723,-0.03870298801865199,1.0
-1.7317881810656595,0.05404812736184412,-0.0065514116867305,0.08185535524401026,2.0
-1.7317881817565624,0.05404880204168445,-0.007086111455555591,0.003590323177247366,2.0
0.5435648544641999,-0.9671876474230449,1.3356603976877284,0.03747781422848759,0.0
0.543564854824785,-0.9671924948104773,1.3313868091956151,-0.06752379473520322,0.0
-1.7317881815317773,0.05404795820301377,0.0003488351431541647,0.036493981661820274,2.0
-1.731788180800029,0.054052724770185495,-0.0006137746074423409,0.05945840797968014,2.0
0.5598736412712316,-0.6925177562518076,-1.4794256712786058,-0.08514550305065635,1.0
-1.7317881807912143,0.054052791718899346,-0.006485200661238887,0.015953425163139055,2.0
0.5598736409435995,-0.6925163864726925,-1.4710046695384589,-0.022399577215151824,1.0
0.5598736410269876,-0.692518285849625,-1.4764538979381856,-0.00637440475328109,1.0
0.6271579195941569,1.607814843812032,0.16572281864873645,-0.04691935811610394,3.0
-1.7317881815334644,0.054051436350941846,-0.00596342842774122,-0.0341052256620211,2.0
-1.7317881810229698,0.05404974060421127,-0.009230339258018434,-0.04944216038479418,2.0
-1.7317881816142995,0.05405049608247744,-0.0010272670560127315,0.0019957607675458416,2.0
0.6271579199453089,1.607811408701385,0.16004129630738048,0.03214630206606727,3.0
-1.7317881809617668,0.054049696315306955,-0.0022192089464758685,-0.11769661337316258,2.0
-1.7317881820018697,0.05405120983737666,0.0025852486470491274,-0.03142360090046024,2.0
-1.731788181774025,0.054049837209608965,-0.008147203982645804,0.009005214674424382,2.0
0.5598736410884005,-0.6925166028471305,-1.4791537080173898,-0.037378531728067134,1.0
0.5598736418369508,-0.6925190063864906,-1.4754420535800643,-0.024480857581759642,1.0
-1.7317881818154017,0.054051772281119986,-0.001745623181261195,0.04054555676459621,2.0
0.5435648544267805,-0.9671876331353104,1.3309809433703261,0.05059156000637681,0.0
0.6271579195673956,1.6078100339680454,0.1661340711951882,0.04385462330010108,3.0
0.5435648547886521,-0.9671909544477111,1.3329804836556067,-0.0029795095248685115,0.0
0.5598736407476468,-0.692513312165411,-1.4750903561047244,-0.05464128937392324,1.0
0.5435648544718205,-0.9671901021547208,1.3303386512243405,-0.04120824966685723,0.0
0.5598736413924889,-0.6925138346369247,-1.4775800476974716,-0.028086602365315634,1.0
0.5435648545654176,-0.9671897534832351,1.32446758351645,0.03319258709164501,0.0
0.5435648545931161,-0.9671906794016896,1.3296093640422564,0.01447763766978473,0.0
-1.731788181472702,0.05404751537928303,0.000931578601610439,0.011493287967618058,2.0
0.6271579191775604,1.6078104958955701,0.16315733562583348,-0.0037163057207971815,3.0
-1.7317881814206175,0.05405001299376179,-0.004866870152297726,0.00910230640330395,2.0
-1.731788181578903,0.05405259782363509,-0.006634627313808641,-0.046822517797118886,2.0
-1.731788180646139,0.05404806078879623,-0.004204834575208679,-0.023037363159037403,2.0
0.5598736414018524,-0.6925168522949193,-1.479144063073016,0.00841578540643391,1.0
0.6271579202586715,1.6078097297765184,0.16057634990950254,-0.02207107986370593,3.0
0.5435648544832595,-0.9671916127059255,1.3325791990316282,0.023818633355247563,0.0
0.5435648545287852,-0.967192911732675,1.3334020582475772,-0.06200873926170686,0.0
0.5598736411643472,-0.6925187058797598,-1.483218889439472,-0.0424770774226376,1.0
0.5435648550190991,-0.9671911142753643,1.335426682740467,-0.00881607196783776,0.0
-1.7317881812902949,0.05404979893952378,-0.012183098701608185,0.015774785109920923,2.0
0.5598736413040044,-0.6925180718928653,-1.483331707204139,0.06173210348025598,1.0
-1.731788181485891,0.05405200731268385,-0.010210858321958545,0.02368491531051626,2.0
0.6271579199537339,1.6078099102763166,0.1605551218439219,0.019623734636129857,3.0
-1.731788181252357,0.05405154868976337,-0.004450941175342565,0.05157361341217579,2.0
0.6271579196054866,1.607811336295702,0.15809727191742867,0.018611012495830137,3.0
0.543564854552614,-0.9671899393819452,1.3340082099223274,0.010001477522483145,0.0
0.5435648548277701,-0.96719046964841,1.3332550303707593,0.012852650781734039,0.0
0.5598736416719939,-0.6925160711945582,-1.4780305966956193,-0.04670877462464098,1.0
-1.731788181398474,0.05405104643838957,-0.011777323518105615,0.008866753215276885,2.0
0.5598736415677054,-0.6925171204263613,-1.4785416189514538,0.01031770278673125,1.0
-1.731788181164802,0.05404805327351019,-0.002329314103856493,-0.013585576785320538,2.0
0.5598736415531956,-0.6925185986913837,-1.4714223091756136,-0.024743934366943963,1.0
0.543564854504038,-0.9671877185217482,1.3373314409825536,0.012127103876442799,0.0
0.5598736418852173,-0.6925144201436253,-1.4711302925625738,0.017581312976425914,1.0
0.5598736411196332,-0.6925162037100355,-1.4762417889899884,-0.03614451044388726,1.0
0.5598736405432708,-0.69251251449806,-1.4798491005555952,0.0018958590806882384,1.0
0.5435648540809735,-0.9671891565195448,1.332209089419072,0.029623800534863295,0.0
0.543564854910636,-0.9671924686064173,1.3309157919765866,0.0013513530698670512,0.0
0.6271579199372428,1.6078129028558623,0.15937824590505617,-0.07148711963641646,3.0
0.5435648549278351,-0.9671906451519892,1.32884245949895,0.02047865343776591,0.0
0.5598736414009601,-0.6925150035003145,-1.4813468361579922,-0.09417243846569387,1.0
0.559873641449625,-0.6925157461936853,-1.4754768199525725,0.05517551183154728,1.0
0.627157919238921,1.6078115898854304,0.1569173790496195,0.007381369441879316,3.0
0.5598736416935184,-0.6925166968347222,-1.4773190099000988,-0.019576650081598337,1.0
0.5435648552558837,-0.9671889480587446,1.3347696186478042,-0.00038125484019949947,0.0
-1.7317881810061588,0.05404769441244372,-0.006432502459165395,-0.06255598801079947,2.0
0.5435648544634226,-0.9671891389233507,1.3297288744918783,-0.0017025859473924346,0.0
0.5598736416032231,-0.6925159989427803,-1.4761001543208012,-0.02834138033406071,1.0
0.6271579197607442,1.6078121161684216,0.1632821341738957,0.004335645258887454,3.0
0.5598736412819738,-0.69251905192974,-1.4792665578153896,-0.006910240229429026,1.0
0.6271579193994117,1.6078132101889213,0.16128597758196817,0.05662916957070913,3.0
0.5598736414464681,-0.6925171622156004,-1.4787015889019397,0.03252669951628044,1.0
-1.7317881814763798,0.05404895864111799,0.0006427421200357284,0.004257295104254518,2.0
0.5598736415418057,-0.6925170576643424,-1.4743334093122178,-0.04017047244935886,1.0
0.5435648542954852,-0.9671906399348125,1.330338666030886,0.04139546793148552,0.0
0.6271579201311447,1.6078128830921754,0.16413582634340687,-0.0320771934501468,3.0
0.543564854191184,-0.9671889084951374,1.3316933608754853,0.036919139713315584,0.0
0.6271579202361417,1.6078080531370402,0.16270958882119346,0.05250180087710942,3.0
0.559873642002282,-0.6925161758197058,-1.4751406785962444,0.055241726166047875,1.0
0.627157920185471,1.6078108103546884,0.1592938266075633,0.03666331301664613,3.0
0.6271579200693167,1.6078123889160025,0.16425651618081727,0.0347881250030669,3.0
0.6271579200463994,1.6078092379225093,0.15582179475212551,0.024331032169568906,3.0
-1.731788181607992,0.05405136688139433,-0.0025539082011455383,0.0518693588480849,2.0
0.55987364237975,-0.6925157238909174,-1.4806522484940323,0.002868704270367737,1.0
0.5435648546048976,-0.9671919751204282,1.3260742401608467,0.09210592148524546,0.0
0.6271579198534767,1.6078119414315974,0.15293869168739974,-0.006531106653526196,3.0
-1.73178818134526,0.054051807198319486,-0.005088371287186958,-0.018427253148868627,2.0
0.5598736416280516,-0.6925151231984454,-1.4791215837102853,-0.10726674478072401,1.0
0.5435648547804223,-0.9671902266886597,1.335121443183722,-0.005250238463593005,0.0
0.6271579201619957,1.6078143791712307,0.16162148427866535,0.003317009187762525,3.0
0.6271579194370481,1.6078126988851096,0.158318162838685,0.03745179568911181,3.0
0.62715791997523,1.6078089769611026,0.1603388894931984,-0.023909862606238425,3.0
0.5598736416964916,-0.6925151679964884,-1.4862999715340692,0.015177937095988692,1.0
0.5435648553723664,-0.967191627023019,1.3295268665166886,0.0666869879209922,0.0
0.559873641281278,-0.6925140266621402,-1.488038307908605,-0.10972264002274892,1.0
0.5598736411147447,-0.6925180395028546,-1.4798958260931065,0.016385988003315963,1.0
0.6271579199364896,1.60781050831076,0.16830463268201293,0.028395625623063973,3.0
-1.731788181342455,0.05405158513899771,-0.01060361489336163,-0.009029772503354946,2.0
-1.7317881815342935,0.05405123759283728,-0.005110082267555142,-0.02916860835011927,2.0
-1.7317881808200273,0.05405024945180942,-0.005846647604657964,-0.02515920937817923,2.0
0.5435648541611171,-0.9671883325499682,1.333103126466124,0.02445283981942217,0.0
0.5435648545025158,-0.9671889809698445,1.3325589558526318,-0.020658719274362736,0.0
0.6271579195125995,1.6078121809205124,0.15839219773625424,0.024833858637727788,3.0
0.5598736407508316,-0.6925130632056429,-1.4810618860443545,-0.12110821619948087,1.0
0.5435648545147016,-0.9671878219406321,1.3369372198820717,-0.008229670026581959,0.0
-1.7317881823211514,0.054049148703319755,-0.0044540956085168,0.04029842060399802,2.0
-1.73178818142217,0.05404900780384941,0.0018946706743072047,0.0006737483096671507,2.0
0.5435648545777387,-0.9671908688503089,1.3306317357865904,-0.02988882855524496,0.0
-1.7317881822836794,0.054050804297386554,-0.007169296337633509,0.03271705516562022,2.0
-1.7317881819674625,0.05404924674583215,-0.0006285525800177494,0.012929477957685452,2.0
0.5598736416860612,-0.6925178597292877,-1.4714992067129604,-0.09748027899409055,1.0
0.6271579197573836,1.607812150547306,0.16241379073049284,-0.027893733300048858,3.0
0.5435648543937971,-0.9671895526066923,1.3377778088500833,0.030340725292422214,0.0
-1.7317881806228435,0.05405152634404751,-0.007080407248229552,-0.04051723486799992,2.0
0.5598736412832431,-0.6925155075025216,-1.48015726888592,-0.03428611524434356,1.0
0.5598736419283312,-0.6925154759843355,-1.4777945420402474,0.05000944690996853,1.0
-1.731788181298568,0.05404825108137265,-0.006937564578032166,0.04915792137520767,2.0
-1.7317881818544236,0.0540523368092111,-0.005297032243681474,-0.018228492219139435,2.0
0.5435648549370856,-0.967189782500728,1.335296286825213,0.026738950041101373,0.0
0.6271579197165879,1.6078111577704808,0.1649105098372782,-0.010929639282027488,3.0
-1.7317881814517537,0.05404661337545192,-0.009725605818932163,-0.05379764150660521,2.0
0.6271579202935509,1.6078086930681126,0.16000468081821034,-0.011921324709886192,3.0
0.5435648547541237,-0.9671864166673211,1.3340847835557021,0.011791114386681607,0.0
0.6271579197440347,1.6078111785671043,0.16174884390631156,0.06754001048592177,3.0
0.6271579193840947,1.6078147087188603,0.16125141902422668,-0.005648066232680478,3.0
-1.7317881814300662,0.054052477766138717,-0.007387968827784961,0.026579604043913324,2.0
0.5435648543820624,-0.9671927306630537,1.3338092363474792,-0.012975408006652972,0.0
0.5598736416346447,-0.6925151450455861,-1.4749606312420955,0.06227243701320717,1.0
0.6271579197883085,1.6078084908286678,0.15938989028832595,0.05854795580064688,3.0
0.5598736409972564,-0.6925175238121515,-1.4721963490390664,-0.03140344037851175,1.0
0.6271579195372566,1.6078116569176222,0.1593968405363708,-0.00907829044676758,3.0
0.627157919888225,1.6078093351604186,0.15921906738996291,-0.06106803219772047,3.0
0.5435648547844684,-0.9671893821080809,1.3342376821256026,0.03730499481472611,0.0
0.543564854698653,-0.9671882264208842,1.332290178521453,0.0046734015086037275,0.0
0.543564854635561,-0.9671905618004684,1.3304563575025432,-0.015824356075098616,0.0
0.6271579200573237,1.6078115942369406,0.15909141860508993,0.014415034345824824,3.0
-1.7317881818101897,0.0540488701480062,-0.0011038991721209234,-0.0018734405624737979,2.0
0.5435648545304163,-0.9671906188894731,1.3340697426326564,-0.009387246044174628,0.0
0.5598736413986062,-0.6925134943699668,-1.4805826165281877,0.01733611449768736,1.0
0.5598736415413234,-0.6925160509468874,-1.4818883855155052,-0.03569651643005636,1.0
0.5435648547851242,-0.9671900482952311,1.3317105626010832,-0.027007153627394413,0.0
0.6271579194688195,1.6078102268422017,0.15240654000682052,0.002192784228792886,3.0
-1.73178818176803,0.0540512404541555,-0.013979252782190046,0.00036227545234583484,2.0
0.5435648545247102,-0.9671884177843414,1.3344513773251343,-0.0019012543771984554,0.0
0.5435648547141408,-0.9671896745553621,1.3333136401523202,0.02984554147591073,0.0
-1.7317881814317804,0.054052657696442234,-0.0036081266614494483,-0.0003116551265906309,2.0
0.5435648547971678,-0.9671902170429011,1.3347923331210165,0.03120089934209,0.0
0.6271579206454889,1.6078118427489982,0.16200756409021133,-0.04811978554038725,3.0
0.627157920462416,1.6078088812453646,0.16219041819252988,0.05714730304905736,3.0
0.5435648546327692,-0.9671922977746868,1.3311976918957602,-0.05751129310787024,0.0
0.6271579196679912,1.6078093348755225,0.1593344018778659,0.030174793220257155,3.0
0.5598736419135886,-0.692517589301497,-1.4818957842146065,-0.028806904165449475,1.0
0.5435648543342049,-0.9671887072832961,1.3395172401047362,0.026089236381307997,0.0
0.6271579199393531,1.6078115382828573,0.16680761485874437,-0.0026664545590046325,3.0
0.5435648546310671,-0.9671894194675227,1.3344046756895407,0.05631118246189011,0.0
0.5598736413945798,-0.6925177483286226,-1.4808300112653743,-0.02646157396590645,1.0
-1.7317881820242613,0.05404637466774978,-0.012320083511748415,0.010644282039108086,2.0
-1.7317881819586585,0.054050355808008196,-0.007895227584233324,0.027333095033081175,2.0
0.6271579197739668,1.6078153762686298,0.15349185048255307,-0.018635668941877587,3.0
0.5598736417403416,-0.6925150473993772,-1.4807033551236313,0.03559450577565899,1.0
-1.731788181795322,0.05405199053185632,-0.00336339859106495,0.017620304453653084,2.0
0.5435648546404999,-0.9671903228106516,1.3353260278763892,-0.07120828712614219,0.0
0.5435648552393793,-0.9671917326463021,1.3337694836574299,0.013961643694443965,0.0
-1.731788181283316,0.05404898065129728,-0.0071635510214765035,0.035306831927054146,2.0
0.5598736414744117,-0.6925139821431726,-1.4774769187966081,-0.02597407346623356,1.0
0.5598736410980123,-0.6925140284619591,-1.4773142097574339,-0.011484992782094531,1.0
-1.7317881818772025,0.05405354715080234,-0.0008078117307231031,0.023051188733643976,2.0
0.627157920513063,1.6078116083719554,0.16717821453503642,-0.017508806290641846,3.0
-1.7317881812061187,0.05404605581429624,-0.0009779289553533764,0.05123527052478019,2.0
0.5435648547789826,-0.9671902886201287,1.3259294004406181,0.04444597376693576,0.0
0.6271579199107431,1.6078094590314433,0.1542555927488234,-0.021100645394135913,3.0
-1.7317881808653646,0.054048547203619644,-0.01016235485519005,0.027954010295529852,2.0
0.5435648542577703,-0.9671884321096644,1.339275060472941,-0.053332799430872865,0.0
0.5435648546171443,-0.9671913702858973,1.3298159715700484,-0.022483116465962242,0.0
0.5598736421944345,-0.6925154038829537,-1.484526412378596,0.014530489941853984,1.0
0.5598736417980327,-0.6925165686989339,-1.4749133096289202,0.021863873643850895,1.0
0.5435648543713637,-0.9671891497449056,1.3293030740995466,-0.037535355879675325,0.0
-1.7317881812885418,0.05404743656656464,-0.009956691501995468,-0.0008570061684877352,2.0
0.5435648548595576,-0.9671900018943819,1.3411348670900616,0.015879937535191974,0.0
-1.7317881817001255,0.05404933406531046,-0.008181911660569722,-0.00920538456826052,2.0
0.5598736408362242,-0.6925174521443872,-1.4811955972446682,-0.04491601028873832,1.0
0.6271579192746491,1.607810175693391,0.16254783629110406,-0.06690522489675904,3.0
-1.7317881817609173,0.05404909409805167,-0.006008552235443196,0.0018760393044658422,2.0
0.5598736411444959,-0.6925177092622815,-1.475576818491597,-0.057939833265515765,1.0
0.5598736413212847,-0.6925152629085976,-1.4815966606392874,-0.05548778413107208,1.0
0.6271579193853013,1.6078103985962657,0.1646568628205828,0.08773995396632674,3.0
-1.7317881810590823,0.054049775342214765,-0.002858086948696952,-0.019241796831674825,2.0
0.6271579193609045,1.6078084419964642,0.16510246004863663,-0.02214382137707545,3.0
0.6271579197359413,1.6078097694429014,0.1580660450402595,0.001364171570235102,3.0
-1.7317881806192617,0.05405356111679794,-0.01092042381369553,-0.024768113907468838,2.0
-1.7317881812118718,0.05405068875353115,-0.005706016207301193,0.055528114931623275,2.0
-1.7317881816354135,0.05405126497564445,-0.006787498575908418,0.005214023964641234,2.0
0.543564855060828,-0.9671889272569237,1.3402003559062905,0.03234234089581035,0.0
0.5435648543758601,-0.9671906369633231,1.33811059266034,0.03666158922438148,0.0
0.5435648549261283,-0.9671899510716687,1.3360030035761183,0.029614003002975984,0.0
-1.7317881815844884,0.05405069706222991,-0.0018502361671414167,-0.028060133122882667,2.0
0.6271579198543501,1.6078139241124978,0.16831467925677374,-0.003719323290753195,3.0
0.6271579205485771,1.6078109856579477,0.15793746015535168,0.005844356943229144,3.0
0.5598736411464351,-0.6925154526547542,-1.4795821944772578,-0.0017096346658343425,1.0
0.6271579193817685,1.6078089681889043,0.15728778205372568,0.021494504504029534,3.0
0.6271579196261977,1.6078103109582975,0.1552239452107136,-0.03145822231682383,3.0
-1.7317881818872285,0.05405019545940922,-0.004184337965884177,0.004783635572858288,2.0
-1.7317881815728315,0.05404968098170911,0.000746017308788801,-0.012566650165757734,2.0
-1.7317881818354692,0.05404913908666054,-0.004538224381788716,0.04310470610869973,2.0
0.5598736414278735,-0.6925183888061714,-1.478819728034582,-0.018149169673673245,1.0
0.5435648547346735,-0.9671883045550168,1.333979255211107,0.011470844675787083,0.0
0.5598736423831742,-0.692515720040118,-1.474626036188836,-0.021108219232644,1.0
0.5435648543466246,-0.967190833770508,1.343763259198829,0.010943567817576105,0.0
0.6271579205981956,1.6078108570405207,0.15541273060028743,-0.0689704318999483,3.0
0.6271579196446391,1.6078100418573604,0.1634092227551513,0.10322541851882118,3.0
0.5435648546122797,-0.9671907110891469,1.3385364326458098,-0.04261245309049613,0.0
-1.7317881813763714,0.054051591607809216,0.0040159831150128125,-0.023349416873433112,2.0
0.6271579199764635,1.6078115121336105,0.16002823417585352,0.01248550568745843,3.0
0.6271579194497214,1.6078137673794692,0.1626348024429401,0.0009207346175024028,3.0
-1.7317881823389318,0.054052075618809495,-0.003007795331051433,-0.05923535727622328,2.0
0.6271579199222946,1.6078104381380656,0.16375752358369536,0.06780286633880302,3.0
-1.7317881808703157,0.0540521233927888,-0.011896129434973932,0.05599462765269469,2.0
0.5435648549086324,-0.9671889513904726,1.3344384986813285,0.007398715771356629,0.0
0.6271579194815543,1.6078138367485977,0.16485051765010783,0.04529636652534144,3.0
0.6271579203671596,1.60781381446776,0.16502605016227198,-0.019540852738817616,3.0
0.6271579202806707,1.6078140820408195,0.16190393223099717,-0.03450207090523884,3.0
0.6271579202261492,1.6078102912312782,0.1636724257749554,0.01983298283392865,3.0
0.5598736412940942,-0.692517934255354,-1.4786948107701678,0.0005996114345416367,1.0
0.5435648547724675,-0.9671912911689997,1.3296846878096176,-0.04062963289314481,0.0
-1.7317881814677332,0.054051494485025615,-0.008831971024839496,0.0722269483741173,2.0
0.559873641197884,-0.6925161161512268,-1.4721942816252214,0.006240508511835509,1.0
0.559873641901547,-0.6925164407325062,-1.480538870254842,0.021337920712211744,1.0
0.5435648546754946,-0.9671893870132825,1.3309127693117788,0.07978531447229475,0.0
-1.7317881806474944,0.05405338683658658,-0.007380566073678321,-0.029793627944956994,2.0
-1.731788181038838,0.0540518781754486,-0.0035547563381199306,-0.004608763319728906,2.0
0.5598736413328097,-0.6925164875302943,-1.477027435929685,-0.036623696418680844,1.0
-1.731788181259478,0.054047343959334464,0.003535888401687652,-0.026279213190812147,2.0
0.5598736410425899,-0.6925155233306741,-1.485311142030355,0.026939669875490756,1.0
0.6271579198330774,1.6078121541659756,0.16330662108682362,0.036833252968489154,3.0
0.5598736414480623,-0.6925179926369793,-1.4760743492022899,0.019161790473276465,1.0
0.543564854903536,-0.9671877572583277,1.3319489056881195,-0.034750787316541805,0.0
-1.7317881811153613,0.05405096470508158,1.3930532285851703e-05,0.001613277993513707,2.0
0.5435648547032074,-0.9671876788799619,1.33947977320474,-0.012077971602344955,0.0
0.6271579201013538,1.6078149596616251,0.15925619637324226,-0.043119677699912984,3.0
-1.7317881816361516,0.05404860476335826,0.0021866242060740748,-0.053500274660898434,2.0
0.6271579195829527,1.6078101160775926,0.15987299655144477,0.026835372823709108,3.0
-1.7317881815171183,0.05404983692604951,0.0046717064201697404,0.032207490829028615,2.0
0.6271579199200947,1.6078072520551814,0.167012721627924,-0.02764673360550199,3.0
0.5435648541628496,-0.9671910216967174,1.3320228279550455,-0.012713714359897587,0.0
-1.7317881821941394,0.054049467993801704,0.003318388262495928,-0.014639214124716433,2.0
0.6271579195136157,1.607812517080481,0.16471246371433274,-0.03680313793577567,3.0
0.5598736412047023,-0.692513104955565,-1.479250894222958,-0.00532075356310371,1.0
0.6271579194379113,1.6078098314412608,0.15625409133865373,-0.06466273790058313,3.0
-1.7317881817261267,0.054053643528600086,-0.0068627362303829665,0.028465457419671696,2.0
0.5598736413871799,-0.692516242036038,-1.484886078732527,0.0011022824841622728,1.0
-1.7317881808781515,0.05404840476737229,-0.005818481335613544,0.06395773934775828,2.0
0.559873641249397,-0.692515418210227,-1.4790390115477303,-0.051708483834616056,1.0
0.5598736407795883,-0.6925144639098082,-1.4808100260936894,0.0343378742693779,1.0
-1.731788181858989,0.05405181089606735,-0.012109517702555207,0.032906105705854775,2.0
0.6271579195279391,1.6078126641874777,0.15754153305260785,0.015689110667871237,3.0
0.5598736409376648,-0.6925133524902719,-1.4772304562466851,-0.0636992901279301,1.0
0.5435648549343542,-0.9671899222703731,1.3322852301945094,-0.021288177292670442,0.0
0.6271579195242944,1.6078120794891508,0.15723821854286446,0.011408697131668748,3.0
-1.731788181669246,0.0540514790795157,-0.009367859516089977,-0.039036832349407524,2.0
0.6271579195892275,1.6078098629557858,0.15906095850261112,0.03556509035410212,3.0
0.6271579200364906,1.6078125769681337,0.15637592834405264,0.027065111602397232,3.0
0.6271579197874343,1.6078123137739284,0.16519727680296636,0.0226733488751999,3.0
-1.7317881810851714,0.05405058954538705,-0.007022966741123694,0.036597216105776584,2.0
0.5598736403486172,-0.6925171432685511,-1.4752540864806083,-0.02628240017158788,1.0
-1.7317881817107195,0.05404945433760392,-0.008759427499788072,0.01869371882261578,2.0
0.5435648547839933,-0.9671884984850507,1.3374781162147262,0.056169301786076556,0.0
0.5435648546333242,-0.9671890117920365,1.3298695694434841,0.0029359283153620303,0.0
0.5598736412360197,-0.6925126368646891,-1.4710323293297625,-0.013170409776101276,1.0
0.6271579204139076,1.6078156632609897,0.164457360367509,0.016447229421284487,3.0
0.6271579196797044,1.607811513195742,0.16084712050184002,0.06716691425376847,3.0
0.5598736419150636,-0.6925163862024646,-1.4772336330360893,-0.020947315251017687,1.0
0.559873641712681,-0.6925149494237569,-1.4722229486377887,-0.0026316664970568644,1.0
0.5435648552381576,-0.9671879486184918,1.3328573894190605,0.0005646787466875709,0.0
0.5435648551328185,-0.9671853398649526,1.3355867431679664,0.0026762766749140504,0.0
0.5435648549636011,-0.9671907261165026,1.3351415676520035,-0.05242383563994659,0.0
0.5598736413882199,-0.6925131962762017,-1.4766796652736103,-0.026146425092392518,1.0
-1.73178818106433,0.054049731198413366,-0.003334824556307581,0.0019258288971944523,2.0
0.5435648552125019,-0.9671901583920917,1.330346017917447,-0.09455190355292295,0.0
0.6271579199778801,1.6078111962076065,0.16010691318677195,-0.08934074561908835,3.0
0.627157919788941,1.6078090495580142,0.16136773730935772,-0.014176383769946774,3.0
0.6271579206189898,1.6078112071259245,0.16294508192744858,-0.019604330159383773,3.0
-1.7317881817124492,0.05404952901778489,-0.0034235770667650493,-0.06620710279381059,2.0
0.6271579201843894,1.6078116459484173,0.16415801809355002,0.02555497109360792,3.0
0.6271579196267963,1.607811375253622,0.15757754238091756,0.02137617663423046,3.0
0.6271579207196183,1.6078137799181986,0.1629953525189143,0.005026945693190359,3.0
0.6271579203499766,1.6078115750000337,0.16263018240289356,-0.009418379820989002,3.0
0.5435648552253429,-0.9671905753142959,1.3367805665587567,-0.005637863902912107,0.0
0.5598736415115159,-0.6925159889862261,-1.4752034436314259,0.012593143219872307,1.0
0.6271579200227516,1.6078134295770097,0.15426397407145997,-0.0013585252852426732,3.0
0.6271579197703596,1.6078083597436568,0.15920250130557156,0.008350970508467325,3.0
-1.731788181533903,0.054050286895776796,0.0001308997634902286,0.0440193002608745,2.0
0.5598736412792081,-0.6925178553993988,-1.475641762480648,0.019938697415319437,1.0
0.5435648545365199,-0.9671898640466318,1.3370748200501383,0.0207095199289461,0.0
0.6271579200647361,1.6078106626774507,0.16013744972812569,-0.028400863544199875,3.0
0.6271579191220376,1.6078085930407489,0.15698614246087073,0.031125840869140144,3.0
0.5598736419993708,-0.6925147971661463,-1.4790415362566047,-0.03659814236284209,1.0
0.5435648550265267,-0.967188760189937,1.3411767589762003,0.003416044520683247,0.0
-1.7317881812057911,0.054050908297216343,-0.007728217665739866,-0.04823713000193237,2.0
-1.7317881808739233,0.05405101498963823,-0.005461922621046243,-0.04800191530496889,2.0
0.5435648548679505,-0.9671872818437504,1.3395165463577032,0.0426153706741319,0.0
0.6271579199671204,1.607812049004908,0.15824356605801412,-0.07890758128633897,3.0
0.5435648548434516,-0.9671883810498092,1.3331603742930305,0.11420597763433965,0.0
-1.7317881818696785,0.05404648735989843,-0.009331889386273887,0.062492090047181176,2.0
0.6271579197066286,1.6078116045170874,0.15482752858832538,0.0005180018634962835,3.0
0.5435648545828399,-0.967191936319305,1.328003579789957,0.038012829820860995,0.0
-1.7317881817208194,0.05405146059971555,-0.005864012978831882,-0.05146761586401837,2.0
0.5598736416048028,-0.6925160775217115,-1.474922569827717,0.049935916082076745,1.0
-1.7317881812661464,0.05404807340681046,0.0013726598066119463,-0.0018899526329759929,2.0
0.543564854829885,-0.9671905926218958,1.3337292054204948,-0.0164861920616685,0.0
0.5598736414899949,-0.6925163807760942,-1.4842753856005562,0.011248310732946099,1.0
0.5598736405864709,-0.6925119386906057,-1.4805531498308857,-0.05672604095647077,1.0
0.5435648547232957,-0.9671905839814654,1.3296175258759484,-0.028250426278237612,0.0
-1.7317881823584766,0.054051544695732166,-0.008949451156345734,-0.024286696075340262,2.0
0.6271579193078792,1.6078132969741998,0.160117773803285,0.026033768742247883,3.0
0.5435648548380849,-0.9671921988529861,1.3296478497950832,0.003003931835171446,0.0
-1.7317881820311425,0.054051689594977054,-0.00541327748808422,0.052996455093616154,2.0
0.5435648545460017,-0.9671904755478381,1.3284799661905144,0.007362941727682456,0.0
0.5598736414957125,-0.6925183258678591,-1.4823573220470556,0.019765956595500508,1.0
-1.731788181302797,0.05405007281632653,-0.0020698931704604007,0.013876646155908712,2.0
0.5598736415442676,-0.6925170669751232,-1.473728353966928,0.02786124931905806,1.0
0.5598736419984685,-0.6925151833452898,-1.478346874301944,0.012259858963644475,1.0
0.6271579193157949,1.6078130253924798,0.16095005802782472,-0.003572419920796617,3.0
0.5435648544485333,-0.9671869720648137,1.3311966301736444,0.055886676307860664,0.0
0.5435648552123584,-0.9671882566915487,1.332982911587282,0.04255933232143837,0.0
-1.7317881817057166,0.054050215168241524,-0.004266643727208044,-0.05067609136387724,2.0
-1.7317881813726546,0.054052563636484835,-0.009841105747069657,0.06023480643376541,2.0
-1.7317881814005498,0.05404614255709362,-0.0008090151256003788,0.056112148126371025,2.0
0.5598736412623807,-0.6925149924319032,-1.4763739050253195,-0.055808492884051174,1.0
0.543564854855062,-0.9671887702461048,1.3293803920904301,-0.04076007291577224,0.0
0.5598736420557292,-0.6925162939841841,-1.4808735853351997,-0.13269375719230864,1.0
0.6271579192689163,1.6078105114118133,0.1628109006738053,-0.08001296506485502,3.0
0.5435648546453749,-0.9671938043110858,1.326017849979095,-0.011637412560233738,0.0
0.5435648545860051,-0.9671918078313345,1.3371233617520446,-0.009645800736877336,0.0
0.5598736413189516,-0.6925153308990961,-1.4756492905258443,-0.06233207201460774,1.0
-1.7317881817924115,0.05405379830142018,-0.007005432999926263,-0.05514591756878685,2.0
0.5435648535827261,-0.9671868731907997,1.3344422701067182,-0.04353090893154515,0.0
0.6271579194002416,1.6078109177606346,0.16123631197528343,0.02729820088373395,3.0
0.5435648544838783,-0.9671891005204675,1.3326782328743498,-0.02322469640158483,0.0
-1.7317881814237779,0.054051342288979516,-0.009070253457495958,-0.023174851961983194,2.0
0.5598736414356777,-0.6925162195663725,-1.4746690084162064,-0.011815868983765859,1.0
0.627157920013061,1.6078117284838118,0.15513900354456106,-0.04688083426986307,3.0
0.6271579200809708,1.6078101842616608,0.16064404567841856,0.0032132268669304398,3.0
0.6271579200250803,1.6078106408733934,0.16505592546428555,-0.04545153666948718,3.0
-1.7317881822105012,0.05405136733379425,0.0024808753132789245,0.026461308107828416,2.0
0.5435648541615798,-0.9671909738763907,1.3308888486947545,0.03520978132395647,0.0
0.6271579202503762,1.6078110829091186,0.15396165630041964,0.04898991660565626,3.0
0.5435648549296542,-0.9671872424031849,1.3407215528090242,-0.01725900600077597,0.0
-1.7317881813750595,0.054048402925289826,-0.009033352873234016,-0.013366740868798731,2.0
0.6271579202663495,1.6078113887643124,0.15645885602259613,0.013267258312618397,3.0
-1.7317881814216416,0.05404921066751145,-0.008653431385399582,0.03512142390924192,2.0
0.5598736415545241,-0.6925182617018484,-1.4769027647014972,-0.0019367521969535326,1.0
-1.7317881811543818,0.05405100363277195,0.001989738547072334,0.01381817723054781,2.0
0.5598736419073971,-0.692515677326156,-1.4830784066875338,0.00451576124821205,1.0
-1.731788181351574,0.054049564964162515,-0.0003082181015674167,0.0015468749254787563,2.0
-1.7317881818865597,0.054051712602434125,0.0024352439316055094,0.06628420710349579,2.0
0.6271579192134217,1.6078093670997926,0.15745386312759801,-0.016621679103026327,3.0
0.5435648544763965,-0.9671914696833286,1.3405155988757291,0.03341755342025981,0.0
0.5435648548233388,-0.9671921231581138,1.3364752090245846,0.01253940019422221,0.0
0.5435648551733316,-0.96719019311962,1.331545440735497,-0.06086498066610329,0.0
0.5435648544341837,-0.967190604545926,1.3373404001092948,0.04423073749267253,0.0
0.6271579196100572,1.6078114671038568,0.15400634776324,-0.014496661893299219,3.0
-1.7317881812421694,0.05404769611570562,-0.005555301838911805,0.03519335006077918,2.0
0.5598736408311051,-0.6925183197686733,-1.4794601814377855,0.023634748465840443,1.0
0.559873642083403,-0.6925137801339183,-1.4810173563957592,0.029873865423545743,1.0
0.6271579192702721,1.6078121591165926,0.1577832541756382,0.03614010000006683,3.0
0.5598736415181058,-0.6925172120763192,-1.4792704971729533,-0.039771410550194536,1.0
0.6271579203906512,1.607811422345844,0.15513315533592145,-0.04875215354022866,3.0
0.543564854966767,-0.96718896457307,1.344115268380075,-0.02092801836594688,0.0
0.627157919163641,1.6078121299565098,0.16758377972319521,-0.03316333094113956,3.0
0.5435648543112193,-0.9671882546013749,1.335655546315222,0.009923084241247574,0.0
0.5435648549198229,-0.9671914323377391,1.329071695257182,-0.02368022743702795,0.0
0.559873641213331,-0.6925178715774454,-1.4830853470751981,0.032151899288409315,1.0
0.543564854513887,-0.9671882499442289,1.3350629551960562,0.04516343830775281,0.0
0.5435648553243393,-0.967186621370307,1.3322960241169537,-0.04317623887612942,0.0
0.5435648549068347,-0.9671880802607683,1.3373607278814885,0.036174865742937067,0.0
-1.7317881809942959,0.054049742479428634,-0.0062592129157485335,-0.008293854571526859,2.0
0.5435648546877697,-0.9671920369654363,1.3296603264395546,-0.03470120758611457,0.0
0.5435648549950446,-0.9671889558896362,1.3374754643323008,0.021954882619852612,0.0
0.6271579200214134,1.6078106088098563,0.1592635744345341,-0.04233243891636023,3.0
0.5598736417542232,-0.6925158908860735,-1.4782936688658794,-0.03808081081759561,1.0
0.5598736417637161,-0.692515254876049,-1.4799118669781153,-0.035466699788174266,1.0
0.6271579202444927,1.6078121117813828,0.15766855564354337,-0.015103643909024534,3.0
0.6271579194525098,1.6078095485625787,0.15792067131614373,0.03357252465620258,3.0
0.5598736419596335,-0.692512286593699,-1.4860602210636922,-0.04696794178401525,1.0
0.543564854124814,-0.9671932971835648,1.329362704017584,0.029318825261721342,0.0
0.6271579191746028,1.6078135049517088,0.16838474689095914,-0.03662417357949402,3.0
0.5435648546046047,-0.967191843430655,1.3355298816800987,0.03831813534201137,0.0
0.6271579203021831,1.607809621707562,0.16029101384559472,-0.0077303847138185085,3.0
-1.7317881813626808,0.054050432095919955,-0.009397842973286724,0.02194349857196723,2.0
-1.7317881811125087,0.054048435722308816,-0.006368934009585793,0.011555645729752357,2.0
0.5435648541030649,-0.967189601220669,1.3355800269147065,-0.03616371050303029,0.0
0.5598736414334531,-0.6925148575536495,-1.4759738271352292,0.03218805767880701,1.0
0.6271579197450426,1.6078125033538964,0.15939696886737423,0.051134730877261905,3.0
0.5598736415793567,-0.6925154252570992,-1.481731728799662,-0.0077477924069737835,1.0
-1.7317881810350855,0.05405049911376094,0.0015130490604508666,-0.05359412873274782,2.0
-1.7317881813185274,0.05404857035752141,-0.0029169926611054466,-0.03747099989561536,2.0
0.5435648550096392,-0.9671880968371837,1.329188521820874,0.06293318533252779,0.0
0.5435648546901142,-0.9671901028863464,1.3340653107533658,0.03692520914395907,0.0
-1.731788181465085,0.05404820009655275,0.0004568242543887646,0.050116868345074804,2.0
0.6271579195510442,1.6078099493803069,0.15764321736272482,-0.036650702148965826,3.0
-1.7317881808087383,0.054048701830721274,-0.010402534140849382,-0.01736271812772908,2.0
0.5598736421790126,-0.6925162499947145,-1.480432293343064,-0.04853644679222252,1.0
0.6271579199004254,1.6078123026264968,0.1627538086290793,0.006909901656561613,3.0
-1.731788180699591,0.05405185351315704,-0.008823639255697673,0.05002706214572786,2.0
0.5435648549311339,-0.9671910269805715,1.3369956677023316,-0.004502172091581487,0.0
0.5598736411183732,-0.6925135411069885,-1.4731286169831335,-0.050054734601483845,1.0
0.5598736409300892,-0.692517838978009,-1.4771974475813647,0.01886653898369278,1.0
0.627157919752793,1.6078087589997163,0.1590319514802913,-0.06250645783420132,3.0
0.5435648546019166,-0.9671885936351523,1.3253222776798768,-0.05228927469010313,0.0
0.6271579194431354,1.6078116592781106,0.15757455411762056,-0.006070836201382028,3.0
0.5598736419872308,-0.6925141935301584,-1.475048985062137,-0.04357518493303334,1.0
0.6271579194518281,1.6078107354204056,0.16519732261672807,0.04466227721503113,3.0
0.559873642330341,-0.6925173778298322,-1.4753298820819685,-0.05710915927817615,1.0
-1.7317881813910412,0.05404920629801439,-0.003911328716165807,0.008412847040587935,2.0
0.6271579197890859,1.6078142242593416,0.16443767477493215,0.011183639946390142,3.0
0.5435648547149682,-0.967188670126407,1.3325900319228867,-0.01787784214988798,0.0
-1.731788181621452,0.05405238709207119,0.0028596892258213815,0.03587088318403475,2.0
0.5598736410134232,-0.6925174611767382,-1.4828313509292572,-0.06361038380276146,1.0
0.627157919636489,1.6078140032519939,0.162600029097689,-0.013907120175036092,3.0
0.5435648557506632,-0.9671890667153389,1.3308181367048855,0.03192293557336036,0.0
0.6271579194726773,1.6078108967124243,0.1639570816355943,-0.026423400724369602,3.0
-1.7317881816957539,0.05404806734782998,-0.002777704079495872,-0.003114743284360601,2.0
0.5435648550970084,-0.9671908287414333,1.334056489755339,0.030411585899529473,0.0
-1.731788180860524,0.05404912498206302,-0.00352535328581563,0.03965029253302242,2.0
0.5598736412504545,-0.6925163503920895,-1.4821374105099032,0.04354228901334022,1.0
0.5598736414991788,-0.6925166601695363,-1.4830436068158155,0.03184548767527867,1.0
0.5435648539891531,-0.9671895479485015,1.332957413382063,0.02188889287927854,0.0
0.5598736411518278,-0.6925143104415712,-1.4765619186808614,-0.021171950567841744,1.0
0.5435648549809737,-0.9671888139321162,1.3283727901609932,0.04389882935177078,0.0
-1.7317881812777698,0.0540521782484118,-0.005283689676281408,-0.002812101842050505,2.0
0.543564854544919,-0.9671913915206334,1.3272980717552596,-0.03752270938428004,0.0
0.5598736424676317,-0.6925170772980948,-1.4798625560834011,0.001846321200098997,1.0
0.5598736414699479,-0.6925150790915803,-1.4793016681079298,0.01517165734207531,1.0
0.5598736418966096,-0.6925155541924422,-1.4772425766478052,-0.028359452390818427,1.0
-1.7317881814216862,0.054048817259346,-0.00654713819072881,0.021832107960256513,2.0
0.6271579200016669,1.6078101730937628,0.15875165300236005,0.024624426463629164,3.0
-1.7317881821807746,0.0540488790066731,-0.008610890172157956,-0.006436408606622678,2.0
0.5435648556112553,-0.9671888477646736,1.3264250497837993,0.03370414999629362,0.0
0.6271579199497528,1.6078080744577588,0.168422019407625,-0.04987564573849281,3.0
0.5435648540137482,-0.9671884823417038,1.3330569442493756,-0.01999269105792203,0.0
0.5598736414207998,-0.6925175391594552,-1.474181492775257,-0.06402218314903721,1.0
0.6271579209303553,1.6078107367892718,0.15369435927782563,-0.019517676683628478,3.0
-1.73178818175186,0.05405071121001937,-0.008665273153137344,0.06858015428669735,2.0
0.5598736412060542,-0.6925155070931174,-1.4751800756497169,-0.04019412132867805,1.0
0.5598736416784804,-0.69251382957532,-1.4794827937756367,0.027669255487004073,1.0
0.6271579195720755,1.6078128689645088,0.1618050651998624,0.016430909123980833,3.0
0.627157919937022,1.6078108372377258,0.15982852286257604,0.02814903424716233,3.0
0.5435648555406298,-0.9671885659067432,1.3307176119762276,0.06153529223353766,0.0
0.627157920134847,1.6078094165294379,0.16095113829379784,-0.05437970722566058,3.0
0.5598736418190787,-0.6925162493453149,-1.473372979278826,-0.04266900359511789,1.0
0.6271579200614892,1.607810159354445,0.15741390204298228,0.016820712673858988,3.0
0.5598736414609901,-0.6925151759468101,-1.4807456303019357,-0.06532634988684263,1.0
0.5598736414207007,-0.6925159516586985,-1.4778935632578953,0.08806230461499642,1.0
0.5435648549504637,-0.9671882855487357,1.339486245288916,-0.014830641896164088,0.0
0.5598736413212767,-0.6925147434185399,-1.4845805430218275,0.0370073569250348,1.0
0.5598736416656459,-0.6925166356571402,-1.4706218245683749,-0.052275644164323634,1.0
0.5435648544823113,-0.9671897020342853,1.3254663022823552,0.002697465031489174,0.0
0.6271579205489468,1.607810914423174,0.15979225304831934,0.05035367747189504,3.0
0.6271579200563931,1.6078100237007174,0.16519202980934602,-0.03679398920605019,3.0
0.5435648550912713,-0.9671874278479714,1.3385840382134822,0.029431304516065307,0.0
0.5598736416359565,-0.6925157818663771,-1.4764354509264468,-0.01884249205545686,1.0
0.6271579201231029,1.6078139564161007,0.155700365619319,0.07629370405436962,3.0
-1.7317881818350038,0.05405180780242748,-0.004635782983761977,0.02094911122797749,2.0
0.5598736413160494,-0.6925182252171022,-1.481354612529455,-0.06506121793186288,1.0
0.5435648548673808,-0.9671885111446196,1.3332514430664966,0.018478013442454144,0.0
0.6271579195836732,1.6078136846979203,0.15882890251028417,-0.02040278524239393,3.0
0.5598736412853909,-0.692514404094039,-1.475858396043903,-0.042810828307285484,1.0
0.6271579207169292,1.6078093815515377,0.16474577360080797,0.03445636817460597,3.0
0.6271579197815307,1.607814177695123,0.16599283190844089,0.015834533084104662,3.0
0.6271579204821265,1.6078127983501338,0.15268690398117016,0.04904155032766498,3.0
-1.7317881811393065,0.05405077634689419,0.003101819274700955,0.016954876020756963,2.0
0.5598736415951762,-0.6925160263239565,-1.4817718238403752,-0.06551453346025131,1.0
0.6271579196625894,1.607811556533718,0.1535182585142963,0.02459015885647335,3.0
0.543564855121285,-0.9671913030948638,1.3312265780794827,-0.023061991693586904,0.0
0.5598736416555071,-0.6925197435054228,-1.47973755261962,0.004279364478290494,1.0
0.6271579203143754,1.607812074284846,0.15790976576285165,-0.05942110856672557,3.0
0.6271579200048871,1.607810243347662,0.162354644494969,0.04557864914910898,3.0
0.559873641241344,-0.6925169322375561,-1.4765318765517692,0.014185824098660522,1.0
-1.731788181316322,0.054052265977798865,-0.0016753474717882359,0.015152774415973914,2.0
-1.7317881816250764,0.05405173630350656,-0.005579794568316714,-0.09637025713537292,2.0
0.5598736413846952,-0.6925135361379675,-1.4798548974635146,-0.0427101363513883,1.0
-1.7317881812196334,0.054050390792404535,-0.009572175755668414,0.03668779635111822,2.0
-1.7317881809686984,0.05404979371851869,-0.0067570461858428715,-0.04655205038588244,2.0
0.5435648548809918,-0.967189454077134,1.3321972599017673,0.05017823035048991,0.0
0.5435648541101449,-0.9671898335734511,1.33006918945363,0.02475283103014668,0.0
-1.7317881813482578,0.054048953541024694,0.0014436305178007335,-0.010834332074351603,2.0
-1.7317881817879295,0.054050167661920036,-0.0030242322012119104,-0.08764467358746955,2.0
0.6271579195083664,1.607813729396373,0.16294053255745672,-0.05466334160542234,3.0
0.5435648543816193,-0.9671912468108483,1.3326545158642147,-0.04199609547495522,0.0
-1.7317881812526064,0.05405010395640581,-0.0069172052169835605,0.042119522151409614,2.0
0.6271579197034551,1.6078112419857502,0.15704994066492928,-0.08959557045379457,3.0
0.5598736425110874,-0.6925144091249005,-1.4752195252140623,-0.00925528661798312,1.0
-1.7317881811500961,0.05405172816743468,-0.007633900942090924,-0.009778750905787767,2.0
0.6271579199963071,1.6078123132251567,0.15749846238199508,0.012999050721760514,3.0
-1.7317881818049605,0.05404963850633327,-0.010797486433297735,-0.024953578790124165,2.0
0.5598736413409675,-0.6925169240072584,-1.486692533042288,0.051440002743640904,1.0
-1.7317881817799712,0.05404995557527716,-0.005427456193776298,-0.01232556408980935,2.0
0.6271579200480724,1.607811229665905,0.16344479073094884,0.021531404263222465,3.0
0.6271579198499897,1.607813189656931,0.16149877450875305,0.013011534381624711,3.0
0.6271579201253948,1.6078099246822657,0.15930049879825212,0.003696241006226275,3.0
0.5435648549997942,-0.967189665026989,1.335958962743451,0.063272058050319,0.0
0.5435648549252984,-0.9671888614895247,1.335354182199997,0.0270870815603413,0.0
0.5598736417936907,-0.6925144117539895,-1.4760644467976192,0.0033605784379821912,1.0
0.6271579200999103,1.6078084792175196,0.15823214816630424,-0.05458085811953178,3.0
0.6271579201423012,1.6078137031543658,0.16059224336249847,0.03998728655492136,3.0
0.5598736410703965,-0.6925182430933423,-1.479014590076056,-0.07494909483244457,1.0
0.5598736418561998,-0.6925173365043449,-1.480715556295628,-0.09258682751303479,1.0
0.5598736409146583,-0.6925165571963338,-1.4806764306314473,-0.010576072945527438,1.0
0.5598736416687272,-0.692514615689849,-1.4784702138075085,-0.03685358028229233,1.0
-1.7317881820394956,0.05404933321836059,-0.0019468684014510508,-0.031213634526232444,2.0
0.5598736418406733,-0.6925165039367808,-1.484400623211356,0.01344596729139453,1.0
0.6271579197032253,1.6078094906647846,0.16355079072361006,-0.052970760400483645,3.0
0.6271579200215548,1.6078122588558137,0.1632767028631799,0.024887888561833004,3.0
-1.7317881812646616,0.054050794473356235,-0.005736440535096693,0.0056725352596721694,2.0
0.5598736417417443,-0.6925130117042396,-1.4808962805403232,0.054451976418683615,1.0
0.6271579196474477,1.607811473969838,0.16333984204457808,-0.03704246219061265,3.0
0.5435648542465231,-0.967188314726372,1.3369906552266726,-0.03794224881425909,0.0
-1.7317881819926277,0.05404981016902105,-0.0039286525311243445,0.03328114742475951,2.0
0.6271579202835962,1.607812154638134,0.1588198517041978,0.014784599811639243,3.0
0.6271579201367733,1.6078108797769408,0.15681846904564034,0.07852162359588276,3.0
-1.7317881818065455,0.054049990074519556,-0.0005418436234893844,-0.0024502739294349424,2.0
0.6271579202672816,1.6078103500094594,0.15924289923383492,0.038937202565891206,3.0
0.6271579200443255,1.6078102730693735,0.1596838779041243,-0.015105846090845471,3.0
0.6271579203012063,1.6078093481610698,0.1656612046984587,0.002662098084258979,3.0
0.5435648548471046,-0.96718785923054,1.3259525957823954,0.03859159496909049,0.0
-1.7317881811583382,0.05404878173688272,-0.005079308492391637,0.04698089830179921,2.0
0.627157919749333,1.6078125197629107,0.1653142545089682,0.010383958233465955,3.0
0.5435648545369052,-0.9671885304520692,1.3334625243978457,-0.0010769529514360458,0.0
0.5598736419007526,-0.6925179533556537,-1.4804559407065947,0.018712974108188042,1.0
0.5435648544165864,-0.967188483405402,1.3299894393437872,0.058413586271507174,0.0
0.5435648547275788,-0.9671900045651468,1.3395977746996952,-0.008150197451621995,0.0
0.543564854472476,-0.9671900092345297,1.3368427780527983,-0.001068804394911345,0.0
0.5435648539558535,-0.9671876054882685,1.333171253113652,-0.027833699164541755,0.0
0.627157920202183,1.6078123170157372,0.16134839148200064,-0.01060271101956324,3.0
0.6271579200008986,1.607810666550076,0.15314059337312602,0.004545823909800866,3.0
-1.7317881810895013,0.054051045671322025,-0.005750178541268895,0.03553638355915659,2.0
0.6271579209504982,1.6078103655207503,0.15778022761400431,0.022172672468568487,3.0
-1.731788181504149,0.05405016358656622,-0.005596018315102769,0.05162955283034462,2.0
-1.7317881816238216,0.054050418373572696,-0.005436163371082961,0.03510517084832876,2.0
0.627157920559295,1.6078118462501139,0.15758555107612168,0.035259083611315904,3.0
-1.7317881816407013,0.05404982634875095,-0.0012105473248431333,0.04992694568261203,2.0
-1.7317881812312679,0.05405076328279364,-0.00776750505548058,0.020544394580878204,2.0
0.5598736414321259,-0.6925151062087822,-1.480742000208534,-0.03446438889917787,1.0
0.5598736419688122,-0.6925144382593977,-1.4749573599276304,0.03951699083217503,1.0
0.6271579205437224,1.6078130034642997,0.15716292519658173,-0.016173431500666663,3.0
0.5435648544879942,-0.9671916234122152,1.3359992059545684,-0.0030471712822052383,0.0
-1.7317881802196093,0.05405219263059714,-0.0065479565209524025,0.019061265953360093,2.0
0.6271579204449153,1.6078111878216503,0.16060195948567377,0.08794673084217187,3.0
-1.7317881812691969,0.054053409254811384,-0.011051847905150155,-0.0071626835717446356,2.0
0.6271579199973355,1.6078109795595623,0.1604773626332828,-0.022574511641002153,3.0
0.5435648543184572,-0.9671895011194522,1.3296618451952331,-0.0018520025081162723,0.0
0.5435648551373748,-0.9671935475345678,1.3302044229422318,-0.023243775927352404,0.0
0.6271579208750063,1.607809193088039,0.16286228597827998,0.028751598601150837,3.0
-1.7317881815817913,0.054049727035420124,0.0030174504697187865,-0.02770729142879208,2.0
0.6271579195926722,1.6078103076404902,0.15958609695246648,-0.003138699012571654,3.0
0.5598736424871614,-0.6925167939307538,-1.482974254164375,0.06226654452582418,1.0
0.5598736416233326,-0.6925156227462423,-1.4739450042106912,0.016189496040031247,1.0
0.5435648551836288,-0.9671873677221701,1.3288407968006535,0.04130788996365499,0.0
0.5598736414281135,-0.6925170538973466,-1.4879129247272558,-0.03309730983973481,1.0
0.5435648548540868,-0.9671921614447034,1.3300738315702538,0.050236996517519804,0.0
-1.7317881816230813,0.05405054596915639,0.0017149232408988893,-0.039111751965642164,2.0
0.5598736410253748,-0.6925142491367808,-1.475637647721062,0.020465055957249623,1.0
0.6271579201669681,1.6078138284765169,0.15970857655989354,-0.03352877547283783,3.0
0.5435648546177888,-0.9671863167661999,1.3365814614342564,0.01372224968604333,0.0
-1.731788181007545,0.05405135221714437,-0.007744148835618661,-0.09699618151135385,2.0
-1.731788182257689,0.054051431365053304,-0.002685530305107885,-0.028705776133838574,2.0
0.543564854970825,-0.9671898806307585,1.3279927086033385,0.02071123269382344,0.0
0.5435648546406529,-0.9671923663519579,1.3304420239829617,0.017323666540044826,0.0
0.627157920952522,1.6078137403523478,0.16547941740766406,-0.0011851154996215826,3.0
0.5598736415015299,-0.6925135211485222,-1.478691725547207,-0.04438573376429563,1.0
0.5435648543375624,-0.9671880266005136,1.3331105275994433,0.014540266390739305,0.0
0.5435648543794311,-0.9671904271992982,1.333934061296297,-0.04283276098628051,0.0
0.6271579201406116,1.607809732405169,0.16404079217985806,0.016792784811957704,3.0
0.6271579193562352,1.6078113710931952,0.16066955120610746,0.029564456646516434,3.0
-1.731788180974643,0.05405093636131536,-0.010053777946406103,0.003585626092056923,2.0
0.5598736414380041,-0.6925160304365694,-1.4760279013516733,0.00456571401222701,1.0
0.627157919923273,1.6078107778749438,0.1639176401980013,0.03053664338139218,3.0
0.5435648543883469,-0.9671913061915781,1.329313530074347,0.018699689936209678,0.0
-1.731788181909502,0.05405129030437864,-0.005285265141081051,0.061043840532273554,2.0
0.6271579195543968,1.6078108427047928,0.155678366770347,-0.010176656806042978,3.0
0.5435648544051734,-0.9671899052763382,1.3275808406567697,-0.04166055242267111,0.0
0.6271579201944362,1.607809919188255,0.15729186830526531,-0.0030017658557129944,3.0
0.5435648548095615,-0.9671906334964285,1.3282245309597627,0.06727673737844558,0.0
0.6271579201924513,1.60780912716484,0.16084189195233434,0.041018787701112044,3.0
0.543564855116658,-0.9671909734748899,1.3382001248542368,0.016402124438348334,0.0
0.5598736411566299,-0.692516410991542,-1.480863369751741,-0.05996039954193118,1.0
0.5435648543146399,-0.9671885740053315,1.3334125893685702,-0.005494181275729492,0.0
0.5435648546516635,-0.9671882642334233,1.3369862644037647,0.09105626188338815,0.0
0.5435648547113603,-0.9671917169234964,1.3264331704359114,0.04838466082832737,0.0
0.6271579199978908,1.6078098531587495,0.16098103477785988,-0.06043674233722012,3.0
0.6271579198775609,1.6078114527128191,0.1659716686379372,-0.06017301270271039,3.0
0.6271579197743532,1.6078124168728225,0.15923205186136485,0.00721640244321525,3.0
0.543564854875199,-0.9671888998023885,1.3388466830337946,-0.07110992574463686,0.0
0.5598736416459943,-0.6925131372932891,-1.4780390951529414,0.047747018117568665,1.0
0.5598736410928246,-0.6925166127154083,-1.4755092940105334,-0.014786566984988425,1.0
0.5598736410808186,-0.6925127316562364,-1.4826349358150797,-0.012815611878866652,1.0
0.5598736417700849,-0.6925166349635812,-1.4714707681525312,-0.05905979257553122,1.0
-1.7317881815320417,0.05405058818671315,-0.0037715545287045744,-0.057199946919820624,2.0
0.5598736411655899,-0.6925141219529201,-1.4793454957723073,0.03709173530741429,1.0
0.6271579199107883,1.607815053269445,0.15525707296123586,-0.026729621922047933,3.0
-1.7317881809100675,0.05405272237704603,-0.0029444389093525123,0.00825179069772996,2.0
0.5435648543250938,-0.9671889746916464,1.3298013646825977,0.02292654650176555,0.0
0.5598736404041164,-0.6925161819133578,-1.4773811272399455,-0.03218489639578121,1.0
0.6271579200973573,1.6078097587382447,0.154620902963905,0.021809566396701542,3.0
-1.7317881809374833,0.054052312378394446,0.002953444835674743,0.004559313444636599,2.0
0.559873641598979,-0.6925138610011145,-1.480798478132341,0.041898692914299464,1.0
0.5435648544439157,-0.9671874559526767,1.3375278634820036,0.05283887672018816,0.0
0.5435648544341993,-0.9671891498770132,1.3331997323866351,-0.0161837033289779,0.0
0.5598736414043342,-0.6925148347840114,-1.4829458520593284,-0.03375941129622185,1.0
0.6271579198902784,1.6078091213213248,0.1553526869230745,0.04368059280739921,3.0
0.5598736416229342,-0.6925145258739245,-1.4841451332843063,-0.04354579249867971,1.0
-1.7317881810390416,0.054051207784753384,-0.002631336135165453,-0.033895662429457206,2.0
-1.7317881818518812,0.05405154235076525,-0.00739945717499091,0.07509143071898941,2.0
0.5598736414200404,-0.6925168243937087,-1.481678521846837,-0.03089930132926284,1.0
0.5435648544011458,-0.9671896838484074,1.3324980863984592,0.02720293138218414,0.0
0.5598736420687679,-0.6925168534057655,-1.4790485753189115,-0.05773161568840792,1.0
0.6271579200853873,1.607810015507889,0.15970121739638615,-0.01389582735834991,3.0
-1.7317881818671903,0.05404963136495737,-0.010793093437140253,0.028368653593411616,2.0
0.5435648539061725,-0.9671905472393771,1.3357865233154664,0.06249666464111186,0.0
0.559873641205335,-0.6925196648475401,-1.482960162820316,0.004153136575023833,1.0
0.5598736413316782,-0.692515069641953,-1.475588643547271,0.016247906361371075,1.0
0.5435648548044916,-0.9671916823740206,1.3269990156429832,-0.019022515731750247,0.0
0.6271579201779973,1.6078110482268986,0.16700626970055268,-0.0507251222982342,3.0
0.6271579202916755,1.6078104244389428,0.16063137064011315,-0.03854912897710019,3.0
-1.731788181328326,0.054049080942210476,-0.005537238052375106,-0.02197466210943489,2.0
0.5598736419066143,-0.6925158449230089,-1.481416127248917,0.015288001544033095,1.0
0.6271579198954442,1.6078148214295174,0.15610103356993546,0.03558293641159747,3.0
0.62715792069757,1.6078116934032132,0.1575519280050577,0.06319283175818038,3.0
0.5435648545320452,-0.9671851172344343,1.3348417413532367,-0.04378726994928121,0.0
-1.7317881812239764,0.054051745053604966,-0.005125732752761643,0.00021981842450585374,2.0
-1.7317881821179355,0.05405275134494311,-0.00014613171940172374,0.03139430145824934,2.0
0.5435648547566899,-0.9671901883115067,1.3325214766567002,0.003507258625744477,0.0
-1.7317881815249052,0.054049976746659255,-0.004136635365760044,-0.005885232666178179,2.0
-1.7317881812141571,0.05404955612482171,-0.008818142419491855,0.0444350058915312,2.0
0.5435648541912308,-0.9671915573510134,1.3357333480078233,-0.011250599951256258,0.0
0.5598736414241652,-0.6925151229276812,-1.4823443440248902,0.00600588212071996,1.0
-1.7317881812008693,0.05404977626861596,-0.0025703104929534737,0.024625629519809625,2.0
-1.7317881815992604,0.05405155296347564,-0.004412103888126406,0.03755293437515905,2.0
0.5435648543325895,-0.9671907197621606,1.333613610606724,0.004652307015958942,0.0
0.5435648542870372,-0.9671887001620786,1.330692262242529,-0.00554119619214342,0.0
0.5435648544677628,-0.9671880790746024,1.333094448056896,-0.001958682298080722,0.0
0.5435648544066578,-0.9671896989217126,1.335799060459923,0.049157744137683874,0.0
0.543564854263364,-0.9671894983026611,1.332354635174585,-0.03731254529651461,0.0
0.5598736411655642,-0.6925154264758054,-1.473440482686097,-0.03760122228585963,1.0
0.559873641778858,-0.6925184535015316,-1.4806248563412434,-0.031497001918897746,1.0
0.5435648544809997,-0.9671899070028142,1.3328895642293943,0.035098976404339136,0.0
0.543564854557808,-0.9671877721652139,1.3313216784769633,0.026092991440221397,0.0
-1.7317881813020413,0.0540483210779092,-0.0014737743396588587,-0.011787695543751546,2.0
-1.7317881813933902,0.05404748174912841,-0.006136338821445168,-0.029576595392295377,2.0
0.627157919547091,1.607811107343957,0.15766825177597849,-0.10445018972063978,3.0
0.5598736411511388,-0.6925178137875587,-1.471303235017934,-0.051431890001896415,1.0
-1.7317881817519418,0.05405076021809219,-0.01648470293058027,-0.0028316424004396143,2.0
-1.7317881817433747,0.05404679325004099,-0.00910785415507333,0.009210878753393494,2.0
0.5598736412069758,-0.692517935262347,-1.4801959683507362,0.01652162864331531,1.0
0.5598736409756542,-0.6925195941560041,-1.4840238969951551,0.07587453731151396,1.0
0.5598736416762212,-0.6925162476249086,-1.4830693015858072,0.016768255924060022,1.0
-1.7317881811893798,0.05404919921922451,-0.0046604610586322886,0.02226999383653233,2.0
0.6271579199216001,1.6078114309465383,0.15830270924015905,0.03517880944643991,3.0
0.543564855215759,-0.9671895690817716,1.3348181781574573,-0.043858036584974024,0.0
0.5435648548643816,-0.967191799257247,1.3339108423044654,0.010369101817255248,0.0
0.5598736415101454,-0.6925157327912639,-1.4827208241069436,-0.06929453109311795,1.0
0.5598736413644446,-0.6925167411782991,-1.4808267558122503,-0.010337008270699426,1.0
0.5598736418977242,-0.6925151206820687,-1.4797005459955122,-0.029895850221303928,1.0
0.543564855223198,-0.9671865450234715,1.3297143734244483,-0.01613376270036375,0.0
-1.7317881810754794,0.05405087508366389,-0.00792917974796295,0.01145911086218431,2.0
-1.7317881807192803,0.05404923651555745,-0.004991056479207092,-0.011263585837480094,2.0
0.5598736412291749,-0.6925171108975737,-1.4800002104835217,-0.07252422070602346,1.0
0.5598736420720812,-0.6925176527686339,-1.4718221585479425,-0.07109252694792141,1.0
0.6271579198532197,1.607811559890176,0.16045599306617903,-0.025462314329935527,3.0
0.5598736412743598,-0.6925157715786235,-1.4785046141018288,-0.0006686426776712479,1.0
0.6271579201092858,1.607810931177683,0.15426417512706425,-0.043030504491597864,3.0
0.6271579203438693,1.6078063959810938,0.15608549266945562,0.04944802165137721,3.0
0.5598736417074441,-0.6925166298240215,-1.4759164066810468,-0.027717022206875153,1.0
-1.7317881811709324,0.05404876021472907,-0.009770530601112309,0.024091136076175163,2.0
0.5435648549310733,-0.9671909149497628,1.331175682461917,0.06299173241806573,0.0
-1.7317881815533356,0.05404919407562372,-0.0052547802312829595,0.02708124957957297,2.0
0.5435648550067224,-0.9671891843236426,1.3321832402828713,-0.04773680547451342,0.0
-1.7317881820735432,0.05405067939122376,-0.0018815201864920714,0.017682374449846182,2.0
0.6271579197880238,1.6078121642486423,0.15602501409249275,-0.010482202248720797,3.0
-1.7317881818115235,0.05404917780025248,-0.01095223520389725,0.042006269959619716,2.0
0.5435648541409446,-0.9671904076360638,1.3276918404473048,0.019989955488624315,0.0
0.5435648545958885,-0.9671901951843241,1.3276881663671123,0.013766594574889233,0.0
0.5435648554426022,-0.9671894389399587,1.3321609759713742,-0.06518421894568345,0.0
0.6271579204611326,1.607811914852413,0.15817516686169902,0.032176937997728784,3.0
0.627157920263228,1.607809555687554,0.16001282689327634,0.02394838001105312,3.0
0.5435648544004323,-0.9671890657455983,1.3290296924650782,0.04239464521198315,0.0
0.5435648548479801,-0.9671879221143121,1.3352744041836464,0.017416854259924133,0.0
0.5598736416962011,-0.6925155556463611,-1.474380747563616,-0.034448342877252396,1.0
0.5435648545810429,-0.967188642133216,1.326766167431634,-0.0268711855883873,0.0
0.5598736411818485,-0.6925159448911545,-1.4837349100150659,-0.04753880794048717,1.0
0.6271579196767649,1.6078093354311045,0.16153155458395502,-0.006244985021429135,3.0
0.6271579193562334,1.6078084811058069,0.16199607873159202,-0.0028834048574935354,3.0
-1.731788181564836,0.05405146054899845,-0.0111047106602747,0.06264009252814465,2.0
0.6271579201851492,1.6078094063603448,0.15954238019154937,0.02133384351975892,3.0
0.6271579195131587,1.6078132505479192,0.1620644996491876,-0.0471068165734154,3.0
0.6271579198967577,1.6078128584696532,0.15873215095041449,0.004281946188613203,3.0
0.5435648538789556,-0.9671905395978347,1.335069824941331,0.061525690295896794,0.0
-1.7317881818405743,0.05405135863471027,-0.0009007885799205054,-0.04860606900398994,2.0
0.6271579199220808,1.607811166736892,0.15805016629540575,-0.029284401318251295,3.0
0.6271579191151688,1.6078101806811655,0.16155875663692928,0.014514140160123555,3.0
0.6271579195474335,1.607810212004039,0.16221209527771976,0.011894578459029439,3.0
0.5435648546177186,-0.9671931490873191,1.3369151318624322,0.016731808095373307,0.0
-1.7317881811968985,0.0540518731147873,-0.011545021278202174,0.007972348339544338,2.0
0.543564854483067,-0.9671887538422261,1.3295839674689653,0.0050529728491666434,0.0
0.6271579205356149,1.6078096741542813,0.16034760468888246,-0.02109206710294736,3.0
0.5435648544686847,-0.9671883900346273,1.3338646138481545,-0.003633141727767893,0.0
0.6271579196252397,1.6078116486261715,0.1563807688533365,-0.01002078036415897,3.0
0.5435648536336374,-0.9671907223370872,1.330808185437168,0.041584878586382434,0.0
-1.7317881826180148,0.054048807197306745,-0.006700834414461558,0.03731704124058749,2.0
-1.7317881816953198,0.0540530712227882,-0.010124574064434164,-0.02252995173412,2.0
0.5435648553200778,-0.9671892369084664,1.328751439800548,0.053456121929191545,0.0
0.6271579196853072,1.6078116092124433,0.16213230083753857,0.008953952997375137,3.0
0.6271579201756781,1.60781048108943,0.16299135670082354,-0.03960990569867298,3.0
0.5435648544992325,-0.9671908044216807,1.3340102982358346,0.02863022689523121,0.0
0.6271579201291592,1.6078149330198406,0.158388173755326,-0.024986925392260027,3.0
0.559873641764285,-0.692518630922933,-1.4775491409598047,-0.02748200005394737,1.0
-1.7317881812888574,0.0540512904658227,-0.008189421951306224,0.03430299269860024,2.0
0.5435648552154524,-0.9671892387497395,1.3212921334675864,0.022238472610824494,0.0
0.559873641709144,-0.6925159880090813,-1.4830677982707365,-0.029647860480919774,1.0
-1.7317881816059633,0.05404991242517926,0.006521965677165463,-0.02523760955127994,2.0
-1.731788181842709,0.05404915855303921,-0.004374045943523449,-0.07138233587534847,2.0
-1.7317881817659933,0.05404976416186925,-0.013529854275214838,-0.0839174281053949,2.0
0.6271579206577664,1.607807640029732,0.1649835393133132,0.051939063021918065,3.0
-1.7317881808851259,0.05405111810572699,0.003249022826984023,0.008770519687697166,2.0
-1.731788182253793,0.05405055156016833,-0.006349512481097939,-0.018818363301987856,2.0
-1.7317881820740684,0.05405010391778956,-0.0058705974602211546,-0.021010452199580955,2.0
0.5435648542671419,-0.9671899026441055,1.3260044659753163,0.048476755511673034,0.0
0.5598736410683626,-0.6925149723769447,-1.474553270031663,-0.0059065008145594376,1.0
-1.7317881812987597,0.054050400115041905,-0.003693437210918383,0.04397724788810777,2.0
0.6271579197502631,1.6078114422677368,0.16329232376172192,-0.037165220421081134,3.0
0.5598736409643955,-0.6925138517541692,-1.48050714480592,0.04314390278418971,1.0
0.5598736416647487,-0.6925138446221889,-1.4826795805951798,0.019679315013193067,1.0
0.5435648540855519,-0.9671899038311877,1.3289245764948299,0.05037704081384138,0.0
0.6271579198812574,1.6078133020020071,0.16098159517666508,0.04110328047510898,3.0
0.5435648544108008,-0.9671908855988981,1.3361147307591856,0.07039177719649756,0.0
0.5435648549847588,-0.9671897835556736,1.3359188129366164,0.007826972149785975,0.0
0.5435648551428729,-0.967192108859442,1.327786267297557,0.055239264426024476,0.0
0.5435648549538351,-0.9671883884237653,1.338532574301646,-0.0008332294411258879,0.0
0.5435648547088259,-0.9671892837017765,1.3336899146647314,0.012404366484436102,0.0
0.5435648552077319,-0.9671901085813851,1.3290492862289092,0.040970689507490776,0.0
0.5598736423604187,-0.692517444876484,-1.4785745894747013,-0.0763364881442531,1.0
-1.7317881817464742,0.054051814116492375,-0.007449622179022852,-0.010930312048969404,2.0
0.5598736415564101,-0.6925165678712106,-1.4749295918417153,0.015815871397795604,1.0
0.5598736414577613,-0.692514325198194,-1.4847941174939954,0.012381096848082392,1.0
-1.7317881819680667,0.05404850577411396,-0.012120750087313583,0.006550311293517746,2.0
-1.731788182177445,0.054051307428736546,-0.006836196135010149,0.017646525356133796,2.0
0.559873641697287,-0.6925159472566788,-1.4776095288477138,-0.012396739137589137,1.0
-1.7317881807575706,0.054051145891221924,-0.005918100630675404,0.03212796698230256,2.0
0.5598736412968351,-0.6925158349000228,-1.477651635428456,0.024163828786876694,1.0
0.6271579200105388,1.6078125840443818,0.1545087314192918,0.02948033997895625,3.0
0.5435648548678936,-0.9671894321100345,1.331386243960279,-0.09321655066903271,0.0
-1.731788181921049,0.05404972072068006,-0.008993031250158783,0.004934969111322622,2.0
0.6271579193114806,1.6078104667266893,0.1560042158035493,0.0040885710030960495,3.0
0.6271579197493664,1.6078127372524733,0.1592472372357909,-0.018708958713414853,3.0
0.6271579197334923,1.6078117885236327,0.16510581637847044,0.08329399652628819,3.0
0.5435648545453325,-0.9671911393944094,1.3344883519130573,0.0002964991071287157,0.0
0.5598736413009692,-0.6925177142539565,-1.4794819695596315,-0.006450835415007831,1.0
-1.731788181202052,0.054049217696619065,-0.0014366807492809084,-0.004847259538607416,2.0
0.543564854447652,-0.9671903478391429,1.3263271855685408,-0.011744688032698078,0.0
0.627157919679338,1.6078132098265614,0.15926311813450722,-0.02549477548692284,3.0
-1.7317881813954306,0.05404913117999722,0.0007193747888010952,-0.022021164145012977,2.0
-1.7317881816196878,0.05405053561473647,-0.0038903696343744842,-0.05302830033994332,2.0
0.5598736417737135,-0.6925163680946171,-1.4750653747271927,0.0035923193174641848,1.0
0.543564854688014,-0.9671875511565617,1.3266442152724447,0.05571320839753266,0.0
0.5435648543089213,-0.9671905970092033,1.3280737688913196,-0.04885257404863114,0.0
0.5435648555602697,-0.9671909020652941,1.3355167387134697,-0.027511683024499155,0.0
0.5598736425537912,-0.6925175112460273,-1.4785007618848427,-0.04384618994043704,1.0
0.5435648545783088,-0.9671894054040043,1.329315929386944,0.017527484742243176,0.0
0.5435648544299824,-0.967189121279292,1.330335118613988,0.0863722770100052,0.0
0.5435648546046898,-0.9671898619322469,1.3412026096284821,-0.021683678573259906,0.0
-1.731788181196665,0.054051758197188715,-0.0017605611070069607,-0.020437407069121203,2.0
0.5598736416432922,-0.6925158113155214,-1.4774627942846186,-0.009721858524706454,1.0
-1.731788181308224,0.05405015119193333,-0.002466873362936366,0.049047113035957775,2.0
0.5598736413488798,-0.6925163356477252,-1.480576989731539,-0.016722721568420675,1.0
-1.7317881817609437,0.05405002385932357,0.0005959179037555896,-0.005362428472833771,2.0
0.5435648541197043,-0.9671902885308568,1.3319427614695347,0.006268737407439178,0.0
-1.7317881815313303,0.054049013309879095,-0.0009232172076189361,-0.026519446570811744,2.0
0.5598736409900864,-0.692513749502379,-1.4777719995649607,-0.0017492960587452437,1.0
0.6271579197043332,1.6078144784834774,0.168143923196754,0.03105919842422654,3.0
0.5598736413590567,-0.6925154766294336,-1.4766271711147194,-0.005108128005345655,1.0
0.5598736413414446,-0.69251681040329,-1.4830524117709922,0.004236933402332432,1.0
-1.7317881809825253,0.05404956370757934,-0.009851999490525868,-0.013871782785681071,2.0
-1.7317881818260732,0.05404558867384159,-0.009811549666656795,0.010367452782738233,2.0
0.5435648546091852,-0.9671907882707446,1.330602924425678,0.024122696822334817,0.0
0.5435648545252534,-0.9671906688319691,1.3276151616248777,0.05843766501716071,0.0
-1.7317881813248368,0.054050715178706604,-0.0005533490856383474,0.07826169294716254,2.0
0.5598736406801453,-0.692516963275401,-1.4840680258708914,-0.10447719471203011,1.0
-1.7317881819817997,0.054049982937652466,-0.00810790969766077,-0.018428465136948617,2.0
0.5435648549479238,-0.9671899679695903,1.3325575146846675,0.019840183339851367,0.0
-1.7317881815843255,0.0540510837590447,-0.00501223046527274,-0.040852507372096884,2.0
0.559873641659568,-0.6925142954192625,-1.4749070547343903,-0.006062567379842142,1.0
0.6271579196114969,1.6078094345638536,0.15843524609518175,-0.008172305290407826,3.0
-1.7317881812132616,0.05404958331863552,-0.006442106517067011,0.03932177459668475,2.0
0.6271579198680282,1.607808348668468,0.15690102139910986,0.10870380629329945,3.0
0.6271579194334911,1.6078104705783505,0.16244700942198967,0.01609084584789507,3.0
-1.7317881821692698,0.054051153393552,-0.0013923272995060004,-0.002736427863248132,2.0
0.5598736418416439,-0.6925146636353773,-1.4807862926277264,0.0622096882032879,1.0
0.5598736415418479,-0.6925156636772829,-1.476393833360377,-0.06789138532491654,1.0
0.6271579201117338,1.6078113729112014,0.15761518713514677,0.0665514567789355,3.0
-1.7317881811177198,0.05405113168637389,-0.011391440692392528,0.007166063801990678,2.0
-1.7317881810016866,0.05405054550710009,-0.005940364016623162,-0.0076453618541961945,2.0
0.5598736411113105,-0.6925151345106743,-1.4804955312685304,-0.06403102066216164,1.0
-1.7317881809673954,0.05404968551057569,-0.0065709276081003356,0.00040685354883724495,2.0
-1.7317881814019764,0.054049116333524626,-0.005417356626245694,0.04440337990677213,2.0
-1.731788181422713,0.05404944130294236,-0.010577268005505614,0.02747501690457006,2.0
0.62715791935609,1.6078083606741722,0.15859705164123736,-0.006219779921858434,3.0
0.5435648554371337,-0.9671908313997654,1.3312871104916244,-0.010512831866453617,0.0
0.6271579197532996,1.607811995919863,0.15872719247025865,-0.034438735475948536,3.0
-1.7317881808346203,0.0540483718136458,-0.00034088339256049593,0.06977829069959054,2.0
-1.7317881816533085,0.0540489888165666,-0.0025597178343461217,0.03705421348940374,2.0
-1.7317881816377858,0.0540511858654927,-0.004906654598655007,0.01697742702799591,2.0
0.543564854590519,-0.9671867204423368,1.3312074190911276,-0.038522365543551484,0.0
0.6271579204678692,1.6078116284678727,0.1582727411125035,0.026534586591474195,3.0
-1.7317881811632576,0.054049765520630184,-0.0048955206568602316,0.0020964784829861152,2.0
0.6271579201314201,1.6078105422174018,0.15574052846147535,-0.013426684802539168,3.0
-1.731788180902574,0.054047843695947013,0.002577110550036704,0.014162381730364541,2.0
0.6271579201128454,1.607810594736363,0.15869049708952462,-0.05029935450724275,3.0
0.627157919235075,1.6078083901018014,0.15757297384424676,0.05176810415381337,3.0
0.5435648546941192,-0.9671893491559724,1.33314238487115,0.0592098566868223,0.0
0.5435648555890592,-0.9671904769148558,1.3374427691435402,-0.004620337741048302,0.0
0.6271579198252822,1.6078114336998006,0.1575158262332265,-0.07949480604720251,3.0
0.5598736416511239,-0.692514624539212,-1.4868248603761487,-0.05104830984770018,1.0
-1.731788181593299,0.05404890660264446,-0.004576415369826145,0.029866440557592015,2.0
0.6271579198417788,1.607812052434456,0.1614371541825514,0.03559854028665887,3.0
0.5598736415423979,-0.6925154566487548,-1.475297992929217,0.03944152382444518,1.0
0.5598736412966708,-0.6925162102647422,-1.4823526115868975,0.057895670363438956,1.0
0.6271579198576186,1.6078120853282192,0.15831087681660058,0.030989591785541025,3.0
-1.7317881815469436,0.054050756370617355,-0.002375798614933378,-0.007222342536846776,2.0
0.6271579194681208,1.6078112699826255,0.15435233946118315,0.035896412947544774,3.0
0.5435648545220323,-0.9671884157935284,1.3366314866617648,0.06877235137731841,0.0
0.5598736412959086,-0.6925156338814072,-1.4795877196929703,-0.030591019285722748,1.0
0.6271579203271391,1.6078103469643918,0.16466632513526433,0.00600688387112583,3.0
0.627157920009158,1.6078129435944017,0.15271584549700623,0.0005961824400004337,3.0
0.5435648548978953,-0.9671885281748986,1.3340027568684676,-0.0075745081789846515,0.0
0.5598736411376297,-0.6925156482224479,-1.4773706377689193,0.011462304579736262,1.0
0.6271579204275186,1.6078116999343446,0.1647743379849489,-0.06792352653381943,3.0
0.5598736416220271,-0.6925168314219858,-1.4794811787279893,-0.04715718750927876,1.0
0.5435648540981939,-0.9671921361037246,1.3397924204910325,0.008487701835214958,0.0
0.5598736418234206,-0.6925187756470276,-1.476924918019648,-0.04749819666159362,1.0
0.5435648545038052,-0.967188724487192,1.338675915628544,0.07095048934657458,0.0
-1.7317881820083503,0.054047815511274924,-0.006992667516112733,-0.0015931316264477203,2.0
0.543564854584686,-0.9671881842968632,1.331832845175648,0.059691166005997554,0.0
0.6271579192581571,1.6078100647934974,0.1663674829586172,-0.07507862532729749,3.0
0.6271579205971864,1.6078135397465265,0.16056556320293802,0.028507694762518365,3.0
-1.731788181612012,0.05405306289403179,-0.003237422633198954,-0.021572627930625636,2.0
0.5598736407228283,-0.6925136832868163,-1.4852075904070723,-0.08989820248379482,1.0
0.5598736414127006,-0.6925159668625372,-1.4744043695050597,0.018221913845260868,1.0
0.6271579201376011,1.6078096670637751,0.16026523841404836,0.0463989306843954,3.0
-1.7317881817483463,0.05404956243912823,-0.001893715485892473,-0.07859716672978516,2.0
0.5435648554118568,-0.9671895251288867,1.3276712305852407,0.005525807171078581,0.0
0.5435648548375346,-0.9671898679394787,1.3271505292753587,0.029585272203410236,0.0
0.5435648548881609,-0.9671870897114107,1.3292168705523137,-0.01884375156384457,0.0
0.5435648554122572,-0.9671892115364872,1.3345115215447143,0.04671753659436827,0.0
0.6271579199549204,1.607807093545429,0.1633381110463866,0.0807630330214703,3.0
0.5598736415282914,-0.6925124460030376,-1.4774333127836006,-0.02576074185600426,1.0
0.543564854990578,-0.967188234966972,1.3375911794233395,-0.03324961911862291,0.0
0.5598736412266536,-0.6925193765514873,-1.47857536281238,0.06840897389588536,1.0
-1.7317881812743048,0.05405188638001685,-0.0023795092168257853,-0.00990033053071496,2.0
0.5598736410134385,-0.6925170069865078,-1.4833306260001933,-0.035661313275093906,1.0
-1.7317881809907665,0.05404874141903117,-0.0030271173564153315,-0.05040073034007393,2.0
-1.7317881814228613,0.054051572165546215,-0.006737692784560472,0.043761574334954444,2.0
0.6271579197852243,1.6078108709477352,0.16049337567476454,-0.014269339552448189,3.0
0.6271579190860704,1.6078134500426462,0.15376893051131807,0.016110052877566054,3.0
-1.7317881815906582,0.05404771927335441,-0.007987489259933,0.023657230699260925,2.0
0.5598736413446073,-0.6925164265146403,-1.473895829836806,-0.024176455708636375,1.0
0.6271579193796224,1.6078127905528048,0.16568137364776714,-0.04026771349071551,3.0
-1.7317881818712229,0.05405217053296483,0.007819889541700783,0.0579041758866074,2.0
0.5435648550561637,-0.9671891428758475,1.3286117966653301,-0.008128348669865913,0.0
-1.7317881815241822,0.054049328846563854,-0.0015828333298906754,-0.03618975531497764,2.0
0.5435648541739613,-0.9671891022823059,1.3288001763672121,0.026211858459344504,0.0
0.5435648545195984,-0.9671872324470189,1.3404576833404374,0.03816420267030808,0.0
-1.731788181579484,0.054050281952986036,-0.004367710621217043,0.0024831988613015473,2.0
0.6271579198574139,1.6078111590480304,0.15872355324704698,-0.0716996996180386,3.0
0.62715792014588,1.6078138045528223,0.16100913310572434,0.014292293211623128,3.0
0.6271579196854113,1.6078124190291432,0.16124630308731994,-0.023199818167034845,3.0
0.5598736416132503,-0.6925162998848415,-1.473942857786635,-0.057042565764864654,1.0
0.5598736417929205,-0.6925142522501173,-1.4774627909019942,-0.048633570026243834,1.0
0.5435648544971601,-0.9671870677006074,1.3328275475061728,-0.052856446833472286,0.0
-1.7317881812680702,0.054051017987009384,-0.0048107188001258175,0.022230215307664947,2.0
0.627157920209839,1.6078117051915863,0.15902168061165406,-0.013029916053977155,3.0
0.5435648544997932,-0.9671902009074004,1.3409145933697386,0.00849098194341515,0.0
0.5435648550147232,-0.9671888038640337,1.3209849799132085,0.039338954498866006,0.0
-1.7317881810634395,0.05404959051599716,0.0038118113148943762,0.04993050225701513,2.0
0.5598736414604923,-0.6925183211481323,-1.4729739832919426,-0.0023503852599306044,1.0
0.6271579195160315,1.6078120043366475,0.17191096228850314,-0.028011706094720937,3.0
0.5435648550886852,-0.9671908359350715,1.3285875306761965,0.02643244620915051,0.0
0.543564854869076,-0.9671914405247425,1.3346651605153226,0.040268083297371624,0.0
-1.7317881813230394,0.054050358050532904,-0.010538778960367265,-0.015408803844687607,2.0
0.5598736415531949,-0.6925154414468765,-1.478545866531736,-0.11327867701280318,1.0
0.5435648548569574,-0.9671915562716498,1.3299913579375848,-9.445523713598095e-06,0.0
0.5435648549362272,-0.9671885294434521,1.3296626872883472,-0.03356157087900319,0.0
0.6271579197129058,1.6078099799596692,0.16791161751010197,-0.039904062352351576,3.0
0.5598736415346622,-0.6925162119880497,-1.4742774512637098,-0.018433673425332517,1.0
0.5598736408281337,-0.6925129169533656,-1.4781494420909154,-0.041943213970998,1.0
0.559873641499656,-0.6925159077894357,-1.4820050166554615,0.024906292367675043,1.0
0.6271579200703844,1.6078093094681478,0.1578404845154801,-0.004879383478166073,3.0
0.6271579197686402,1.6078124946436991,0.16236809207293385,0.0034962590134564138,3.0
0.5435648553230482,-0.9671905396537952,1.3310584216033354,-0.027168047355230453,0.0
0.5598736409242527,-0.6925179402756558,-1.4707509553728537,-0.018544504347177578,1.0
-1.7317881815012206,0.05404983914643724,-0.0036119802816772864,-0.03053836468663842,2.0
-1.7317881811657807,0.054049253710721244,-0.014873436702653176,-0.0353060719894643,2.0
-1.731788181552466,0.05405238344554876,0.001972009168382821,0.028641798179269734,2.0
0.5598736417109564,-0.6925159044402598,-1.4792257572936753,0.005016879749531598,1.0
0.5598736417108863,-0.6925162783311766,-1.4824754422548836,0.05203932977792307,1.0
0.5598736419082315,-0.6925163677348998,-1.4806356012652082,-0.02579774497200775,1.0
0.5598736410986143,-0.6925156659727062,-1.4765437303751285,-0.007936725868604477,1.0
0.6271579198337931,1.6078110821822367,0.15818267951845597,-0.12288490888728348,3.0
0.5598736413144059,-0.69251649942851,-1.4850176647672033,-0.024563902534983504,1.0
0.5598736414995737,-0.6925157764607411,-1.4740297886593168,-0.009532461226255411,1.0
0.559873642213953,-0.6925169636201747,-1.486204239557037,-0.02244648871415857,1.0
-1.7317881819992824,0.05404833570793961,0.0010048894819399867,-0.03597817871131895,2.0
0.5435648552163217,-0.9671891535194177,1.3305233265465972,0.06320299498948233,0.0
0.5598736415948997,-0.6925163380788116,-1.4756187507334704,-0.034881003248052246,1.0
-1.731788181067013,0.05405032279124724,-0.011497737125859853,0.01140316997715917,2.0
0.5598736419398681,-0.6925130091458123,-1.4773347495174416,-0.008909264361256015,1.0
0.5435648549941585,-0.9671891574942209,1.3316043348911561,0.05483365367292336,0.0
0.6271579203367245,1.6078117710606188,0.16308428869906932,-0.006545258762321374,3.0
0.627157919861507,1.607813526619253,0.15497435934061035,0.004662656971625236,3.0
0.6271579196139421,1.6078108910280886,0.1553925654310499,-0.0464610913685258,3.0
0.6271579207541004,1.6078096379057623,0.16106200837335244,0.04931263946286123,3.0
0.54356485453212,-0.967189944685714,1.3290268443407403,0.12240108165933168,0.0
0.5598736408411988,-0.6925171701653329,-1.4803248121984232,0.027672139058687657,1.0
0.5598736415810505,-0.6925148320700768,-1.481566131456045,0.030896931598788355,1.0
0.5435648543663794,-0.9671904554069455,1.3302023417987747,0.0832541851838885,0.0
0.5435648546434877,-0.9671873776223604,1.3298150732847407,0.05808643525582311,0.0
-1.7317881807625253,0.05404897152970162,-0.0036678410152249175,-0.003535065884934057,2.0
0.5435648549660481,-0.9671875398299979,1.331104841848285,-0.037039946713576806,0.0
0.6271579200622589,1.6078120033664947,0.15732507302988386,0.04730985701082919,3.0
0.5435648548282375,-0.9671892727921584,1.332894281571773,0.054387150722085706,0.0
0.5598736419977556,-0.6925171613162904,-1.4730695411966048,0.0455895816454389,1.0
-1.7317881817414302,0.05404909504741088,0.000998685065228959,0.024447256809034496,2.0
0.5435648550404857,-0.9671889010994802,1.3341301287585787,0.015668062486839107,0.0
0.5598736416292913,-0.6925142958996845,-1.4739332482652419,-0.04631168133700544,1.0
0.6271579199288714,1.6078122134993482,0.15638953152475052,0.018009461275154806,3.0
0.6271579198746411,1.6078091646374908,0.16206426341208577,-0.014659756328456612,3.0
0.5435648546877991,-0.9671879961412645,1.3302845948933772,0.023510974544483244,0.0
0.559873641987098,-0.6925156622115394,-1.4799749395457498,-0.05460607776590362,1.0
-1.7317881815506833,0.05404957385843899,-0.003918199666070066,0.003654437860228815,2.0
0.6271579205430555,1.6078117117457753,0.16755617335139703,0.04178862419740005,3.0
0.627157920204791,1.607810361233849,0.1571594753430431,-0.01581408414619962,3.0
-1.7317881817553284,0.054049046808371366,-0.009395261215884965,0.026913116289158403,2.0
0.543564855085553,-0.9671902073153188,1.3303568481340289,0.010154054159558546,0.0
-1.7317881812523066,0.05405099559107958,-0.008950758239796222,-0.05073243829776151,2.0
0.5598736406476632,-0.6925167733894103,-1.4815801517352682,-0.11540094037970366,1.0
0.5598736411608493,-0.6925152422723343,-1.4760173302477138,-0.04025364199690163,1.0
0.559873641119212,-0.6925128574473965,-1.482208516978027,-0.014212172351555193,1.0
0.559873641274147,-0.6925115915223419,-1.4795181737271426,-0.0018947256155808815,1.0
0.5435648550934747,-0.9671881583232962,1.3331582879501018,-0.0074979154123261576,0.0
0.6271579197151346,1.6078146021864548,0.16470839519931724,-0.027088444879639764,3.0
0.6271579199496387,1.6078099600081666,0.15291573617631277,0.0508493343357567,3.0
0.6271579197606221,1.6078145732131546,0.1650300742351439,-0.04618281008157283,3.0
0.543564854256827,-0.967190924157075,1.3387013753173242,-0.04012597712540921,0.0
0.5435648544072367,-0.967188493583934,1.3314095585393049,0.023209312340095448,0.0
-1.7317881817577192,0.05405135155712109,-0.00421545189588562,-0.05730986149719558,2.0
0.5598736415784845,-0.6925166057535441,-1.4768696809274637,-0.01710324915425945,1.0
0.62715791984673,1.6078110121998495,0.16429745604732426,-0.014703254566255087,3.0
-1.7317881815782104,0.05404975017347303,-0.00018114186679069923,-0.05460933409696947,2.0
-1.731788181422018,0.05405202039220059,-0.016738594805157363,0.008263040198740801,2.0
-1.7317881816544962,0.05405219265227387,-0.014099372116429504,0.05348466185840459,2.0
0.5435648551166395,-0.9671877737534608,1.3284351884557883,0.02046045777656653,0.0
0.5435648546982886,-0.9671880047670438,1.3327834861321064,-0.02002300534396057,0.0
0.5598736412160513,-0.6925138760096293,-1.4780618972413713,-0.028399051247812994,1.0
0.6271579193360526,1.6078099986765904,0.158237559528144,-0.06698036734806288,3.0
-1.731788181131415,0.05404944166567114,-0.0030145402056802853,0.07803226194890059,2.0
0.5435648542441169,-0.9671901560024304,1.3369829457228866,-0.042913741488067925,0.0
0.6271579193673034,1.6078069893475997,0.1527423786456163,-0.03626574615813383,3.0
0.5598736413322124,-0.692513662605814,-1.4849620911737023,0.018945660255556135,1.0
0.6271579193005664,1.6078107637400658,0.15799080434035936,0.04839809742919396,3.0
0.627157919768954,1.6078099285739083,0.16049012118897596,-0.006508621981321866,3.0
0.627157919776457,1.607812808409106,0.16033073113904067,0.0076227885347412054,3.0
0.5435648548341457,-0.967190635589966,1.3319283112759415,0.03298848824285268,0.0
0.5435648553501292,-0.9671889873325603,1.3318895976440799,0.03949696091470862,0.0
0.6271579203428378,1.6078095020926415,0.15993301498873394,-0.05596651874883124,3.0
0.6271579197703308,1.607808906260388,0.1618993141490474,-0.01314369320640873,3.0
0.5598736411932304,-0.692515173990631,-1.4729760898189406,-0.06080382041354557,1.0
0.6271579196984287,1.6078110839568767,0.15725761856747023,0.000750810150390755,3.0
0.5598736413453962,-0.6925168843046609,-1.4792819001390543,0.02613712534068219,1.0
0.6271579204082266,1.6078092837651146,0.15537137739340842,0.009160621779779226,3.0
0.5435648545872337,-0.967189402471278,1.3321650428908671,0.021925665316157247,0.0
-1.7317881806837914,0.05405099289781113,0.0020909232380495837,0.02582010546435171,2.0
0.543564854622316,-0.9671898307604821,1.3313181325790715,-0.011844742614734024,0.0
0.5435648544129278,-0.9671907182606708,1.3223435579926341,0.03293833129921653,0.0
0.6271579198175435,1.6078115350032114,0.161742281143279,0.01272601539502214,3.0
-1.7317881819175882,0.05405123630208694,-0.004252892078272968,-0.020768281584572727,2.0
-1.731788181253673,0.05404803493814909,-0.010778278896609067,-0.0703068638608539,2.0
-1.7317881815914773,0.054048422292169954,-0.005367232060084154,0.05364679277799981,2.0
0.5598736414054012,-0.6925145640394077,-1.478059450801457,0.002113221289566008,1.0
-1.7317881812756164,0.054049304721663236,-0.004776749585295097,-0.0275373898620337,2.0
0.5598736411395965,-0.692512011250105,-1.4771898403987331,0.009691660936549228,1.0
-1.7317881805740638,0.054048339361172995,0.000425203831683455,0.03318878250909889,2.0
0.559873641585518,-0.6925190707655086,-1.474468215811458,-0.040332810933016945,1.0
0.5435648548273442,-0.9671888432726208,1.3295100445255135,0.1044248615257721,0.0
-1.731788181024797,0.0540487334431182,-0.0030643865626789834,0.0391067249254003,2.0
0.6271579200399998,1.6078122324513158,0.15884629135190254,-0.04542296270804558,3.0
0.5598736423162652,-0.6925164050508751,-1.4833261451836326,0.018288554549783637,1.0
0.5598736413699328,-0.6925172176237744,-1.4869672669198617,-0.02827263117073962,1.0
0.5435648544352825,-0.9671923090629279,1.3325855178685755,0.047903624896552165,0.0
-1.7317881815930736,0.0540509694651361,-0.009555512648030704,0.03252007376715469,2.0
0.543564854385485,-0.9671912456571276,1.3317061829052885,0.01522679929062611,0.0
0.5598736413063294,-0.6925168764555193,-1.4763539716452723,0.01645327962079424,1.0
0.5598736417132146,-0.6925170671929897,-1.4805592540613226,-0.011005238956284406,1.0
0.6271579195555984,1.6078108190856835,0.15970023570644454,0.058289064178974274,3.0
0.5598736404043317,-0.6925164121899946,-1.4848491128354053,-0.033369927234435104,1.0
0.5598736418547623,-0.6925141967008639,-1.4774732387532572,-0.06779751721264166,1.0
-1.7317881816794138,0.05404924781546371,-0.0029889490801373935,0.050361604364989696,2.0
0.6271579200200895,1.6078092732095925,0.1607203261563788,-0.043602039449186066,3.0
0.6271579196110132,1.607812149777025,0.15986269458679436,-0.0014018602276115754,3.0
0.5598736417111935,-0.6925185875748087,-1.4793713957813397,0.009187119749972168,1.0
-1.7317881813418354,0.05404798959187621,-0.004273588821993732,0.03579179662828512,2.0
0.5435648551652857,-0.9671903431838704,1.3317093996099378,0.04092093861592021,0.0
0.5598736419313629,-0.6925167244997186,-1.4742890945333287,0.024284468843358477,1.0
-1.7317881813235299,0.05405157426085458,0.0034596593132234935,0.03246681386642927,2.0
0.5598736420629257,-0.692514502517419,-1.4785313053195306,0.02327743549249765,1.0
0.543564855283912,-0.96719078868892,1.3336463305933794,-0.04164356986135464,0.0
0.6271579197765049,1.6078104414039234,0.15686983644482064,0.007107558536481814,3.0
0.6271579194264245,1.60781055065432,0.1554644605191492,0.07898356841345024,3.0
0.559873641412024,-0.6925171164490709,-1.4723228748151438,-0.0715848480692774,1.0
0.5598736420591958,-0.6925154571829895,-1.4848117396036582,0.010410457363713644,1.0
-1.7317881812274922,0.054051030088308666,-0.005338439662648269,-0.029960315447433224,2.0
0.5598736410458527,-0.692514245218769,-1.4798029070293008,0.025580177637199518,1.0
-1.7317881817214673,0.05405016417333916,-0.0028175213459210808,0.028092890256339993,2.0
0.6271579197918302,1.6078105177887412,0.1666457849934517,-0.024984959504591765,3.0
-1.7317881813219922,0.054049610298103366,-0.0030501084748932026,-0.017132962371072348,2.0
0.6271579202162185,1.6078135414078554,0.1616905356706289,-0.02946673276415023,3.0
0.55987364120357,-0.6925141668930854,-1.4772391678307701,-0.03337886808188989,1.0
0.5435648547574581,-0.9671881571633167,1.33723409551607,0.016317968151651784,0.0
0.6271579199887325,1.6078103498623264,0.161736808792032,-0.01857361525460295,3.0
0.5435648551006306,-0.9671925378857471,1.3299809375329477,-0.007455882268833701,0.0
0.5598736416190604,-0.6925155701366905,-1.4787043773800665,-0.00803922466171837,1.0
0.5435648552719159,-0.9671866377346732,1.330496772986406,-0.00377455348540397,0.0
-1.7317881816518375,0.05404795700788872,-0.004925434492800356,-0.031907297704860615,2.0
0.6271579200346097,1.607810420725201,0.15316914964774517,-0.08257072800927795,3.0
0.5435648547680686,-0.9671895367976392,1.3287591445835456,0.030279047911824324,0.0
0.5598736416196869,-0.692515701891876,-1.476466475092542,-0.00735898150175958,1.0
0.5598736411850984,-0.6925151420946454,-1.4764381545660206,-0.03138511502326847,1.0
0.5598736419568815,-0.69251590570464,-1.4746406509564773,-0.028730934803655402,1.0
0.5435648547285338,-0.9671895635163946,1.3339150985864128,0.009280012635761775,0.0
0.6271579194844209,1.6078142972983607,0.15602653575621792,-0.012228312068643492,3.0
0.6271579197202156,1.6078124832483287,0.1586687304364596,0.006751513359612245,3.0
0.6271579196351389,1.6078133117538738,0.16490254987658198,0.00759112320301859,3.0
-1.7317881809748275,0.05404934224060109,-0.0038620517000091145,0.03576309645382817,2.0
0.559873641250151,-0.6925160263512528,-1.4789340210971809,0.09587398664135803,1.0
-1.7317881810234121,0.054049503730623706,-0.004623047386157988,0.012177305275386399,2.0
0.5435648552695413,-0.9671895462910323,1.3303455104111797,0.05539345950303862,0.0
0.5598736414948082,-0.6925150002565094,-1.4839981015477453,-0.004486796204864948,1.0
-1.7317881815689817,0.05404937093846818,-0.0009259077478229168,0.031069395069835387,2.0
0.5435648542169594,-0.9671890500923751,1.337241814762778,0.022998751002124035,0.0
0.6271579198810238,1.6078126521243674,0.1539965193361343,-0.026136842024274916,3.0
-1.731788181258753,0.05404943756135604,-0.008479468383909217,-0.018812666079805005,2.0
0.5435648545888888,-0.9671867773469686,1.3280722807126963,-0.010373625802511612,0.0
0.5435648543863734,-0.9671903137525873,1.3312142223715966,-0.07680776059002298,0.0
0.5598736413003282,-0.692517288703297,-1.4787884148674748,0.06666891209368431,1.0
0.5598736411724934,-0.6925154781746752,-1.4810915659316166,0.008126074670284356,1.0
0.5598736413698244,-0.6925181513825401,-1.4794021923898864,0.04076352106676661,1.0
0.5435648545334444,-0.9671890143329489,1.3274242694363392,-0.013974093143136676,0.0
0.627157919330217,1.6078113012788597,0.15530032251334325,0.05697572616482792,3.0
-1.731788181839385,0.054051743023840096,0.00021031942653460038,0.016716697398091267,2.0
0.5435648548231016,-0.9671928663026246,1.3334677743254952,-0.042941770460213594,0.0
-1.731788182064569,0.05404982070174578,-0.006449947537678655,0.011153838850220314,2.0
0.6271579198412661,1.6078115545862197,0.1602416531723413,0.03713818309822873,3.0
-1.7317881811997062,0.054050126379537766,-0.0029376342732603603,-0.06252249574490745,2.0
0.6271579198250621,1.6078175262261638,0.15415188096371882,0.005659621417468638,3.0
0.5435648552794642,-0.967189635248024,1.326357594510863,0.04812060891551582,0.0
-1.7317881815845766,0.05404874484504571,-0.005730597669221759,0.039930648583100435,2.0
0.6271579201730748,1.6078118548684002,0.16607462058061523,0.0012470022228669173,3.0
0.6271579201121716,1.6078094263050837,0.15920978711780126,-0.06227891890845907,3.0
0.627157920347035,1.607810384181636,0.16069160685309616,-0.03669426004429996,3.0
0.6271579197876719,1.6078135214274447,0.165271066012507,-0.044162578843406894,3.0
-1.7317881813903118,0.054050395763349635,0.002032310014681996,0.057032908260601124,2.0
0.5435648543686648,-0.9671923085806309,1.3289311734402787,-0.043725464545953475,0.0
0.5598736410867555,-0.6925153182607664,-1.4749613389147798,0.03121654219916993,1.0
0.6271579193878103,1.607812236078202,0.15979508725198355,0.01821286052486572,3.0
0.6271579196285707,1.6078139623099656,0.15057082389719179,-0.04824084359854609,3.0
0.6271579199810409,1.6078091210379615,0.1653627357442629,0.006967499791848472,3.0
0.5435648551811655,-0.9671873285865951,1.3318446832376092,0.07195086893025765,0.0
0.6271579196714939,1.6078111943843578,0.15491458420635143,-0.05181794114521333,3.0
-1.7317881810207945,0.05404982543935982,-0.0044846331382610224,-0.020792896711757467,2.0
0.6271579204423848,1.6078115309869048,0.1576563412974198,0.057615312322269574,3.0
-1.731788180798203,0.05404922616717244,-0.007307222952637165,-0.04572238491078002,2.0
0.5598736413141201,-0.6925163667667131,-1.4785394960641631,-0.017633869463231297,1.0
-1.731788181200705,0.05404862222657261,-0.006442889663219392,-0.05087416617075661,2.0
0.5435648548651252,-0.9671889847744543,1.3343099439152248,-0.062197653857245946,0.0
0.6271579195592845,1.607810681891613,0.1640072121857079,0.04388287926447326,3.0
0.5598736413475424,-0.6925156973884629,-1.4760981353298088,-0.005507360641959995,1.0
0.5435648547500603,-0.9671886353355688,1.326186836325411,-0.04443598604067632,0.0
-1.731788182163393,0.054053058059519,-0.008017797688988096,-0.012631969434716967,2.0
0.5598736413647625,-0.6925187094169781,-1.4722825142331517,-0.018796423461886806,1.0
0.6271579195861626,1.607810800671898,0.16554620157137587,0.01810224626017411,3.0
0.6271579196662639,1.607812982772616,0.1633549317302944,-0.020680603487623492,3.0
0.5435648546597945,-0.9671916934558716,1.3411071650015904,-0.026430233615744685,0.0
-1.731788181648753,0.05405031643259424,-0.005379079353175636,0.0012765313118317115,2.0
0.6271579199504882,1.6078144301420159,0.1608517877217159,-0.05852807226060252,3.0
0.5598736413227556,-0.6925155558572195,-1.480525062115674,-0.04333932022428795,1.0
0.5598736409718913,-0.6925201530978683,-1.484888937833619,0.03338465990610055,1.0
0.6271579198663121,1.6078118410431652,0.15585484172224462,0.017234448469622896,3.0
0.6271579199698313,1.6078120779045306,0.162002038377836,0.04129797617186993,3.0
-1.7317881819726841,0.05405049441446926,-0.0031404692818557114,0.051314458665095986,2.0
0.5435648555828996,-0.9671914342380669,1.3333041719763057,0.07119967348366403,0.0
0.5598736418520408,-0.6925172687749941,-1.4779451512570776,-0.022847520716938078,1.0
0.6271579202157899,1.6078104893047254,0.16176759492171416,-0.017210047557873503,3.0
-1.7317881808266573,0.05405038348923174,-0.00859006759468753,-0.0635492735560698,2.0
0.6271579200671935,1.6078126821307335,0.163722752363496,-0.002076438489724522,3.0
0.5435648547781262,-0.967191837859756,1.329755790922376,-0.013842556380253989,0.0
0.559873641937248,-0.6925139904327674,-1.4803413922611228,-0.02482630340726201,1.0
0.6271579203998044,1.6078131409659764,0.16588090162586047,0.020671684772557257,3.0
0.5435648547828968,-0.9671901169576452,1.3364618711291647,0.004886943559932378,0.0
0.5598736414965811,-0.6925171583419976,-1.4817167850698234,-0.007229041545822343,1.0
0.543564854536613,-0.9671930899971085,1.333351055353806,0.0358517825519359,0.0
0.5435648550568846,-0.9671855584171909,1.3340456958861757,0.020729900998787867,0.0
-1.7317881809867732,0.054052804853078534,-0.00863879609592631,0.013096124248039158,2.0
0.6271579198820593,1.6078108757834464,0.1579636874598006,-0.03372594401936358,3.0
0.5435648549051091,-0.9671895417357674,1.3356647363745733,0.004593058557194095,0.0
0.6271579188238873,1.6078110464217958,0.15508598023013845,-0.025700625960108296,3.0
0.5598736414855301,-0.6925124380800509,-1.4827582826437693,-0.05636171946327692,1.0
0.5598736416739881,-0.6925147829909784,-1.4804617812286782,0.008200482270932168,1.0
0.5435648541169111,-0.9671877006321601,1.332164866082624,-0.019471485563084083,0.0
0.5598736408428464,-0.6925145969957494,-1.4796127718389103,-0.005049912467804522,1.0
0.6271579193711434,1.6078135727324492,0.1590157173397038,-0.03311782891548802,3.0
0.6271579200074062,1.6078122299454445,0.15747078167420128,0.018053514248262233,3.0
0.6271579192913112,1.6078113511334475,0.15959381856063348,-0.022595315411286402,3.0
0.5435648547672564,-0.9671909573890499,1.334751277363018,-0.01777979114880195,0.0
0.6271579199691357,1.6078095803220882,0.16284922244329283,-0.06388250274419076,3.0
0.559873640896517,-0.6925177903365441,-1.477948909423922,-0.03176941637796877,1.0
0.5435648547292163,-0.9671911330533327,1.337193742846856,-0.04345493545874301,0.0
0.5435648544092605,-0.9671886460710453,1.332643384431603,-0.07003186263007978,0.0
0.6271579200311502,1.6078093292500253,0.155468543023788,0.08496989297869074,3.0
0.6271579198103924,1.6078122064010725,0.1612389067880049,0.03549328803426126,3.0
0.5598736414595158,-0.6925160652211523,-1.4820154248705146,-0.029341918219013937,1.0
-1.7317881815701135,0.05405221139962457,-0.004858893461631533,-0.057195549227970516,2.0
0.5598736416955263,-0.6925179707835661,-1.4749548024018904,-0.08550665497922923,1.0
0.5435648547520859,-0.967189448548431,1.337987032369393,0.03783696735959114,0.0
0.5435648545167324,-0.9671852497014906,1.3305756558747948,0.03915772398097413,0.0
-1.7317881810684705,0.054050912013686926,-0.004750890675897299,0.03640338874636662,2.0
-1.7317881815375296,0.05405183652090732,-0.00955615653204199,0.007305170325483907,2.0
0.6271579197887075,1.6078108290513065,0.15931088047078634,-0.0037654235639591627,3.0
-1.7317881814711305,0.054048544127170965,-0.0013142826334329128,-0.0512878443697373,2.0
-1.7317881812586409,0.05404855718157548,-0.006470236355294284,-0.016319281979237273,2.0
-1.7317881818929877,0.054050782394801815,-0.010137200731704798,-0.06463194786256438,2.0
0.5598736412733593,-0.69251746329327,-1.4794944530049126,-0.005841045792919817,1.0
0.5435648543249035,-0.9671865876161307,1.3309643466487457,0.04191317591062774,0.0
0.5435648545267977,-0.9671883159062,1.33619275301385,0.03210710471667712,0.0
-1.7317881806347353,0.05405047874552017,-0.004388694439409757,0.0037415132212411154,2.0
-1.7317881821421504,0.05405041488530337,-0.0028875908057601264,0.02584251960506011,2.0
0.6271579199062081,1.607812060612625,0.1602805529509914,-0.028531708631697076,3.0
0.5435648548342764,-0.9671904710768542,1.335143521199501,-0.08534515758918361,0.0
0.5435648549342558,-0.9671913360043348,1.3323970262071125,0.011480298621901275,0.0
0.5435648544449947,-0.9671881071403676,1.334809992975322,-0.025469011828691348,0.0
0.6271579192665302,1.6078094430550216,0.1607209462030156,-0.004320443262034891,3.0
-1.7317881814316571,0.054047655683044336,-0.007885378991111483,-0.0213870072730576,2.0
0.5598736418952165,-0.6925191306619263,-1.4778174372247703,-0.0020160181159017123,1.0
0.5598736424378611,-0.6925170377929484,-1.4797348293929846,-0.011049806592650773,1.0
0.6271579200178471,1.6078126471948928,0.16156199036607066,0.054232987221203253,3.0
0.5598736411097965,-0.6925173610920173,-1.4773576582600938,0.0065779297998947136,1.0
-1.7317881807792794,0.05404819825552832,-0.008263796568871096,0.03812606884028302,2.0
0.543564854694155,-0.9671881228967009,1.3299345944768761,0.057381022951812216,0.0
0.6271579200101719,1.6078118479614847,0.16407227807884214,-0.07899677624173247,3.0
-1.7317881813642153,0.05405188874181054,-0.008452898807133187,0.04414982172300976,2.0
-1.7317881812503064,0.054051180057346875,-0.0032477315440595698,0.037190847181710805,2.0
0.5435648548702068,-0.9671889942634554,1.33247341784837,0.04461931509920718,0.0
0.5598736415535511,-0.6925170258884168,-1.4889798563593144,0.025605806342512066,1.0
0.6271579205212062,1.6078116962683293,0.1532906786758369,-0.006592992472702604,3.0
0.6271579197102866,1.6078128891450907,0.16115550362878353,-0.0298599941361167,3.0
0.6271579198434521,1.6078115752135496,0.16064337163326228,-0.019486077830058013,3.0
-1.731788181367762,0.054050928390410334,0.0006240564460566775,0.031404774325594256,2.0
0.6271579197618598,1.607810563574088,0.15103809039938942,-0.026340087884854556,3.0
0.5598736417172987,-0.6925149673226632,-1.483508424209949,-0.017365322178797583,1.0
0.6271579200091747,1.607810375946986,0.16314822094583648,-0.04668607937775919,3.0
-1.7317881812478375,0.054052903416465466,-0.0015645241005898985,0.01714409520673907,2.0
0.5598736412557211,-0.6925157423698577,-1.4673953282406695,-0.03561888227595727,1.0
0.543564854959518,-0.9671897477000359,1.3303301154839138,0.059148407259293836,0.0
0.5598736421577198,-0.6925170268556637,-1.472783747483936,-0.02355023951647359,1.0
0.6271579199119163,1.6078116131632192,0.16021839852549052,0.004966213080233886,3.0
-1.731788181498989,0.05405129022938203,-0.007996124040080634,0.00023759197682593792,2.0
0.5598736412017652,-0.6925145563284916,-1.4775907314387697,-0.03144936049692418,1.0
0.6271579204277506,1.6078134101024664,0.15834265367681782,0.032041419358229725,3.0
0.5435648546894208,-0.9671890472458675,1.3310491691467219,0.012695726499087437,0.0
0.5435648553528246,-0.9671880415557792,1.343783096191915,0.03162895111619805,0.0
0.6271579194853621,1.607810328445425,0.16138656946515292,-0.0063599934176135275,3.0
-1.731788181021648,0.05404874913170261,0.00010198564979872133,-0.005234958221316522,2.0
0.5435648545596444,-0.9671907826946856,1.3329157018065703,0.016653756429002447,0.0
0.5598736413919375,-0.6925166256628278,-1.478759884363523,0.0047914925023495435,1.0
0.6271579198412626,1.6078088357968192,0.16193224441352072,0.03838980224254095,3.0
0.543564854504804,-0.9671875444464472,1.3394705101764355,-0.0017690709086229986,0.0
0.6271579198645317,1.6078122529677699,0.15786090257284266,-0.0032894680710586796,3.0
0.6271579198018544,1.6078083831050871,0.15887211625600403,0.013946315241975848,3.0
-1.7317881813459906,0.05405080378627157,-0.008190354932821489,0.031182687052317082,2.0
0.5598736415312234,-0.6925146543583035,-1.483673304892153,-0.012916319980825958,1.0
0.5435648543104472,-0.9671910010682974,1.344064567592532,0.061940425579779614,0.0
0.5598736416004424,-0.6925131936614157,-1.484440999517132,-0.010872618943324563,1.0
0.5435648546767806,-0.9671928199909756,1.3348923289951122,0.06531784063708142,0.0
0.5435648556684459,-0.9671901853715879,1.3323069574618365,0.010882462980284583,0.0
0.5598736419965828,-0.6925148233100666,-1.4793058307731526,-0.051334691572810974,1.0
0.5435648542372707,-0.9671890767412296,1.3301297971072876,0.05940497773645148,0.0
0.543564854607278,-0.9671879626229932,1.326800009220486,0.030083578532550045,0.0
0.5435648547293029,-0.9671873578447701,1.3264863488528744,0.007902613160200415,0.0
0.5598736420236992,-0.6925174784504398,-1.4748481997164367,-0.033266198962507175,1.0
-1.7317881814244669,0.05404961558641485,-0.003404430709027095,0.0035075798621841034,2.0
-1.7317881815828542,0.05404933471663098,0.00054882006951966,0.009015045257130285,2.0
0.5435648542071216,-0.9671888917763148,1.3337962808882438,-0.04428945423158689,0.0
0.5435648542071451,-0.9671910668800672,1.333662544040418,-0.023870838483966993,0.0
0.5598736419021019,-0.6925152331833054,-1.4778019021994104,0.007687561172754339,1.0
0.6271579201372944,1.6078134377316453,0.16381024810224848,0.0019962083991145584,3.0
0.5598736422303883,-0.6925147766159359,-1.480412064403442,0.03450212229095764,1.0
-1.7317881810277544,0.054049572632475,-0.008359305782076842,0.037312022594512495,2.0
0.5435648549879813,-0.9671891022831033,1.3357859592131207,0.026172100049968464,0.0
-1.7317881813119829,0.054050496189844754,0.00021748118360899747,-0.04496175197103629,2.0
0.5598736418431423,-0.6925168204993739,-1.476249583751258,-0.01801360424254925,1.0
0.627157919891,1.6078113117592805,0.15654684857017312,0.003431060369888631,3.0
-1.7317881809192301,0.054050019670168564,-0.007922186808716288,0.024978221697013376,2.0
0.5598736416906226,-0.6925153453372536,-1.477533617158512,-0.012488380250613116,1.0
0.6271579198860345,1.6078101492745736,0.15640932240934538,-0.039368268786365096,3.0
0.5435648549483123,-0.9671894658666403,1.3354180956775732,0.023365698802717147,0.0
0.6271579197118038,1.607810827887629,0.16832011006416728,0.018412417470957926,3.0
0.6271579200258491,1.6078131715234976,0.1612822563115251,0.028284407268216027,3.0
0.5435648546145143,-0.9671883631080571,1.3317096254159833,-0.01569920899365206,0.0
-1.731788181792162,0.054049690560928225,-0.008736153134043185,-0.05910146305422908,2.0
0.5598736419406136,-0.692518427485053,-1.4764442260866535,0.018754124585682545,1.0
0.6271579195581971,1.607811258482095,0.15900465997345553,-0.021987056259967948,3.0
0.5598736409289812,-0.6925140715446447,-1.4802612032072437,-0.024827912613351048,1.0
0.6271579198592478,1.6078109748640712,0.15677761467982318,0.04515270781998112,3.0
0.5435648546584495,-0.9671906276132927,1.3317853969871938,0.07940911197740927,0.0
-1.7317881816840903,0.054048075776820366,-0.006636454690620367,-0.017036893586171612,2.0
0.5435648551793683,-0.9671862648125089,1.3294380185491408,0.059042703692935586,0.0
0.5435648545751174,-0.9671919623752913,1.3311043112783651,0.10171770652912698,0.0
0.5598736408132443,-0.692514452921974,-1.4745126431721487,-0.10206580317650374,1.0
0.6271579199354694,1.607811706783159,0.16924980550700355,-0.02177928155269491,3.0
0.627157919672709,1.6078139888193255,0.15843764420231685,0.08347097590840297,3.0
0.5598736415669227,-0.6925146268144997,-1.4737161980059605,0.04715648910191019,1.0
0.6271579198483147,1.6078116356238528,0.15926375843693502,0.0007595959000195728,3.0
0.543564854916817,-0.9671892593665915,1.3285830356677728,0.045132445042587004,0.0
-1.7317881816839742,0.05404859352647415,0.0022432455745887794,0.012332236660821953,2.0
0.6271579198251401,1.6078098807656478,0.15807623145278296,-0.04750027777596046,3.0
0.5435648545677769,-0.9671889480081801,1.3348921007323555,-0.033130152251028236,0.0
0.6271579200033024,1.6078094739667197,0.15797821866241324,0.002698959299650034,3.0
0.5598736412385021,-0.6925137184379765,-1.4830653415137922,-0.014467211068770908,1.0
0.6271579200867737,1.6078131554804866,0.15901524294625982,0.030128806349092402,3.0
0.6271579201524597,1.6078122461910174,0.1602302119609128,0.009498334063480997,3.0
0.5598736419641719,-0.6925152520149103,-1.4830369142016877,-0.03604405143792575,1.0
-1.7317881818883523,0.05404994097789181,-0.0006086081115379882,-0.05357466467256614,2.0
-1.7317881811191886,0.05405347656424097,-0.004755242556205671,-0.02564370371005963,2.0
0.54356485472213,-0.9671889959248757,1.331149735751584,0.059386658069288924,0.0
-1.7317881809327136,0.05404796823126115,-0.007741379072071564,0.00586249867381051,2.0
0.5598736412671337,-0.6925155886875739,-1.4786081246928775,-0.01553876355693702,1.0
0.6271579199115235,1.607812179142486,0.16364201841796353,-0.0434557930869948,3.0
0.5435648545244168,-0.9671907917040601,1.336030512759819,0.07396861398261662,0.0
0.6271579198786995,1.6078074247605396,0.16122872297409185,-0.004373124953137451,3.0
0.5435648546220314,-0.9671885061124483,1.3319245118164085,0.018533101662805244,0.0
0.62715792019616,1.6078103248494013,0.16278453340299712,0.0343681742927907,3.0
0.5435648537891823,-0.9671895368097164,1.3307611671135824,-0.05601973494088843,0.0
0.6271579194292815,1.6078131164792526,0.16369504085968245,0.0428279336126131,3.0
0.5598736412319525,-0.6925159507724463,-1.4750806673719554,-0.050353877728212905,1.0
0.5598736416073893,-0.6925188689477625,-1.4780006400074082,-0.03828682945862236,1.0
-1.7317881818563483,0.054051325191308654,-0.004826114484985604,0.06984944918719214,2.0
0.6271579200438115,1.607811825424312,0.16398654189854417,0.007502513658341564,3.0
0.5435648546837809,-0.9671900960225622,1.3338775116410284,2.2842608707041783e-07,0.0
0.5435648549559349,-0.967187736817679,1.3304626449576251,-0.011913865257010088,0.0
0.6271579197894341,1.6078115254192031,0.1648966647639145,-0.00968842221871759,3.0
0.5598736414048775,-0.6925187044597731,-1.477447422854863,-0.012867611603251611,1.0
0.5435648544703632,-0.9671903242538897,1.3265582582852755,0.026272461624918662,0.0
0.5435648547726558,-0.9671887781567542,1.3254161559601128,0.029195938260292695,0.0
0.5598736413069685,-0.6925157050329642,-1.4802861661007356,-0.013992389797669102,1.0
0.5598736416964608,-0.6925159295772847,-1.478726922217979,0.0023597545080930858,1.0
0.6271579198036638,1.6078105386336525,0.16054608223201922,0.03753924010975677,3.0
0.5598736417987891,-0.6925167396681007,-1.4775043533766798,-0.020581455057950226,1.0
0.6271579201886673,1.607814043009338,0.1614306889335142,-0.009176963984896315,3.0
0.6271579204851068,1.6078131975059695,0.16031943632842183,0.009886548322515964,3.0
-1.7317881819705938,0.054052241825371654,-0.007075521328765947,-0.042179257931048555,2.0
0.5435648547041965,-0.9671880679407546,1.3385929705328439,0.07940550764262574,0.0
0.5435648553230061,-0.9671885241291706,1.3291948403662224,0.0387790959483677,0.0
0.6271579194623342,1.6078138201239511,0.16012561822338833,-0.058975666105826996,3.0
0.5435648546181381,-0.9671887203388091,1.3368908344662895,-0.029362825525465007,0.0
0.5435648547184841,-0.9671885308731538,1.3275867867924849,-0.056742193013767664,0.0
0.5598736410925799,-0.6925161218547894,-1.4742995846668283,-0.005345784975281478,1.0
0.5435648547670799,-0.9671875470143038,1.3392914814294143,0.011262828067776268,0.0
-1.7317881812566156,0.05405044802726794,-0.005154167886615323,0.028885456868965702,2.0
-1.7317881813097677,0.054051358403217835,-0.011295175984140137,-0.07202983100520598,2.0
0.559873640693537,-0.6925169564164845,-1.4739228405058606,-0.03940982453833638,1.0
0.5598736413747174,-0.6925148507263963,-1.4805313400702527,0.03749533151222827,1.0
0.6271579195015785,1.6078116366685664,0.15600472808792357,-0.0008527541272743483,3.0
0.6271579191896133,1.6078117548315565,0.15845888167670838,-0.02172059593164232,3.0
0.6271579197571738,1.6078096999116616,0.16669323957306015,-0.017789739902791302,3.0
0.6271579200671645,1.6078116202014214,0.1668818843124847,-0.02981628240880842,3.0
0.5598736413852107,-0.6925170986238041,-1.4765820361420632,0.02054892261757407,1.0
-1.7317881814385916,0.05404986286828636,-0.008765445680372125,-0.016139179472179275,2.0
0.5435648545253985,-0.9671889014091539,1.3304313709360507,0.06747280264855389,0.0
0.6271579205600093,1.6078107718605374,0.16489317495797132,0.05056100797258573,3.0
0.5435648544539015,-0.9671895601443009,1.331795783785753,0.02456489255716134,0.0
0.5598736413371612,-0.6925159084601943,-1.485625781501799,0.010815572586754517,1.0
0.5435648554089282,-0.9671904001607958,1.330011090265041,0.033334601294028834,0.0
-1.7317881813712244,0.05405342127746362,-0.005335174801707798,0.005374644638105987,2.0
0.627157920020814,1.6078132873246753,0.16498319022501734,-0.033304539750938104,3.0
0.6271579197736153,1.6078111413292149,0.16313619220776346,-0.02656013796643706,3.0
0.5435648543437076,-0.9671876499644848,1.33051549761779,-0.0002224144350343241,0.0
-1.7317881818243268,0.05405036051465371,-0.0052099179268047255,-0.07641340444985757,2.0
0.6271579197726465,1.6078119207620758,0.15830131708471465,0.0016084418325502349,3.0
-1.7317881810641944,0.054047965333688025,-0.003353764762798972,0.0009081237956072138,2.0
0.5598736414444825,-0.6925152723730823,-1.4761557344073608,0.015916298346441506,1.0
0.6271579195018294,1.607809225394587,0.160598887997267,0.022331017040050263,3.0
0.5435648549946138,-0.9671886817052898,1.331827622739241,-0.011201133103944341,0.0
0.6271579201388254,1.6078122529964485,0.16029765893244421,-0.018076829376562215,3.0
0.5598736415670624,-0.6925183723223063,-1.4832331087197144,-0.024104809862606963,1.0
0.5435648546444369,-0.9671893956350004,1.3389671878965381,-0.019071626535362273,0.0
-1.7317881814254177,0.054050924357200957,-0.007050782716415114,0.0013017711019596228,2.0
0.5598736412503671,-0.6925140398304215,-1.4784129378873878,-0.07667616429380336,1.0
-1.7317881821799435,0.05404889562320917,-0.0014960910266424586,-0.036570861649870355,2.0
0.5435648549689418,-0.9671925503663243,1.329833417511318,0.004236122313295934,0.0
-1.7317881819886471,0.05405046993617754,-0.004967506251181728,0.006072457889659868,2.0
-1.7317881817498246,0.05405168983063424,-0.007012921118722039,0.023206448774075857,2.0
0.6271579197974053,1.607812084694297,0.16165311006765956,0.06907324478898774,3.0
0.6271579192928497,1.607811302893353,0.1609223954966764,-0.014474442750499944,3.0
-1.7317881818941978,0.05404982844076105,-0.0029168110211208772,0.02293885650217575,2.0
0.559873641913918,-0.6925143667436743,-1.4822741394807954,-0.021797680921943566,1.0
-1.7317881816038203,0.054050292114976826,-0.009354539530243157,0.00938693494925063,2.0
0.5435648548388406,-0.9671894749740005,1.3338286473075578,0.01719944845636787,0.0
-1.7317881817210075,0.05404973766165635,-0.011159378758767158,-0.054566077304906514,2.0
-1.7317881823018795,0.054051056013167696,0.002557434447666255,0.024804971470762112,2.0
0.5598736417937147,-0.6925144020759767,-1.476972900669878,-0.007671617432562336,1.0
0.5598736413684086,-0.6925120484248886,-1.4709280697124145,0.008700630042090731,1.0
0.5598736415174618,-0.692515729709856,-1.478367929276997,-0.006731420629411161,1.0
0.5435648550617517,-0.9671881560952751,1.3284808692336367,0.047292986580428284,0.0
0.6271579196081482,1.6078078610006081,0.16582632658528024,-0.002881631540616908,3.0
0.5598736417352529,-0.6925156139895754,-1.4800192559904752,0.005409588061997319,1.0
-1.7317881806036686,0.05404935142644391,-0.008649628457382616,0.0016324646391483039,2.0
0.5598736406630972,-0.6925134505071542,-1.4745222409333996,-0.04387500541768892,1.0
0.5435648544727157,-0.9671942016251159,1.3289296157111987,0.03271692224406757,0.0
0.6271579198820961,1.607806898213791,0.15664286719444007,0.031059155687932726,3.0
0.5598736409695975,-0.6925149696469279,-1.4767588083507392,-0.04591364635471086,1.0
0.6271579201148465,1.6078111064361325,0.16326480819498113,0.010491772816226092,3.0
0.5598736407382517,-0.6925177829309458,-1.484920223277128,-0.01261094517629087,1.0
-1.7317881814993692,0.05405418087113425,-0.006572423558361822,-0.0012732874071437446,2.0
-1.731788180966438,0.05405119837312586,0.0010884177858448722,-0.03811332958295569,2.0
0.5435648545324516,-0.9671883991475457,1.3342740427585476,-0.02760276763199532,0.0
0.5435648545691479,-0.9671877310525031,1.3358901338230165,-0.03177124208894687,0.0
0.6271579199113052,1.6078090272469345,0.15529023123235594,0.03965392618837968,3.0
0.5435648546902326,-0.9671892812956467,1.3330379477583747,0.028437589948456427,0.0
0.6271579198474971,1.6078120419828577,0.1605001516811615,0.012301362235074572,3.0
-1.7317881811035776,0.05404737594985551,-0.004233842323701395,0.00343724922008351,2.0
0.5598736419049071,-0.6925164891722901,-1.4835848855026357,0.019902434256689017,1.0
0.6271579203998083,1.6078132495351671,0.16040270383345925,0.030016349702037974,3.0
0.5598736410064726,-0.6925161011536973,-1.4749116973223093,0.004408926499966622,1.0
0.5598736413436337,-0.6925158465951949,-1.4859254300832372,0.010419806254879203,1.0
0.5598736411588932,-0.6925166941989661,-1.4788513690643468,-0.0006404771208821657,1.0
0.5435648550662477,-0.9671907598830293,1.3306009445543237,0.05548860800978416,0.0
0.6271579195403856,1.6078109095025224,0.15867520969323423,0.01517637119225877,3.0
0.5598736413132841,-0.6925194636480968,-1.4750555475468514,-0.02632271119394208,1.0
-1.7317881816110676,0.054051152241834106,-0.007816589451976028,-0.034036079227456585,2.0
0.5435648536353154,-0.9671910161104962,1.3298067982353916,0.020893812248338067,0.0
0.5598736415712487,-0.6925126287412157,-1.4786616949096434,-0.04556429635577416,1.0
0.5435648547854941,-0.967188891431426,1.3330054859836664,-0.01665841235062562,0.0
-1.731788181278256,0.054051832701127345,-0.011725073494364338,-0.010123505452068788,2.0
0.6271579191801581,1.607811937867438,0.16018793301815704,-0.07463090234767705,3.0
-1.7317881815387717,0.05404808759983024,-0.004916021841686678,0.026317618935405514,2.0
0.5435648542066956,-0.9671908949293575,1.3302610853767305,0.016155416039209027,0.0
0.5598736415732337,-0.692516104389242,-1.4820529590591884,-0.003770399255846323,1.0
0.62715791969839,1.6078120479865101,0.1621311907630326,-0.0019687730627728304,3.0
0.543564854748812,-0.9671915081926117,1.3349758756553134,-0.028303578946298133,0.0
-1.7317881814517941,0.05405213135315851,-0.008772941134031882,0.014241915256958651,2.0
0.543564854884096,-0.9671855930727282,1.3251822073849546,0.03247208637771495,0.0
-1.731788181161181,0.0540499345343103,-0.0036378798473974635,-0.05121052906874525,2.0
0.6271579195425244,1.6078116635326225,0.16296111732318558,0.04493774143877341,3.0
0.5435648544544983,-0.9671894411391193,1.3284063709514873,0.06236143182333112,0.0
-1.7317881816097789,0.054050556233067704,-0.0022811908549442345,-0.06542121084857656,2.0
0.5435648544630401,-0.967189163801329,1.3277487614023642,0.06118249811831817,0.0
-1.7317881814712006,0.05405294069814601,-0.004137762474624819,0.03713639207878631,2.0
-1.7317881809883284,0.0540490458881716,-0.004912309808332414,0.024122402127258715,2.0
0.559873641497373,-0.6925153807710639,-1.4787733290128329,-0.039900575158235446,1.0
0.6271579197357113,1.6078113005037646,0.16053575740843035,0.023446908144728017,3.0
-1.731788180806268,0.05405053513468123,-1.055908748331848e-05,0.037533733909999416,2.0
0.6271579194344664,1.607809070096788,0.16745437808805178,0.0012947702635405448,3.0
-1.7317881822319026,0.05405009436384516,-0.003146658524006469,-0.05865733199704979,2.0
-1.7317881810913807,0.05405181785888597,-0.00778220043044878,0.015774413113123126,2.0
-1.7317881813296243,0.05404906232497234,-0.0057410671098846195,-0.001501150925791409,2.0
0.5435648544789978,-0.9671899231060668,1.3305913906647213,0.06086131530709796,0.0
0.5435648549393081,-0.9671895682321301,1.325369504582223,-0.02452399108036582,0.0
0.5435648545814494,-0.967188071685194,1.3400209483899541,-0.014943649346992464,0.0
0.5598736420799288,-0.69251588454486,-1.4851671178534702,-0.009220083142730423,1.0
0.6271579197808876,1.6078126317653467,0.16257299568590206,0.01599678095004156,3.0
0.5598736414127539,-0.6925186209179753,-1.4850425881393057,0.022689921539080588,1.0
0.6271579195580554,1.6078115636040278,0.16170945818701424,-0.03212648812003232,3.0
0.5598736409336447,-0.6925157371059635,-1.4787171152341805,-0.010900327657263323,1.0
0.5435648543584723,-0.9671889860449028,1.320953189938885,0.01828840762238293,0.0
0.6271579199653716,1.6078124617874567,0.1605064286034368,0.010672353244085669,3.0
0.6271579197871173,1.6078098317176448,0.15928908836834152,-0.030900845216551398,3.0
0.5435648548231412,-0.9671904067848014,1.3325952394858984,0.0929067626906995,0.0
-1.7317881817291823,0.0540511863577234,-0.0033593690852423315,-0.009644752948169676,2.0
0.5598736409853613,-0.6925151743426944,-1.4796931613136142,-0.02039274955759732,1.0
-1.7317881820496341,0.054051107538232425,-0.006618808727326652,0.015575761447919098,2.0
0.6271579205070357,1.6078101955808217,0.15501070439064404,0.010626523298471694,3.0
0.627157919608672,1.6078132652532175,0.16988876728641628,-0.03305728456312394,3.0
0.5435648542474878,-0.9671901507755318,1.3399513931040352,0.010803878606292502,0.0
-1.731788181360686,0.05404975034385182,-0.0035166799646699264,0.010753324078016302,2.0
-1.7317881819255085,0.05404996615965528,-0.007338146724504402,-0.04250617888712343,2.0
0.5598736408907424,-0.6925171653586277,-1.490638579322819,0.021433149405362735,1.0
0.5598736419168102,-0.6925152407060686,-1.480831965222738,-0.02396395537530425,1.0
-1.7317881817569276,0.05404787367918424,-0.00857597332736084,-0.01726901826600391,2.0
0.5435648546583866,-0.9671873056218633,1.3329367242494379,0.02272378688249077,0.0
0.5598736413060258,-0.6925123680593345,-1.4823757378499405,0.012723252396724775,1.0
0.5598736411538604,-0.6925156014189525,-1.4804148701407622,-0.02331021170693525,1.0
0.6271579195954665,1.6078145939250301,0.15831291347505444,0.06850739548388304,3.0
0.6271579191299718,1.6078115462226046,0.16448135031520372,-0.01897605745009242,3.0
0.5435648547349444,-0.9671905315985402,1.3278860631885647,-0.010966869299664917,0.0
0.5435648545547552,-0.9671906354315135,1.3351223648632118,-0.0307553251024275,0.0
0.627157919765404,1.6078095856957013,0.16108928530827246,-0.01517556196336313,3.0
0.5435648544445362,-0.967190785561194,1.3327214763612238,0.0012316507292256073,0.0
-1.7317881814296747,0.054051453457043375,-0.010461369745970183,0.0009249163508551188,2.0
0.5435648548125086,-0.967191592689189,1.3316159836489576,-0.012580994601179398,0.0
0.6271579194620478,1.607809701200675,0.16513859156290092,0.030063869982928745,3.0
0.6271579207744149,1.607813091932772,0.15629779691466195,0.0855889293897542,3.0
0.5435648552542075,-0.9671888477088738,1.3286512176833971,0.06436111533828637,0.0
-1.7317881822396,0.05405124500758667,-0.005426074475720376,0.04673130926827943,2.0
0.5598736414502077,-0.6925130060861178,-1.4779324901011581,-0.03752112903944581,1.0
0.5598736412893177,-0.6925117163890695,-1.4737061307930106,-0.01704408431765561,1.0
-1.7317881809836757,0.05405240576434747,-0.006075829212387944,0.03923107600044748,2.0
0.5435648543355273,-0.9671908654824326,1.331952132641631,0.08138699243625405,0.0
0.6271579202626185,1.6078109617987357,0.1610454088848554,0.018407379591508188,3.0
0.5598736419598079,-0.6925131862849678,-1.482255651938496,-0.04975627528884337,1.0
-1.7317881813577947,0.05405015521647406,0.0011627707895824257,-0.007151843288130549,2.0
0.6271579200864321,1.6078115369895203,0.16247611576490206,0.0490237786618293,3.0
-1.731788182045517,0.05405218011131701,0.0002694555019661398,0.01347950030387811,2.0
0.6271579202148528,1.607808535032445,0.15871569898847906,0.0018837876536545678,3.0
-1.7317881820178112,0.05405062346514926,-0.0039947241297753995,-0.05766385590063998,2.0
0.5598736414141287,-0.6925152048783776,-1.4723783999396678,-0.022451549095465977,1.0
0.6271579200927367,1.6078100907465802,0.14823308054591083,0.02564358840800309,3.0
0.559873641889207,-0.6925123334260358,-1.4818403245401988,-0.011684663665840684,1.0
0.5598736416569581,-0.6925165649416372,-1.4762757365468475,0.016990112925564186,1.0
0.6271579195513735,1.607810396700702,0.16023209520158832,-0.020090399618713138,3.0
0.5435648542243077,-0.9671916544392362,1.3275677141745894,0.025177396397059897,0.0
0.5435648549734012,-0.9671917059626465,1.3315268636996762,0.010279127353339974,0.0
0.5598736421185679,-0.6925154050143606,-1.4812656556731507,0.05437624141164621,1.0
0.5435648551326799,-0.9671874126109954,1.3288855254673557,0.02933860348540231,0.0
-1.7317881811623002,0.05404852049095296,-0.00957765414152872,0.027324486906534377,2.0
0.5435648545373382,-0.967189901967806,1.3380521525459272,-0.014363949336290812,0.0
-1.7317881817627498,0.054048299829963974,-0.00510743013159495,-0.03300985223038018,2.0
0.559873640919836,-0.6925145893967685,-1.477169151482391,-0.010603375165115036,1.0
0.5598736412128633,-0.6925168334109836,-1.4798942779096331,0.01562709176909137,1.0
0.5435648547699361,-0.967188996468435,1.3315197623990578,0.008576336638047239,0.0
-1.7317881814236977,0.05405041244701381,-0.003609002367251601,0.02704902043533122,2.0
0.5435648548522036,-0.9671897566964094,1.3384157656583708,-0.011402483322305096,0.0
0.5598736413894763,-0.6925175298108825,-1.4769320435185818,-0.08136322432270118,1.0
0.6271579201074894,1.6078128449314748,0.15310613442154514,0.02200365669718976,3.0
0.5598736410588335,-0.6925182244368887,-1.4792462953999754,-0.031145573853805397,1.0
-1.7317881819466454,0.05405058490238252,-0.001811263277061494,0.04284702155966422,2.0
0.6271579197703301,1.6078119182757087,0.16523909969184017,0.05828863773097902,3.0
-1.7317881813226887,0.05405085630985015,-0.0020679110020279216,0.013998192157769809,2.0
0.5435648546768973,-0.9671892243461432,1.3335139020364613,0.03708692332485465,0.0
0.5598736410969926,-0.6925135118653853,-1.4787812069214015,0.0035015499234411556,1.0
0.5598736419279992,-0.6925187122987109,-1.469765586104727,-0.015808039240810628,1.0
0.6271579207387002,1.6078097111118619,0.15451479737152377,-0.020164847619199396,3.0
0.543564854456591,-0.9671892960178927,1.333551331132458,-0.012808786077095822,0.0
0.6271579200094922,1.6078105273323233,0.16244046451150157,-0.04247212175691322,3.0
0.5598736415072307,-0.692518517079946,-1.4780631807874474,-0.030978204437968414,1.0
-1.7317881812585953,0.054052684333814674,-0.005718488012139598,-0.01730304005127458,2.0
0.5598736411079419,-0.6925177615002254,-1.4794637131812576,0.07650051472514154,1.0
0.5435648548330058,-0.9671895331736442,1.3320120711995733,0.001387904508567391,0.0
0.5598736412840358,-0.6925167320845373,-1.4793237294971695,0.014628651779894468,1.0
-1.7317881815492826,0.05404997121198849,-0.0021462762933127195,0.011581490142343292,2.0
0.5598736417340253,-0.6925157340978361,-1.4818683063579672,-0.03996104151471519,1.0
0.5435648538679053,-0.9671889502121316,1.3259608557990712,0.021040108904894446,0.0
-1.7317881817010907,0.05404823356267289,-0.014720484025987805,0.03416796368287966,2.0
-1.731788181451646,0.05405048905354966,-0.012117659429908225,-0.021256419861460193,2.0
0.5598736409400309,-0.6925160917137068,-1.4789319367964737,-0.00019129588634002258,1.0
0.6271579199986858,1.6078146630886492,0.1586809794933203,-0.01612486523769725,3.0
0.6271579196013819,1.6078116840716865,0.1556079085140458,-0.029741504253467506,3.0
0.6271579200713543,1.6078132183946876,0.15734232202498485,-0.06437005523639108,3.0
0.5598736410143573,-0.692516597372078,-1.4781998025570728,-0.00242961273294818,1.0
-1.7317881812773364,0.05404897088961416,-0.010358348647538219,-0.02185714684465765,2.0
-1.7317881813354763,0.054050907880056474,0.005752840101920562,0.01713941458596488,2.0
0.5598736407253128,-0.692517720281085,-1.4707841722710424,-0.04735423442499907,1.0
0.5598736418479693,-0.6925148311826798,-1.4776628861973276,0.03130701706479123,1.0
-1.7317881813042375,0.054048566002929364,-0.011116794393887035,0.08511568273569653,2.0
0.5435648551554528,-0.967190459374333,1.3293048356883743,0.057093193965250116,0.0
0.5598736416969077,-0.6925163841772309,-1.4808608543366064,-0.06117105931873962,1.0
0.5435648552544632,-0.9671909350233526,1.3386260181318697,0.016878718965725716,0.0
0.6271579189646501,1.6078115491105485,0.1568708133044952,-0.04375679153881855,3.0
-1.7317881818944356,0.0540499426295091,-0.0017613732287257797,0.02846494253741882,2.0
0.6271579197277906,1.6078136937281882,0.16085832019604904,0.01126153048399898,3.0
0.5598736420078311,-0.6925156640861917,-1.478723431468125,-0.05186580019180343,1.0
0.559873641696602,-0.6925202082057565,-1.4829891760914087,-0.05794662263644646,1.0
0.6271579205414604,1.607810793440175,0.16526169471373905,0.0256872073325485,3.0
0.5598736416280653,-0.6925160199520676,-1.4758055136531727,-0.016080367280560504,1.0
-1.7317881823924564,0.05404905735016473,-0.001277807590793393,0.05850653020650948,2.0
0.5435648547464865,-0.9671901683026951,1.3342439466200748,-0.002119258282021909,0.0
0.5435648547571712,-0.9671887602810911,1.3292520109670805,-0.006415502038230529,0.0
0.5598736417239041,-0.6925158972899195,-1.4786851208987328,0.00883547793379865,1.0
0.5435648553290578,-0.9671877060491242,1.3285959584050644,0.025734330141628153,0.0
0.5598736415258943,-0.6925179770060818,-1.4826158271183738,-0.0040368202023282436,1.0
0.5435648544480162,-0.9671884810567303,1.3321598262577634,-0.04858204994258443,0.0
0.5435648549402315,-0.9671892732661403,1.3340994783209938,0.06650227398740342,0.0
0.5435648549295499,-0.9671895448497518,1.3288503137771135,-0.030102830472576083,0.0
-1.7317881820410914,0.05405116873801692,-0.0017737513186177518,-0.022647180087715834,2.0
0.6271579202186438,1.6078102668862484,0.15968745381306948,-0.010561358396781685,3.0
0.6271579199308268,1.6078102926726114,0.16397338956219143,0.026570923970287066,3.0
-1.7317881820017063,0.05404931944518188,-0.006776041765418658,0.004021729975317811,2.0
0.5435648548232203,-0.96718994077894,1.3367177092696538,-0.04905738189405558,0.0
0.6271579193731747,1.607813325645899,0.16178936608517494,-0.055200478003309406,3.0
-1.7317881812974614,0.05405104886479469,-0.009822732363154695,0.027646666122323714,2.0
0.5435648545728357,-0.9671901411843108,1.3388074761975202,-0.07222824976182071,0.0
0.5435648541637395,-0.9671880014746128,1.3330489336858546,0.0588469275519151,0.0
0.5435648546692551,-0.9671910481613198,1.3291586649197022,0.016525449661654448,0.0
0.5435648546710583,-0.9671908748252476,1.3369100675514516,0.014480830709607886,0.0
0.6271579196921152,1.6078117643093155,0.15709901953002448,-0.003121499015789078,3.0
0.6271579192727732,1.6078131538619438,0.16636826175557934,-0.0005892155584211497,3.0
-1.731788181669781,0.054051326333443624,-0.0019924316027334784,0.027164494800310888,2.0
0.6271579197831393,1.6078110297259396,0.1606575143213421,0.05079174517859577,3.0
0.5598736415110898,-0.6925140655080189,-1.4786279767351085,-0.05031964268634531,1.0
-1.7317881816584075,0.05405321362763212,-0.00801219332333833,0.0401816294132871,2.0
0.6271579198785473,1.6078079195696204,0.1608447543846628,-0.03388310882995765,3.0
0.5435648548531045,-0.9671902437412851,1.3324664540912246,-0.03865352447781424,0.0
0.6271579200919295,1.607812442945666,0.15960663366545225,0.05195846166960964,3.0
0.6271579198305611,1.6078117049650673,0.15381495515661658,0.008964494564537457,3.0
0.5598736415669902,-0.6925187545799111,-1.4810116631702095,-0.022914285967263293,1.0
0.5435648543672447,-0.9671904503371883,1.3307369395530022,-0.008240644474168982,0.0
0.543564854813622,-0.9671882718630443,1.3317613171621523,0.009939168991007004,0.0
0.5598736414409189,-0.6925185055013342,-1.477578034714068,-0.04304160869891741,1.0
-1.7317881806978725,0.05405280742236365,-0.004735578077307081,0.05148279336133146,2.0
0.5598736414559498,-0.6925171861899624,-1.4818379254886362,0.011381202382790627,1.0
0.6271579200495215,1.607811551763989,0.1566609415259735,-0.03768264435221476,3.0
0.6271579203525278,1.607809572759688,0.16053072189014692,-0.026074574735447657,3.0
-1.7317881814656448,0.054049965424321125,0.00037344821749748234,0.04218666062500906,2.0
0.5435648549256743,-0.9671873994876595,1.3361521982990294,-0.012597102671889553,0.0
0.6271579202105936,1.6078105998585481,0.1670501892963888,0.014320244409968184,3.0
0.5598736411052759,-0.6925181541051728,-1.4754022805768272,-0.011621369603302201,1.0
0.5598736412373803,-0.6925129040360333,-1.476271213777994,0.024364985331833226,1.0
0.5435648542988949,-0.9671924348723303,1.3303744074328845,0.014504525313855694,0.0
-1.7317881806279682,0.05405179740807719,-0.009896664161639996,-0.01583706585090244,2.0
0.627157919925761,1.6078093082402112,0.16002746264222817,0.038530828568205236,3.0
0.5598736414236662,-0.6925165724166741,-1.477381381244973,-0.02230830026419141,1.0
0.6271579198654659,1.6078114411800866,0.15781248885805885,-0.07026929753099727,3.0
0.5435648543204324,-0.9671858010026905,1.3290202973524856,0.039994874651599004,0.0
-1.7317881815066094,0.05404970577596411,-0.0074974692034974165,-0.029839078118679696,2.0
0.5598736411388936,-0.6925136729851796,-1.475362079730323,0.005002441710678924,1.0
-1.7317881809460725,0.05405301218979893,-0.009843715170450483,0.08079566727315227,2.0
0.6271579206778681,1.6078117630237385,0.1566048397816605,-0.00826046108055362,3.0
-1.7317881814579688,0.054049059363054826,-0.007834775894196861,-0.030331492437865672,2.0
0.6271579199881842,1.6078099303379727,0.15977784448691434,-0.05146073435346557,3.0
0.5598736415426221,-0.6925158798062603,-1.4798257668678811,-0.03677489649548344,1.0
0.5435648548755999,-0.9671899059164993,1.3309144251859903,0.017518001105633913,0.0
0.6271579200829852,1.6078085333971297,0.157011803459401,0.015495990593582195,3.0
0.6271579195674574,1.6078091505172083,0.1525053543156708,-0.0093993750917938,3.0
0.559873641496296,-0.6925185942890392,-1.4801140162148814,0.028456034647038147,1.0
0.6271579199930793,1.6078135580981194,0.16588068700163675,0.08859585826499528,3.0
0.5598736416598865,-0.6925174612367672,-1.481787548379436,0.00879862256146832,1.0
0.543564854292454,-0.9671896439135735,1.3351542291928291,-0.07013961281741686,0.0
0.5435648545107196,-0.9671873817553952,1.3259330468490769,-0.0387591541141872,0.0
-1.7317881816733358,0.05404830006207002,-0.007078251383966128,-0.06020010681339584,2.0
0.5435648544617947,-0.9671898125377246,1.3333149902825865,-0.0018528234295839587,0.0
0.5598736412786515,-0.6925156331615668,-1.4773160471643554,-0.02059944068334348,1.0
-1.7317881808306728,0.05405053506505608,-0.009185813692943207,0.022404870586015067,2.0
0.5435648545913383,-0.9671896136002249,1.333152155304115,0.03423433513360797,0.0
0.5435648544883663,-0.9671904304139903,1.331040028761416,0.00400800418291555,0.0
0.5435648545681125,-0.9671901807721255,1.3368889727445943,-0.06933790545189317,0.0
0.5598736415110036,-0.6925154809832427,-1.4831848480138097,-0.012880182035366707,1.0
0.627157919787954,1.6078105370007565,0.16616772073987768,0.015269923974203469,3.0
0.5435648548044191,-0.9671897467101678,1.3350228898627734,0.014875617799083118,0.0
0.5598736415981167,-0.692511515141359,-1.481140915877719,0.03889950060284193,1.0
0.6271579198991937,1.6078102428977208,0.16381449384792018,0.02323165242973977,3.0
0.559873641319803,-0.692515505155503,-1.4818181866534865,-0.01724633545059436,1.0
0.5435648542110522,-0.9671878982074087,1.3310867613695019,0.047913774494866515,0.0
0.5598736417480691,-0.6925166905639514,-1.4735118258856883,-0.02467489278962984,1.0
0.6271579204821309,1.6078114171733036,0.15715957601713926,-0.014813110062935366,3.0
0.5598736419514152,-0.692515332175332,-1.4770543689971596,-0.03986512953125212,1.0
0.6271579202828743,1.6078125735342257,0.16899280602611824,-0.009206666751357844,3.0
0.5598736414818983,-0.692514878916618,-1.482986375533776,-0.03876695677276303,1.0
0.6271579200405385,1.6078118119474745,0.15936506767584402,0.0365371295308533,3.0
0.6271579192614515,1.607811491070092,0.1653762341805194,0.00680060058534075,3.0
0.5435648546108037,-0.9671857049949738,1.3310631162611162,0.009034825926982262,0.0
0.6271579201032446,1.6078099473275311,0.1634985890928397,0.005381768574713533,3.0
0.5435648544011342,-0.9671905611728963,1.323923194664376,0.10011961340737303,0.0
0.5598736415179005,-0.6925173364708767,-1.482717745864259,0.03644428661393325,1.0
0.62715791959017,1.6078106799144378,0.15699132913065839,-0.07212494155817468,3.0
0.6271579202014675,1.6078087220388888,0.1642866692705268,0.00864911258781421,3.0
0.55987364094238,-0.6925161999649307,-1.4785563520208413,0.012384541927138148,1.0
0.5598736416169933,-0.6925157107226451,-1.4807656810560037,0.027347821281296057,1.0
-1.7317881819303966,0.054050458314643106,-0.002050839792412306,-0.05220117526390342,2.0
0.6271579196077924,1.60781293033232,0.15769930035019858,0.0223099673185979,3.0
-1.731788181549996,0.05405259438393414,-0.003791781794535939,-0.08837665108988885,2.0
0.5598736416182736,-0.6925151770404337,-1.478637078511192,-0.06673760836116338,1.0
0.5435648547125957,-0.9671908352517887,1.3315931147437732,-0.003962284900140705,0.0
0.5598736414685817,-0.6925154360143723,-1.48121217897236,0.02002878273903473,1.0
0.6271579204086096,1.6078121992643533,0.16189300239931734,-0.009040110204860617,3.0
0.5435648547820952,-0.967189677731709,1.336582937204642,-0.01932811334998196,0.0
0.6271579196999694,1.6078116433368694,0.1605939275824709,-0.022809718032968294,3.0
0.5598736411417163,-0.6925157112842183,-1.4796770594871067,-0.005131597825320074,1.0
0.5598736410945562,-0.6925158507398386,-1.4835235043749062,0.010760674840102194,1.0
0.5598736418199737,-0.6925166670483499,-1.4758112370594945,0.07429997381263125,1.0
0.6271579189416062,1.6078123224011516,0.15785051492756674,-0.03288460139378749,3.0
0.6271579197759798,1.6078113608470677,0.15703164068292005,0.015272478408268307,3.0
-1.731788181817407,0.05405110557046893,-0.000897579619959032,-0.022293886622196477,2.0
0.5435648546302306,-0.9671889108308334,1.3390076033579608,0.013274105585127089,0.0
0.5598736416772326,-0.6925151985879787,-1.4799246190345168,0.02482602795341147,1.0
0.6271579200789162,1.6078104216280884,0.15867641588359943,-0.07528299400846054,3.0
0.62715792053613,1.6078103421860732,0.15310734904067927,0.022912344027591982,3.0
-1.7317881813310458,0.054048178990109684,-0.00885889134673537,-0.028381839905466773,2.0
-1.7317881816082996,0.05405069173485656,0.0011222139313022792,0.014220330954143618,2.0
0.6271579197603396,1.6078122938094805,0.16280628402153097,0.03271530570230126,3.0
0.5435648549179464,-0.9671918710525966,1.3311764408203102,-0.010021001108350027,0.0
-1.7317881812872729,0.0540474888441236,-0.0004203586243838329,0.03068196670616638,2.0
0.5598736418447504,-0.6925177804269572,-1.4773538480944315,-0.02758342338692358,1.0
0.5598736414854123,-0.6925151495440541,-1.4811581789157937,0.05540268953924844,1.0
0.6271579196923289,1.607810771404326,0.15609535387825718,-0.06342330790168763,3.0
0.5435648548318518,-0.967190457329516,1.3358197800904732,0.015713963608504963,0.0
0.6271579203557346,1.6078117667742857,0.15965188532713687,-0.01630057577821126,3.0
0.5435648540736199,-0.9671897266343328,1.3354810572334939,-0.005918845012191787,0.0
0.5598736415187788,-0.6925158004449705,-1.4769024037583751,-0.04512978796500501,1.0
0.5598736412755541,-0.6925140154471995,-1.4721743131751437,0.01570406946474311,1.0
0.5435648546244017,-0.967190717094824,1.333136848893289,0.03183958799523293,0.0
0.6271579203087679,1.6078131160034865,0.16123888501189346,-0.018377556299538446,3.0
0.5598736417639759,-0.6925158043236308,-1.480370907139132,0.03610303284101242,1.0
0.5598736410733414,-0.69251753983751,-1.4729784846097265,-0.00018580684416041838,1.0
0.5435648543845308,-0.9671915280300016,1.3331252461988194,0.01548741844343004,0.0
0.5435648543628956,-0.9671913389551157,1.3341867806854633,0.037573798558021766,0.0
0.6271579189904579,1.6078104026855953,0.15565457097280005,-0.026933203066791932,3.0
-1.7317881814090095,0.05405062654793591,-0.0037987145817320583,-0.022881739668909957,2.0
0.5598736419128663,-0.6925161608826127,-1.473826540432256,-0.06828398010039748,1.0
-1.7317881815747747,0.054050376230536996,-0.009480067307145928,-0.03223383601299678,2.0
0.6271579195058128,1.6078091077164904,0.1624576364995218,-0.06875522750798675,3.0
0.5435648548333729,-0.9671880906272897,1.334569991531322,-0.004588236935388938,0.0
-1.7317881815810239,0.05404888966587394,-0.002519004124829245,0.030785158194140193,2.0
0.5435648547244731,-0.9671880097731074,1.3332754899317922,0.02485216112541597,0.0
0.559873641306519,-0.692515864754088,-1.4743867866663969,0.07234134364845528,1.0
0.6271579198547157,1.6078101312482052,0.16070616835702675,-0.00996010266334675,3.0
0.5598736407393053,-0.6925140687785805,-1.4737227075237698,0.009244300571939743,1.0
0.6271579199740444,1.607812136970583,0.1561603970439324,-0.05239531104019002,3.0
0.5598736411417164,-0.6925155939386468,-1.4815632891997181,-0.0278111918520942,1.0
0.5598736411991738,-0.6925141925582721,-1.4784891221722214,-0.001613725354739008,1.0
0.5435648554259774,-0.9671892022460857,1.332759653546054,0.025724886006265428,0.0
0.6271579206943516,1.6078107820490855,0.1632597275779581,0.031269789326792904,3.0
-1.7317881806571072,0.054049636710697964,-0.0021168133539199124,0.00934660583578978,2.0
0.6271579199674296,1.607811196097196,0.1537627848870955,-0.04220825053922995,3.0
0.5598736413079669,-0.6925190196175746,-1.4810508442566033,-0.09042270146774581,1.0
0.5435648548312966,-0.9671915964572612,1.3311124131312018,0.015410937577314269,0.0
0.5598736417768162,-0.6925135965421386,-1.4788456612436385,0.0039172997064875256,1.0
0.6271579192839937,1.607810333436109,0.16306915922682397,0.000831206602149684,3.0
-1.7317881812386022,0.05405047054532917,-0.004328182731198939,0.022874542354836217,2.0
0.5435648547479779,-0.9671890392637545,1.335325140744838,-0.05883090050628288,0.0
-1.7317881804855577,0.054050099672208966,-0.010882755450161046,0.021420700571395095,2.0
0.627157919603668,1.6078103311590914,0.1614125199920508,-0.0482927357031386,3.0
0.559873641665593,-0.6925146535273301,-1.4776077756200503,-0.011279088325621255,1.0
-1.7317881821172703,0.05404851065311986,-0.009257523818827234,-0.028832327483204426,2.0
0.6271579197676989,1.6078107279862843,0.15608837101298642,-0.031405163282614744,3.0
-1.7317881815504599,0.054046973871091065,-0.002125856760705482,0.0018714143022800936,2.0
0.5435648549973138,-0.9671852488892171,1.336144982124158,-0.032172899765186,0.0
0.6271579194454284,1.6078113373391179,0.15333109983634222,-0.00653789897524713,3.0
0.6271579197463227,1.6078131280657106,0.16647976099720424,0.04737757177318436,3.0
-1.731788181797773,0.05404979397334773,-0.0025433077312566727,0.03326531659426116,2.0
0.5435648549581518,-0.9671904170975412,1.3327932305869152,0.04323924561101041,0.0
0.543564855383065,-0.9671876031901575,1.3346201035384755,-0.04770157650701923,0.0
0.559873640926656,-0.6925145505372281,-1.4787342124992409,-0.02682846296671018,1.0
-1.731788181174775,0.05405206649764262,-0.0005757354607600338,0.017492207117981988,2.0
-1.7317881817355467,0.054048270196915646,-0.004189186888704167,0.0023959081563298457,2.0
0.5435648550033202,-0.9671884644309727,1.3335096680094929,-0.01824370082405674,0.0
0.5435648549270673,-0.9671900151466757,1.3352716575247443,0.007969069002822973,0.0
-1.7317881807153157,0.05405002164880145,-0.007147664344034854,0.01627460250161231,2.0
0.627157919641939,1.6078116981730328,0.15836954225217392,0.004834413153723107,3.0
-1.731788181635243,0.054049466208628744,-0.005145175723960097,-0.017788973937287355,2.0
0.5598736416388346,-0.6925165179942283,-1.483759759129718,0.012715510795297476,1.0
-1.7317881805909585,0.05404964815837838,-0.009348790472088555,-0.010599820710847046,2.0
0.5598736409566677,-0.6925186373795428,-1.4799703846236127,-0.061553200286582815,1.0
0.5435648547663234,-0.967191658683327,1.3360382780132458,0.012842479677701517,0.0
-1.7317881809943636,0.054049508343015425,-0.00579410663961423,0.03446043105040725,2.0
0.5435648536704565,-0.9671882523844202,1.3313275651610532,0.024528499801610773,0.0
0.5598736413448546,-0.6925154705986614,-1.4798610731046777,-0.07528860606494628,1.0
0.543564854744908,-0.9671915733739965,1.3325613452663494,-0.00371185728812234,0.0
0.6271579192440304,1.6078089660989572,0.16305124984017683,-0.02086674537678812,3.0
-1.731788182505162,0.05405073523897082,-0.011647724706686065,0.01863106876714337,2.0
-1.7317881815777807,0.054050147088858205,-0.007917834393956456,-0.012896298071387926,2.0
0.6271579194018572,1.6078112790302348,0.16417347850100233,-0.01822612055057157,3.0
0.6271579201807692,1.6078126996874929,0.15446698099847908,-0.0439057705564612,3.0
0.5598736418016164,-0.6925174127971025,-1.4728895886494309,-0.008803939260310116,1.0
0.5598736417874735,-0.6925186767320254,-1.4785190573710758,-0.006197914125867491,1.0
0.5598736415768077,-0.6925149208240522,-1.4788128859905931,-0.053867266218240235,1.0
0.5435648546087285,-0.9671893709175406,1.3394942275934325,0.03096536930244692,0.0
0.5435648543974912,-0.967189834682322,1.3328710337919962,0.0043261878841365405,0.0
-1.7317881813197382,0.0540510540905212,-0.002425530239654421,-0.015737181568400815,2.0
0.5598736417242688,-0.6925154116157177,-1.4748871060435818,-0.09184892914355382,1.0
0.5598736422925059,-0.6925171826666717,-1.4698519834379387,-0.0024591427640444064,1.0
-1.7317881809848568,0.054047532946268635,0.002662796597374726,0.007848441487653568,2.0
0.5598736416365583,-0.6925180440553409,-1.4790013411226501,-0.03743687005661933,1.0
-1.7317881817376144,0.05405126408231375,-0.0041583899464104485,-0.09291253673125827,2.0
-1.7317881819709458,0.05405126641948034,-0.004878620797237709,0.01257656379222978,2.0
0.5598736415179704,-0.692516074824689,-1.4781678881615108,-0.02809595199991801,1.0
-1.7317881815569542,0.05405196087420624,-0.005836958287978205,0.02434384536532381,2.0
0.559873641386855,-0.6925160385052231,-1.47785006932138,-0.08684767507303046,1.0
-1.7317881813217533,0.05405065038563487,-0.0043828545783698054,0.007166464032669628,2.0
0.5435648548917387,-0.9671893827549395,1.3312433960728083,-0.025945358960178532,0.0
0.5598736411918259,-0.6925176078002315,-1.4789964038998245,-0.09053126599011413,1.0
0.559873642210187,-0.6925152773841678,-1.4731950696483733,0.05329227475950938,1.0
0.5598736414689902,-0.6925163053041443,-1.4756418236020084,-0.06655290278870318,1.0
0.5435648548351221,-0.9671916898218106,1.3393207743748192,0.041106451472314155,0.0
0.5435648550175484,-0.9671920010580712,1.331752143612185,-0.055551258776349415,0.0
0.5435648545176219,-0.967188511369444,1.335260494865622,-0.012366045245075017,0.0
0.5435648550905281,-0.967191526310628,1.3349500455399117,-0.005855099451424516,0.0
0.5598736416820708,-0.6925157213956274,-1.473111062262,-0.02234635498412919,1.0
-1.731788182073576,0.05405110784420523,-0.0008248208030866225,-0.034149980513800145,2.0
-1.731788181067123,0.05405199558804783,-0.0007600820678136635,0.003278305743046591,2.0
0.5598736415376825,-0.692513692404125,-1.4761666339444588,-0.047769505129163156,1.0
0.6271579200965435,1.6078126936484458,0.16197015830206565,0.01890295904604719,3.0
0.5598736415474155,-0.692514475964539,-1.484638480429636,-0.02371243390162798,1.0
-1.7317881811337466,0.05404880992769496,-0.0028616338611787214,-0.005827574313056124,2.0
-1.7317881811881,0.054050784384627466,-0.007641985345767398,-0.043217726479467325,2.0
0.5435648544987399,-0.967191710587508,1.3355002281003046,0.03242856793316085,0.0
0.6271579198259859,1.607815340599751,0.1611339423087909,-0.03630937977426664,3.0
-1.7317881812924256,0.05404908160871767,-0.005786694889561093,0.0442698908074062,2.0
0.5598736416726132,-0.692516708701072,-1.4734937840819675,-0.04985137865418392,1.0
0.559873641402377,-0.6925175856067597,-1.4805020927847687,-0.040519816126208426,1.0
0.5435648549015287,-0.9671894370483155,1.3319439438479603,0.0328378362656667,0.0
-1.7317881820085101,0.05405014230760512,-0.002921212962521,0.048702739370327305,2.0
0.6271579198555688,1.607812211597953,0.16044023659230772,-0.004157915862440478,3.0
-1.7317881808457154,0.05405049208245299,0.0012924491656020425,-0.03741806304627855,2.0
-1.7317881820726697,0.05405191652956913,-0.005837147595136679,-0.02033955580496298,2.0
0.5435648554059747,-0.9671895626081709,1.331151748741436,0.02389258240464965,0.0
-1.731788181392069,0.05404744289766099,-0.009433851449792079,-0.0006856355073360789,2.0
0.6271579196526703,1.6078105331628016,0.15958289320988306,-0.019879076068137175,3.0
0.5435648546231994,-0.9671900692435671,1.333503195102971,-0.049741263266208535,0.0
0.5598736415135106,-0.6925182914523809,-1.478736663442905,-0.04518332664450245,1.0
0.5435648543267153,-0.9671903244493589,1.3340326397906057,-0.011242109606146774,0.0
0.5598736415550932,-0.6925145614220111,-1.4642133322227746,-0.0626688764133267,1.0
0.5435648551534609,-0.967187709950864,1.3331604279103666,0.014145848174056376,0.0
0.6271579195233591,1.6078111611612533,0.15900851815072273,-0.05545222452440146,3.0
0.6271579197772151,1.607807761738959,0.15598640196696842,0.008660412913124733,3.0
0.5435648543582715,-0.9671900707470089,1.3286487777332696,0.020966239930720866,0.0
-1.7317881818170127,0.054051575583668986,-0.00405713865247716,-0.059679361625058526,2.0
0.5598736420289885,-0.6925142210356351,-1.4796987210023569,-0.0015535698564683833,1.0
0.5435648552980732,-0.9671889395533089,1.3329720450576867,0.026157291421205108,0.0
0.5598736413604068,-0.6925153349517933,-1.4804937571340324,-0.08829552977845086,1.0
0.5435648543358929,-0.9671912521494042,1.3300962214831282,0.07696680377344788,0.0
0.6271579192283027,1.607810893884729,0.1589151159497994,-0.034583647807034434,3.0
0.6271579198833582,1.6078110226315316,0.16144270878073017,0.054202964234830196,3.0
-1.7317881819165712,0.05405090806814648,-0.004371907466323274,-0.03963821011118169,2.0
0.5598736421135955,-0.6925135828605917,-1.4776047459494588,0.046491069190912566,1.0
0.5435648552212698,-0.9671899820757773,1.3303475127923219,0.027153478508666142,0.0
0.5598736414158452,-0.6925189453495879,-1.4849381892752793,-0.1010145199653863,1.0
0.5435648554677454,-0.9671923308145931,1.3261722917683076,0.05073818932578981,0.0
0.6271579198733204,1.6078107915372009,0.15777263683502074,0.007388083837127025,3.0
0.5598736406704423,-0.692515474101355,-1.4804135297339769,-0.0013547208460342969,1.0
0.5598736412485669,-0.6925155069362703,-1.4811923242034597,-0.019226016641200962,1.0
0.5598736415617419,-0.6925156455109753,-1.4785506105570956,0.03711648875092111,1.0
-1.7317881816201488,0.054048995866366495,-0.003272435723253039,0.005990711408042849,2.0
0.5435648552604716,-0.9671882948165083,1.3273525078521702,0.02738697751072841,0.0
0.6271579197838947,1.6078116761210706,0.160080968668651,-0.017895002610958995,3.0
0.6271579197373562,1.607811619743456,0.15743470365709125,0.028991707886744492,3.0
0.5598736419014172,-0.6925155267534726,-1.4755262852852378,-0.007607290759677803,1.0
-1.7317881811578824,0.054050484244960645,-0.004960933309090399,-0.06186632361293575,2.0
-1.7317881816493543,0.05404985784155967,-0.002365072424309385,0.01245828309164612,2.0
0.6271579202525209,1.6078114319419432,0.1495112861628792,0.05027722159338524,3.0
0.5435648550268717,-0.9671883637274231,1.3324179749476048,0.011345067459633592,0.0
-1.7317881813931366,0.054050675554165324,-0.0028690297933931623,-0.03918630811047725,2.0
0.5435648543500003,-0.9671892056196988,1.3264573693611919,0.047370116804043357,0.0
0.5435648540589134,-0.9671889857078835,1.3300103986919236,0.061762425162844546,0.0
0.5435648543476178,-0.9671881597877318,1.33086763557364,0.012854034219285035,0.0
0.559873641091717,-0.6925187058400141,-1.4796437346130091,-0.03252543608071857,1.0
0.5435648553103244,-0.967186337781047,1.329387614107496,0.050262300175525784,0.0
0.5435648547130074,-0.9671889029961891,1.3316617989344337,-0.005708179033712651,0.0
-1.7317881810880504,0.05405166948032474,-0.0011617342879853192,0.06255407461903534,2.0
0.5598736410957669,-0.6925164967118267,-1.4718696642101872,-0.0565541322821917,1.0
0.6271579201341941,1.6078111307291252,0.16271770182147235,0.04280431882791833,3.0
-1.73178818045282,0.05404887482230087,-0.00679759652023139,0.03380495044943674,2.0
0.5435648544401116,-0.967189581721713,1.3232275031745018,0.05375827880362246,0.0
0.6271579204033932,1.6078113367316564,0.1596998196172098,0.004203890836782063,3.0
0.5435648549754836,-0.9671883745003074,1.3281156583556726,0.038527406526969725,0.0
-1.7317881813556633,0.0540490353593126,-0.0031089407386675266,0.0277360834710715,2.0
0.5435648550256471,-0.9671912503272461,1.32980262002336,0.018353483988022022,0.0
0.6271579204614006,1.6078106130739875,0.16048487888746657,-0.039659251892056754,3.0
0.5435648547913083,-0.9671906403234245,1.3321233834456332,-0.0007993566153280546,0.0
0.5598736416096713,-0.6925130108416735,-1.466994219762541,-0.05785558511550659,1.0
0.5435648543707579,-0.9671919109970193,1.3296754918639462,0.014510446382028195,0.0
0.5598736424898889,-0.6925172173038131,-1.4837530163266937,0.0032978140477187235,1.0
0.5598736416457474,-0.6925129333715471,-1.4792933352293793,-0.07315508210562659,1.0
-1.7317881812592766,0.054050474603485436,-0.002041159125829817,0.049713203205490074,2.0
-1.7317881810999887,0.05405095152194718,-0.010512782586674548,-0.00295176617620841,2.0
0.5598736418578041,-0.6925184671932155,-1.4760154340628981,0.014731613711822713,1.0
-1.7317881816318723,0.0540517038687444,0.002835827312179275,0.02105056073628955,2.0
0.5435648547462336,-0.9671901493461071,1.330850962754717,0.013920821027512392,0.0
-1.7317881809122186,0.054051547652845415,-0.006980445260660238,-0.031225298551295647,2.0
0.5598736419671619,-0.6925173687347685,-1.4757334878359818,-0.007049558028842481,1.0
0.6271579196598678,1.6078143620246108,0.16203827521452926,0.025766723805015403,3.0
0.5435648547836445,-0.9671913701414514,1.3304108766766531,0.034544959165539964,0.0
0.5435648547894582,-0.9671904437585888,1.3321648128234396,0.007852682158315104,0.0
0.5598736425105683,-0.6925136886085701,-1.4763215289408116,-0.030614877566919715,1.0
0.6271579199709442,1.607810976184222,0.1577908801242906,0.03862738706078628,3.0
-1.7317881823540215,0.05405024287554411,-0.0006798305316117417,0.030617692248322934,2.0
0.6271579204679454,1.607809877281957,0.17144845736518707,-0.005210445521469364,3.0
0.5598736413631694,-0.6925175093829695,-1.4716872909162455,-0.011780507525106764,1.0
0.5598736419414568,-0.692517007635484,-1.4735063921481133,0.025694795512622545,1.0
0.5435648546266172,-0.9671911113150137,1.3352981680527993,0.010764560533398977,0.0
-1.7317881819485756,0.05405132267861985,3.408523486650056e-05,0.020002260255877462,2.0
0.5435648547918682,-0.9671874337425439,1.3278787650266006,0.03278956871114114,0.0
-1.7317881810635039,0.054048275972958235,-0.004806522608814131,-0.00847117415229433,2.0
-1.7317881810494327,0.05404694659000747,-0.008021206752684343,0.0038163540443907655,2.0
0.5435648543406287,-0.9671886373143906,1.3272835194161814,0.03742390445097751,0.0
-1.7317881824968813,0.054047639195918755,-0.005715355671517317,0.013048635868694385,2.0
0.5435648549101141,-0.9671897417671899,1.3336270372305459,0.033233020310850625,0.0
0.5435648541519528,-0.9671904601142051,1.3349309129811595,-0.001601701657734918,0.0
0.5598736423215783,-0.6925172393041116,-1.4764255499127616,0.01371681834373261,1.0
0.5435648549840317,-0.967189446160255,1.326912613807781,-0.030863826059116223,0.0
0.5598736417828913,-0.692515157021424,-1.4835404418238778,-0.053693576022741565,1.0
0.5598736418851323,-0.6925152339122305,-1.4792582604281752,-0.03522631427038489,1.0
0.6271579204784088,1.6078133998707802,0.1505645569643957,-0.02339776484468147,3.0
-1.7317881813470937,0.05404819671885575,-0.005045570715158475,0.047563043994148214,2.0
0.6271579200125159,1.6078091890340538,0.16184906350422038,-0.015050099611650877,3.0
0.6271579200833921,1.607812557909252,0.1602990393378907,0.03941144390234018,3.0
0.5598736420952198,-0.6925158437937928,-1.480692800462157,-0.004099093811048079,1.0
0.5435648547430459,-0.9671916140581727,1.3265880116262814,-0.09216282003384768,0.0
0.5598736418701149,-0.692515936304114,-1.4838325528285297,-0.08850991602397108,1.0
0.5435648542484144,-0.9671879406549513,1.3373951199505292,-0.03716602135007693,0.0
0.5435648541817432,-0.9671901424980542,1.33209375998894,0.04513041448196413,0.0
0.5598736411319662,-0.6925160155473189,-1.479709263902992,-0.00874214105825402,1.0
0.5598736413122622,-0.6925185457352881,-1.4786257030189243,-0.07358328544558222,1.0
-1.7317881810736346,0.05404590625120853,-0.008712334776815754,0.005603577029053742,2.0
0.6271579200233669,1.607809202738421,0.15350186441227728,0.020376777405996464,3.0
0.6271579199831309,1.607811878031337,0.16302352241492682,0.03431762733515249,3.0
0.6271579198785654,1.607807055927623,0.16439465703819542,-0.011206299183244466,3.0
0.627157919948621,1.6078098075109395,0.15582600337065128,0.013008770588019991,3.0
-1.7317881816406755,0.05405233696359595,-0.004704822435721806,-0.000704092551801767,2.0
-1.7317881822800514,0.05405167485132177,-0.004037820023112541,-0.07976374839356042,2.0
0.5435648547169554,-0.9671899233679028,1.3265816391647751,0.037133749597681974,0.0
0.5598736412780797,-0.6925181187463147,-1.4800552408109955,0.0009908951086583099,1.0
0.6271579201163187,1.6078121506737317,0.1639180669443438,0.023468379676436626,3.0
0.5598736412323934,-0.6925155703072813,-1.4789458125973522,-0.04016913007346375,1.0
0.5598736412453906,-0.6925163441984239,-1.4736252522091513,-0.03777154479254308,1.0
-1.731788181515429,0.05404822710776682,-0.0019260624750620766,-0.03277192155285255,2.0
0.5435648548189518,-0.9671913922877373,1.340635592173981,0.017029197740889557,0.0
0.6271579201531867,1.607813047483631,0.16107686358649473,0.06256068875255412,3.0
0.6271579192344866,1.6078132468690418,0.15850129615814626,0.009794256056114222,3.0
0.5435648550235019,-0.9671872194862381,1.3357104781889442,-0.0007455576261206514,0.0
0.5435648552396691,-0.9671914775895812,1.3345537069937348,-0.027504525907730858,0.0
0.5435648543848619,-0.9671870092957577,1.3331679569078243,-0.06552039726566236,0.0
0.5435648543274075,-0.9671906027947179,1.3381813512323883,0.04930791796058926,0.0
0.6271579196586503,1.6078113496539497,0.1580193086200345,0.02745394279184995,3.0
0.5598736406345693,-0.6925195587972793,-1.4839441597873613,0.03881953824847963,1.0
-1.7317881817245737,0.05405088808118079,-0.004053229577644461,-0.05257639846281925,2.0
0.6271579202495683,1.6078086462881693,0.1595053345873378,-0.005416263652816463,3.0
0.5598736415757708,-0.6925160377424483,-1.4872779551381554,-0.04896495673633973,1.0
0.5435648549052075,-0.9671876538679454,1.3309588151109673,0.015066416843051197,0.0
0.5435648544222295,-0.9671876358589396,1.333380146478904,0.009376019078772838,0.0
-1.7317881810966487,0.0540466668196474,-0.0010448266367072143,0.014019949003997823,2.0
0.5435648547769877,-0.9671912496302566,1.3320095187163101,0.029744304768960287,0.0
0.5598736416050188,-0.6925138794958794,-1.4773929497006097,0.023640545044974377,1.0
0.627157919925994,1.6078105462564236,0.15653567895154846,-0.008683268811831967,3.0
0.5598736413701116,-0.6925165561328545,-1.4813941818405396,-0.04832796258571799,1.0
-1.7317881809270625,0.05404995224962781,-0.001550081506624589,-0.008585103893599295,2.0
-1.7317881814901694,0.05404617688245112,-0.003316343055161852,0.014360837983178451,2.0
0.6271579194939294,1.6078125233245328,0.1573681257589171,0.0018794383568170204,3.0
-1.7317881817079888,0.054049087825864685,-0.003690777002904443,-0.001693984265554805,2.0
0.5435648546051018,-0.9671912793794674,1.3339197324878431,0.030009286797275523,0.0
-1.7317881817402556,0.05404804346420282,-0.006718016159966078,-0.019975139940012408,2.0
0.6271579199201316,1.607813451801175,0.1683452759581102,-0.02623995100959149,3.0
0.5435648548183359,-0.9671913517516317,1.3386222885858883,0.06287701259215976,0.0
0.6271579190829865,1.607809531536012,0.16017834310769483,-0.016876704431420465,3.0
0.5435648547284821,-0.9671905146011145,1.3284536202431731,0.07403612324463021,0.0
0.5435648546126514,-0.9671896949203408,1.323635810616306,0.027470543977041396,0.0
0.5598736416926812,-0.6925149943602454,-1.4787192846283288,-0.036767336531393593,1.0
-1.73178818113719,0.05404797726217097,0.003809224943571045,-0.01654030516520682,2.0
0.6271579202477999,1.6078137073170504,0.15714580823734095,-0.049965608569689776,3.0
0.6271579199764604,1.6078117953233488,0.15545561831424612,-0.02562059346631684,3.0
0.559873640969901,-0.692516752287726,-1.4802702732275836,-0.037435297225889994,1.0
-1.7317881803684105,0.054049842784339726,-0.0031162176208282236,-0.002365923021123141,2.0
0.543564855369143,-0.9671888720190901,1.3294320363900938,-0.007711504523857397,0.0
0.6271579199502134,1.6078092906901307,0.15799195580976866,-0.0236457470618805,3.0
0.6271579197781572,1.607810080505021,0.1559355881512381,-0.030216877964549037,3.0
0.5598736413219174,-0.6925175288605167,-1.4848930108442047,0.028649204367393342,1.0
0.5598736408322296,-0.6925178459916878,-1.4819866043675523,-0.018095399776005484,1.0
-1.7317881813019627,0.05405005139086927,-0.004625147624754965,-0.018951386065803717,2.0
0.5598736419450774,-0.6925155549344512,-1.4785601461371485,-0.02796281724001329,1.0
0.5435648548357896,-0.9671891517819365,1.3365679043025818,0.0023970273051639977,0.0
-1.7317881812807951,0.05404918502848872,-0.009746476109660514,-0.09102148709390823,2.0
0.5435648546398273,-0.9671885972178619,1.3387172533726321,-0.04096116854488767,0.0
0.5598736413501306,-0.6925150192412306,-1.4825284269446763,-0.01663190933465281,1.0
0.6271579202987665,1.607810723189201,0.15163523612516003,0.0055021412205091625,3.0
-1.7317881807105369,0.05405291357102831,-0.001338039166707054,0.0011990534490385995,2.0
-1.7317881815759573,0.05404998282054463,-0.0005039129342654746,-0.0031434682506007124,2.0
0.5598736413153571,-0.6925172626240788,-1.4742810379155848,-0.012697229952824348,1.0
0.6271579200208536,1.607812601827586,0.16531962490824112,-0.007945128040123341,3.0
0.5598736419793657,-0.6925134176778838,-1.4840734628449226,-0.003870573707859694,1.0
0.6271579199919383,1.6078093060498706,0.157264177441226,-0.07883178566586875,3.0
0.5598736418093301,-0.6925182207105163,-1.4700235080727082,-0.033879737400130505,1.0
0.627157920227294,1.6078126850161139,0.15815607621825692,-0.049978292062300714,3.0
0.5598736412733677,-0.6925160396152397,-1.4803511869520758,-0.023318549390818788,1.0
0.543564855054012,-0.9671932939944665,1.332666709755473,0.042652324026444526,0.0
0.5435648552407716,-0.9671887958374223,1.3382316357994954,0.017357226367033293,0.0
0.6271579193683928,1.607810984738321,0.15981112480429194,0.04386951421417609,3.0
0.5435648546610305,-0.9671891679273161,1.3266063271503514,-0.00872257176913711,0.0
0.6271579199209056,1.6078092053242068,0.1664371166349985,0.017905336816606495,3.0
0.6271579201644729,1.607809811010501,0.15900933001959353,-0.012147362969751989,3.0
0.6271579198555894,1.6078093793027057,0.15568775044819327,0.011803238908329827,3.0
0.5435648541387481,-0.9671910225984969,1.338243497217173,0.031502119505664415,0.0
0.5598736410131812,-0.6925134840578689,-1.4772143421577268,0.017143204899951307,1.0
0.5598736412389835,-0.6925178618126228,-1.483449128889367,-0.0533742594404821,1.0
0.6271579203170505,1.607809519607252,0.16121692412571315,-0.03977158725927881,3.0
0.5598736420775294,-0.6925138229705856,-1.471439118798169,-0.037614405094486644,1.0
0.5598736414136258,-0.6925139038611738,-1.482259846462769,-0.03418794087099826,1.0
0.6271579207730785,1.60781260627795,0.1568550755261953,-0.010972644884136771,3.0
-1.7317881822075343,0.05405246337277635,-0.004613909584935549,0.010961447827730876,2.0
0.6271579198961649,1.6078094809801755,0.162712258131499,-0.020425170814273228,3.0
0.6271579193759659,1.6078134915529279,0.1620618710675252,0.03308935722540059,3.0
0.6271579203847089,1.6078108925764572,0.15546524637759032,0.023685090014024517,3.0
0.543564854482696,-0.9671900831565564,1.3389797292745436,-0.07827393201275643,0.0
0.5598736419321053,-0.6925156963380923,-1.4834404603649332,-0.05019419248820183,1.0
0.6271579197979372,1.6078148526987246,0.15973198029761435,0.006015826959481972,3.0
0.5598736417332835,-0.6925188768006753,-1.479558763695969,-0.0682199166449364,1.0
-1.7317881811572433,0.054049049845814136,-0.009375831069440083,0.05150473404170241,2.0
0.6271579200468388,1.607811561988013,0.15915585479279712,0.05938448741327675,3.0
-1.7317881815218075,0.05405197130481629,-0.003519460510495144,0.03662912005968672,2.0
0.627157920022384,1.6078133084616337,0.1622618179273489,-0.0518115988067538,3.0
0.5435648549188667,-0.9671930575311348,1.3317798599057178,-0.018868689935157914,0.0
0.5435648548899704,-0.9671925162568186,1.329851118896333,0.022945536009422465,0.0
0.5598736420791043,-0.6925150731903936,-1.4831279177683563,-0.045967093667580707,1.0
0.6271579197199953,1.6078103417615528,0.15727714859800151,0.0167697479566767,3.0
0.5598736414990114,-0.6925135898738971,-1.4810077118329574,0.051117236280862656,1.0
0.6271579197093325,1.6078093463538512,0.16280919903674773,0.03201377267728004,3.0
0.5435648545318201,-0.967190293290073,1.3310114567969893,-0.027501127648907022,0.0
0.5435648545022466,-0.9671910958484843,1.3339330019672275,0.0025753965231573345,0.0
0.5435648548535789,-0.967189395701696,1.333576257753173,0.04881946395483629,0.0
0.5598736412914419,-0.6925177158623038,-1.4738572777462458,-0.03305377201614933,1.0
0.5598736413196503,-0.6925168028686178,-1.4779085827067295,-0.012107521270573834,1.0
-1.7317881815343978,0.0540489716921374,-0.007196975477952218,0.013881714830505628,2.0
0.5435648541161651,-0.9671876621964675,1.334948164447096,-0.01578617148537341,0.0
0.5598736414480672,-0.69251399667591,-1.4820753870697856,-0.06024303709164647,1.0
0.5598736408730498,-0.6925154043734004,-1.4838033599323326,0.012377798873125437,1.0
0.5598736412577545,-0.6925169208544278,-1.4759982797683233,0.005452969789002334,1.0
-1.731788181457764,0.05405120948641763,-0.005589292813899486,-0.023798906148056773,2.0
0.5435648547730834,-0.9671904091483231,1.3362798663635,0.0011608981027777545,0.0
0.5598736409615819,-0.6925141158720817,-1.4788475734133244,-0.016691275906479043,1.0
0.5598736418005734,-0.6925184804057427,-1.4873811608078382,-0.05145229819492001,1.0
0.5598736413243642,-0.6925184710041369,-1.4848844817263491,-0.04592872305698955,1.0
0.5435648542864187,-0.9671906631329836,1.3402052897764323,-0.010997651416209942,0.0
-1.7317881809972953,0.054052480119911844,-0.005546061382715467,0.03159344642955879,2.0
0.559873641600322,-0.6925147235775758,-1.4837808003249373,-0.05362332692800424,1.0
0.5598736407442744,-0.6925164678280239,-1.476568742010172,-0.011215491651787916,1.0
0.543564854610404,-0.9671897663252149,1.3377088944673012,0.049834503724819755,0.0
0.5598736409038322,-0.692518483694479,-1.4708086376914693,0.019701420256593074,1.0
0.5435648544726365,-0.9671886268244151,1.335294786794603,0.05123575248916232,0.0
0.6271579202357908,1.6078131829268847,0.15747212989031703,-0.017836310623250813,3.0
0.5598736407727329,-0.6925169122840206,-1.4824435183116764,-0.016770848482854695,1.0
0.5598736414551522,-0.6925161368584019,-1.472962434940887,0.010345382952778369,1.0
0.5435648547732987,-0.9671906166278071,1.3301032152999983,0.00792666727250899,0.0
0.6271579196057055,1.607815393145161,0.15683641123885014,-0.03305108191369402,3.0
-1.731788181790542,0.05404683902148669,-0.00716445129197278,-0.031211886837457764,2.0
0.5598736416637288,-0.6925156899994157,-1.4778042152255155,0.0006464975311142341,1.0
0.6271579201004607,1.6078082085553054,0.16149803002660296,0.05795723019105263,3.0
0.5598736416721859,-0.6925159121890512,-1.47811312726297,-0.06238947928062496,1.0
0.5435648549310446,-0.9671911386541577,1.3402260116552775,0.01958652513743915,0.0
0.5435648549252168,-0.9671865934870555,1.3358325909415165,0.04227638654215615,0.0
0.543564854160028,-0.9671909705484912,1.3317204107172305,0.045111773237166634,0.0
0.6271579197419296,1.607811988959898,0.1603613563524361,-0.021766123057135708,3.0
0.5435648552125641,-0.9671898676361323,1.3309915934542906,0.02998807309064957,0.0
0.6271579202027511,1.6078129521045406,0.15874784196097633,0.012371799247536877,3.0
-1.7317881814823528,0.054048859926887856,-0.003723238087209344,0.06637554843824549,2.0
0.6271579204318627,1.6078127515454699,0.15817944336290243,0.07510918299087428,3.0
0.5435648541266227,-0.9671906635014185,1.3264911287368215,0.05328242864945806,0.0
0.6271579200474741,1.6078143600805717,0.1633986838095632,0.016235616534399627,3.0
-1.7317881815499254,0.05405149849142937,-0.0031395514073386463,-0.024352514239420336,2.0
-1.73178818125204,0.05405073649312294,-0.005537097579962332,-0.0733328848153021,2.0
0.5435648546133683,-0.9671877580410195,1.3322844894089854,0.033182853706525135,0.0
0.6271579194901866,1.6078104198400733,0.16014555932906013,0.024557428649692306,3.0
0.6271579203916393,1.607810960405504,0.15757041064818586,-0.00667839319618431,3.0
0.5435648546993136,-0.9671882374418029,1.3313881504631986,0.008700545509750086,0.0
-1.7317881816954945,0.054050699005444146,-0.0042081719711065824,0.03827335244697307,2.0
-1.7317881812485287,0.05405027418836333,-0.00509978175668993,0.028134251845319133,2.0
0.6271579197168377,1.6078115364505188,0.15929381111797467,0.04458530235666488,3.0
0.6271579200209281,1.6078065461980378,0.16283393085002879,0.03827261552925251,3.0
0.5598736420262123,-0.6925128902833523,-1.474675720658924,0.03518051212578532,1.0
0.6271579198597901,1.6078105441591055,0.15940936956670412,-0.02927169747607433,3.0
0.6271579199071179,1.6078101960587163,0.16108486602227426,-0.004919526063902974,3.0
0.543564854576502,-0.967189949714779,1.3343289001783472,0.007123227461736258,0.0
0.6271579198222076,1.6078121792906572,0.15625284092644895,-0.03747102413612249,3.0
-1.7317881812365241,0.05405163360735478,2.5540016190471523e-06,0.04712287255441042,2.0
0.5598736420453403,-0.6925127460799736,-1.4709874200685045,-0.016079819530389564,1.0
-1.7317881812827243,0.05404972098285774,-0.0015869116970751236,-0.04721174379708206,2.0
0.5435648547603896,-0.9671904905697706,1.3304987092976914,-0.013954312567764533,0.0
0.559873641931397,-0.6925172090904776,-1.4780329200491016,0.024219093243701348,1.0
0.6271579198861629,1.6078127683672307,0.15541208777897286,-0.003253089677927228,3.0
0.6271579196432424,1.6078126265868524,0.16722265049714563,0.013961530677996327,3.0
0.6271579201138243,1.607810292732594,0.16051504442464137,0.06195198963466947,3.0
0.5598736415858463,-0.6925132882487988,-1.4728639578111118,0.04176165007406137,1.0
-1.731788181459714,0.05405039401978265,-0.004517364173884534,0.024758133380084108,2.0
0.5598736413257493,-0.6925165922192879,-1.478111515019807,-0.05039228562841005,1.0
0.5598736408818535,-0.6925163273460123,-1.4801700675467988,-0.0010943503527503196,1.0
0.5435648549454956,-0.9671886108301522,1.3345649784082236,0.009644473971380038,0.0
0.5598736411155233,-0.6925163078082367,-1.4812434862078911,-0.03273829676133384,1.0
-1.7317881808164235,0.05405006687933279,-0.0015789855732129834,-0.008762969539619728,2.0
0.5598736413624595,-0.6925145265673903,-1.479631142924878,-0.026259659787127593,1.0
-1.7317881811146278,0.05405262165051386,0.0001443026091313882,-0.05278778440659176,2.0
0.5598736420837244,-0.6925128099472599,-1.4774076629043569,-0.030297057521914177,1.0
0.6271579202057234,1.6078134407375086,0.15917278863533607,-0.03759922659559085,3.0
0.5435648547881445,-0.9671924699605473,1.328638411843886,0.0792311983312609,0.0
0.6271579194110442,1.6078113988853613,0.15598934848902243,0.03220765055273952,3.0
0.5435648551988629,-0.9671908757706195,1.3336104673470977,-0.0022864149357316806,0.0
0.6271579204859926,1.607812045810896,0.1573809591089259,0.004314342112826977,3.0
0.5435648550100118,-0.9671892135409936,1.3329073960177948,0.04029565203314013,0.0
0.627157919776983,1.6078125181729055,0.15918133202476684,-0.04747734119077887,3.0
-1.7317881813611915,0.05404914240989007,-0.0016276739780731447,0.10542966957085602,2.0
0.559873641734538,-0.6925147381723686,-1.4825383751882586,-0.020593301524377338,1.0
0.5598736418951636,-0.6925132604441402,-1.482346677985099,-0.09958467925862183,1.0
0.5435648554681063,-0.9671916351535045,1.3256784826710855,-0.013875663800352914,0.0
-1.731788181500268,0.0540477604396062,-0.007488738058437041,-0.01426646390975601,2.0
0.5598736414591894,-0.6925142868397821,-1.4718070740095948,-0.010753326472307168,1.0
0.5435648543175908,-0.9671894594420772,1.3329968465112785,0.03181513904910803,0.0
0.5598736410732497,-0.6925156860314772,-1.4810488742826304,-0.09499980587909168,1.0
0.5598736416607965,-0.6925171398170802,-1.4791327638886362,0.004056005366387163,1.0
0.6271579203844374,1.6078107314746146,0.1616497276905899,-0.0032589334358390913,3.0
-1.7317881806318447,0.05405015454290428,-0.0038509906991641856,-0.048445989010217745,2.0
0.5435648545253483,-0.9671904433498492,1.3376944412706304,-0.03361940376224197,0.0
0.5435648551316767,-0.9671886592127125,1.331978010512363,-0.008647013802300417,0.0
0.5435648542101202,-0.9671898483731257,1.3295448755141581,-0.009253494526593244,0.0
-1.7317881812629712,0.05404934852880522,-0.002894986185412331,-0.03722832017006401,2.0
0.6271579197099724,1.607811571582827,0.15692404427801424,-0.036706773341957974,3.0
0.5598736416299793,-0.6925150520459444,-1.4756780981231443,0.028213739140228185,1.0
-1.7317881813777936,0.05405107578020736,-0.009890075949855939,-0.016829681513731848,2.0
0.6271579201154104,1.6078109827567957,0.16970153914373853,-0.05708596474376572,3.0
-1.7317881823131442,0.05404670668096295,-0.012340428346716531,-0.03977025715525256,2.0
0.6271579199513658,1.6078120879819944,0.16168685954161263,0.04005078802554485,3.0
-1.731788181755568,0.05404634231362114,-0.004002799142686528,0.0038311887524418806,2.0
0.543564854752074,-0.9671885563990023,1.330989343778123,-0.015087082854697727,0.0
0.5598736409107399,-0.6925176382859822,-1.4752348905118546,-0.03713771388676515,1.0
-1.7317881813972509,0.05405061383416387,-0.006005363964790726,-0.04495888819737879,2.0
0.5598736418891965,-0.6925169258789893,-1.4758666037722616,-0.004734153335403008,1.0
0.5435648549329866,-0.9671906304021818,1.327867426702711,0.013191010365017805,0.0
0.5435648551579387,-0.9671886451317595,1.3306170774439847,0.08095993190343734,0.0
0.5435648545451734,-0.9671874584899646,1.3262499785456032,0.026469718440895046,0.0
0.6271579200720054,1.6078116786761882,0.1604734740976954,0.050401935792493816,3.0
-1.7317881818626977,0.054051179841647756,-0.00158659954656163,-0.027149045032934103,2.0
-1.7317881818643184,0.05404885101834503,-0.009548786646939547,-0.03618709618788774,2.0
0.5598736409239982,-0.6925188976100347,-1.47715784421748,-0.041873967645986436,1.0
-1.7317881819947525,0.054048580089907004,-0.003874472434841278,-0.0021446982485467648,2.0
0.5435648552582942,-0.9671896125304045,1.3320383178216488,-0.017317365497139303,0.0
0.5435648549932742,-0.9671912153278225,1.3313651396279762,-0.05049741246308956,0.0
0.5435648545863697,-0.9671903033327683,1.3323703553011452,0.0026768349498912498,0.0
0.6271579200886652,1.6078102463510164,0.16009538313507096,-0.0035788172908824815,3.0
0.543564854452687,-0.9671904950885061,1.3318150855206763,0.011254767678960565,0.0
0.6271579199755846,1.6078077440117275,0.15611160192685453,0.0028266649072772347,3.0
0.6271579190335783,1.607810400843779,0.15401653146897443,0.03023698685065935,3.0
0.5435648554208332,-0.9671909621450383,1.3250971126547002,-0.05229695472974737,0.0
0.5435648545359935,-0.9671894973463796,1.3325191226322541,-0.05305331586670885,0.0
0.5598736415775357,-0.6925178626986306,-1.477409887150141,0.007555668920370539,1.0
0.6271579205713279,1.6078117470738016,0.16144870957162896,0.006887945456730109,3.0
0.6271579197595364,1.6078108939948799,0.157090314435285,-0.0762106227486952,3.0
0.5598736417370695,-0.6925145760649303,-1.4770919050632696,-0.012319620511071121,1.0
0.5435648547443521,-0.9671881432131135,1.3297493700757586,0.026980400830362735,0.0
0.6271579194378384,1.6078116384362435,0.16004933747413747,0.0024567117739777815,3.0
0.5435648549293135,-0.9671892328925418,1.3344881095869365,-0.014601652903197121,0.0
0.5435648546680453,-0.9671888147822769,1.3314213458795594,0.035397653716952644,0.0
0.559873641385876,-0.6925161634499845,-1.4761627688995538,-0.04305960677347266,1.0
0.5598736412656908,-0.6925170116824415,-1.4817361188805132,-0.006912289122027164,1.0
0.6271579203779938,1.607811153017846,0.16494103765511728,0.014893209241278176,3.0
0.5598736410626471,-0.692515097485395,-1.4776238097469583,-0.002243461759578014,1.0
-1.731788181661607,0.05405037645918823,-0.009221961388994402,0.0003611162351307217,2.0
0.5435648547171469,-0.967189246808384,1.3310973323736774,-0.039577309375224516,0.0
0.6271579200581607,1.607814002890847,0.15880682364357365,-0.020706281454176842,3.0
-1.7317881817185987,0.05404808322741528,-0.002888743035267418,0.0012628444141025274,2.0
0.6271579200330216,1.6078132852379976,0.1664039338988126,-0.008314124670072939,3.0
-1.7317881818052545,0.054049467050055235,-0.008493694189306396,-0.007831702214105767,2.0
-1.7317881816716907,0.05405065577185176,-0.004824719965289791,-0.035715728318267616,2.0
0.559873641787259,-0.6925149907045158,-1.4800222813011061,0.030904402426432286,1.0
0.5435648542384838,-0.9671916755300599,1.3277043822149979,0.012758734604618138,0.0
-1.7317881816405305,0.05404801522126,-0.0005081245916588209,0.05505409617363261,2.0
0.5435648545627717,-0.9671905465636674,1.3305506503948705,0.030649739526317468,0.0
0.6271579199383978,1.6078129132419972,0.15886449775104927,0.0024993697891896424,3.0
-1.7317881816828014,0.05405015483965476,0.001956966753527555,0.020611326945548146,2.0
-1.7317881812049731,0.054050677099594574,-0.0008370116161278374,-0.04232431804959189,2.0
0.5435648541546164,-0.9671887993693989,1.3290521432807998,0.008279355640374648,0.0
0.6271579200116023,1.6078105853398912,0.1553412044704187,0.0026333519572298656,3.0
0.5435648551054083,-0.9671920297990447,1.3407221259521105,0.06466571943465188,0.0
0.5598736418836735,-0.6925163780561177,-1.4759984062065152,0.040392968880828134,1.0
0.559873641973994,-0.6925138601256369,-1.4870445656710407,0.021635538545798912,1.0
0.5598736412312356,-0.6925141544116618,-1.4817408244748138,0.0020285545537183708,1.0
-1.7317881818189056,0.054052290440191685,-0.004001550849529358,-0.10138925156813243,2.0
0.6271579201793579,1.6078117406686634,0.1550842395147661,0.0005169044126818702,3.0
0.5435648547744151,-0.9671897748509788,1.334468982581279,0.03724338829293583,0.0
0.6271579198864318,1.6078125652854645,0.15471006505211693,0.015201693007855736,3.0
0.6271579191567508,1.6078101811370096,0.15450816706406809,0.04031369527960229,3.0
0.6271579196205294,1.6078104548904026,0.15978663120499337,0.0008797210558515154,3.0
-1.7317881808784361,0.054050130798208945,-0.005214295328435305,0.015455186516843696,2.0
-1.7317881809559363,0.05405159695567978,0.0005750165032131477,0.053998265641997535,2.0
0.5435648543627537,-0.9671882492051441,1.3277724602620384,0.04931747986945353,0.0
-1.731788181654895,0.054052524753954466,-0.009989328827297717,0.004004478991836416,2.0
0.5435648541995844,-0.9671918143172071,1.3319204480962443,0.030493764077790905,0.0
-1.731788181811101,0.054050470181449616,-0.007576398441672171,-0.023044194641679044,2.0
0.6271579198517647,1.6078146760887926,0.15912789687121817,-0.09671532294690466,3.0
-1.7317881817859915,0.05404840193177294,-0.0028963829406053044,0.05270848713983713,2.0
0.5435648547718166,-0.967188102838032,1.3307402626168046,0.03286569725752468,0.0
0.6271579200509466,1.607812003464524,0.16033529168094837,0.02152659887088919,3.0
0.559873642049327,-0.6925161989935184,-1.4787832136279841,-0.017041577087549904,1.0
0.5435648549779648,-0.9671908297146751,1.335428817200131,-0.01723319927880388,0.0
-1.7317881811243594,0.05404855696699343,-0.011328410192387277,-0.002002950056284668,2.0
0.5598736415932096,-0.6925150785453625,-1.4781048504068968,-0.01117449358884313,1.0
0.627157920745992,1.6078125619253447,0.16263274812233275,-0.027186815402445604,3.0
0.559873641973217,-0.6925169912364032,-1.4720777176811668,-0.019717094630306537,1.0
0.5598736414315525,-0.6925151780201195,-1.4812371798611763,0.012866945617600996,1.0
0.5435648539822469,-0.9671917704292048,1.3354063922257955,-0.006941478600052849,0.0
-1.731788181353957,0.05404950636434193,0.0007324577162035327,-0.0383376582166678,2.0
0.6271579196975963,1.6078115850887185,0.16770148868938686,0.001914745444202603,3.0
0.6271579199179871,1.6078129327648663,0.16157617517630277,0.02412199680386614,3.0
-1.7317881821970125,0.054051448827596514,-0.008777564053417359,0.020176552453562677,2.0
0.5435648544875263,-0.96719324705961,1.3243131050346462,0.04606419036175711,0.0
-1.7317881811882618,0.05405023727669903,-0.0030672924403929813,-0.03682831619716563,2.0
-1.731788181936866,0.0540500234409202,-0.0019495607148500079,-0.0034610407671397565,2.0
0.6271579205143487,1.6078106942378032,0.15247815045470964,0.037898199680838705,3.0
0.6271579197165241,1.6078104387046017,0.16658325805195948,-0.03042047507144585,3.0
0.5435648551736626,-0.9671900127638642,1.334230382310016,0.0365860538490299,0.0
0.5598736411824099,-0.6925172310145453,-1.4821000852347517,-0.0390198894031612,1.0
0.6271579199591936,1.6078138304955318,0.16026772356951133,0.04679016767060297,3.0
-1.7317881817564789,0.05405141363861291,-0.005335046153011625,-0.016887510448717384,2.0
0.6271579207696064,1.6078137573704498,0.16074394677541698,0.02763954631309437,3.0
0.5598736419063749,-0.6925166159829147,-1.4796320460898966,0.00016480366937546463,1.0
0.5598736413849726,-0.6925131708584653,-1.4825489223669996,-0.025115314064495804,1.0
0.5435648541224881,-0.9671895408288624,1.3339440932180293,0.014429162704472101,0.0
0.5598736420812748,-0.6925140336967216,-1.478914753507151,-0.027762176774166217,1.0
0.5435648542931688,-0.9671878874171878,1.3278697541999651,0.0633332735286198,0.0
0.5598736413590897,-0.6925148932346995,-1.481106482814863,-0.008066119956175032,1.0
0.5598736411013131,-0.6925192541011371,-1.4880578795210877,-0.0016458836497837371,1.0
0.5598736411263049,-0.6925153563114688,-1.4776036655110125,0.004417429931835321,1.0
0.6271579196417493,1.607814241676181,0.15820215517847022,-0.0063377489456551625,3.0
0.6271579196554287,1.6078106254620796,0.160261261641846,0.008605403814598052,3.0
0.5435648550880916,-0.9671921330546768,1.3343530354813757,0.06150267063224272,0.0
0.6271579193395688,1.6078116676041474,0.15926943858231346,-0.012114818281391953,3.0
0.5598736410598756,-0.6925160946254776,-1.477343742747011,0.07062870593016628,1.0
0.5598736416007534,-0.6925163417213905,-1.4817251614759788,-0.03410846809741007,1.0
0.5598736411441196,-0.6925146137553044,-1.4741186020412618,-0.0075551215368878915,1.0
0.6271579191299327,1.6078106914707726,0.16068869128969074,-0.02648930249027633,3.0
0.5598736411039752,-0.69251478741228,-1.4785604755748303,-0.007567751095938046,1.0
0.5435648544941046,-0.9671899956513055,1.331735988607163,0.03118853461228766,0.0
0.5435648546652055,-0.9671890804453193,1.328110179148466,0.031187103574263405,0.0
0.6271579202127991,1.6078113890368242,0.15602419823049282,0.08382758279982064,3.0
0.6271579194792954,1.6078137294017008,0.1667906728746286,0.015433027997570037,3.0
0.5598736413954123,-0.692513961623373,-1.4765383083364647,-0.03723588253567667,1.0
0.5435648549446043,-0.9671863200118886,1.341856748152635,-0.025914595189860525,0.0
0.5435648542575576,-0.9671884331033066,1.3295317264687438,0.06578147733658413,0.0
0.6271579201523397,1.6078116163367875,0.16789175930167083,0.07739508870713341,3.0
0.5435648547123106,-0.96718922916922,1.3318944065534575,-0.025007513086596777,0.0
0.5435648550517668,-0.9671905376346089,1.3349176889494243,0.03160041856143133,0.0
-1.7317881813440201,0.054050722010923244,-0.003478847104392483,-0.057003690011289035,2.0
0.5598736416877425,-0.6925164911870962,-1.475753487442444,0.01604297877667983,1.0
0.5598736412096863,-0.6925173037185859,-1.4847934042677227,0.023720733418131634,1.0
0.627157919660179,1.607811490594591,0.16073572910084277,0.012363118907079551,3.0
0.627157919798995,1.6078104493649803,0.16515408670070134,0.02284130611350341,3.0
0.5435648550886781,-0.9671876636947824,1.3318715270423414,-0.004656590032343503,0.0
0.5435648548685252,-0.9671905710901655,1.3278997916223676,-0.04396974249550618,0.0
0.5598736418008283,-0.692515332521469,-1.4689575104952186,-0.07579534392839835,1.0
0.5598736418339567,-0.692515617646955,-1.469640647595421,-0.016429559214315447,1.0
-1.731788181221454,0.05405162037162923,-0.0067715847644731425,0.026426880663348792,2.0
0.6271579193680292,1.6078111138440434,0.1563875991771893,0.010145669868034682,3.0
0.6271579197444775,1.607811907656417,0.15846452143825676,-0.06936139032703151,3.0
0.5435648541119592,-0.9671912095800249,1.3402817119846782,0.02962123123453065,0.0
0.6271579194651595,1.6078097806868892,0.15786072242163285,-0.06062830664443921,3.0
0.5435648546500451,-0.9671889657305953,1.3305348579254621,-0.047392607239054224,0.0
0.6271579202139187,1.6078145875404972,0.1558175971622211,-0.0062340017732985245,3.0
-1.7317881813630707,0.05405113217903968,-0.0039880546203754155,-0.008114901226570258,2.0
0.543564855009104,-0.9671908257578293,1.3293334117958016,-0.01880674014822731,0.0
0.5598736420096868,-0.6925165885830339,-1.4808073858875401,0.051990388440084155,1.0
0.627157920157742,1.6078101023815823,0.1614584019693833,-0.017368610151199275,3.0
0.5435648547835575,-0.9671899113943244,1.3380018780288516,0.04045637086069368,0.0
0.5598736410820535,-0.6925171754611904,-1.4767730081506003,-0.001789129225379773,1.0
-1.731788181298835,0.054048022250379225,-0.008746406674332104,-0.05553015405752535,2.0
0.5598736419399767,-0.6925148679408855,-1.4711847676481677,0.008676731900064726,1.0
0.5435648545684114,-0.9671906716448133,1.3349046595270682,0.04694912784831836,0.0
0.5435648541617684,-0.9671921424187094,1.3315990120215422,-0.026906095731153972,0.0
0.5435648540530387,-0.9671910282313073,1.333316615554545,-0.002801176060076144,0.0
0.6271579202204931,1.6078120106327378,0.16588855571414265,-0.02062187347004701,3.0
0.5598736404958484,-0.6925143854986128,-1.4853461269751522,0.017339229426871043,1.0
0.5598736410691523,-0.6925171981561422,-1.4785158389225654,-0.05480964430681587,1.0
-1.731788180929656,0.05405157167275778,-0.007647243194783965,0.04137198218006035,2.0
0.559873641135602,-0.6925138544158032,-1.4807946259033793,-0.011280108938868362,1.0
0.6271579198406222,1.6078125862597827,0.15597245709482518,-0.03499645593448803,3.0
0.5598736416173831,-0.6925165865526256,-1.4789410698457515,0.0012554973445781613,1.0
0.5598736419823166,-0.6925170258562052,-1.4778887651521215,-0.008055317422429832,1.0
0.5598736411000329,-0.692515789459784,-1.4804337916841221,0.003203501972850152,1.0
0.6271579192372592,1.6078148912015302,0.16521859451636753,-0.02297510435641296,3.0
0.5598736414053438,-0.6925169798267352,-1.473162433548733,-0.01441820214368444,1.0
0.5435648545902088,-0.9671854506550744,1.3336348710682937,-0.02848764174754906,0.0
0.543564854806917,-0.9671915221254161,1.3301019739278739,0.02337631644580487,0.0
0.6271579197023543,1.6078136195563535,0.1539753455653784,-0.010425934637218087,3.0
0.5598736411390829,-0.6925157435800838,-1.4779610814982356,-0.0697351013058147,1.0
0.5598736415267147,-0.6925127060753304,-1.4789708742441738,0.002888804519659841,1.0
0.5435648545047356,-0.9671899214088383,1.3369550614512025,0.05313864151548098,0.0
0.627157919523003,1.6078115353114917,0.15609556886336212,-0.028797408100030564,3.0
-1.7317881820963845,0.05405300228513401,-0.003928715631326534,0.07132767895058947,2.0
0.5598736416224314,-0.6925152570445428,-1.4722120120691098,-0.004807573629376062,1.0
0.5435648547288698,-0.9671890736407046,1.3333951927224044,-0.011821646798653414,0.0
0.6271579199417687,1.6078095995093964,0.16123209505427913,-0.06784575268862583,3.0
-1.7317881808044149,0.054050058230921294,-0.006831897223657197,0.029246221777713067,2.0
0.5598736418605665,-0.6925158118383475,-1.4755677590799232,0.01016520027296758,1.0
-1.7317881807345068,0.05404929596224195,-0.00522893831634553,-0.05494575132057564,2.0
0.6271579192634705,1.6078141310522027,0.16032259527632792,0.049347120697804385,3.0
0.5435648545721086,-0.9671891871114808,1.333434711897367,0.04381667867487054,0.0
0.5435648546802015,-0.9671878888962434,1.3235814203300964,0.034648735137851584,0.0
-1.7317881822451102,0.05405078886681634,-0.007619839568559962,-0.0016681572016483612,2.0
0.6271579198913816,1.6078104512160132,0.15517459824033875,0.03930991910898398,3.0
0.559873641817747,-0.6925153904166236,-1.4818057044170403,0.03945345101549698,1.0
0.5435648543957197,-0.9671877357520392,1.3310392043693353,0.03771294297790644,0.0
0.5435648548761707,-0.967188835359211,1.3406606800372074,0.06012949104702565,0.0
0.5598736418009966,-0.6925161751758533,-1.4766900328347452,0.008382839292805151,1.0
0.6271579200357047,1.6078124199673633,0.16273310274400005,0.021692195479448003,3.0
0.543564855032088,-0.9671900284599021,1.3239673590012107,-0.02729493504082474,0.0
-1.7317881816463012,0.05404984895322467,-0.0019190777262916743,0.05331743774692978,2.0
0.62715791968979,1.6078108296525735,0.15685481549581262,-0.018575131821509657,3.0
-1.7317881817430585,0.05405118061577598,-0.014432469543584155,0.07499906164700879,2.0
0.6271579195410686,1.6078118222922315,0.16538897256671964,0.006805730997438636,3.0
0.5598736421048927,-0.692515759995875,-1.471323140676946,-0.016967528107669896,1.0
0.6271579201366051,1.6078114397966707,0.15907176741111556,0.03761144220939323,3.0
0.5598736413191494,-0.6925165576836789,-1.4784831399514264,-0.048454780274035214,1.0
0.6271579201074984,1.6078121257541733,0.15951381605638731,-0.008615004864157878,3.0
-1.7317881812056715,0.054050502820523226,-0.0023352702432633287,-0.015668300439180927,2.0
-1.7317881819171268,0.0540504721953956,-0.0002462027719242297,0.02697751726533978,2.0
0.5598736416562545,-0.6925159998529494,-1.4826430701430011,0.011526587353969584,1.0
-1.7317881821217738,0.05404877899122707,-0.009868886483339627,0.01347959886761789,2.0
-1.7317881811346125,0.054052731954410724,-0.008901143841209339,-0.017809533655036906,2.0
0.5435648551626335,-0.9671937087760096,1.33500742932176,0.03540997530663038,0.0
0.5435648543305867,-0.9671901066937888,1.3311057943902258,-0.05011355999093121,0.0
0.5435648549355633,-0.9671920008255352,1.3334660033999917,0.05499480789652694,0.0
0.5435648552366569,-0.9671866207831915,1.3397827762233092,0.025235643196503694,0.0
0.6271579199534939,1.607810275455399,0.1670775680754347,0.0009207776331688159,3.0
0.6271579208096003,1.6078131165771432,0.15929383791111426,-0.019131821761018478,3.0
0.5598736410172984,-0.6925127294533417,-1.4699947007397676,-0.02224911874388874,1.0
0.5435648542640921,-0.9671891381122351,1.3328313780646457,0.0003482803273875699,0.0
0.5598736417344139,-0.6925194665244084,-1.4768279232558523,0.04004449480037186,1.0
0.6271579199890348,1.607812502953711,0.1563893747736653,0.003084542701637095,3.0
-1.731788181624524,0.0540489682340973,0.002630820991388648,-0.03822941915021154,2.0
0.5435648549843204,-0.9671885095494197,1.3386786988729609,0.03325663169336504,0.0
-1.7317881814512934,0.05405134393137072,-0.008601153808777484,-0.001977872348882858,2.0
-1.7317881815986098,0.05405192611382534,-0.006335466176764846,0.04406299300174619,2.0
0.6271579195168533,1.6078116577500738,0.16095860477658702,-0.03701232044295573,3.0
0.5435648548077909,-0.9671910442861057,1.3344973733606935,0.01634121118968838,0.0
0.5598736417880276,-0.6925139657334521,-1.4784684167554476,-0.06266797019851297,1.0
0.6271579196214038,1.6078096341975525,0.1583758835941826,-0.009059659555041375,3.0
0.6271579198117475,1.6078109800344833,0.15957916499008923,0.004181185075517184,3.0
0.54356485511005,-0.9671891321837661,1.3293847003180121,0.005495966978090523,0.0
0.6271579198461994,1.6078108142271792,0.15828876237910033,-0.02509497962607788,3.0
0.5598736419286249,-0.6925116099897048,-1.4723489051531604,0.09398311377574002,1.0
0.5435648551799824,-0.9671923156935577,1.3361194538998231,0.011160620828590553,0.0
-1.7317881811589135,0.054050463673252426,-0.006370028886277726,-0.0003096154808114834,2.0
0.5598736415640589,-0.692517783363801,-1.4824014090542204,0.03479484231334884,1.0
0.5598736411426362,-0.6925170483657213,-1.472700949312465,0.013430676260912445,1.0
0.559873641895071,-0.6925124051929515,-1.4804953236821135,-0.04198136141717576,1.0
0.6271579203632842,1.6078109030543957,0.16195553794839665,-0.056440938984323,3.0
0.5435648549627188,-0.9671867758704958,1.337231595164533,0.04877914796490482,0.0
0.5598736408794853,-0.6925163029800553,-1.4771604578654998,-0.03544324349492342,1.0
-1.73178818207515,0.054050207454854025,-0.002873924540249498,-0.014643093308064839,2.0
-1.731788181412098,0.05405225170139566,-0.011816568462771565,0.024168788527162748,2.0
0.5598736413524175,-0.6925175864032109,-1.4777854014980727,0.00798176220048735,1.0
0.6271579193639666,1.6078116178069235,0.15990869609298416,0.05619661297473629,3.0
0.559873642428161,-0.6925167871212019,-1.4783728020514324,0.013144697458956436,1.0
0.5435648546061561,-0.9671870537831274,1.3263017776946318,0.019294537419217262,0.0
0.5435648547632494,-0.9671920089055228,1.3261420250010538,-0.018314790848038588,0.0
0.5598736417183653,-0.6925139186328186,-1.4780560169289632,0.0491621206170933,1.0
0.5598736410405106,-0.6925165472301352,-1.477939923638532,-0.03775095667808336,1.0
0.6271579197335275,1.6078135492745653,0.15755270798539725,-0.0032616979408503412,3.0
0.5435648551739367,-0.9671898990317699,1.3284586610900506,0.04697167035208812,0.0
0.5435648547101826,-0.9671913826697529,1.3299641383104737,-0.04179711307211095,0.0
0.5435648547861666,-0.9671895069519205,1.3312014861706167,0.04358612497337638,0.0
-1.731788181252536,0.05405008966972398,0.002163465398836807,-0.006011547994154018,2.0
-1.73178818180663,0.05405209583837865,-0.010560858562005258,0.0572133151971701,2.0
-1.7317881814814162,0.054050871111508386,-0.012305309092861521,0.010926648133401447,2.0
0.5598736413453492,-0.6925158292728774,-1.481231677148389,-0.004652195637667563,1.0
0.5435648549499935,-0.9671885794896926,1.3251080958208175,-0.07247940923612992,0.0
-1.7317881810548308,0.054051808826233574,-0.0031732726146157285,-0.003618373066719266,2.0
0.6271579201247652,1.6078109447099689,0.15624491109515737,-0.008536718526001168,3.0
0.5435648544974656,-0.9671887769804949,1.3371082537482655,-0.034083849471837256,0.0
0.5598736416181893,-0.6925180307405737,-1.4789868799890313,-0.048352802844209515,1.0
0.5598736411709855,-0.6925152759493882,-1.4795495511135601,-0.06477359036401611,1.0
0.5435648551654857,-0.9671883691183571,1.336893527442934,0.011541127542660994,0.0
0.6271579198721183,1.6078108570761516,0.15765690031766214,0.03131550763296136,3.0
-1.7317881812752678,0.054055635505301076,-0.007015116902163934,-0.03225330541208923,2.0
0.6271579189979796,1.607811994114146,0.1599613051072559,-0.025646739688584427,3.0
0.5435648546197683,-0.9671930932372296,1.3387608680396759,0.04882035995250933,0.0
0.6271579196679983,1.6078091293093706,0.157259618723926,0.012040484576469212,3.0
-1.731788181144835,0.05405153493797491,-0.00950219530295399,0.04780392747807487,2.0
0.5435648546216186,-0.9671881729861704,1.3349960688719233,-0.008775392995587055,0.0
0.6271579202836145,1.6078105384729144,0.16454432571018182,0.0020563676333500086,3.0
0.6271579202797932,1.6078109836555678,0.16093780203631028,0.019031785072235047,3.0
0.5598736416516349,-0.6925173980419219,-1.4769789799402009,0.019608641415652765,1.0
0.5435648549637735,-0.9671909852932773,1.3394309951340817,-0.029549635302348738,0.0
0.5435648547854265,-0.9671900600687319,1.3285224515200207,0.07067606662899191,0.0
0.627157919984059,1.6078132031249814,0.16528336609327843,0.046617270557293825,3.0
0.6271579196657291,1.607809197195909,0.16198806642294583,-0.012041342586596018,3.0
0.6271579203914327,1.607811204583913,0.1457178890882755,-0.05169916511560046,3.0
0.5598736417098684,-0.692513901573875,-1.4756442113414467,0.027067591672188963,1.0
0.6271579198155448,1.607810960805613,0.15855864143064477,0.02484829029829332,3.0
0.5435648548566694,-0.967189492031089,1.3319113945912102,0.010680215526753549,0.0
0.6271579199864007,1.607811061323648,0.15855007184364758,0.015075699349323806,3.0
-1.731788181278524,0.054052268438154125,-0.006463720044868712,-0.05843988757197893,2.0
0.6271579196050485,1.607813865861293,0.1604362548028952,0.029796000495600432,3.0
0.5435648550781768,-0.9671923928346656,1.3379664322335239,0.0033750366757953547,0.0
0.5435648546930264,-0.967192459935638,1.3288664780766308,-0.004280339635990331,0.0
-1.7317881815877698,0.054050102242238614,-7.73866008922791e-05,0.010124146542436558,2.0
0.5598736419754559,-0.6925181127010979,-1.4798594730073753,0.015165074525304918,1.0
-1.7317881815608331,0.054050025452273893,-0.010014929449673785,0.024666842924105103,2.0
0.5598736417958031,-0.692515249835736,-1.4760471387056504,-0.02323661302298463,1.0
0.6271579200304392,1.6078117350880718,0.15664800972259568,-0.040716730314527376,3.0
0.5435648545857246,-0.9671907092474058,1.3285840398225544,-0.010076262322885067,0.0
0.6271579191372287,1.6078085497581747,0.16437619998523859,0.049059629018559134,3.0
-1.7317881813905733,0.054050472866105495,0.00046043608853642195,-0.008528029741325903,2.0
0.6271579197344528,1.6078122643628427,0.15230919804831794,-0.019666948616233745,3.0
0.5435648542677793,-0.9671905585917312,1.3315803009728766,0.057398218532567054,0.0
-1.7317881815263054,0.05404866044421505,-0.01322910615202341,0.007685865713184969,2.0
0.5435648549259958,-0.9671910693611275,1.329219085148367,0.011239840888551254,0.0
0.543564854929097,-0.9671902745447023,1.3300300273851693,-0.013351476780945962,0.0
0.5435648546019435,-0.967192463587199,1.3251291418235567,0.051959753742351324,0.0
0.6271579202264483,1.6078105644726164,0.16287904642135143,-0.0654954064155713,3.0
-1.7317881818903211,0.054050011268990394,-0.010029552227158072,-0.027256063611472862,2.0
0.5598736415915483,-0.6925141246418406,-1.4819911791223526,-0.04001928070546179,1.0
0.5598736415889061,-0.6925172784235176,-1.4898688811289504,-0.045205402662310025,1.0
0.627157920117946,1.6078093985247766,0.15448753216963598,-0.06198777552996509,3.0
0.5435648549452083,-0.9671910843582611,1.3408829615635687,0.07358825468081888,0.0
0.5435648546725276,-0.9671883025045566,1.3297546452681992,-0.002295955072569917,0.0
0.5598736419123392,-0.6925156463171028,-1.4836037339969619,0.015838834116009885,1.0
0.5598736412950817,-0.6925143478806074,-1.4750489784031706,0.037942042561448036,1.0
0.6271579198218188,1.6078132672496395,0.15564587743196964,-0.029772389277947932,3.0
0.5435648539382353,-0.9671870650048796,1.3356733282206374,-0.033602908156722934,0.0
0.543564855162681,-0.9671886767655997,1.3343264329286195,0.05613390370787081,0.0
0.5598736409562354,-0.6925152316510623,-1.4781533748777607,-0.030412343704511846,1.0
0.5435648548756351,-0.9671896192537367,1.3345541633766627,0.001711769994619924,0.0
0.6271579205006323,1.6078128699490288,0.16095259109319013,-0.028702405768650338,3.0
0.5435648544374492,-0.9671908083641874,1.3301740474813644,0.02862172806754364,0.0
0.5598736417616051,-0.6925162475878442,-1.4814048066394616,-0.02856586245460311,1.0
0.5598736419670494,-0.6925172160152003,-1.4787180601880363,-0.008603401150654371,1.0
0.5598736408650078,-0.6925133122344201,-1.4794462686389347,-0.04684430977560438,1.0
0.5598736409025956,-0.692515047594782,-1.4761414894778517,0.054468415399933634,1.0
0.5598736418237789,-0.6925144630859035,-1.4839932490245231,0.05229756196983682,1.0
0.627157920398985,1.6078120377430212,0.15720366912435652,-0.005064249778131846,3.0
0.6271579203308821,1.607810987057039,0.15538243402411003,-0.017466121479217438,3.0
0.5435648545228975,-0.9671891462286561,1.3367731238110414,-0.047315277113968296,0.0
-1.7317881810367701,0.054049851019064024,-0.004590023173895345,-0.02854508110024913,2.0
0.6271579202243868,1.6078105744623794,0.16033246794912523,0.009764762678999487,3.0
0.543564854216611,-0.9671887743530587,1.331900230285979,0.04130731929192364,0.0
0.5435648544255546,-0.9671878429916615,1.3308053585008686,0.011067515849283413,0.0
0.627157919804496,1.6078102198588815,0.16364655845484236,-0.044656605008437905,3.0
0.6271579198381595,1.6078137723788692,0.16033005514108534,-0.013407113287640614,3.0
0.5598736406028655,-0.6925169073275533,-1.4767787042045926,-0.06554746196334402,1.0
-1.7317881815956895,0.05405240585864974,-0.0040420346077950685,-0.022306634115460793,2.0
0.5598736418594876,-0.6925148572762145,-1.4743385317575735,-0.03795495420265051,1.0
-1.7317881810700766,0.05404956019812518,0.0014411842543859544,0.02591609004060775,2.0
0.5435648548766311,-0.9671912758043574,1.3311068130015848,0.07744788704995,0.0
0.6271579197477192,1.6078111756740971,0.1639734715527329,-0.031128594128262414,3.0
0.5598736413223839,-0.6925147390991286,-1.478897013564463,0.015978991093056522,1.0
0.5598736416992505,-0.6925158850222495,-1.4712721507788094,-0.009921780188494784,1.0
0.5435648547354868,-0.9671887072201985,1.328018265721782,-0.06095782736840904,0.0
0.6271579201997604,1.6078107860659072,0.15909412054550193,-0.0232672163950775,3.0
-1.731788181422636,0.05405059354755793,-0.003964985424465766,-0.048805160451718684,2.0
0.543564854146203,-0.9671878693978931,1.3350246279147062,0.032514021326328135,0.0
0.5598736406550617,-0.692513480492959,-1.4740082219683552,-0.012062136683730372,1.0
0.5598736413928725,-0.6925144461073142,-1.4849999735938586,0.010985658867106327,1.0
-1.7317881804428052,0.05405316449927284,-0.007673349966943888,-0.015091042788100814,2.0
0.5435648547159732,-0.9671899317609027,1.3365076687650208,-0.04831354946373675,0.0
0.5435648540830569,-0.9671894616794494,1.331924058547724,0.03898225863799182,0.0
0.5598736405964189,-0.6925181407032645,-1.4807633728822271,0.0007406240811118691,1.0
-1.7317881811803564,0.05405013376145116,-0.004894605023000618,0.009669178404523544,2.0
-1.7317881811498517,0.054045608192760844,-0.006892129432986388,0.02374121949000485,2.0
0.5598736411704278,-0.6925173887322055,-1.4787263672832482,-0.049942186353653384,1.0
0.543564855068419,-0.9671893228590598,1.3279007252231478,0.05276030941428089,0.0
0.6271579203008908,1.6078124403563674,0.15666959763092472,-0.020088621744793984,3.0
0.5435648545486712,-0.9671895361910399,1.3273914080442404,0.05663918809543309,0.0
0.5598736417302996,-0.6925168716590097,-1.480634159679941,-0.017339820224307842,1.0
0.5435648545251838,-0.9671904448262045,1.3355106408445943,0.00978001247412432,0.0
0.627157920330408,1.607812488979172,0.16172925761428625,-0.05370208695582747,3.0
-1.731788181390435,0.05405313262732012,0.0037655378699581856,0.06503399725702523,2.0
0.627157919687486,1.6078112073276143,0.15917244804454658,0.009518496585953717,3.0
0.5435648556809859,-0.9671896201233736,1.3342646479464122,0.06269982850934132,0.0
0.5598736424119541,-0.6925153913984685,-1.4780987638032297,-0.01410880169119624,1.0
0.6271579203902593,1.6078084215546817,0.16256258340473634,-0.060134794265095055,3.0
0.5435648548767174,-0.9671897840710814,1.330492048445374,-0.0028573167243019708,0.0
0.6271579200888653,1.6078115641260224,0.16016008879474605,-0.03232336680956279,3.0
0.5598736414016218,-0.6925169621081897,-1.4821185386593017,-0.08559911862082675,1.0
0.6271579199513968,1.6078096330056717,0.15685703444831098,0.003057505293134717,3.0
0.5598736419030932,-0.6925140900109898,-1.4821415294900184,0.04774176786182254,1.0
0.5435648547892451,-0.9671908839183728,1.3317007226532729,-0.030866199381629152,0.0
0.5598736416820116,-0.6925188951764065,-1.4811860169888655,-0.01811814103311116,1.0
-1.7317881809647333,0.05405271757516091,-0.011117259450538748,0.004213260780067426,2.0
0.5435648550705902,-0.9671899806079878,1.3284056943098022,0.05570867860588478,0.0
0.5598736418195202,-0.6925147509620815,-1.4865322803776082,-0.04208985607253221,1.0
0.6271579200285385,1.60781243579326,0.1596403129363309,-0.0024878264305214044,3.0
0.5435648549454692,-0.9671891294630269,1.3365019822276776,-0.006173862487970179,0.0
0.5598736410348288,-0.692515049000002,-1.4834643365664109,0.02771524722321817,1.0
0.5598736414385433,-0.6925162725626598,-1.482234253736198,-0.02141956177952584,1.0
0.6271579202248858,1.6078116073020325,0.16296672122966915,-0.021824401413593094,3.0
0.5598736415522193,-0.6925180700001644,-1.4799330172962464,-0.030645066472774655,1.0
0.5435648544157458,-0.9671929264842769,1.3351422176983427,0.06639878424810343,0.0
0.5598736412949571,-0.6925169341803252,-1.4795962660764135,-0.02634117099212071,1.0
0.559873641364019,-0.6925180923909234,-1.4815682756793662,-0.016179461165305123,1.0
0.6271579197465961,1.6078119365260088,0.15846669753702491,-0.0705788945140699,3.0
0.6271579200967855,1.6078112962194357,0.16269115661603406,-0.04063353042374324,3.0
0.543564855313451,-0.9671913378459218,1.333975130367124,-0.05500007190455544,0.0
0.5435648540932512,-0.9671886836692728,1.3347537095237134,-0.011036754354583718,0.0
0.6271579196958605,1.6078131042588297,0.15741133242308458,-0.04248819704768622,3.0
0.6271579195384597,1.6078102462402322,0.16145709063344338,0.06382226752296107,3.0
0.5435648550061303,-0.9671910018412277,1.3361462889280071,-0.0034016456448421077,0.0
0.5435648548165108,-0.9671897841838958,1.3320072900600277,0.005416047595490677,0.0
0.6271579199534083,1.6078130379259514,0.16561629878027168,0.0632423141294106,3.0
0.5435648533863282,-0.967188651193255,1.3276062471910508,-0.004481067085020461,0.0
0.6271579201524803,1.607811910302742,0.16141214332121867,-0.019737724695646747,3.0
0.5435648547144547,-0.9671894643942711,1.3301354501721652,0.0070030674824676994,0.0
-1.731788181553529,0.05404797499327193,-0.002059906539932042,-0.019602786664907116,2.0
0.5435648551780002,-0.9671889584562813,1.3284816274818285,-0.02200383892100068,0.0
0.5598736422791855,-0.6925159014668318,-1.4740749763309593,-0.04578938964329017,1.0
0.5598736420148301,-0.6925177672212037,-1.477050238568453,-0.022576912479725944,1.0
-1.7317881813662095,0.054049339715849805,-0.0014133613856917358,-0.014198402944951257,2.0
0.6271579198919061,1.6078102146313469,0.15530060566658516,-0.020988771342672664,3.0
-1.7317881818138199,0.054047894939670105,-0.0030145571456986994,0.03148955267516954,2.0
0.5435648549727322,-0.9671899912607294,1.33724860875191,0.003928126657650074,0.0
0.6271579194306077,1.6078114046297096,0.16064856675252787,0.05981039887497581,3.0
0.5598736413616795,-0.6925160807181977,-1.4767487023537609,-0.015230163943918533,1.0
-1.7317881814745868,0.05405039681223187,-0.0012015042675763438,0.005551464638693797,2.0
-1.7317881806921243,0.05404919776928663,-0.004307792921842067,-0.02627502801447807,2.0
0.6271579198719088,1.6078110754166686,0.15881831952616918,-0.00700434154887177,3.0
0.6271579201197168,1.607811859589883,0.15680144552105463,0.017617827503335914,3.0
0.6271579192911344,1.6078104301024427,0.15776478726441365,0.045488806461727656,3.0
0.6271579195194826,1.6078144278477897,0.15677846185188113,-0.006870243514949152,3.0
0.5435648544432112,-0.9671915115756758,1.3302655004372943,0.012923490046912537,0.0
0.6271579202967598,1.6078133031498314,0.16265688303562478,-0.044670145423933105,3.0
0.6271579199467272,1.607808876221673,0.16120734860955335,-0.00263563245541471,3.0
0.5435648549782272,-0.9671907786608167,1.3335295302410828,0.04818289310067876,0.0
0.6271579194443607,1.607811349239263,0.15539533292048802,0.03162697446560413,3.0
0.5598736422180208,-0.6925150608896051,-1.4745489574700394,-0.02597966778556125,1.0
0.5435648547113635,-0.9671877229434119,1.3342050413518778,0.040499208704096575,0.0
0.5435648547910142,-0.9671911220146296,1.3309983630892597,0.034353053929063695,0.0
0.6271579205192759,1.6078091066051017,0.15783517413623965,-0.008109413283119617,3.0
-1.7317881812298408,0.05405071619196619,-0.008753234936882055,-0.001458293834754087,2.0
0.5435648547441377,-0.9671891344883553,1.331495215824842,0.023615237664841356,0.0
0.6271579199702312,1.6078117095468811,0.165471410506439,-0.04592822669919455,3.0
0.6271579194671097,1.6078127218157634,0.16555170876961633,0.007143302193137753,3.0
-1.7317881814306628,0.0540488254355374,-0.003751056435490487,-0.002399259075255255,2.0
0.5598736413563842,-0.6925152821218999,-1.4829502044150653,-0.032104484803080945,1.0
0.5435648551284803,-0.9671921382165335,1.3278660990554962,-0.006141633317477251,0.0
0.5435648554176291,-0.9671914647653518,1.3393848869179221,-0.03335736547804458,0.0
0.6271579198939445,1.6078116982918436,0.15969890328407277,0.01277322782347138,3.0
0.5598736416975498,-0.6925154537969624,-1.480971650157498,-0.0202824576262416,1.0
0.5598736410634222,-0.6925152837784643,-1.4782949680150437,-0.015657129753768814,1.0
-1.731788181600199,0.05405254254030283,-0.010878671480594309,0.04114883483682985,2.0
0.5435648544010426,-0.9671903437446052,1.3307969388350698,-0.033386624696573726,0.0
0.5435648549856994,-0.9671874394280385,1.3408391400814088,0.012531951947931576,0.0
0.5435648546231686,-0.9671909919024689,1.3333980302027553,0.07481740363104158,0.0
0.6271579193917727,1.6078089280954566,0.1538151048115563,-0.002267643707845962,3.0
0.5598736414358066,-0.6925151479546572,-1.4770406582843045,-0.011670764056663114,1.0
0.5435648546475709,-0.9671908401259226,1.3349877978244296,0.004592660071327924,0.0
-1.7317881822386725,0.05405058168217903,-0.006638497692117569,-0.03556503522543391,2.0
0.559873641182988,-0.6925146220113971,-1.4726399823195673,-0.02063644320277118,1.0
0.543564855374089,-0.9671897213659428,1.3292017864721215,-0.035144014876978776,0.0
0.6271579206254326,1.607811165210987,0.1601745533047489,-0.005316266800168286,3.0
-1.7317881812409268,0.054051567757880704,-0.0058044687950029004,0.021105939909781025,2.0
0.5435648549481036,-0.9671889907450272,1.3350432582097478,-0.057633554695866854,0.0
0.5598736416014005,-0.6925158581562453,-1.482988268656985,-0.0816767030184263,1.0
0.5435648551359425,-0.9671926009295355,1.3312887526728716,0.05850582839202509,0.0
0.5598736416849792,-0.6925181005271128,-1.4839154994953085,0.002852344384000083,1.0
0.5598736413456965,-0.6925184268658456,-1.4828180139203824,-0.015397074286999358,1.0
-1.7317881812437308,0.05404714545430816,-0.002054610768579809,-0.022059378848916674,2.0
0.5435648545627271,-0.967190658415907,1.3378758076444381,-0.0013334597461528287,0.0
0.5435648548085753,-0.9671913433815414,1.3346334615898936,-0.004195331009691545,0.0
0.627157919541368,1.6078095340272418,0.16358428170524478,0.027220986696743277,3.0
0.6271579198565531,1.6078105936140639,0.1568296005820525,0.045800728506029204,3.0
0.6271579198542744,1.6078128898407535,0.15939487804730945,0.05852860405905647,3.0
0.5435648551809542,-0.9671915391753886,1.3361924777825642,-0.0019345473524727218,0.0
-1.7317881809266649,0.05405229985411491,-0.00465244339529425,0.04522837475410311,2.0
-1.7317881816943008,0.05404926691206058,-0.003418600659291754,0.024702436096652253,2.0
-1.7317881818378913,0.05405012645487495,-0.00668560097291627,0.03411610658521005,2.0
-1.731788181184032,0.05405170298579506,-0.0030980428987582333,0.07059290771534044,2.0
0.5435648546713095,-0.9671914563948557,1.3251187674855218,-0.01398843753730382,0.0
-1.7317881811296447,0.05404987964169452,-0.006297250551416815,-0.01571116105566589,2.0
0.5435648543575485,-0.9671920059247591,1.3289344639292313,-0.005467144299136036,0.0
0.5435648548639174,-0.9671896754773721,1.3357633034127805,-0.014653579614178649,0.0
-1.731788181610134,0.054049650778274456,-0.0016413528176663385,-0.017117599140661317,2.0
-1.7317881814214333,0.054054296351757666,0.0020798928615005196,-0.004594733771915506,2.0
0.5598736414877371,-0.6925174643341889,-1.4828961254301825,-0.01467750829093856,1.0
0.5598736412137547,-0.6925157713821437,-1.4728440212853204,-0.05517415583084189,1.0
-1.7317881813193055,0.05405205298730747,-0.0018499435608158915,0.02545167516727199,2.0
0.54356485502191,-0.9671887907051714,1.3290891154586746,0.013468814501273494,0.0
-1.7317881814651839,0.05405200190943476,-0.0039101379236030015,0.0017193920974471763,2.0
0.5435648551765638,-0.967192070570993,1.3329891134709626,0.01603392910077596,0.0
0.6271579208453751,1.607811496705065,0.15744755081733913,0.006292104553779657,3.0
-1.7317881818296446,0.05404788804421314,-0.0012292773261909922,0.009892986092402642,2.0
0.6271579200892748,1.6078111767792154,0.1604601770715127,0.0034274932321944024,3.0
-1.7317881817244094,0.05405238431054745,-0.0010643693787609767,0.009611880116149505,2.0
0.5598736412420734,-0.6925128926956464,-1.4753011534299574,-0.0071208255335480425,1.0
0.5598736412291483,-0.692515902673672,-1.4801030245996387,0.016634348417256258,1.0
0.5435648551698342,-0.9671877894240489,1.340436561521045,-0.03673286068560845,0.0
0.5435648541659619,-0.9671883511489698,1.3281010065301038,-0.02462822840980197,0.0
-1.731788181325927,0.054049913638717084,-0.0024091064988825328,-0.03685114374569646,2.0
-1.731788181321529,0.05405236259549118,-0.0026663730610655646,0.03284012487659094,2.0
-1.731788181717947,0.05405066940765785,-0.004789735377569394,-0.02667452032838053,2.0
0.6271579200446569,1.6078103666205872,0.16106895002983815,0.040887880125829786,3.0
0.5598736418062379,-0.6925148645296426,-1.4735038031687115,-0.10837774250362667,1.0
0.5598736412932807,-0.6925162730296182,-1.4832675687616366,-0.056314436623620005,1.0
0.6271579198011141,1.607807793716609,0.15954106066637688,-0.06972991216657837,3.0
0.6271579202637162,1.607809444647439,0.15765587219368135,0.07566592190423292,3.0
0.5435648548313432,-0.9671920402675348,1.3327712185387441,0.03363063949830441,0.0
0.5435648549569773,-0.9671881644794138,1.3380737499243025,-0.02009587744721672,0.0
0.559873641258995,-0.6925153917270781,-1.4793655677794622,-0.03381033469804423,1.0
-1.7317881808980158,0.05404757093493124,-0.007767815964591364,-0.019912959293249596,2.0
-1.731788181494537,0.054050879485815495,0.0011805717646880922,0.06043976043238041,2.0
0.5435648540836177,-0.967188070716564,1.3309858415407987,-0.003941763203273223,0.0
0.6271579192089508,1.6078081915702005,0.15914049157777732,-0.013284845549258548,3.0
0.5598736413536135,-0.6925181936191986,-1.4829224064404891,0.003842482741579316,1.0
0.6271579194177492,1.6078116464944199,0.15952159754159387,-0.006910238696865529,3.0
0.5435648544833187,-0.9671931910449234,1.333686248047232,-0.027552869264242556,0.0
0.5435648545432906,-0.9671877426580289,1.3279686309748304,-0.07623523470933664,0.0
-1.7317881811209128,0.054051097564784045,-0.0034135820724465714,0.04209877351542063,2.0
0.5435648542535738,-0.9671890791751525,1.332496260509975,-0.03385852541660165,0.0
-1.7317881815120155,0.05405359103254279,0.00027050669451287397,-0.030789581337608733,2.0
0.5598736418953166,-0.6925176357504557,-1.4792282954187337,0.043288715267427856,1.0
-1.7317881817402885,0.05404890769923414,-0.00446234233152261,0.05728787644299776,2.0
0.5435648548741093,-0.9671887987112735,1.3268843876284644,0.03194720725901529,0.0
0.6271579200430846,1.6078106808552444,0.1558943199701401,-0.027115263172432506,3.0
0.6271579197887925,1.6078105827326288,0.159972374776554,0.01512168445379904,3.0
0.6271579199943006,1.6078119802600745,0.15481737192965941,-0.05494654173758218,3.0
0.6271579199105598,1.6078095864605584,0.15758400392166264,0.010557556360786244,3.0
0.5598736410539334,-0.69251700289254,-1.474745559094771,-0.003652766381452565,1.0
0.5435648544958922,-0.9671890904794094,1.3273134215840825,-0.0020234482023088183,0.0
0.5598736419157349,-0.6925136707419391,-1.483007263537214,0.007913299328408865,1.0
0.6271579201517263,1.607809963549104,0.1631087433357515,0.017824628639128582,3.0
-1.7317881812172844,0.05405079667987799,0.0005007948281670492,0.005881105032347544,2.0
0.5435648547671839,-0.9671899536949066,1.3273785783364922,-0.020975162190990153,0.0
0.6271579201968279,1.6078105679077361,0.15748140043450937,0.014554459776005294,3.0
0.6271579200302263,1.6078104629059373,0.16068755587464323,0.05835692598034943,3.0
0.6271579201430372,1.6078101582042135,0.15681122917899576,-0.038774526655396345,3.0
0.5435648549492955,-0.9671855715938626,1.334804245858573,-0.056712511261861574,0.0
0.5435648554915459,-0.9671897021345681,1.3379037830766838,0.07553875338000886,0.0
0.5435648545824542,-0.9671888586003161,1.3298810085290422,-0.010331769389591175,0.0
0.5435648541990207,-0.9671927518165434,1.3385771744961934,0.04143209399673013,0.0
0.5598736417573544,-0.6925169805890989,-1.4743692093942509,-0.0220599788251479,1.0
0.5435648548549628,-0.9671898367129674,1.3314814046126333,0.06448837931310826,0.0
0.5435648543303496,-0.9671894374453567,1.3345454771911298,0.089468398699323,0.0
0.5435648553358623,-0.9671885873433583,1.3299518692953511,0.0003288847824512001,0.0
0.6271579192954678,1.6078098853143767,0.1543371141686405,-0.010768811236295252,3.0
0.5435648550384586,-0.9671883584575789,1.335261334145904,0.006926275759438464,0.0
0.5598736409851127,-0.6925168579275723,-1.478679305263454,-0.004199125247195705,1.0
0.5598736419599297,-0.6925165988297042,-1.4759629752194199,-0.014232972780728185,1.0
0.5435648547324988,-0.9671872496630439,1.3349931107094257,0.06433974127674906,0.0
-1.7317881812624873,0.054050315877699304,-0.008907874782976338,-0.021777779065014553,2.0
0.5598736414468313,-0.6925160504310349,-1.4772792742062253,-0.11204533193817567,1.0
0.5435648545900403,-0.9671897218308355,1.3397241342875263,-0.010987763510661419,0.0
0.6271579191212523,1.6078109158644756,0.15467219884119965,0.05358475365309259,3.0
0.5598736416399914,-0.6925162707955674,-1.4765027069410073,-0.01706593227452399,1.0
0.5598736417520114,-0.692517382870512,-1.476073092653191,-0.03278789309010002,1.0
0.6271579198035288,1.6078125646120094,0.16061789864406223,-0.044859015904376465,3.0
-1.7317881814097458,0.05404749922387894,-0.01084682772104673,0.05659558609715104,2.0
0.5435648546535499,-0.9671900394205526,1.3352388521510503,0.015553146334941684,0.0
0.5435648546347533,-0.967185921470418,1.3306672303223694,0.01738106020388606,0.0
0.5598736415561106,-0.6925149795914829,-1.4843178989263264,-0.0077743029217684145,1.0
-1.731788181677723,0.054051761911636416,0.0010592083491047849,0.019253484494427126,2.0
0.5435648555504193,-0.9671895340248764,1.330557653174765,0.025227720152117786,0.0
0.5598736411808753,-0.6925141309258296,-1.479640900686216,0.0009824697434294843,1.0
0.5598736410258912,-0.6925138953690884,-1.472528372561223,0.06043847265793379,1.0
-1.731788180805066,0.0540534277108176,-0.009648765215226231,0.01593287583675857,2.0
0.5598736413183358,-0.6925167464840695,-1.4745388322722743,-0.0655488592568602,1.0
0.5435648546721901,-0.9671890225158256,1.3409263226604515,-0.0041598379674219164,0.0
-1.7317881818705916,0.054050159204129394,-0.008304840670524881,-0.05310628991751562,2.0
0.5435648544017684,-0.9671886653080548,1.3326335375366487,0.03913418374451629,0.0
-1.7317881812822487,0.05404789990919826,-0.006367822955014684,0.02253635628329529,2.0
0.5435648543822018,-0.9671870896421673,1.3323623956434019,-0.033259445764101565,0.0
-1.7317881816303908,0.054051516353641874,-0.0016028637807500624,0.07030072296927016,2.0
0.627157920283112,1.607811761998135,0.15923083083669007,0.05710115083505918,3.0
0.543564854422775,-0.9671886316362929,1.335045498189374,-0.012473321275003798,0.0
-1.7317881805914415,0.05405066774887227,-0.005353434181137128,-0.029071726573750987,2.0
0.5435648546167687,-0.9671884682124154,1.3313452049377394,-0.04920422230486535,0.0
0.5435648547123849,-0.9671881907770363,1.329354434795294,0.010856772470402733,0.0
0.5435648544932076,-0.967193332795326,1.3363582810421064,-0.016727922761542592,0.0
0.5598736422195596,-0.692515518357251,-1.4831213252300353,-0.07308851706894404,1.0
0.5598736412743166,-0.6925176381424332,-1.478830594137304,0.03687982647278644,1.0
0.6271579196626511,1.607811688014837,0.15690087016370033,0.0009379113535916758,3.0
-1.731788181145181,0.05404977654878217,-0.006410958394420119,-0.05979530479316352,2.0
0.6271579195441181,1.6078122161898702,0.15420469421002242,-0.007125161651812431,3.0
0.5598736413789606,-0.6925151836312432,-1.483328429316377,0.006023980664161671,1.0
0.5435648542718307,-0.967187721877818,1.3329688912450315,0.0073133227795614255,0.0
0.5435648558251728,-0.9671907107196736,1.3340642565806358,-0.011059452670601258,0.0
0.6271579193874307,1.6078119664397137,0.1543552291918693,0.0014334217182867966,3.0
-1.7317881815408513,0.05405167156837807,0.0019958134850826836,-0.014847626128639182,2.0
0.5435648547916457,-0.9671901625918493,1.328415956716399,0.067220647022867,0.0
0.6271579193524851,1.607809985245836,0.16259051220438056,-0.005480582720713599,3.0
-1.7317881821629488,0.05405011450678272,-0.00507417901390337,0.008726541437449614,2.0
0.5435648546882251,-0.9671882667509997,1.3318206799192087,0.022811437665376084,0.0
-1.7317881815328655,0.05405107766534066,-0.003917238550162148,0.032355591134520134,2.0
0.5435648541362871,-0.9671898822193813,1.3283631350546585,0.007624823134212174,0.0
0.5598736414517173,-0.6925163932882182,-1.4834506496570952,-0.03331021859971675,1.0
0.5435648549750499,-0.9671914374424941,1.3253677798875911,0.04669246361088154,0.0
0.5598736405320428,-0.692515173043513,-1.481356872705006,-0.01979561565929659,1.0
-1.731788181411641,0.0540503738230559,-0.007112630202974364,-0.003629888760019164,2.0
-1.7317881816184384,0.054053781031898535,-0.00705437966854929,-0.025309339158850596,2.0
0.6271579187962807,1.6078115788126652,0.16405072176548902,0.010821523326785609,3.0
-1.7317881818975323,0.05405218803082329,-0.008151553806062237,-0.060159071053175035,2.0
0.543564854884018,-0.9671870498290956,1.3280498722254293,0.06757223251288778,0.0
0.5598736416169877,-0.6925167360033208,-1.4711862552224726,-0.0024433720443809972,1.0
-1.7317881810195535,0.05405183411935549,-0.00019671776311776102,0.02235552649748363,2.0
0.5598736414832031,-0.6925149453087576,-1.4790075603570547,-0.036385055166273474,1.0
0.5598736416941266,-0.6925177081348548,-1.480365702500041,0.02303638240625065,1.0
0.6271579196958843,1.6078107160251836,0.16028959458163985,-0.03736903868289195,3.0
0.5435648543561008,-0.9671897316313799,1.3293112716145778,-0.012702910810256502,0.0
0.6271579204202291,1.6078110987615495,0.15993372619144627,0.0007818767632095965,3.0
0.6271579198084303,1.6078121035602395,0.1584104653577755,0.02732217029866292,3.0
-1.7317881818625054,0.05405197869148001,-0.006260152610274546,-0.00591491224342488,2.0
0.5435648546927888,-0.9671905118808279,1.334305986910176,-0.00657851657064628,0.0
0.6271579197356917,1.607813217005699,0.16083826767581946,0.06463398833000221,3.0
0.5435648542050848,-0.9671875878384365,1.3344997098718205,0.08894095506510466,0.0
0.6271579200645236,1.607810208258536,0.16136649983929757,0.05514828408040277,3.0
0.5435648554049769,-0.9671916755746964,1.3355313922688996,0.022938491263652303,0.0
-1.731788181433755,0.05405300121237473,-0.00669865134786762,0.030832538169821753,2.0
0.627157919142314,1.607810419821343,0.15924819752741665,0.00953072149788208,3.0
0.5598736418570712,-0.6925153640744088,-1.4847450791933785,-0.04481803380676465,1.0
-1.7317881820577654,0.05405502826692824,-0.009604998402328297,-0.08495143902825146,2.0
-1.7317881812248945,0.05404900119958169,-0.0084536326079367,-0.038591055203216644,2.0
0.5598736410721382,-0.6925150257318093,-1.4851625742694181,-0.027434169284823173,1.0
0.5435648552104458,-0.9671887055282644,1.3387695047182437,0.01875271134386751,0.0
0.5598736416254056,-0.6925163476686721,-1.4765724731679144,-0.00347028767409236,1.0
0.5435648545724956,-0.967189471947467,1.327888622759706,0.04552456193263623,0.0
0.5598736413393213,-0.6925186169918923,-1.484560737118042,-0.009344457630066522,1.0
0.5435648543458323,-0.9671898567734017,1.3335899025294515,0.027142149206490728,0.0
0.6271579196249071,1.6078132333053727,0.1596091031767904,-0.012161873948244212,3.0
0.6271579197914463,1.6078131804649793,0.1611867175781211,-0.00894070104733974,3.0
0.5435648549359018,-0.9671912235891653,1.3361179120267974,-0.043986839616831926,0.0
0.5598736415146117,-0.6925133037518433,-1.4781545586858216,0.001818132228971944,1.0
-1.7317881817697491,0.05404976021766909,-0.006475279494784607,0.019644297011724526,2.0
0.6271579199728848,1.6078133192955741,0.15949925853096414,0.045808869129254845,3.0
0.627157920210287,1.607809228926023,0.16221845105176563,0.007182476803680494,3.0
0.6271579201775463,1.6078096652751,0.16297889180740424,0.012030353050493516,3.0
0.6271579199862369,1.6078125143180515,0.1650238531032962,-0.03430604653311592,3.0
0.6271579204977442,1.60781205349701,0.1558080460253733,-0.020926100667002234,3.0
0.6271579196718214,1.6078111654277556,0.15550058448702123,0.0842203782611179,3.0
-1.7317881810892986,0.054049314476764816,0.0004049138982427835,-0.04521442249902518,2.0
0.6271579198016237,1.6078133337080143,0.16132497580970037,-0.019411014435598003,3.0
0.5598736414938656,-0.6925172637366591,-1.477215556759795,0.048256252817675656,1.0
0.5598736409671581,-0.6925154710892725,-1.4787283701033722,-0.019307938173442417,1.0
0.5435648545422687,-0.96718950978989,1.333819868079228,-0.010503899794520457,0.0
-1.7317881810281115,0.05405152363755295,-0.0016413223658589752,0.043865530605332236,2.0
0.5435648546443197,-0.9671860645013562,1.3422386642515922,-0.0036664477666958077,0.0
0.6271579198967744,1.6078129441975124,0.1612822373160324,-0.061830601417589406,3.0
0.5435648546677433,-0.9671898363768006,1.3329408496907205,-0.018028146876177344,0.0
-1.731788181381262,0.054049630773421196,-0.011868164356122578,-0.012297360088137633,2.0
0.6271579195716276,1.6078133230063607,0.16078195644394008,0.014110910876772062,3.0
0.6271579203917297,1.6078118906160581,0.16284416585426062,-0.008868860703352577,3.0
0.5598736411568159,-0.6925169640488638,-1.477135602090143,-0.02756110400656343,1.0
-1.7317881811221376,0.054049388650013526,0.0017738544114767444,0.04058925906367455,2.0
0.6271579190872463,1.6078147203878246,0.1617946915988053,0.004465401602927303,3.0
0.6271579198623773,1.6078141015740228,0.1584039899358948,0.022011671496212113,3.0
0.5435648551457001,-0.9671893013584735,1.33235244153539,-0.043480089264159735,0.0
0.6271579196936147,1.607812074672584,0.16225009835361456,0.03842938024171788,3.0
-1.7317881816415688,0.05404740083014969,-0.0010537933447771965,0.030870858317308104,2.0
-1.7317881821919354,0.05404707308912053,-0.008119301743047527,-0.020354618346122306,2.0
0.5598736413859927,-0.6925134270350015,-1.478377134710139,0.021701439019232945,1.0
0.6271579193571031,1.6078107766725174,0.16182534656867595,-0.017371098656108357,3.0
-1.7317881812935256,0.05404934158987912,-0.0075527629811904425,0.013524895941983035,2.0
0.559873641869017,-0.6925172168346128,-1.4744398741906015,0.03439925779399673,1.0
0.5435648551526728,-0.9671913627048906,1.333921694242409,-0.0269114351424231,0.0
0.5598736415249089,-0.6925149171232414,-1.4754271481045194,-0.06903805935636952,1.0
0.543564855041193,-0.9671914259414994,1.335585874404241,-0.06148314227110909,0.0
0.5435648545826751,-0.9671886315508622,1.3343716653102646,-0.008445633545121569,0.0
-1.7317881808652142,0.054050165812834616,-0.0037427634414615176,0.05925016381589745,2.0
0.5598736419716457,-0.692514848267078,-1.4813464809070294,0.017331478795252278,1.0
0.5435648548598367,-0.9671882731698922,1.3357072458733172,0.08199897687531582,0.0
0.6271579198796171,1.607811457299022,0.1622333190205456,-0.039876869691555836,3.0
0.6271579199314117,1.607812828421891,0.15960742193690158,0.048093329642068805,3.0
0.5598736413236887,-0.6925169884438386,-1.471793898207242,-0.04094615183142954,1.0
0.6271579199793963,1.6078115216490099,0.1629331498795614,-0.07926566679144191,3.0
0.5598736411788956,-0.692515488962476,-1.4857174775256343,0.010928678175019649,1.0
-1.7317881825741892,0.0540506893702748,-0.000501482440042847,0.011337524755554102,2.0
-1.731788181490693,0.05405329295562427,-0.008501870081877833,0.030003830815753026,2.0
0.6271579200727389,1.6078091651485802,0.1674752967530966,0.04272924952414368,3.0
0.5435648545576666,-0.9671903212066465,1.3335367563309601,0.019892223198047093,0.0
-1.7317881805411424,0.0540466666569687,-0.0007699445378158179,0.07005125759925804,2.0
0.5598736416457769,-0.6925146075558276,-1.4771558352208431,0.027653569216321915,1.0
0.6271579195621144,1.6078123802832125,0.1612237264690971,-0.010848196574279732,3.0
0.627157919789245,1.6078112344310953,0.16594047429889403,0.01526802260839068,3.0
-1.7317881812416482,0.054048495695832914,-0.0007496267945791355,-0.0872788339683257,2.0
0.559873641472334,-0.6925175575923567,-1.4801075393410843,0.06436333907120027,1.0
-1.7317881811241276,0.054050805527408895,-0.009545497981340358,-0.08264781936343084,2.0
0.6271579192146539,1.6078120981505812,0.16368878857048455,0.02777976737479057,3.0
0.5598736414430158,-0.6925174859158544,-1.4725238993044605,-0.0015927303565731886,1.0
0.5598736412260397,-0.6925134865808757,-1.4825333824650602,0.062240506362770405,1.0
0.627157919714457,1.6078104756038092,0.15665686789733987,0.016642434412632613,3.0
0.5435648550444584,-0.9671901524638015,1.3285325597515896,-0.018857064884515776,0.0
0.5598736420204935,-0.6925146493921914,-1.477310559686531,0.014461811803824776,1.0
0.6271579200332326,1.6078123036638747,0.15567684957764863,-0.002333750252031789,3.0
-1.731788180846825,0.05405102954020728,-0.010868600941737444,0.0018946438215471765,2.0
-1.731788181420614,0.05404992168043958,-0.004795844720528456,0.06450511892816796,2.0
-1.7317881814614215,0.054049517416462835,0.005272871935690125,-0.034801922692162555,2.0
0.627157919887287,1.6078101839964147,0.1676499051636828,-0.02441054416475306,3.0
0.6271579193297464,1.6078106852000653,0.16439393993386964,-0.01847448564368133,3.0
0.6271579202947377,1.6078081102429922,0.15994348058117988,-0.010139044142430501,3.0
0.5598736414713816,-0.6925160367401554,-1.4745359481620943,0.004989664317973425,1.0
0.5435648542556444,-0.9671921669757793,1.3296691698754264,0.03464896039118274,0.0
0.5435648548900692,-0.9671905329166584,1.3274243904222265,0.0005291843321842214,0.0
0.5598736416493443,-0.6925148854032792,-1.476850026713237,-0.016900916874715503,1.0
0.6271579198546535,1.6078112897776595,0.161708569981587,0.014051869336055098,3.0
0.6271579197257363,1.60781163353834,0.16142642841252722,-0.0034179772032370986,3.0
0.543564854524375,-0.967192995149565,1.3348060692140458,-0.03847603473547712,0.0
0.6271579196419576,1.607813413746357,0.16118213305985274,0.057327785284341425,3.0
-1.7317881816833103,0.054048647804443926,-0.005755294930932588,-0.03957306398491651,2.0
0.55987364157125,-0.6925150619730295,-1.4798620407437961,0.03178099609905796,1.0
0.5598736414641868,-0.6925155141293393,-1.4720403323067308,0.03829798007628659,1.0
0.5435648546667419,-0.967187291052032,1.32854007293692,0.04705942847513574,0.0
-1.7317881814083542,0.05405258663839769,-0.0037654441802478784,0.02084981098826218,2.0
0.5598736410788501,-0.6925195944467308,-1.4758287651581226,-0.006517538039633509,1.0
0.5598736413641242,-0.6925191783757094,-1.4832431731005231,-0.009802951683097782,1.0
-1.7317881819441097,0.05405069846684247,-0.008819792986133446,0.04562759032038447,2.0
0.559873641338267,-0.6925130101310122,-1.4809044983827997,-0.030513370194617712,1.0
0.5598736418412646,-0.6925153701641689,-1.4853883187886041,-0.028578985376315404,1.0
-1.7317881816748333,0.05404792667644731,-0.01174454561944936,-5.912843852768143e-05,2.0
0.5435648547629367,-0.967188275091525,1.3252098208016738,0.02396922628052929,0.0
0.5598736419078048,-0.6925159919376416,-1.4822538987743537,0.03943520342260105,1.0
0.5435648543409037,-0.9671882577782328,1.3318472880495056,0.04494795565902032,0.0
0.5598736417451845,-0.6925182895100446,-1.4836653294683257,-0.03877413158934269,1.0
0.5435648541276196,-0.9671927654536024,1.328868412352744,0.04093859078980638,0.0
-1.731788181636046,0.05405272104259512,-0.0062431553181008055,0.04361283490848891,2.0
0.5598736416890576,-0.6925155675910449,-1.4786778516575108,0.04790990825704757,1.0
0.5435648552694757,-0.9671882951479247,1.3367631516790899,0.007082910690577916,0.0
0.5598736410018456,-0.6925199853969407,-1.477093639376134,-0.008479696152253156,1.0
0.627157919822971,1.607811928650573,0.15619910603566708,-0.014789495848194004,3.0
-1.7317881817207288,0.054050712380167815,-0.004527545243723579,0.019996591209715336,2.0
0.6271579201514925,1.6078114094683458,0.16203275682811466,0.01945371147888247,3.0
0.5435648545911244,-0.9671905776314975,1.3351358907257909,-0.04470607517888423,0.0
0.5435648547152435,-0.9671933753420898,1.331404909812477,0.012820408082582512,0.0
-1.7317881814332947,0.05405275029580674,-0.008832105531127203,-0.03514618601177443,2.0
0.6271579199575151,1.6078090016358038,0.16915394368888542,-0.006501430557938803,3.0
-1.731788181825194,0.054050767338366355,-0.013489200644158091,-0.023146537825353426,2.0
-1.7317881809574316,0.05404993346117677,-0.008221725506194912,0.0057059674010100855,2.0
0.543564854467759,-0.9671877672676599,1.3318182075707095,-0.02720433824438622,0.0
0.6271579202945458,1.6078101034770957,0.15854865126399748,0.03365045926284562,3.0
-1.7317881812324616,0.054048754947615574,-0.0026265558695272914,0.003552089627472656,2.0
-1.731788181137352,0.054048941085182885,0.0025110305431170943,0.04212925373850793,2.0
0.5598736418522097,-0.6925176401749056,-1.4763990490993564,-0.003302385763905,1.0
0.6271579202125714,1.6078130835237967,0.16280217690521895,-0.049718406308871886,3.0
0.5435648554990407,-0.9671878479389617,1.33368783342323,0.05089208379606812,0.0
0.5598736418453196,-0.6925152919920399,-1.473016775966378,-0.012445910275465339,1.0
0.5598736415109529,-0.6925138025536433,-1.480594840723756,-0.026491323319574468,1.0
0.6271579198441469,1.6078116558999151,0.16322866999527805,-0.03545748348365635,3.0
-1.7317881814473006,0.054052753273737715,-0.01254528544590296,0.013354434771623153,2.0
0.543564855195217,-0.9671893619557125,1.3290327883683077,-0.038602622262715,0.0
0.5598736415550081,-0.6925155896542675,-1.4802555712055105,-0.0043809102798397365,1.0
-1.7317881815579725,0.05405029034342027,-0.00522483599617004,0.03240302575840848,2.0
0.5435648551767471,-0.9671907897386052,1.3308163866443237,0.000999633115191353,0.0
0.5598736418524577,-0.692514326517604,-1.4775184360366493,-0.0438805162144312,1.0
0.6271579201691244,1.6078097223446242,0.16396266241894333,-0.02198923964931059,3.0
0.6271579195401584,1.607810277745047,0.1589299166190607,-0.03683747253367928,3.0
0.5435648544529535,-0.9671863367204202,1.3378260830273736,0.08986006526757691,0.0
-1.7317881820811114,0.054050296309311845,-0.003561674149000516,0.040034654021782495,2.0
0.5435648542618918,-0.9671847845305553,1.3402543584433442,0.01976082129263685,0.0
0.5435648547241952,-0.9671909267408887,1.337929201866225,0.024821358757268465,0.0
0.5598736416232133,-0.6925142578163165,-1.475167969914409,0.1035772659627037,1.0
-1.7317881812119438,0.05405112716730484,-0.003594919603703658,-0.01871381648867595,2.0
-1.731788181356973,0.05404604195162252,-0.006354993286661503,-0.0014028841491967568,2.0
0.559873641107116,-0.6925143288349682,-1.4756098454824331,-0.035311015269156656,1.0
0.5435648542728816,-0.9671874240041489,1.3358822475018375,0.01039864506330676,0.0
0.6271579204156471,1.6078144374640735,0.15700937725922465,0.015660560074601048,3.0
-1.731788180979283,0.0540511939397566,0.004152650023126055,-0.017915023807671685,2.0
0.6271579202671119,1.607811115278892,0.1587864724810722,-0.034366720821051536,3.0
0.5598736417206519,-0.6925168975728287,-1.4805444263466405,-0.040439050125258495,1.0
0.55987364119568,-0.6925158415382033,-1.483701298212168,0.04723251554097341,1.0
0.5598736416607821,-0.6925149453290179,-1.4819105603873783,0.0013405287141782384,1.0
-1.731788182164883,0.05405174144175354,-0.0011999735445406999,-0.004464155576350927,2.0
0.5435648543595963,-0.9671891321478143,1.3333082146693114,-0.041148546327449305,0.0
0.5435648547266535,-0.9671893496985183,1.3311266258598404,0.012953929975542703,0.0
0.5598736409248662,-0.6925131240730102,-1.4725938055173966,-0.021868855772199495,1.0
0.5435648548176565,-0.9671878428392348,1.3357646444449156,0.007967569907254795,0.0
0.5598736412890334,-0.6925155724359295,-1.4786686066248997,-0.05774349257729959,1.0
0.6271579196864492,1.6078140187264844,0.16203180118867558,-0.04844726399734068,3.0
0.6271579196882463,1.6078135493003463,0.1571771164969277,0.0363681272009395,3.0
0.6271579197109499,1.6078104488277158,0.1613432048400922,0.02433060108709135,3.0
0.627157920044277,1.6078108322020885,0.1615545603071613,0.027270029592913816,3.0
0.5598736415711018,-0.6925154627852897,-1.4743758435415837,0.004525414158093732,1.0
0.5435648548809908,-0.967189030666004,1.3270015654117187,0.01761316970405149,0.0
-1.731788181257727,0.05405141980540404,-0.0006528747992978804,-0.009554269535286718,2.0
0.6271579202142141,1.6078116414689025,0.16015070133837173,-0.046444398349444194,3.0
-1.7317881811960245,0.05404682491199733,-0.00915386285573455,0.007185384359052452,2.0
-1.7317881813507061,0.05405036242303905,0.002343499663300825,0.05743342184095576,2.0
-1.7317881808525344,0.05405348176064504,-0.005916946289919247,-0.04164197822244899,2.0
0.6271579201806635,1.607807664780914,0.16483310790477892,0.04425101794777902,3.0
0.5435648548886622,-0.9671895525393001,1.330003023607466,-0.007987666397324598,0.0
0.6271579197419316,1.6078105080251754,0.16013625987961003,0.011487059132289546,3.0
0.543564854334231,-0.9671908454868196,1.328809802004018,0.027145146690202675,0.0
0.5435648545718709,-0.9671889077598673,1.3360216391688127,-0.05632107244327239,0.0
0.5598736419313753,-0.692517579303431,-1.4786877822572373,-0.008680215973042553,1.0
0.5598736417762832,-0.6925146561313117,-1.4758650428645486,-0.06283468661853198,1.0
0.6271579198754302,1.6078127044324004,0.1585033926973589,0.0400938289733709,3.0
0.5598736412230707,-0.6925135238200418,-1.4808461813196085,-0.008820015453487045,1.0
0.5435648555293949,-0.9671900385411213,1.3308297650958192,-0.00696982857559799,0.0
0.6271579195940418,1.6078120494721333,0.16455120548666555,0.021967323144992227,3.0
-1.7317881815520808,0.054052371694598624,-0.006180933620606841,0.03235155346095893,2.0
0.5598736412122048,-0.6925153314885057,-1.482378207196342,0.04671633466907377,1.0
-1.7317881805964976,0.05405015632735754,-0.0039020149068862684,-0.04409250858246182,2.0
0.5598736408887427,-0.6925171079148376,-1.487170692548911,-0.050286696889248604,1.0
0.5435648547036295,-0.9671879661416647,1.3304989123826176,0.02802421525843893,0.0
-1.731788180451283,0.054051318111055444,-0.00195679355770355,-0.0031306067396859997,2.0
0.559873641686046,-0.6925144303965332,-1.4826345390604354,-0.04496451511397649,1.0
0.5598736416773532,-0.6925158417046992,-1.4791937433984583,0.01028798611992071,1.0
0.6271579191857991,1.6078114580844844,0.15960808224500903,-0.016726784127693628,3.0
0.6271579198945786,1.6078109959323583,0.1609931940971471,-0.024788353441167813,3.0
0.5435648545657566,-0.9671911751399402,1.3316419140361484,0.0557614607175453,0.0
0.5435648545775349,-0.9671875347707589,1.3372031020790478,0.003229429443536425,0.0
0.5598736416716654,-0.6925162093122657,-1.474607108631448,0.04815675393345099,1.0
0.5435648543238346,-0.9671886637069295,1.3310011195172171,0.05320899573153631,0.0
0.5435648549300963,-0.9671887995383857,1.3365407968447283,-0.015440539037628142,0.0
-1.7317881817517804,0.05404852727576706,-0.008383917743590314,-0.011500929905334464,2.0
0.6271579198260653,1.6078098638925993,0.1662018887089362,0.01706467343530816,3.0
-1.7317881821198002,0.05404885672384333,-0.005157589496394943,-0.08015429806791145,2.0
0.6271579194573694,1.6078098168480104,0.160461150006243,-0.020750541722495162,3.0
-1.7317881806193791,0.05404771338718908,-0.010723213723859528,0.02987524209535097,2.0
0.5435648547769121,-0.9671875958851048,1.3250595108649843,0.008585146260874709,0.0
0.5435648548103873,-0.9671890168565865,1.3274205456842252,0.0007277152235813446,0.0
-1.7317881816431782,0.05404856702243632,-0.004352233353303452,0.037908837606217216,2.0
0.5598736419875026,-0.6925164230611185,-1.4808599453636664,-0.012043473674501247,1.0
-1.7317881807384905,0.05404979348941992,-0.0038091937601437706,0.004413402337836022,2.0
-1.7317881811018063,0.05405064863514386,-0.008742284309221804,-0.07338979967436615,2.0
0.627157920058797,1.6078097919395993,0.15970886653017516,0.0859946622318894,3.0
-1.731788181326559,0.05404749613711138,-0.001534159946327992,0.005580859464193961,2.0
-1.7317881814685743,0.054049726770985046,-0.0022926173159918814,0.07204123117552866,2.0
0.5598736410357479,-0.6925158143088193,-1.4793723482151182,-0.02298611256900803,1.0
0.6271579196756261,1.607808000080014,0.1615158031909532,-0.026903732246992638,3.0
0.5435648552051546,-0.9671902582258698,1.3308640078302314,-0.0005364857694678237,0.0
0.5435648545846276,-0.9671878384937415,1.3342572238235366,-0.03273205053035649,0.0
-1.7317881812957228,0.054048906593378396,-0.004533154380503667,0.02763764356807357,2.0
-1.7317881816889744,0.054049510969715824,0.0007475014370265964,-0.010287469645681176,2.0
-1.7317881816660419,0.054049987011643444,-0.010439481534865031,-0.018453842981418358,2.0
0.559873641448837,-0.6925155524701158,-1.4816916791743209,-0.04498338244573205,1.0
0.559873641394426,-0.6925171210516694,-1.4756994004168515,0.017994269505092822,1.0
0.6271579198350293,1.607811692484542,0.15965087343357512,-0.0063573448758664315,3.0
0.5598736413022003,-0.6925161724155696,-1.4760057614494277,0.06981842790018211,1.0
0.6271579201172829,1.6078118638840089,0.15849252554491983,0.01706848885486719,3.0
0.5598736413814553,-0.692514391962693,-1.4753651723676753,0.06283455389275318,1.0
-1.7317881813969336,0.05404889165588839,-0.005764390839436581,0.013253983981568587,2.0
0.5598736421421014,-0.6925130831535731,-1.4754233511841588,-0.06258730565285904,1.0
-1.7317881814484537,0.05404937726075519,-0.0031883590382845656,0.07735987415633118,2.0
-1.7317881816355503,0.054051699536976805,-0.008011145406171597,-0.03418796564695372,2.0
0.5598736416891812,-0.692516825785956,-1.4837894097561002,0.008881114524836973,1.0
-1.73178818164288,0.05405110849427669,0.002047462781167425,0.013371389987792057,2.0
0.6271579193416905,1.607811561177401,0.16450899141682124,-0.012212759530931443,3.0
0.6271579193862267,1.6078134309598626,0.16184362386662776,-0.013206325535984763,3.0
-1.7317881813313392,0.054053160752166006,-0.004587832220221214,0.0014386060504495077,2.0
0.6271579198644147,1.607809824405016,0.16147849672918296,-0.009139957782247318,3.0
0.5435648548189239,-0.9671911809379387,1.3290966284571453,0.012101715012040335,0.0
0.5598736415662845,-0.6925140237982443,-1.4780384602118453,0.0018931041730828283,1.0
0.5598736412992069,-0.6925156188872043,-1.481718404717064,0.055879675500993875,1.0
0.627157919697244,1.6078125836858819,0.15962155165722322,-0.04391460719159556,3.0
-1.731788181070132,0.05404873082083734,-0.009615489894205728,0.004113844680061665,2.0
0.6271579199319243,1.6078109162386416,0.1609430733984822,0.016587565479836024,3.0
0.6271579199896408,1.6078132073991862,0.16141705245675458,-0.03953669502400449,3.0
0.6271579203800984,1.6078104946649043,0.16067217125523486,0.026710864731555282,3.0
0.5435648544156689,-0.9671914813456083,1.3346061006746526,0.03659445578120046,0.0
0.5598736408701999,-0.6925128291866993,-1.481190635626192,-0.06266652279743569,1.0
0.5598736419899971,-0.6925165999608413,-1.473634178857356,-0.0069888819554572304,1.0
0.5435648549779301,-0.9671884508806481,1.3308360332454499,0.041398417159660236,0.0
0.6271579193819699,1.6078118074577161,0.15868957400729305,-0.024135445750799425,3.0
-1.7317881814740725,0.05405066022167546,-0.00515462241401922,-0.006903158814127479,2.0
-1.731788181655651,0.05404708540377268,-0.0027015297245374472,-0.04729296787136101,2.0
0.6271579196120015,1.6078128348385379,0.15841976721229073,-0.005553178164757907,3.0
0.5598736417286692,-0.6925139619970516,-1.4760945651878559,-0.019087627579138306,1.0
0.627157920346255,1.6078122003044513,0.15812709436535197,-0.006173128464851308,3.0
-1.7317881819562186,0.05404991234502358,-0.0008801371192354057,0.01347001208760853,2.0
0.5598736416902566,-0.6925180939977369,-1.4774775373095703,0.009854189035808153,1.0
0.5598736415169505,-0.6925169305014501,-1.478740635048486,-0.005854809455550259,1.0
-1.7317881813213034,0.054051919889615455,-0.007190458872146836,-0.031199474791350056,2.0
0.5435648548102452,-0.9671935241203998,1.3302147622435572,-0.00765282425334849,0.0
-1.7317881819760488,0.054048460475250755,-0.007233658496343126,0.06390119551426585,2.0
0.6271579202974187,1.6078120996687881,0.15990384230904847,-0.015272976515914785,3.0
-1.731788181995653,0.05404921347435987,-0.0010174052464321938,0.012921149419876807,2.0
0.6271579198746048,1.6078107635631689,0.1624319860108748,0.004077142312522244,3.0
0.543564855161664,-0.9671886062146909,1.3341699342607884,-0.007072003083107833,0.0
0.5598736417954321,-0.6925175049805974,-1.4717247142543621,-0.02504994468623506,1.0
-1.7317881815435798,0.05405089736592455,-0.0035255309581184746,-0.02271967644718832,2.0
0.5598736413475038,-0.6925174402876357,-1.4815747264935017,-0.05615320777155798,1.0
0.5598736410861063,-0.692513731669084,-1.4804555108455324,-0.0014012401248316504,1.0
0.5435648546774117,-0.967190572493114,1.334923703495812,-0.039991145182856076,0.0
0.5435648545611428,-0.9671871267046669,1.33607857728942,-0.05819380372596093,0.0
-1.7317881817122291,0.05405015970203528,-0.002779909404794856,-0.06929979169887834,2.0
0.6271579200353462,1.6078116162772818,0.15301110609398083,0.001798019282037805,3.0
0.543564854398896,-0.9671896932469276,1.3276796861728435,-0.00999268728961944,0.0
0.6271579198114355,1.607811357313908,0.16068118131050196,-0.02779452310578967,3.0
0.5435648552476822,-0.9671882894561099,1.334962975685141,0.0039057461272656124,0.0
-1.7317881816680407,0.054050885234332866,-0.0020082871854236474,-0.004069580577302643,2.0
0.5598736417100443,-0.6925153637957087,-1.478950548223008,-0.04629925367659526,1.0
0.6271579199240717,1.607812110124635,0.15013025105926536,0.029275313844432625,3.0
0.5598736412868897,-0.6925146497550619,-1.4859794773988022,-0.011790125216304017,1.0
-1.7317881816927088,0.054048356691454205,-0.01049360405240696,-0.007874980967841366,2.0
0.5435648541732655,-0.9671904319613228,1.3338858324987939,0.01982391028072708,0.0
-1.7317881817553828,0.0540504846042314,-0.005932051495423135,0.027594086633885653,2.0
0.6271579202232663,1.6078146554147248,0.15973774415074932,-0.0033453680855545114,3.0
-1.7317881815766192,0.05405068489230988,-0.0030883227066907455,-0.017100117525067834,2.0
0.55987364161745,-0.6925186313423765,-1.4838894603561248,-0.004402865110700772,1.0
0.6271579203883926,1.607810861876316,0.16616971997929414,-0.0848684980951303,3.0
-1.7317881812619842,0.05405030372335944,-0.005242224881401022,0.014779362744321237,2.0
-1.7317881817910732,0.054048325034279865,-0.010858981059902642,-0.07194108301136182,2.0
0.5598736415574912,-0.6925159144020929,-1.4738172168809336,-0.007419978520731558,1.0
0.5598736412343767,-0.6925135446540195,-1.4764142174541481,-0.007603485981536079,1.0
-1.7317881815518965,0.05405055709093983,-0.007681979767286987,-0.001076287404830779,2.0
0.5435648547335672,-0.9671880652596644,1.3318957726167382,0.008388502901407068,0.0
0.5435648552163873,-0.9671903779226925,1.3366242024808157,0.03746985922148337,0.0
0.6271579195446451,1.6078109767344768,0.1523293428706734,-0.021479761161437943,3.0
0.5435648549410835,-0.9671898271903915,1.3306135928143505,0.005717953306599762,0.0
0.5435648545802134,-0.9671897053309021,1.334212004396429,0.055477154393245,0.0
0.5435648545043889,-0.9671871102092393,1.3291741223979159,0.028110403261378973,0.0
0.627157919727883,1.607811438279576,0.1566937092887795,-0.015713344059521055,3.0
0.6271579202692477,1.6078107794851246,0.16154861355031536,0.009247106458638877,3.0
0.6271579196917582,1.6078109867942962,0.16380992342795966,0.059917069794327225,3.0
-1.7317881815984524,0.05405165701924416,-0.011735892786307508,-0.010120560457899877,2.0
-1.7317881814590455,0.0540494309752963,-0.008052445395557353,-0.006493554543919404,2.0
-1.731788180629884,0.05405105763691669,-0.008956648436679433,0.01321620673097324,2.0
0.627157919415692,1.6078104197074878,0.15474396859792705,-0.008854116364331152,3.0
-1.7317881819050076,0.05405080237842304,-0.0052067809491125605,-0.049088576766075295,2.0
-1.7317881815360414,0.054050291565935174,0.0028273034215168832,-0.007985721800170794,2.0
0.6271579194579902,1.6078114053250125,0.16469173856066197,-0.009069705706186546,3.0
0.5598736422141427,-0.6925143764966547,-1.4785721566695103,0.03499212359854611,1.0
-1.7317881808347804,0.05404869918328772,-0.004663592079072893,-0.005089076587306358,2.0
-1.731788181444699,0.05404978661195108,0.00024294314299503025,0.021915067059971677,2.0
0.5435648546220303,-0.9671904681888873,1.3345497994018292,-0.07600998043294907,0.0
0.5598736415399367,-0.6925187089810569,-1.4782691331814404,0.004525965391732188,1.0
0.6271579199841769,1.607805283717637,0.16617875567357196,0.036961176971292316,3.0
0.6271579199907319,1.6078076266296037,0.15880571242998395,0.05414500841600837,3.0
-1.7317881817266783,0.054049489673269474,-0.006772105722560297,0.10322142499141672,2.0
0.5435648547184903,-0.9671899557753975,1.333981089134434,0.02989910753797524,0.0
0.5435648542205566,-0.9671887019519282,1.3278846823561685,-0.010650236929458894,0.0
0.627157920070582,1.6078113771103781,0.1631106220870935,0.02927741069366966,3.0
0.6271579193303548,1.607811521191667,0.1583365662730038,0.004982145377879951,3.0
0.5598736420602254,-0.6925189986694493,-1.487303412835765,0.1294472916249081,1.0
0.5598736413771244,-0.6925188187924991,-1.4776632297837018,-0.04863550558550624,1.0
0.5598736412170698,-0.6925151721090799,-1.480418250196607,-0.02203008165141191,1.0
0.5435648548082476,-0.9671895503098396,1.3346673269817209,0.018651281915050534,0.0
-1.7317881811173186,0.05404797219870778,-0.0050961368246008245,0.015388085339045468,2.0
0.5435648544194432,-0.9671883879062965,1.3332059721475507,0.0297824928485244,0.0
0.5598736414529029,-0.6925207700356087,-1.4797726469105126,0.0021754730070582934,1.0
0.5435648547820873,-0.9671859778569017,1.3321686740993017,0.054680437114727615,0.0
0.6271579199079242,1.6078123499098025,0.16450659925393546,-0.018807801040866098,3.0
0.6271579205115216,1.6078110266231067,0.1580045965437893,-0.013410163439381522,3.0
0.5598736421135568,-0.6925151633549734,-1.4738108030809842,-0.024279518563590365,1.0
0.6271579197761976,1.6078118736649583,0.16337233101118653,-0.01025391620140864,3.0
0.5598736415966011,-0.6925151104024779,-1.4765772823213847,-0.008800666580420035,1.0
0.5435648547609605,-0.9671906321957273,1.335318931810638,0.01532667759790467,0.0
0.6271579203140693,1.6078098565349168,0.15439531104381451,0.05979174715179545,3.0
-1.7317881814403917,0.05404846310817416,-0.0014913348241167635,-0.016816512572288743,2.0
-1.7317881816899243,0.05405142952137512,-0.003327988684282301,-0.08683811994228528,2.0
-1.7317881818287737,0.05404858244875274,-0.011202985357818586,-0.09816699861507436,2.0
0.6271579190315585,1.6078121770246951,0.1630662408496348,-0.03593786127738527,3.0
0.6271579200644744,1.6078103587133001,0.16158502572875158,0.011007884124377828,3.0
0.5435648549818852,-0.9671904774413576,1.3361531510176694,-0.05379499988627491,0.0
0.5435648546445918,-0.9671914861764721,1.3358070605949923,0.06737105272235062,0.0
-1.7317881811757057,0.05404871691064217,-0.0007312336798538125,9.989588711450229e-05,2.0
-1.7317881814599356,0.054049875298629896,-0.009420496050693051,-0.00046790677657340674,2.0
0.5598736413059694,-0.6925166919022389,-1.470243638084171,-0.044173344708435765,1.0
-1.7317881816270762,0.05405031755733519,-0.0006123689179500224,0.05031357447828652,2.0
0.627157919502781,1.607812484476942,0.15835978560987404,0.020679234100838606,3.0
0.6271579196077772,1.6078128427217995,0.1607262294496065,-0.04850158646555984,3.0
0.5435648551628988,-0.9671898816946066,1.3392369902964523,0.012967838046140337,0.0
0.5598736413575655,-0.6925187966125325,-1.4774348229177192,0.011913366074946596,1.0
0.6271579192407432,1.6078085749674356,0.15710542871771654,0.015013489956919998,3.0
0.5598736414207097,-0.6925183976476824,-1.479550012880707,0.005330139709707463,1.0
-1.7317881814112839,0.054051873185333964,-0.006679301597776342,-0.0316936216728998,2.0
0.6271579195473413,1.607811445529062,0.16651629118580324,-0.04669076987127801,3.0
0.6271579202545086,1.6078127637812307,0.1571746076295746,0.051421758991389864,3.0
0.5598736419928207,-0.692513344439396,-1.4754488903326464,0.007801581007394282,1.0
-1.731788181665922,0.05405140440222781,-0.006025050176872623,-0.022534381892988415,2.0
0.6271579201251525,1.6078099158635135,0.16052949610973244,0.03201744647731099,3.0
0.6271579193324625,1.6078106397492602,0.15823401700850176,-0.029607411733457264,3.0
0.543564854697338,-0.9671904781989789,1.3342201104145068,0.008886162117387788,0.0
0.5598736407589588,-0.692516699704918,-1.4848233655114362,-0.04156223842598183,1.0
0.5598736418182415,-0.6925163257004197,-1.483693527186113,-0.03991043446837079,1.0
0.5435648546473509,-0.9671877926558085,1.3294404731307425,0.02890043840069233,0.0
-1.731788182439589,0.05404991829007294,-0.0021209674178844853,0.045644299818615036,2.0
0.5435648541036763,-0.9671902557736921,1.3341986981048795,0.02829626116446534,0.0
-1.731788181358155,0.05405109212466244,-0.006753979940108601,0.0543402775497661,2.0
0.5598736413598249,-0.692515869400049,-1.4856105248906373,-0.044255416412756564,1.0
-1.7317881807882574,0.05404980359841392,0.0008993982911841424,0.012478981040923603,2.0
0.559873640897533,-0.692514208805788,-1.4738703382547416,0.009017211188769235,1.0
0.6271579202210145,1.607812379899811,0.1627527096525493,-0.052658042803799925,3.0
0.5598736415179502,-0.6925194026102252,-1.4852900190275637,-0.018031403067385817,1.0
0.6271579207390845,1.607811333306132,0.16036050518659398,-0.05649116454576231,3.0
0.627157919243112,1.607809799289782,0.15800684681028768,0.029061761335375403,3.0
0.5435648541139443,-0.9671894250861519,1.336407730671491,0.07618055750378436,0.0
0.6271579199141245,1.6078108321869171,0.15897440047322356,-0.020686332820483867,3.0
0.6271579198006361,1.6078130584617585,0.15971615368194464,-0.04270263676866428,3.0
-1.7317881813981355,0.054049844423990315,-0.0057866200229518125,-0.018944408160315437,2.0
-1.7317881809960807,0.05405073983398578,-0.0015167480356871115,0.025916966744218797,2.0
0.5598736416331273,-0.6925159653372079,-1.4761786380940427,0.00992538368135412,1.0
-1.7317881816344516,0.05405015384232713,-0.0016600269314108044,0.005416219954399839,2.0
0.5598736408788394,-0.6925159502878477,-1.4749349731311048,0.030879644783609758,1.0
0.6271579199803874,1.6078126185993553,0.16301785270715433,0.00016732964680034985,3.0
0.6271579197462928,1.6078104972383174,0.15400595496818079,-0.008310476822108382,3.0
0.6271579193351782,1.6078125243694261,0.1564901528149249,-0.005799839289156427,3.0
0.6271579197300297,1.607812429928513,0.16012563511098948,-0.07083992525600079,3.0
0.5598736411764692,-0.6925148545396641,-1.4732698465788352,-0.025825359997710646,1.0
0.5598736419531575,-0.6925177253053891,-1.483317664041452,-0.04150276125375833,1.0
0.6271579198917006,1.6078089732369443,0.1655980506949981,-0.013402118605590306,3.0
0.5435648545538011,-0.9671895790635148,1.334214397077366,0.015226978747728933,0.0
0.5598736421911984,-0.6925190511399105,-1.4795247487146108,-0.02535376363725303,1.0
-1.7317881819608232,0.05404938089761281,0.0012887836785497736,-0.008426077327163481,2.0
0.5598736417876637,-0.6925163835223932,-1.4817588217270783,0.06705365190269648,1.0
0.6271579201680397,1.6078094060234769,0.15898614768246894,0.008582740505060893,3.0
0.5435648545268305,-0.967191232967465,1.329466266408518,0.013984508419741323,0.0
-1.7317881808669395,0.0540476421576605,-0.0034659491374540038,0.013607878474125848,2.0
0.627157919960185,1.6078092802252753,0.16086376674983954,-0.0009882618448253872,3.0
-1.7317881817359884,0.05404916241745944,-0.009232374998165847,0.010992056116425857,2.0
-1.7317881813578468,0.05405230326911331,-0.0022782830669468455,-0.06706249723839637,2.0
0.5598736412817383,-0.6925155569351795,-1.4748399472292453,0.015239625307625513,1.0
0.6271579199636111,1.6078134715023558,0.1623396700596093,0.0697623188839891,3.0
0.5435648542985908,-0.9671915817004694,1.3384014709314458,0.045837403329353994,0.0
0.5598736417090622,-0.6925176859974637,-1.480240460724663,-0.00015576406861624484,1.0
0.5435648545029352,-0.9671894469812727,1.3327756394536385,0.021437509110942856,0.0
0.5598736416488687,-0.6925137869099135,-1.477510774625806,-0.029858236288551228,1.0
-1.7317881816944074,0.05405203282283101,-0.007904236180132912,0.058405232690013284,2.0
0.5435648542168666,-0.9671882855936412,1.332205043783282,0.039299972375715315,0.0
0.6271579194369871,1.6078127425584754,0.16371339065704013,-0.030099429779856395,3.0
-1.7317881816630314,0.054051772916212416,-0.0037448862746791004,0.033001140124268684,2.0
0.5598736423422893,-0.6925165052863665,-1.4781032854616258,-0.004241918823592744,1.0
0.5435648552082031,-0.9671921617746512,1.3336162030010579,0.10389974463417057,0.0
-1.731788181442617,0.05404963915103834,-0.013257328570142076,0.0049226325557653276,2.0
-1.7317881817798706,0.05404993863647893,-0.0014213891548242096,-0.004427780971724357,2.0
0.6271579198821225,1.607808857280451,0.1589759364844588,-0.016990564973373153,3.0
0.5598736415064649,-0.6925165986567112,-1.4791762259821044,0.019948121038931614,1.0
0.6271579201186447,1.607809785953543,0.16306518493599936,0.0413010707336244,3.0
0.5435648547931672,-0.9671910422435729,1.3247997163472187,0.040596738521924615,0.0
-1.7317881816042038,0.05405186167215376,-0.0028822018451172297,-0.026833579856153582,2.0
0.5435648547121323,-0.9671879607852473,1.331799442859261,0.05453180342233236,0.0
-1.7317881822452992,0.05405256243001863,-0.0053698243651438835,-0.01670204769534106,2.0
-1.7317881815300118,0.0540483849639821,-0.0008968548440961807,0.006097521385873737,2.0
-1.7317881813839116,0.05405024563372929,-0.008843770667545388,0.014446442004072309,2.0
0.6271579196766173,1.607812701340867,0.15764673126683426,-0.024883030694678353,3.0
-1.731788181845427,0.054050783762788775,-0.010283813109424186,-0.01651983258039211,2.0
0.5598736414489079,-0.6925166624918818,-1.4779850649547028,0.03704010181120297,1.0
0.5598736402913345,-0.6925195260144591,-1.4803573492989461,0.03717432845309795,1.0
0.6271579195854174,1.6078111492770222,0.15734537701365303,-0.02740805659480578,3.0
-1.7317881809106574,0.054048820598905575,-0.002735996603357063,0.006418758118958027,2.0
-1.7317881808851903,0.05405094418403719,-0.000914093383957182,-0.0195289922368278,2.0
0.5598736412998403,-0.6925135134470254,-1.4776551099788058,-0.0041284308880615095,1.0
-1.7317881810447773,0.054051750333166934,-0.006149466335032507,-0.03754988929162621,2.0
0.6271579198703131,1.6078106049056753,0.16519810451574515,0.01240983404361613,3.0
0.5598736410345486,-0.6925146911832565,-1.4823451370126153,-0.05403095051521679,1.0
0.5598736416614751,-0.6925165057784648,-1.4816821127642148,0.041087993982886824,1.0
0.5435648552830493,-0.9671896929966438,1.339738686400842,0.056794344318192275,0.0
0.6271579198019414,1.6078090769177131,0.16101339790611002,0.012191044907072126,3.0
0.543564855216613,-0.9671891660768629,1.3274409535183591,-0.0004986751430421023,0.0
-1.731788181143704,0.05405033446212606,-0.0026210164030723427,0.007296686514396802,2.0
-1.7317881811089582,0.054051597804001615,-0.0031631928608631525,0.02880683532488908,2.0
0.6271579199082871,1.6078134551386813,0.1577965308055045,-0.045965616338453315,3.0
-1.731788181236368,0.05405247979954879,-0.011874129808979207,0.039292773013242875,2.0
0.5435648548113889,-0.9671900147932962,1.33203658831505,0.05385397078004422,0.0
0.5435648542471002,-0.9671891138362405,1.3297302448154904,0.0032740382899277315,0.0
0.6271579200399898,1.6078114211682002,0.15794252960563182,0.008497083853518356,3.0
0.6271579196258745,1.6078134112467033,0.16428758525722192,-0.022583951319665493,3.0
0.5435648550857337,-0.9671886316611781,1.3313040377233711,0.06532363384866319,0.0
-1.7317881809043143,0.05405135936161829,-0.00358710914641434,-0.07936952319857146,2.0
0.5598736412877697,-0.6925144772241876,-1.4809174020231093,-0.03141465690398306,1.0
0.5598736422845777,-0.6925173193240279,-1.4820258506607027,-0.01966944471666673,1.0
0.5598736408328033,-0.6925143879889363,-1.4778982448250773,0.058090797317625766,1.0
0.5435648544070532,-0.9671880689434991,1.3371017909928364,-0.025799434964099515,0.0
-1.7317881809517326,0.05404833437255849,-0.007531997386060917,-0.01236530076504711,2.0
0.5598736418921106,-0.692515459925496,-1.4845125598011393,0.022752281390289276,1.0
-1.7317881803081223,0.05405181407069302,0.00025171165579881787,-0.03681438522144046,2.0
0.6271579200271845,1.6078104023049187,0.1642217032990809,0.016216268250338374,3.0
0.6271579197117148,1.6078086712393909,0.1624164079077316,0.0012453760973914253,3.0
0.6271579205707237,1.6078113778460017,0.1563906769911195,-0.007126428771742883,3.0
0.5598736410668846,-0.6925152869070599,-1.4770018818428763,0.020147821544803338,1.0
0.5598736413064827,-0.6925147246210519,-1.4789254769216968,0.02429569535807542,1.0
0.5435648542573263,-0.9671896484456552,1.330613529851178,-0.058864352636168106,0.0
-1.7317881814604952,0.05404928313367583,-0.006345183160514497,0.03897371074050517,2.0
0.5598736408704126,-0.6925146938245135,-1.481590495606674,0.012590882693697934,1.0
0.5435648549044583,-0.9671885835771927,1.3307386531308523,0.015520896682907112,0.0
0.6271579196708664,1.6078126910176365,0.15837945892054525,0.04419062557478129,3.0
0.6271579203735218,1.607811114229026,0.15860439026957268,-0.03529459480526192,3.0
0.6271579198230516,1.607811119663048,0.1601635795378773,0.034808009702929,3.0
0.6271579199183781,1.6078100707509495,0.16609492311437143,-0.057490174075170875,3.0
-1.7317881817562415,0.05405192495092004,0.00013365269970557825,-0.012136593453627293,2.0
0.6271579205953342,1.60780990045584,0.15402130965682548,0.040385372123108346,3.0
0.6271579202983995,1.6078105150944701,0.16914383396549543,-0.05292207109778631,3.0
0.6271579194442238,1.6078142380267217,0.15969974250168767,-0.006359641736188453,3.0
0.5435648548632215,-0.9671898670077059,1.3320138185277275,-0.03225196737316833,0.0
0.5598736416570679,-0.6925137802906897,-1.478409486658749,0.00529552173996384,1.0
0.5598736407341357,-0.6925166678121953,-1.480922503510018,-0.059777989359205835,1.0
0.6271579199506914,1.6078118902885354,0.16888554197000352,0.03330683836190132,3.0
0.6271579200361362,1.6078084196046727,0.16265205377514216,-0.027287292976314326,3.0
-1.731788181830372,0.05404960398504236,0.005101754743491922,0.022330698345661655,2.0
0.5598736417376997,-0.6925166622748884,-1.4774244395767253,0.029458430559488356,1.0
0.6271579200430668,1.6078140982840512,0.1622127245622589,0.0030130514526694003,3.0
-1.7317881813175817,0.054049593280680146,-0.003612062798801131,0.055156177942103576,2.0
0.5435648543585568,-0.9671880629383931,1.3233609101420845,-0.009421547629767274,0.0
0.5435648545995568,-0.967191153479873,1.3359998282794499,-0.01331080680454795,0.0
0.5435648546836108,-0.9671876994415354,1.335234264180126,0.04407249295578874,0.0
-1.7317881811341993,0.054049616220897795,-0.010146932544133784,-0.028559072917369047,2.0
-1.7317881814111575,0.05404976004776461,-0.0031718587703393163,0.015811516917483257,2.0
0.5598736419310846,-0.692515699279849,-1.4807369709318419,-0.005578851247456469,1.0
-1.7317881808383537,0.05404860365735521,-0.0038866813856088685,-0.042008664612638115,2.0
0.5598736412869512,-0.6925139317537571,-1.4795646631710169,-0.027538510727044507,1.0
-1.7317881810086766,0.05405401743717702,-0.01288663382540929,-0.036140103544458284,2.0
0.627157920270603,1.6078118505021337,0.16215510204170963,0.03648482054847447,3.0
0.6271579205912595,1.6078101429118163,0.1614038541502969,0.05130509416802511,3.0
0.5598736415456329,-0.692517102518001,-1.4687158015422612,-0.03995291056934869,1.0
0.627157919972453,1.6078127506549842,0.16036226094178668,-0.014670085253196906,3.0
0.6271579201123499,1.6078118545882396,0.16460072718665186,-0.0055313760727603144,3.0
-1.731788181800555,0.054050889391036555,-0.001784269951863018,0.05434947121940987,2.0
0.5598736414802867,-0.6925158463159595,-1.4824578788446334,0.0229922040854596,1.0
0.6271579194756582,1.607812211183279,0.16106904231981847,0.001619276859802619,3.0
0.5598736416743496,-0.6925160731292985,-1.4813679937634003,-0.12397456124017414,1.0
0.6271579204760687,1.6078141349851378,0.15711321431381758,-0.011836117749763295,3.0
0.6271579197479792,1.607811296697633,0.1632259467932875,0.013112744412851474,3.0
0.627157919420836,1.6078113634592606,0.15965216379503663,-0.0037344457331128914,3.0
0.6271579201782893,1.6078156146598643,0.16174449314081327,0.0025107996820310247,3.0
0.627157919807501,1.6078099384374085,0.15750604775048715,-0.07195981363887131,3.0
-1.7317881814845035,0.05405319771072172,0.00047947033184271717,-0.008741329498874866,2.0
0.6271579199239334,1.6078136553548465,0.15526330630380408,0.10270326612800038,3.0
0.5598736413634158,-0.6925158875647327,-1.4721068672138202,-0.011395909038841546,1.0
0.559873642152741,-0.6925172145857499,-1.4784239689451677,0.01885858257007632,1.0
0.6271579197722208,1.6078088666083268,0.1637525952971157,-0.042551089994529806,3.0
-1.7317881817417176,0.05404910138668043,-0.006587493300515223,-0.027342522722602933,2.0
0.5435648548844618,-0.967189434426997,1.335906982549623,-0.002651908344633324,0.0
0.559873641379219,-0.6925151881178978,-1.4818183192396093,0.01147277955907307,1.0
-1.7317881815059333,0.054049594030135845,-0.0022970860208897065,-0.024855680066391047,2.0
0.6271579198241259,1.6078146452178879,0.15670774874311788,0.008405539986958718,3.0
0.5598736414115192,-0.6925186444640306,-1.477863251724043,-0.038290052583863976,1.0
0.6271579204465311,1.607810949368203,0.1605373130951894,-0.044573567551458554,3.0
-1.7317881811046092,0.05404948775888218,-0.004560985634534445,0.005382322588081736,2.0
0.5598736418606469,-0.6925171387781012,-1.4754486960653945,0.010337245271884664,1.0
0.5598736416581215,-0.6925167646729378,-1.4837450298627062,0.027808108656745746,1.0
0.5435648545792741,-0.967188469985624,1.331685916413375,-0.006592035321430543,0.0
0.5598736414960415,-0.6925201135614727,-1.4823120929324003,0.00038801310646126037,1.0
0.6271579198575077,1.6078110963451882,0.15881023661856783,0.004309511224265064,3.0
-1.7317881820418521,0.05405043397903217,-0.0065520562961464066,0.0017691224588375445,2.0
0.5598736413673081,-0.6925163563049619,-1.4792006671016253,-0.001215739700220881,1.0
0.5435648542316821,-0.9671884070966307,1.338860847842578,0.011862807496287625,0.0
-1.7317881810667515,0.05404939073071831,-0.0037699207908903935,0.09261000581576755,2.0
0.6271579203057401,1.607810748283557,0.1571141819684024,0.01236583220112409,3.0
0.5435648545617849,-0.9671899051704091,1.3280781158164505,0.013625902553992184,0.0
0.5598736411561237,-0.692515956218281,-1.4783207650251489,-0.024994832906704727,1.0
0.6271579194651664,1.607813051418994,0.15842037113566293,-0.07418526754592225,3.0
0.5435648548172995,-0.9671926282117576,1.335386808032014,-0.01736117875098688,0.0
0.5598736419527268,-0.6925124569830565,-1.4831488447020842,0.017161739126497415,1.0
-1.7317881818300773,0.054053098836255975,-0.0014811482044084015,-0.004376706393735084,2.0
0.6271579200462858,1.6078089913133193,0.15180589666989924,-0.0026016878527762278,3.0
0.6271579195051276,1.6078093106984654,0.15479215937383625,0.015721801021660386,3.0
0.5598736415032949,-0.6925180952418452,-1.4795126327085872,0.049082260270142376,1.0
-1.7317881818946494,0.05405076937713722,-0.0020127094766834454,-0.022862028808121826,2.0
0.559873641487111,-0.6925154436675081,-1.4807875004129905,0.02918443144130953,1.0
0.6271579197653222,1.6078088911323172,0.15901790769887522,0.06566054213234981,3.0
0.6271579200588356,1.607815428301632,0.1616228154645541,-0.028863478531410875,3.0
0.5435648544473113,-0.9671885833855614,1.333586827394597,0.06179551129014315,0.0
0.543564855321952,-0.9671883624694483,1.3239967222847282,0.06916644312335035,0.0
0.5435648553641731,-0.9671875400192944,1.3314265540844366,0.014485186365092493,0.0
0.5435648543854946,-0.9671921051895725,1.3327902004966554,0.036440886988414925,0.0
0.5435648546754002,-0.9671889341491073,1.3349182576336576,0.0005076497949171848,0.0
0.5435648549410258,-0.9671889468489518,1.330491301820138,-0.050948081096844074,0.0
0.6271579201225691,1.607810458978283,0.16015779180202933,0.0656184050782735,3.0
0.5598736412857276,-0.6925187356543471,-1.4762181513042518,0.03547372856959676,1.0
-1.731788180997647,0.05405051337292369,0.0003159732383456515,-0.06397195764544852,2.0
-1.7317881815731957,0.054052324734996736,-0.006645974006014472,-0.030010370387751555,2.0
0.6271579201193701,1.6078110809474937,0.16091629329476304,0.020398676305125606,3.0
0.6271579203135697,1.6078099366569927,0.1515335716050358,0.031692366699662584,3.0
0.5598736420967682,-0.6925151235190378,-1.4778744120943643,-0.014984768506883347,1.0
-1.7317881808749533,0.05404924135637068,0.0017428007061922027,0.03364180826301313,2.0
0.6271579192187963,1.6078124525106474,0.15619378291439145,-0.02413856257002376,3.0
-1.7317881806679236,0.05404736679509739,-0.011069861707776707,0.0406839320824262,2.0
0.627157919561387,1.6078086285299436,0.16416605246146498,0.007668458099375561,3.0
0.5435648543596462,-0.9671902467317569,1.3341947584455023,0.01593877272238742,0.0
0.6271579202696123,1.6078104748360633,0.1577456907961377,-0.013997556075051076,3.0
-1.7317881817261662,0.05405147656958173,-0.0007655576661543838,-0.021107319650166274,2.0
0.559873641531158,-0.6925166767788553,-1.4788925669973887,-0.07957113161926409,1.0
0.6271579198838138,1.6078122134040878,0.15979224450744298,-0.012105908175939777,3.0
0.5598736408927061,-0.6925184067205972,-1.4785674347182713,-0.0025482108961312837,1.0
0.6271579202433963,1.6078146254268326,0.15645437652936386,0.005269097292940636,3.0
-1.7317881815810974,0.054050788745366514,-0.009744755035667772,-0.0810842945951153,2.0
0.6271579196683357,1.6078111125591041,0.15880183816949744,0.0014389601760283939,3.0
0.5598736417773108,-0.6925159765646803,-1.4814420091277516,0.050555000159741986,1.0
0.6271579200423452,1.6078101918992076,0.16296089304248104,-0.04833703492264429,3.0
-1.7317881809776328,0.05405070946733333,-0.004059796305321591,-0.01852982088089596,2.0
0.5598736417744153,-0.6925167547584234,-1.4750745452673977,-0.0015286624659903959,1.0
-1.7317881813423865,0.054050136983235665,-0.0041618251212182395,0.014788001368026944,2.0
-1.731788181591493,0.0540487609905499,-0.007712672012826109,0.017984823961431372,2.0
0.5435648545607573,-0.9671894782572207,1.3355634239615568,-0.02948382601476861,0.0
-1.7317881816644558,0.05405163464290207,-0.0033815816871500793,-0.034002174454468806,2.0
0.6271579201524663,1.6078120875929318,0.15330380361235982,0.052508061052793806,3.0
0.5598736411170072,-0.6925176244076061,-1.4779535855068404,0.054811972132981786,1.0
0.5435648547194435,-0.9671900358412403,1.3400208162653098,0.025710470234852404,0.0
0.6271579198479319,1.6078120091148618,0.16804107319228373,0.041054554555738317,3.0
0.5435648546659952,-0.967190999374743,1.3353918246837873,-0.013983167039819376,0.0
0.5435648551464103,-0.9671893850119364,1.3322928595498507,0.025150692288350207,0.0
-1.7317881816092224,0.05405031436002182,-0.0017676104021996258,0.008644962792134147,2.0
0.5598736413242462,-0.6925139324268026,-1.4774029316914532,0.041605347187260784,1.0
0.5435648549104188,-0.9671904863682098,1.3298595129975341,-0.0010292001817370513,0.0
0.5598736405268242,-0.6925141078694856,-1.476263799961859,-0.0066916795520277775,1.0
-1.7317881808564712,0.054053797404081866,-0.0037197315626966176,-0.10412434574702048,2.0
0.5435648548529297,-0.9671905662972564,1.3365137065440276,0.03609205140240737,0.0
0.559873641169673,-0.6925167256765616,-1.4778869639556382,-0.06808292945194747,1.0
0.6271579198522833,1.6078118264109826,0.1664051139188153,-0.025164432843164157,3.0
0.5598736407727972,-0.6925150806358107,-1.481982443017693,-0.0018843994989624366,1.0
0.5598736412825229,-0.6925140049764397,-1.4823307649948783,0.05223998689588907,1.0
0.6271579196927608,1.607812051944585,0.15986465807664182,-0.046310281506715546,3.0
-1.7317881816084106,0.05405298544195847,-0.0025398606915373154,0.045530675950492545,2.0
0.6271579201959876,1.6078117621174868,0.1641570328402349,0.017919373398100978,3.0
-1.731788182073014,0.054050359681322394,-0.0006781256837048969,-0.027536218970253053,2.0
-1.7317881819627745,0.05404812951502965,-0.0002139797886864927,-0.05194273747064789,2.0
0.6271579198456374,1.607811840546922,0.1598568042827008,0.017403176470970973,3.0
0.5598736411945614,-0.6925113216365917,-1.474389026474804,0.0014474647484593185,1.0
-1.73178818126526,0.05405055776944433,-0.0029758924825347014,0.01602664515691866,2.0
-1.7317881814828104,0.05404841042638038,0.0008095810567653599,-0.0030169653327506824,2.0
0.62715792024886,1.6078118811316071,0.16095275643662954,-0.050185030890951915,3.0
0.627157920310707,1.6078102414061677,0.16091954300979958,0.003852877070073967,3.0
0.6271579195801993,1.6078100138515148,0.165327507284366,0.013635823193937382,3.0
0.5598736412281212,-0.6925150319347094,-1.4798064933864965,-0.03623645085698995,1.0
0.559873641523722,-0.6925139061830381,-1.4748102636108937,-0.08841723778846708,1.0
0.5598736414144101,-0.6925159528073114,-1.4775944806430927,-0.017396178469312334,1.0
0.6271579195588162,1.6078112887263691,0.1546325949784701,0.06763824164286926,3.0
-1.7317881809944542,0.05404747727638289,-0.0052592889214970046,0.0754447198833939,2.0
0.5598736416736698,-0.6925162730976909,-1.4838287175292282,-0.022720068866852947,1.0
0.5598736423744206,-0.6925174394966064,-1.4761252519506223,-0.04436570703482709,1.0
0.6271579204659028,1.6078113994388372,0.1598329982487305,-0.020906580411276573,3.0
0.5598736421253173,-0.6925175228093152,-1.4737318941611302,-0.0470681441734138,1.0
0.5598736417088689,-0.6925140189478434,-1.477266388333724,-0.10188238191062615,1.0
0.6271579202112876,1.6078116952229808,0.16378791351593125,-0.01687345078597289,3.0
0.6271579199139062,1.6078141572812248,0.16297124229489343,-0.012445040211922673,3.0
-1.731788182037963,0.0540493587560309,-0.004693729046951205,-0.021673157749394163,2.0
0.627157919156801,1.6078102952473883,0.1633195255666237,-0.024862632283875502,3.0
-1.7317881811633384,0.054050038421883,-0.004798469632480204,-0.05284784413650002,2.0
-1.7317881815996365,0.054051611974875895,-0.0031849456548879523,0.06322243698167165,2.0
0.543564853856273,-0.9671933815653696,1.3301315125507756,0.03609381959865088,0.0
-1.731788181438702,0.05404791560975685,-0.0029175206405798277,0.020353229585727106,2.0
0.6271579194032746,1.607812090087729,0.16165271961676828,-1.8212660367959667e-05,3.0
0.5435648550072392,-0.967190341014309,1.335359096708482,0.020474183632458332,0.0
0.5598736415174347,-0.692517625310578,-1.4824278191075047,-0.00557498191122182,1.0
0.6271579187039792,1.607812466499626,0.1647833568244735,-0.010675641889904157,3.0
0.5435648544822739,-0.9671910409280455,1.3354236001805313,-0.02911922682378776,0.0
-1.7317881817852125,0.0540498491816625,-0.0030137971540755604,-0.01589407200990077,2.0
0.5598736416505019,-0.6925175295245014,-1.4752328552761362,-0.0498965321715225,1.0
0.6271579200632568,1.607814622586364,0.15871217730306802,-0.004548870510651746,3.0
-1.7317881818920187,0.05405052289409439,-0.0002757663481032228,0.01449730752011261,2.0
0.5598736415264604,-0.6925150649245592,-1.4834506611818052,-0.0011528685045853707,1.0
-1.7317881816473273,0.05404935509197621,-0.004512837913472289,-0.04699961223898221,2.0
-1.7317881817303329,0.05405161180345695,-0.004686986364339791,-0.03016241686907751,2.0
0.6271579194944141,1.607809924961671,0.16221520622949942,-0.10058192931193759,3.0
0.5435648546551838,-0.9671896386347174,1.3344324893192083,0.018392027084950156,0.0
0.6271579202384997,1.6078116063197379,0.16483681493444538,0.018660005632609843,3.0
-1.7317881816779854,0.054050448127734685,-0.004272519058754786,0.05733290418159671,2.0
0.5435648553713746,-0.9671905800700208,1.3378057590129615,0.003154132955834545,0.0
0.5598736417700704,-0.6925139309621745,-1.4781867118311753,0.01778280004043258,1.0
-1.7317881819779852,0.05404958783537885,-0.006349070881777956,0.011329726762120492,2.0
0.6271579200222848,1.6078121212833885,0.15643592031628273,0.03871705056864418,3.0
0.6271579199163754,1.6078116461404617,0.1586069821308588,0.03713896172783208,3.0
-1.7317881810427747,0.054050316511143316,-0.0027713212707000585,-0.029067795893881348,2.0
0.5598736417082081,-0.6925185116125789,-1.4786558730605122,-0.03523441880441419,1.0
0.6271579204869828,1.6078104918813918,0.15578784973178977,0.02777418949337918,3.0
-1.7317881808036675,0.054050428843463026,-0.006327910700367007,0.04302466270058336,2.0
0.5598736417184448,-0.6925133155177979,-1.481611862375457,-0.035979698406218626,1.0
0.5598736418570932,-0.692515473411883,-1.481924500138995,0.03269340824998293,1.0
0.627157919727773,1.6078122754333208,0.16278592695362754,0.032337592183239734,3.0
0.6271579197974064,1.6078135009387815,0.1573439839154753,-0.027812266676064862,3.0
0.6271579202550555,1.607810657562926,0.16577301748886916,-0.0510988453269066,3.0
0.6271579199883816,1.6078146891512473,0.16300420215216987,0.0057947526425015045,3.0
0.543564854507938,-0.9671884355701599,1.3371864892536802,0.019052290695852445,0.0
0.5435648545652731,-0.9671917279641262,1.3373947065791012,-0.0058808351344225,0.0
0.5435648544523038,-0.9671900859813726,1.3317302091699115,0.0704175857884293,0.0
0.5598736414303374,-0.6925172701912441,-1.48128988471181,0.029866548790382634,1.0
0.6271579198198778,1.6078120088626593,0.16428989487183274,-0.0290411228942355,3.0
0.6271579196008858,1.6078118882789096,0.15936195627737176,0.03683172428449427,3.0
-1.7317881809681783,0.054052415298434,-0.007649832757571788,0.007944985750562995,2.0
0.5598736417160939,-0.6925209877179925,-1.473500810786824,-0.02085464456390883,1.0
0.5598736412682899,-0.6925172070647512,-1.4820184839459352,-0.05930517493593092,1.0
0.5435648546540844,-0.9671926229167891,1.3236480991832487,-0.04766818611330901,0.0
0.5598736409118532,-0.6925144238307168,-1.4838858199657525,0.01776017153519836,1.0
0.6271579201684316,1.6078112499035024,0.1598687821017368,-0.002367522307252074,3.0
0.543564854299785,-0.9671921696076116,1.3296061661922471,-0.012725858322006987,0.0
0.6271579192504486,1.6078115535306436,0.16812111353903084,-0.004275315279750917,3.0
0.6271579198782687,1.6078118464240618,0.16556590026134768,-0.026258085251661706,3.0
0.5435648546377236,-0.9671890647227604,1.3347213678196805,0.06171037657960247,0.0
-1.731788181219846,0.0540510773636746,-0.005280305352969047,0.04159269659021524,2.0
0.62715791985217,1.607811091034286,0.16079401223871564,0.02358485155311148,3.0
0.6271579200805049,1.6078092652010476,0.16373496061410953,0.03199504203094116,3.0
0.5598736404897415,-0.6925157804084304,-1.4778390820997622,-0.12615983063396372,1.0
0.5598736410664378,-0.6925172131617164,-1.4801030192047018,-0.021066362110351313,1.0
0.5598736417518426,-0.6925161657096567,-1.4820545205283917,-0.0482228725647065,1.0
0.5598736420063043,-0.6925172431674416,-1.4761269238698345,-0.010160588966486108,1.0
0.5435648540832702,-0.9671897929196303,1.3271553359171098,0.018439793556945326,0.0
-1.7317881812340947,0.05404980975219918,-0.004532205589451695,0.020170723982763834,2.0
0.5598736408049713,-0.6925135143235399,-1.4781292942845978,-0.0016406205628710885,1.0
-1.7317881817986773,0.054050454888253906,-0.006539293348489704,-0.04364095088788545,2.0
0.5598736411115454,-0.6925161162407794,-1.4788375881331157,-0.020209256115811796,1.0
0.5435648548616853,-0.9671897320199037,1.3362068196491308,-0.01132825656808909,0.0
0.6271579196245819,1.607810119759559,0.15825062321968783,-0.024499767515546684,3.0
0.5598736410593307,-0.6925168934087952,-1.4813908916773608,-0.0473197915468199,1.0
0.6271579203130402,1.6078113916825094,0.160183970162871,-0.02236842514329098,3.0
0.6271579202999602,1.6078156847303582,0.16342213941024428,0.023462022255669245,3.0
0.5435648550148799,-0.9671877989689653,1.3316078813295902,0.008511759453966804,0.0
-1.7317881815451994,0.054051258998949726,-0.00579386436107613,-0.029617755552331947,2.0
0.6271579199047481,1.6078110863844737,0.15676199038126443,-0.03633395900840972,3.0
0.6271579193478691,1.6078090281491386,0.1556573711541736,0.0328789970936366,3.0
-1.7317881815186613,0.05405150157156819,0.003348721504508188,0.005110603225708835,2.0
0.6271579206025986,1.6078108986489692,0.1674393066235801,0.003246433712843812,3.0
0.5435648550124753,-0.9671892573575563,1.328692298526636,0.03282301560564976,0.0
0.6271579199210349,1.6078139434138488,0.15257774943030136,0.06413968975821607,3.0
0.6271579196629459,1.6078099180254977,0.1627300549720726,-0.030987225972549538,3.0
0.543564854381714,-0.967188024990879,1.3338125415752953,0.006819510315605015,0.0
0.5598736412842491,-0.6925151663029689,-1.4798402055610378,0.035243714227208484,1.0
-1.731788181032424,0.05405018044893757,0.00123094931430211,-0.019676984970532357,2.0
0.627157920433208,1.6078126692018804,0.16008893158696064,-0.0205064679717573,3.0
0.5598736414036769,-0.6925164375558047,-1.4854083473399773,-0.01907933059718547,1.0
0.6271579199224534,1.6078119548850882,0.16674862026496584,-0.04870401284194167,3.0
0.6271579194908238,1.6078128606447557,0.1573599381847258,-0.049167194388759244,3.0
0.5598736421703631,-0.6925172489046473,-1.4826333088588006,0.002212913702439784,1.0
0.5435648550556316,-0.9671907140672132,1.3346850973073554,0.02282855519145401,0.0
0.5598736415554956,-0.6925140222945299,-1.482756024085493,-0.06070073771233952,1.0
0.5598736409836444,-0.6925146922586779,-1.4732786033334462,0.018225151650208705,1.0
0.543564855407595,-0.967192031645555,1.3373437270993205,0.00021468767250376692,0.0
0.5435648546476924,-0.9671906142883113,1.3335434970541618,-0.010263854430313147,0.0
-1.73178818138187,0.054051730623339594,-0.008049167548612624,-0.057703942432838835,2.0
0.5598736411090607,-0.6925152153588185,-1.478922972649667,-0.05313336144926144,1.0
0.5435648546128496,-0.9671888137853152,1.3276685323780946,-0.034319151640320435,0.0
-1.7317881813107028,0.05404952494789657,-0.0028115315827188713,0.014002439566783613,2.0
0.543564854751699,-0.9671880794344104,1.3341891875968976,0.05445464622023701,0.0
-1.7317881815579512,0.05404892032870934,-0.00932914922954296,-0.012740215032477136,2.0
0.5598736417906609,-0.692516375499588,-1.4790419424603514,-0.011098454333558942,1.0
0.5598736413052561,-0.6925167256781993,-1.4840499036696166,-0.06844144208514938,1.0
0.6271579201576963,1.607810626585149,0.15828673554856715,-0.043498562003434535,3.0
0.5598736413585045,-0.6925149774044446,-1.4763393676874317,0.0261427456023952,1.0
0.559873641997329,-0.6925182772118705,-1.4820562694825,0.0517389731747725,1.0
-1.7317881814138043,0.05404809070748195,-0.002815242542217898,-0.06387174437147825,2.0
0.5598736410742041,-0.6925136795647715,-1.48424050410082,-0.04929390859703727,1.0
-1.7317881814963136,0.054048999069614266,-0.001078067176222801,-0.07854923757696212,2.0
-1.7317881813982432,0.05404988800794954,-0.009074721765506298,-0.027650524689988045,2.0
0.5598736411800798,-0.6925135756116979,-1.4829648019149484,0.018965803767676582,1.0
0.5598736416392959,-0.6925136639922764,-1.478308203991216,-7.626300881429323e-05,1.0
0.559873641644802,-0.6925161936149011,-1.4728479955835132,-0.027755789499120515,1.0
0.6271579196719189,1.6078123755309897,0.15787827623205297,-0.029025354533362933,3.0
0.5435648551010921,-0.967190690903011,1.3306652143821558,0.03132279221992571,0.0
-1.7317881810981928,0.05405126292131573,-0.009378656503088618,0.0006803515128980596,2.0
-1.7317881816266032,0.05404899050125481,-0.01070140244830035,-0.028881658574156133,2.0
0.5598736412863701,-0.6925166893403419,-1.4759458885905554,-0.0422983939281316,1.0
0.6271579202989843,1.60781089968464,0.1594288260851265,-0.0029518061522883377,3.0
0.5598736406867436,-0.6925165161647098,-1.4814578218927785,-0.0032231070683893144,1.0
0.5598736415854577,-0.6925168473136354,-1.4757594389433306,-0.02601998048751845,1.0
0.5435648540501266,-0.9671856036134844,1.3384806376560616,0.04811952593922289,0.0
0.6271579195084602,1.60781253894526,0.1609995051574879,0.020094097510184566,3.0
0.559873640946582,-0.6925158514172638,-1.4877482654200511,-0.026832065701863913,1.0
-1.7317881814700493,0.05404901027184579,-0.01029807889699221,0.019072334227946738,2.0
0.6271579202243531,1.607813495583884,0.16540423648932717,0.001453026836621663,3.0
0.5435648550055655,-0.9671914844370778,1.334050607694727,0.04863654643337979,0.0
-1.7317881820636911,0.05404975566530767,8.809386458944329e-05,-0.009102128947750126,2.0
0.5435648547442211,-0.9671894558085999,1.33216848843735,-0.014981367944648976,0.0
0.6271579203387789,1.6078114034819362,0.15651294427404294,-0.019813473477978804,3.0
0.5435648546924233,-0.9671910877292205,1.3358804214781972,0.0027479371101867813,0.0
-1.731788182148642,0.054049588854285055,-0.0007734318560483012,-0.005996087601049581,2.0
0.54356485494507,-0.9671922738176943,1.330023095149231,0.05507765116977861,0.0
0.559873640923518,-0.6925154275344735,-1.475121228932523,0.006238114803547411,1.0
-1.7317881811878388,0.05405128156047876,-0.0031678157800522563,0.002113087347443495,2.0
-1.7317881806502315,0.054049526572846104,-0.011727523359511688,-0.010940313154582158,2.0
0.627157920249738,1.6078137141695923,0.1573971327946397,-0.029281387004275607,3.0
0.5598736413965285,-0.6925162074402933,-1.4801100469517383,-0.07497217976971934,1.0
-1.731788181843461,0.054051218861123476,-0.003190768986227498,-0.011324431201215165,2.0
0.5435648547102516,-0.9671893000408033,1.3301388764502284,0.029016822302522102,0.0
0.627157919766418,1.6078101155234779,0.15578783203694596,0.007044176439346373,3.0
0.5435648547951158,-0.967189646657258,1.331559362005868,0.024508560727824515,0.0
0.6271579197855958,1.6078105655826664,0.15749355236717005,-0.010540781929564922,3.0
0.5435648545709044,-0.9671887425732947,1.3321039037781914,-0.033023250096529476,0.0
0.5598736421892964,-0.6925159864778667,-1.4753122650296495,0.014969513532800805,1.0
-1.7317881822535486,0.05405219531358895,0.0008329868409972595,-0.017459942186351832,2.0
0.5435648547506634,-0.9671854302171234,1.3403412369317038,-0.029610422812277472,0.0
0.5598736412370164,-0.6925162529942887,-1.4737365355418417,-0.00016908146055013792,1.0
0.5435648544481821,-0.9671883991210435,1.3265607553485872,0.03371500672819448,0.0
0.6271579202107255,1.6078091740328098,0.15642880467914944,-0.019868004391053372,3.0
0.5435648543598456,-0.9671903007526585,1.3349741038186722,0.0349826807681371,0.0
-1.7317881816654264,0.054047446860445617,0.00015202308258090313,-0.04611112937611563,2.0
-1.731788182046018,0.0540504389254989,-0.010647607560261398,0.0174297382787117,2.0
0.6271579203571183,1.6078125977294535,0.15700107998687268,0.06178350389882038,3.0
0.5435648554639195,-0.9671926192108072,1.331448964398363,0.04626445032414793,0.0
0.627157919954238,1.607811928948562,0.1586563838435566,0.007910197792105604,3.0
0.5598736413965645,-0.6925123794174044,-1.4792782863185359,0.06317081271843092,1.0
-1.7317881809031042,0.05405008516706868,-0.005706963717279802,-0.005886408065799841,2.0
-1.731788181516863,0.05404794429572631,0.0023457179417284034,-0.014428731602125192,2.0
-1.73178818132405,0.054047179206431865,-0.006704146229376557,-0.0050849123327385976,2.0
0.6271579193797419,1.6078125869220554,0.15945297467494063,0.005071696554621275,3.0
-1.7317881813083182,0.054050697145355604,-0.0035444281761282176,-0.02249389458416552,2.0
0.6271579203432517,1.6078114034751594,0.1552041799770774,0.03855442621885457,3.0
-1.7317881815204423,0.054048771962284255,-0.0028884909547491375,-0.00692849741209691,2.0
0.5435648541765865,-0.9671902140255659,1.3405286724251377,0.0157142855013402,0.0
0.627157919478195,1.6078118900651175,0.15953558221918746,0.047038985701789326,3.0
-1.731788181600315,0.05404907298523563,-0.009403965601708718,-0.021889165147456202,2.0
0.6271579201753098,1.6078126616007569,0.16953973645448844,0.03517956182107949,3.0
0.6271579198949362,1.6078085699624898,0.16274581859081605,0.03675190425969824,3.0
0.5598736412208288,-0.6925160769646282,-1.4833242922756806,0.011733500973949778,1.0
0.5598736417125926,-0.6925152388102692,-1.4758412681842152,-0.01453794269907279,1.0
-1.731788181544476,0.054048943922315545,-0.00405352617083672,0.0790799638103244,2.0
0.5435648549530301,-0.9671873665983373,1.3322503763074152,0.05119325627315751,0.0
0.5435648542325459,-0.9671902759430624,1.3396690323877962,0.021325654509733182,0.0
0.6271579202354182,1.6078113977892656,0.1662642283533544,-0.02529932659222273,3.0
0.5598736417536193,-0.6925162662984237,-1.4819918966630181,0.02696458095362597,1.0
-1.7317881814427862,0.05404785940056893,-0.004200907055291676,0.001510814758096022,2.0
-1.7317881816960734,0.054052246696493556,-0.005069777140724181,0.008020858440176973,2.0
0.6271579191727942,1.6078126640604304,0.15976951660501063,0.023818349742484073,3.0
0.5435648545872426,-0.9671882668168615,1.3300596270456608,0.035782310299450504,0.0
-1.7317881812535363,0.05404696949647279,-0.00507696657810282,0.012643193165502517,2.0
0.6271579197618543,1.6078136678472794,0.15798005334228823,0.02240695356632818,3.0
-1.7317881816102316,0.054050726229586094,-0.0018699476227942748,0.004065048622372644,2.0
0.6271579199511883,1.6078117996510974,0.1637881826805233,0.03720234383366602,3.0
0.5435648546079443,-0.9671903284970403,1.3340702368799955,-0.07309002247371361,0.0
0.5435648545345286,-0.9671919434862557,1.3352088127190185,0.08051848775745064,0.0
0.6271579204063313,1.6078108114254623,0.15585696978556168,-0.04809330956718823,3.0
0.6271579197243059,1.6078111848771137,0.15068600786174696,-0.02899890683086163,3.0
-1.731788181753898,0.05405102333208795,-0.006534322608969475,0.0026445079107062577,2.0
0.559873640538734,-0.6925151015837826,-1.4798005440139932,-0.04033317810728014,1.0
0.5598736423206944,-0.6925152527089828,-1.4759696386855976,-0.039014256356354554,1.0
-1.7317881808527387,0.05405066871773133,-0.005555215057777006,-0.04624789885501295,2.0
0.6271579190996053,1.6078134402589581,0.16849049351010692,-0.05668425958910951,3.0
0.5435648545690936,-0.9671899335429103,1.330358015397939,0.045484972566968644,0.0
0.5435648547241301,-0.9671884532982012,1.3351147331986053,0.026981477241601614,0.0
0.5435648547536289,-0.967185518474578,1.3401419437086382,0.01723117190822227,0.0
0.6271579196730018,1.6078085273948564,0.15649756175284996,-0.016973721704500493,3.0
0.6271579193391996,1.6078120553384354,0.16166582478418898,-0.03212983872912441,3.0
0.5435648551780728,-0.9671877487471309,1.338758376760805,0.005648656347714801,0.0
0.5598736416431597,-0.6925180165923831,-1.4803919099191558,0.08486569274295364,1.0
-1.7317881805760238,0.05404905041813095,-0.00463361338808413,0.024191618993607965,2.0
-1.7317881818845664,0.05404950941448973,-0.0016235819322971841,0.04090323097709371,2.0
-1.731788180971343,0.05404910092750043,-0.008521131092384,-0.0021621379436542647,2.0
0.5598736409889663,-0.6925176799936802,-1.477770316618931,0.01044055637651871,1.0
-1.7317881813395375,0.054049207834143576,-0.00776003783436829,-0.009964124026060476,2.0
0.5435648539626993,-0.9671904409744929,1.333963304455875,0.016310173325963934,0.0
-1.731788181647908,0.05405177631363437,-0.007866147795327036,0.0499734330841741,2.0
-1.7317881808660804,0.054049216933283004,3.4618458784256735e-07,0.025436662288134265,2.0
0.6271579199516559,1.607810091307652,0.16380440802420218,0.06540600449003171,3.0
0.5598736419509309,-0.6925134320431497,-1.4769653135818162,0.005548338758966868,1.0
0.5435648552154754,-0.9671908714034927,1.3289985723450612,0.0563388409491727,0.0
0.5435648553946597,-0.9671874497539997,1.3378104129179853,0.023881280406158823,0.0
0.5598736414525507,-0.6925168935240361,-1.4712439382220295,-0.04863485156314401,1.0
0.6271579197152651,1.6078112857590992,0.1604381486337263,0.034228878965571044,3.0
0.6271579202222554,1.6078123024429198,0.15886549774427744,-0.008997651361356971,3.0
0.627157919887933,1.607811213449574,0.16318855690425338,-0.03430898474973198,3.0
0.6271579199670205,1.607813553013536,0.16510546220459035,-0.01832957009767779,3.0
0.5598736418350756,-0.6925172252676497,-1.4791337533360491,0.03690891055364335,1.0
0.5598736410463517,-0.6925159286560049,-1.4685605100120958,-0.1162808782592031,1.0
0.5435648549641727,-0.9671897329143164,1.336205079221313,0.05119867376696118,0.0
0.5598736415337076,-0.6925146619781269,-1.4798343580077247,-0.00021859437071747884,1.0
0.6271579204429547,1.607810936220651,0.16034696308221463,-0.034154160846960435,3.0
-1.731788181346138,0.054050709528514804,-0.009196072993639367,-0.011723693848881825,2.0
0.5435648548478024,-0.9671898828395181,1.3326112473911562,0.0031020233236545374,0.0
0.54356485533664,-0.9671904327488151,1.3318778360412034,0.010159851605091377,0.0
0.627157920328079,1.6078129675078612,0.16320845727859312,-0.04589817846470857,3.0
0.5598736411847977,-0.6925153350277464,-1.4798570292576287,0.03315465059560837,1.0
0.6271579201382813,1.6078135988239814,0.16046323720990271,-0.022340705032267493,3.0
0.6271579204231592,1.6078116736279344,0.16220722563705176,-0.03617443840291449,3.0
0.5435648549669274,-0.967189029093117,1.3322632083734933,-0.10409584352668047,0.0
-1.7317881810534137,0.05405150236610736,-0.00030513298116977206,0.03630736397727888,2.0
0.5598736410875635,-0.692517478957919,-1.475564319300332,0.012760807714967633,1.0
0.5598736418901172,-0.6925137035718547,-1.4835606156423935,0.04734391662580113,1.0
0.5435648545038332,-0.9671891980561413,1.3277150544126646,0.04008487765165348,0.0
-1.7317881815388727,0.05404755678048474,-0.0005337372642698824,-0.00998775021417723,2.0
0.5598736413652348,-0.6925168601900143,-1.4772241048244203,-0.005525071155976459,1.0
0.6271579198845421,1.6078093038560997,0.15463337174289415,0.018357805044075883,3.0
-1.7317881812330094,0.054049802905968905,-0.004425162465539821,0.016572765767111156,2.0
0.6271579202089977,1.6078117827433247,0.15910146431209155,-0.02439790703516183,3.0
0.5435648552534614,-0.9671869592451431,1.3349164711225223,0.010383242496425046,0.0
-1.7317881811747087,0.054050703018368174,-0.0037378807234146956,-0.034098706172550536,2.0
0.5598736413108755,-0.6925172784430457,-1.4817097770108085,-0.02182179921875715,1.0
0.5598736410535358,-0.6925159445344778,-1.47176375151654,0.010208514613814145,1.0
0.6271579191706842,1.6078135474378095,0.15616290548283218,-0.016257721639621716,3.0
0.55987364169505,-0.692518375694389,-1.476616009811266,-0.06350405229959637,1.0
-1.7317881815993843,0.05404991892837905,-0.005427938740381881,-0.09529135949332722,2.0
0.6271579198869266,1.6078131056672633,0.15551932062851573,0.01777330454380245,3.0
-1.7317881808805455,0.05405407375759152,-0.005365484477654092,-0.04717482289535959,2.0
0.5598736418556703,-0.6925181037690006,-1.482264433881651,-0.042955485194251436,1.0
0.5598736411261603,-0.692512435054209,-1.478300649442315,-0.03475359081013417,1.0
0.6271579195946917,1.607812874595241,0.16486427402094714,0.008730876387069405,3.0
0.6271579197294924,1.607815309160702,0.1586171535652457,-0.03757375134745049,3.0
-1.7317881810897513,0.054050144275140724,-0.005160488736256178,-0.030786319337502324,2.0
0.5435648555063369,-0.9671888241307915,1.3294030326347133,0.06926448633967633,0.0
0.6271579201904113,1.6078116507925717,0.16077286083826825,0.001243883287781097,3.0
0.6271579197657772,1.6078105141926797,0.1590407884959454,0.01807674650354271,3.0
0.5598736411115457,-0.692516212763421,-1.486364336945399,0.022609449004326418,1.0
0.6271579207654736,1.607808843975829,0.1641868925174506,-0.05473320744581988,3.0
0.5435648547175538,-0.9671902932274563,1.330885138759472,0.026673694392777114,0.0
0.6271579195358679,1.6078104006537999,0.162110726363288,0.04413100310484476,3.0
0.6271579194051619,1.6078085975470244,0.15850008452158196,0.03769004088741794,3.0
0.5598736419745202,-0.6925145389047944,-1.4759444893040274,0.026244651137783664,1.0
-1.731788181589003,0.0540517851922944,-0.011190346728010366,0.044561987154222944,2.0
-1.731788181124081,0.054049855431498865,-0.011154590630233524,0.05174677838507166,2.0
0.5435648544934447,-0.9671914179028064,1.332116248645289,0.03157335284112697,0.0
0.5435648545767893,-0.967191005000941,1.3322979969866091,-0.0030515377593408194,0.0
-1.7317881809074231,0.05405001277515278,-0.007544411313490937,0.025047106277977783,2.0
0.543564855085937,-0.9671897340987067,1.3368920793854164,-0.043454771850433824,0.0
0.6271579200214431,1.6078113574136257,0.16442154460037792,0.022318121451202596,3.0
0.5598736406817747,-0.6925153412536709,-1.4864541896718688,-0.000664092823587917,1.0
0.5435648546903699,-0.9671880929345004,1.3280260189870905,0.06038185464789273,0.0
-1.7317881813123217,0.05405087120975837,-0.0002982748561826589,0.044566330826510646,2.0
0.6271579200822909,1.6078120048869675,0.1651012489520596,-0.000647113864933927,3.0
0.5598736413746725,-0.6925150555949697,-1.4748970881562866,0.057649337725608804,1.0
0.6271579196799532,1.6078116327032559,0.16820345246381596,-0.055872398933864406,3.0
0.5598736409288484,-0.6925153023174367,-1.4796213400522704,-0.032457560451200164,1.0
0.6271579198414231,1.607811388237814,0.1601038518350289,0.03120834020956615,3.0
0.6271579198778482,1.6078099791634768,0.16568504141290782,-0.027047342932631703,3.0
0.5435648543411126,-0.9671902376378676,1.3346462231697653,-0.010521397118015578,0.0
0.6271579196726622,1.6078108621671456,0.16108279544774118,0.02816648634108538,3.0
-1.7317881816736005,0.05404999399425654,-0.005227822332477579,-0.000419658260200241,2.0
0.5435648551520718,-0.9671912969612094,1.3328835097184943,0.006543359323579214,0.0
-1.7317881813446634,0.05404863294057168,-0.0004584884455703919,-0.006703751816567396,2.0
-1.7317881811675886,0.054050350864329647,-0.0069859136670569364,-0.002885526907579215,2.0
-1.7317881810248452,0.05405015231105478,-0.004263442997130906,0.07260603623723463,2.0
0.559873641385675,-0.6925173596260994,-1.4806430300529567,-0.02627594534651208,1.0
0.5598736411203017,-0.6925166611688879,-1.483300959669639,-0.02157043350830183,1.0
-1.7317881806431457,0.054049672662596734,-0.0009438750572011127,0.03895899477863627,2.0
0.5598736411242654,-0.692516851763527,-1.4750645212474456,0.019831500651688108,1.0
0.5598736413239775,-0.692516082450708,-1.4790551664181655,-0.03470247830516602,1.0
0.5598736420363408,-0.6925180188797757,-1.4861436652884585,-0.04969406875285873,1.0
0.5598736411921351,-0.6925152218968709,-1.486479203308526,-0.037432161228628975,1.0
-1.731788181286488,0.054052854455256164,-0.0056248689341493185,-0.03603465442765991,2.0
0.6271579197773758,1.6078113500068174,0.1623410250960804,0.013603291776769054,3.0
0.5435648547484296,-0.9671927914154066,1.3310557796598992,-0.05916422880896368,0.0
0.6271579203981916,1.607810799756736,0.16189852524673193,0.0571086055426529,3.0
-1.731788181386278,0.05405121339552485,-0.007415262349216939,-0.04554792062797417,2.0
0.5435648553961939,-0.9671912868807734,1.335711877958973,0.014334420807762592,0.0
0.6271579196705983,1.6078106871111881,0.16067698840490213,0.0030812687805054206,3.0
0.5598736416950941,-0.6925176547840529,-1.4821017420919842,-0.02459881232511372,1.0
0.6271579195062913,1.6078112844717267,0.15734987599271616,0.02809156067712252,3.0
0.5598736414844508,-0.6925164295433729,-1.4799701952037232,0.019146754947469192,1.0
0.5598736416934575,-0.6925159492478311,-1.4771128465336882,-0.02976503198279697,1.0
0.6271579200242476,1.6078101298497187,0.15932273349577408,-0.03267151009597818,3.0
-1.731788180743051,0.05405083093327478,-0.0028745941968062795,0.03885748104782047,2.0
0.5598736415193821,-0.6925137353821446,-1.4765647750867474,0.05464720590306624,1.0
-1.7317881818286942,0.05405179324778873,0.0013996741300079274,-0.05261455290394951,2.0
-1.7317881817301857,0.05405244837476851,-0.0016037302515179684,0.00021791675341856331,2.0
0.6271579198267787,1.607809428062018,0.16150525886269,-0.024956769971895488,3.0
0.5435648551450789,-0.9671916747976738,1.3302861116860694,-0.016281439845311736,0.0
0.5435648544712521,-0.9671896216496022,1.3292497520488042,0.03176383470099871,0.0
0.559873641670077,-0.6925142951796386,-1.4837423566061527,0.03883151503230872,1.0
-1.73178818119525,0.05404702869498242,-0.00587798205400645,-0.012673108099361667,2.0
0.5598736419478413,-0.6925140429345596,-1.480831464460087,0.015979446255403918,1.0
0.5598736413537333,-0.6925132313493484,-1.4850904989764946,-0.06234764604570049,1.0
0.5435648543329608,-0.9671904088059738,1.334236456987888,-0.034761340853703714,0.0
0.5435648545723678,-0.9671914800590289,1.3351092744210675,0.062461832894527246,0.0
-1.7317881812225913,0.05405074566079166,-0.005246032548644783,-0.049698780773748015,2.0
0.5598736415828961,-0.6925151932936808,-1.4746170967035188,0.02894737457459074,1.0
0.5598736414204908,-0.6925195353188326,-1.4776009251686992,0.01882086530505232,1.0
0.627157918948383,1.6078129583460423,0.16187236605246644,0.020010913846510228,3.0
0.6271579202462846,1.6078116989157614,0.1605716145813434,0.018917487132101958,3.0
0.5435648551531115,-0.967189084589378,1.3410408106841032,0.06462752052993213,0.0
0.559873641656488,-0.6925160803999187,-1.4781108303017279,0.040620472752645236,1.0
-1.7317881811780425,0.05405093842308491,-0.0081764195994292,0.03685252981707206,2.0
0.6271579198710407,1.6078131230844048,0.15767183750982522,0.054836019790021034,3.0
0.5435648553523024,-0.9671914743567633,1.3395176445502206,0.02010527189881409,0.0
0.5435648549031524,-0.9671901398168049,1.328760994253954,0.029402574330112587,0.0
0.5598736412950298,-0.6925142981331915,-1.4752781450506935,0.0018909202467194469,1.0
0.5598736417485737,-0.6925194522525178,-1.480694340104414,0.04051226519276914,1.0
0.6271579203778328,1.6078090350715184,0.15704456264826783,0.005149226611040541,3.0
0.5598736415324622,-0.6925156731381498,-1.478688148702003,-0.005694221303632366,1.0
0.559873641768127,-0.6925165568268301,-1.4797298078569923,-0.04613027363811286,1.0
0.6271579201006017,1.6078112377094391,0.15840655431219636,-0.05142394250699221,3.0
0.5435648554292416,-0.9671914576424699,1.3277422258824774,0.02246468170350337,0.0
-1.731788181901794,0.05404847280258385,-0.004769627772660661,0.016934915524128832,2.0
0.5598736414602066,-0.6925144045136951,-1.4768877197228099,-0.05763367972771063,1.0
-1.7317881819074727,0.054049926588540555,-0.008381245678439203,0.018922679478210323,2.0
0.5435648549511648,-0.9671900790401977,1.3408080485559362,-0.04117073855305515,0.0
0.5598736414900347,-0.6925159095309096,-1.478939691451565,0.024793960599930366,1.0
0.5598736414393283,-0.6925165949893983,-1.4764510890637874,-0.03478761365082261,1.0
0.5598736416044974,-0.6925161752708416,-1.4798601598027534,-0.02992552901569948,1.0
-1.731788181832683,0.054050472501999194,-0.004473947305925169,0.004529495926562942,2.0
0.5435648543869833,-0.9671904628190003,1.3272718545339484,-0.005919613369628086,0.0
-1.7317881809245548,0.05404763073571437,-0.0010707932245535283,-0.050688459751635426,2.0
-1.7317881818042054,0.054051033882454906,-0.0068260993277439695,-0.00667554551274385,2.0
-1.731788181255153,0.05405419064398176,-0.0034656456852055206,0.01730051662754781,2.0
0.6271579189895528,1.6078132034013983,0.16100589019544084,-0.011396217509825286,3.0
0.627157919813352,1.607812718706825,0.16190437351792492,0.011911790218266908,3.0
0.6271579199049295,1.6078113602440751,0.15885454503013016,-0.0325588806598365,3.0
0.6271579196933126,1.6078115343963175,0.15324932102038435,-0.0045362670021989425,3.0
0.5435648552585356,-0.9671922030310812,1.3324082403434503,0.07603051120643686,0.0
-1.7317881809905138,0.054050520793512705,-0.0016499383590993658,0.003300471393475218,2.0
-1.7317881813419573,0.05404936431273838,-0.005298666952100085,0.005848704796189211,2.0
0.6271579202308338,1.607809063169649,0.16200554672688738,-0.016212813970424234,3.0
-1.7317881810279299,0.054048714586498056,-0.0028367384617875085,-0.0002672837379233979,2.0
0.5598736419385951,-0.6925126939337711,-1.4830847916616532,-0.008384992323559968,1.0
-1.7317881815508016,0.05404876346523326,-0.0054478907219776005,-0.016180052541384198,2.0
0.5435648541482538,-0.9671889454838211,1.3299198895992055,0.0663356648658441,0.0
0.6271579202006734,1.6078091756280184,0.16457245028380416,-0.011608644089082513,3.0
0.5435648553766549,-0.967190203424831,1.329663346421686,0.03154810093108324,0.0
0.6271579200595565,1.6078135416737382,0.16500470884587945,-0.0001615742663865634,3.0
0.5435648557258947,-0.9671901278507932,1.334721348361128,0.09302822336761749,0.0
0.627157920176308,1.6078132688484261,0.16488794716735633,-0.0005831441670820463,3.0
0.5598736409323994,-0.6925165304951758,-1.477566535282571,-0.04182886340198623,1.0
-1.7317881806264106,0.05405251314191031,-0.0027024766485921926,-0.012797359779058695,2.0
0.5435648548243149,-0.9671890138191391,1.3383785559568044,-0.030195997263963426,0.0
0.5598736418365948,-0.692513137709559,-1.4836749299814933,-0.06392677004704307,1.0
0.62715791987678,1.6078124938359297,0.15864428263136346,0.026000599986914612,3.0
0.5598736415751632,-0.6925160342162617,-1.4794479069597477,0.04393161931840385,1.0
0.6271579195278806,1.607810652046537,0.15677991636097985,0.019439492485179784,3.0
0.5435648552254152,-0.9671893407736878,1.3405415481788232,0.023207945801030316,0.0
0.6271579202674898,1.607810773381857,0.15311290285546708,-0.01867300233070675,3.0
0.5435648546823078,-0.9671883461313042,1.338439005194297,-0.04291955476846284,0.0
-1.7317881816883587,0.05404999773904038,-0.00438763928229588,0.011979219924613668,2.0
0.5598736415937208,-0.6925139714325339,-1.4745991805577818,-0.012160102098996244,1.0
0.6271579203888984,1.6078131062585115,0.16497773118786704,-0.04094882051327545,3.0
0.5598736413940844,-0.6925140328654372,-1.4763800380565766,0.03321634035678126,1.0
0.627157919779867,1.6078101754059437,0.16091794926086198,-0.026392315430339857,3.0
0.559873641975709,-0.6925170416034521,-1.4812392359630069,-0.001897260274145081,1.0
0.5598736420582734,-0.6925148098811944,-1.482971374421343,0.013134749671357847,1.0
0.6271579191784684,1.6078101514186522,0.1631450699425394,-0.029076534224031357,3.0
-1.7317881814330502,0.05405014768693202,-0.01020960949969655,0.05291227752803177,2.0
0.627157919993398,1.6078122380047464,0.16000473736835527,-0.0009125702224671434,3.0
0.5598736410672315,-0.6925159724924342,-1.4815310224621527,-0.03125702319728496,1.0
0.5435648550955107,-0.9671880435929648,1.3302069381491588,0.014649431060030228,0.0
0.5598736401536022,-0.6925137274823926,-1.4804588537659538,-0.05554142056223262,1.0
0.5435648545425942,-0.9671902708923943,1.3303857093888698,0.019015198451633523,0.0
0.5598736411044531,-0.6925170360947406,-1.480050013148007,0.011637109910529615,1.0
-1.7317881802946269,0.05405037805176428,0.0034389184142497664,0.01843381509649331,2.0
0.6271579193863583,1.6078126214714423,0.16083835869686444,0.01440741122693544,3.0
0.5435648555529989,-0.9671870872913099,1.3306700032076892,0.08379736724255882,0.0
-1.7317881816987482,0.05404807072633178,-0.007465856481771302,-0.022600668651477526,2.0
-1.731788181524738,0.054050154664670634,-0.01132152747555526,0.01793553028591117,2.0
0.6271579198142871,1.6078110902142924,0.16438166710485583,-0.03250517105325847,3.0
0.6271579198101279,1.6078096136385323,0.16004074865927034,0.0036330692457072324,3.0
0.6271579195114775,1.6078139846365718,0.15869258854329507,-0.003355665153618208,3.0
0.5598736410125653,-0.6925121403046921,-1.4775966867986399,0.013819110746021785,1.0
0.5435648540414735,-0.9671906690921246,1.3312417564190793,0.036225255909138006,0.0
0.627157920452452,1.6078106237393643,0.16067112051177332,-0.015892608481239943,3.0
0.6271579209387743,1.6078093841276877,0.156931346310923,0.05647979367095934,3.0
0.6271579200960171,1.6078108397143147,0.16390192435050407,-0.010608324556334986,3.0
-1.7317881815518283,0.05404973499183628,-0.005771410602865719,0.004914083563509038,2.0
0.5435648547191194,-0.9671920032089149,1.330934317337446,0.02756231712017853,0.0
0.559873641339049,-0.6925177331195252,-1.4773696618494812,0.033018189352792805,1.0
0.6271579202635125,1.6078105945088084,0.1683588889878672,0.05956101468902815,3.0
0.5435648535460857,-0.9671914165413995,1.3395774169511727,0.014593312904202243,0.0
0.5435648548452828,-0.9671891540670055,1.3315074506178974,-0.04984989465307051,0.0
-1.731788181297677,0.05405171701028114,-0.003311049605819581,0.0017808527751920096,2.0
0.5598736419070416,-0.6925162085840728,-1.4785083273008028,0.04430207591649298,1.0
0.5435648546753601,-0.9671892710541246,1.3344066200434923,0.044945226609357965,0.0
0.6271579205079411,1.6078107601638443,0.15686911542465135,0.011956366076213757,3.0
0.5435648549135725,-0.9671879949608395,1.3326408301382666,0.04783072627683632,0.0
0.6271579200527665,1.6078106979091162,0.16098723667783052,0.015474011741162823,3.0
0.5435648547995521,-0.9671910179177029,1.3315699919555377,0.03871771579701063,0.0
0.5435648540419088,-0.9671913655743716,1.3266235559250774,0.03548348202607165,0.0
0.6271579205160681,1.6078126013471892,0.1642000999406633,0.0015531575401923643,3.0
0.5598736413222722,-0.6925168685798648,-1.4816721053745798,0.01821862706773602,1.0
0.5598736411843894,-0.6925168436753026,-1.483801588728727,-0.04843316355605339,1.0
-1.7317881805285138,0.05404883581113236,-0.006187703760147007,0.00357467506849533,2.0
0.6271579194186554,1.607809364317668,0.16006850508322426,0.016685586798815048,3.0
0.627157919777359,1.6078101958425113,0.16804037554208395,-0.02679452847490361,3.0
-1.7317881828734576,0.05405144854712298,-0.005632408471704603,0.043341434519327184,2.0
0.6271579204221455,1.6078135018065476,0.16905492162826968,0.06033586315407173,3.0
-1.731788181597903,0.05405077316332321,-0.007932814959745878,-0.009682081466875499,2.0
0.5435648545934141,-0.9671889512521978,1.3353471733940456,0.004335642221966439,0.0
0.5598736414771412,-0.692516056278673,-1.482979328650023,0.017939535548661737,1.0
0.627157920024092,1.6078141352140924,0.1563307486660435,0.022175952394774084,3.0
0.6271579196455613,1.6078098888836223,0.15222199153792518,0.020710565093748058,3.0
0.6271579203778249,1.6078105620627372,0.15409152070522453,-0.04327328072478005,3.0
0.543564854550119,-0.9671898443925613,1.3362078810329274,-0.023245604392737245,0.0
-1.7317881818167937,0.0540513788384051,-0.00744924237694953,0.008704665569601542,2.0
0.5598736420149927,-0.6925152745592021,-1.4827111628187128,0.05814706997230587,1.0
0.6271579203206283,1.607811744666375,0.158824612603271,-0.02473718685321486,3.0
0.5435648541981468,-0.9671911817064489,1.328997167489776,0.05891011545986704,0.0
0.5435648544646225,-0.9671898534728182,1.3325222120839328,0.1017727042343568,0.0
-1.7317881819995764,0.05405271047990806,-0.0014591663513070258,0.052661938522974065,2.0
0.5598736413188549,-0.6925134753589237,-1.4805635832408635,-0.020272231812075242,1.0
0.6271579201045303,1.6078093740952113,0.15261168821269147,0.05310586026199619,3.0
0.543564854466003,-0.9671903689220491,1.3292905044723662,-0.027393220144511864,0.0
0.559873641080703,-0.6925142511616011,-1.4825691762199298,0.010690019671412103,1.0
0.627157919743057,1.6078093275407148,0.16386154583966583,-0.03942172173122809,3.0
0.6271579199675622,1.607810770504085,0.16493654662360105,-0.035296920536951965,3.0
0.6271579202648634,1.6078096754977975,0.15993955982375663,0.024677618961087902,3.0
-1.73178818178023,0.05405108703108293,-0.012382433551684854,-0.04917425193092931,2.0
0.5435648539793053,-0.9671921336607014,1.3333401119058854,-0.036720229242326256,0.0
-1.7317881809051878,0.054049289146884144,-0.005327875951897301,0.04611847124121264,2.0
0.5598736414104082,-0.6925133302837048,-1.480413654668781,0.011370184723269111,1.0
0.5598736413400496,-0.6925140861062314,-1.473207009038837,0.0338925836181456,1.0
-1.7317881814791705,0.054050614515600254,-0.00976710800575814,-0.028030826148342892,2.0
0.5435648545138168,-0.9671907182896861,1.3345177350842006,0.00721417450496826,0.0
0.5598736416201162,-0.6925164591076497,-1.4755729689569856,-0.03027863054399204,1.0
0.5598736414883008,-0.6925147233098538,-1.476524014461671,-0.016120378340886646,1.0
0.5598736414579393,-0.692514295197697,-1.4763224797496937,-0.023402257131682418,1.0
-1.7317881817314191,0.054048304281611614,-0.008770413343441379,-0.009385231673253915,2.0
0.559873640874475,-0.6925154530311919,-1.4836161619590762,0.013530169517180965,1.0
0.6271579198774401,1.6078127789651218,0.16206076631653946,0.07510105765403531,3.0
-1.7317881815779135,0.05405199321902096,-0.001642098677626291,-0.045381531052501596,2.0
0.5598736418429693,-0.6925149120000695,-1.478440797179939,0.029818411339410447,1.0
0.5598736414506503,-0.6925143160048918,-1.480841061649583,-0.0329398336523281,1.0
0.5435648541792998,-0.9671887079171801,1.337275361743213,-0.08467099771936516,0.0
0.5435648550827157,-0.9671874859857104,1.3308022496097918,0.012436078673892017,0.0
-1.7317881814226306,0.05405376865987367,-0.005366852745872605,-0.006137205492495108,2.0
0.5435648543149397,-0.9671884664505473,1.3295067003773653,-0.008795024812908392,0.0
0.5598736413160996,-0.6925157473432432,-1.4731705944859153,-0.03761344516374356,1.0
0.5598736416588687,-0.6925165682396613,-1.4812285156474159,0.014582151358251786,1.0
-1.731788181515239,0.05404925980199788,-0.0027271162969122334,0.034208554225376456,2.0
0.5598736415537612,-0.692516611109359,-1.4828558811846468,0.016774716465238322,1.0
0.559873641102059,-0.6925109671013916,-1.4770232751802623,-0.03701508611410372,1.0
0.5598736420152218,-0.6925167435490994,-1.4777457614061658,-0.06903621538193122,1.0
-1.731788180736532,0.05405099886997859,-0.0014991273659742677,0.004908712347109457,2.0
0.5435648546171797,-0.9671898191761994,1.3379466055290206,-0.001508805785881385,0.0
0.5435648548558715,-0.967187040191791,1.3314352542207382,0.08528036406299397,0.0
0.6271579195507463,1.607811257134358,0.1591998730941804,-0.013521715533930998,3.0
0.559873641442489,-0.6925160839398691,-1.4811425324062801,0.0019133939236075546,1.0
0.5435648548909616,-0.967189114352655,1.3286565337380505,0.0423897641852107,0.0
0.543564854784995,-0.9671894600090158,1.3380833619689503,0.03489660255421147,0.0
0.5435648549237706,-0.967189007656628,1.3366147659181131,0.02602669096475126,0.0
0.5435648550945984,-0.9671895399133645,1.3378254926383486,0.04122802841985228,0.0
-1.7317881810275333,0.05405011212410574,-0.0017570354519981354,-0.08514388534894046,2.0
0.6271579202230179,1.6078113944814174,0.15235290616060104,-0.030065363212834335,3.0
0.5435648541213892,-0.9671875221534713,1.3370472539995872,0.06621836830410083,0.0
0.559873640822296,-0.6925184004004276,-1.4776829837963763,-0.0556193938419408,1.0
0.6271579194092988,1.6078161483946969,0.15860256010479326,0.005835406505927048,3.0
0.5598736414853106,-0.6925156706956086,-1.478452326053928,-0.02595350347625117,1.0
0.5598736411228253,-0.6925135141237139,-1.480460693854748,-0.009594147221792965,1.0
0.5598736419397485,-0.6925171961079601,-1.4808844824071232,-0.10443600787895262,1.0
-1.7317881817102756,0.05405279961547316,-0.006976962559893425,-0.025552158875026272,2.0
0.6271579201410076,1.6078134801995392,0.1577293518947086,-0.0514444078490651,3.0
0.5435648539064198,-0.9671898813645085,1.3359693067469534,0.03338619218709395,0.0
-1.7317881816229532,0.05404679231501003,7.043347909274774e-05,-0.02693469846442434,2.0
0.5435648544692719,-0.9671886249972149,1.32868494540097,-0.02528240003435407,0.0
0.5435648547779278,-0.9671873494341583,1.3330346776478563,0.017175159981812235,0.0
0.6271579190123041,1.607810701098605,0.16049439238702473,0.004981348799443133,3.0
0.6271579196772185,1.6078107418311847,0.16251004623299886,0.08620131607036,3.0
0.5435648550166373,-0.9671896005360531,1.3304340846355824,0.06547074390331559,0.0
0.5435648549579063,-0.9671928355523307,1.3270620477861523,-0.037840523927474175,0.0
0.5435648545183975,-0.96719104757735,1.3394776691458357,0.03558933918458628,0.0
0.627157919953642,1.6078092066750513,0.16216738391272514,0.0018536773432453928,3.0
-1.7317881822442773,0.054051140468344944,-0.008926942623434162,-0.009606844306693929,2.0
-1.731788181251813,0.05404842363749305,-0.005770659559125169,0.007388074403134575,2.0
0.627157919213585,1.6078118581109695,0.16214008249695225,-0.025527103846750037,3.0
0.6271579201779821,1.6078118634248668,0.16149421396299207,0.10880068600938249,3.0
-1.7317881813865197,0.05405130583723444,-0.007984616818100755,0.018629122449198628,2.0
0.5598736416593934,-0.6925131316806398,-1.4750772461761892,0.04153120588174881,1.0
0.6271579202837657,1.607809057952727,0.170082141781097,-0.002520306220557685,3.0
0.6271579199820181,1.6078120512456955,0.14946718481054197,-0.03882437311006772,3.0
0.627157920081218,1.6078129742715623,0.16419406638552508,-0.045122971722209054,3.0
0.6271579196801023,1.6078110768337526,0.16991540428170104,-0.017104634615151375,3.0
0.5435648544628607,-0.9671905263786191,1.334643704678782,0.04061493919490251,0.0
0.5435648545271585,-0.9671905439032327,1.334245286199921,0.09915245934723461,0.0
0.5435648545018644,-0.9671889040969383,1.337037549261389,-0.09674393365766096,0.0
-1.7317881814154974,0.054050310158654295,-0.0017239555473516476,-0.009603521314721473,2.0
0.6271579200449459,1.6078128668041463,0.16355507650728474,-0.032032919196767734,3.0
0.5435648554515972,-0.9671890853773345,1.3292302173005972,0.04116928956760251,0.0
0.5598736416976109,-0.6925174083915655,-1.4795294884384127,0.00822060237954071,1.0
0.5598736409544379,-0.6925164428845486,-1.4844581830107044,0.021444953217500604,1.0
0.5435648541212467,-0.9671883872414885,1.332153636333637,-0.02343411960808956,0.0
0.6271579203371397,1.6078111538035724,0.15674824156857586,-0.02621069806917077,3.0
0.5435648545556793,-0.9671918368070351,1.3307840822796375,0.03542795976416113,0.0
0.559873642148655,-0.6925167717378429,-1.4787938109326513,-0.04679437027086328,1.0
0.6271579191180428,1.6078092229683216,0.16019144067382945,0.027759436899848496,3.0
0.5435648550955787,-0.9671902425520581,1.329609779973053,0.0003753698513391194,0.0
0.5435648544226589,-0.9671919582500599,1.3307235311555512,0.021360595931479494,0.0
-1.7317881808118112,0.05405182554543942,-0.004481221672591566,-0.009855107346499409,2.0
0.5435648546305302,-0.9671910204626458,1.3326244447150202,0.06738220465749915,0.0
0.5435648543134843,-0.9671887457536201,1.3207057206194552,0.01703304881957222,0.0
-1.7317881823018866,0.05404859530068811,-0.006465887036843659,-0.026747585031421148,2.0
0.5598736414322414,-0.6925168311107586,-1.4753596692597117,-0.07788260418790821,1.0
0.5598736412368976,-0.6925154462203864,-1.4794398011353762,0.005297968315840059,1.0
0.6271579198088086,1.6078146201267214,0.16007460587212904,-0.01332347905793142,3.0
0.6271579200951319,1.6078098540135402,0.15985460527928788,0.004402847885468847,3.0
0.543564854424756,-0.9671908544671541,1.3341050585135874,-0.0514497443948655,0.0
0.5598736417066232,-0.6925166635137502,-1.4793620108519154,0.012819610397631756,1.0
-1.7317881816763594,0.054051095200572524,-0.007750293866940147,0.03150656960167421,2.0
0.627157919794815,1.6078118292853663,0.16121640520074648,-0.004922235725301995,3.0
-1.7317881808688858,0.05405323109254372,-0.003929033071442647,-0.024190947310236428,2.0
0.5435648547518362,-0.9671887845446037,1.3337662262144174,-0.02307886410843,0.0
-1.7317881813528613,0.05405235177977014,-0.0010833548377838407,0.06168749036439857,2.0
0.6271579197437993,1.6078130080429787,0.1605388538273275,-0.024738871640363192,3.0
0.5435648545522308,-0.9671926496382953,1.3347164631722959,-0.019462197603894126,0.0
-1.7317881819651872,0.05405202879366917,0.0008555408344527709,0.03900051781172533,2.0
0.6271579201485704,1.6078104460622735,0.16051632006707695,0.008536335609764084,3.0
-1.7317881809597184,0.054049518431898244,-0.005404591680139732,0.053810353832757694,2.0
0.5598736410704896,-0.6925184863487222,-1.4883130161057545,0.011235270056754587,1.0
0.5598736421001341,-0.6925153236035284,-1.4742507109614735,-0.07419158716591692,1.0
0.6271579194707293,1.6078111243002942,0.1592015404850182,0.025302155597085145,3.0
0.5598736411489696,-0.6925157819897756,-1.4751289261380685,0.049241547561886305,1.0
0.5435648549458524,-0.9671887498904969,1.334136990949231,0.05245231026759551,0.0
0.6271579201675661,1.607810886690582,0.15881269986121907,0.04918783131352343,3.0
0.5598736413687976,-0.6925180052628376,-1.4833009240336104,-0.061584904178726724,1.0
0.5598736410805796,-0.6925153465870134,-1.4831665261512688,0.03655761835885908,1.0
0.5598736413581777,-0.692513940134982,-1.4787304738082951,-0.016632971190791695,1.0
-1.731788181039155,0.05405286966609208,-0.0044201462451361724,0.012547383639022892,2.0
0.5435648548962021,-0.9671885442895817,1.3322665068993726,0.03133552530401295,0.0
0.5435648546796178,-0.9671906887571602,1.3263611296007094,0.00323556192293161,0.0
0.6271579198367491,1.6078100586914554,0.1608485589290466,-0.0273752843848201,3.0
0.5435648545802441,-0.967189143375274,1.3326176518997845,0.04178390156536641,0.0
0.5598736414139005,-0.6925156677978186,-1.481686659458421,-0.05548881635507308,1.0
-1.7317881818571275,0.05404972505875407,-0.009465474767851638,0.028588360897958683,2.0
0.5598736414257008,-0.6925134060372792,-1.473567346603936,-0.0021494485205414953,1.0
0.5435648543636514,-0.9671898356248374,1.327666884479211,-0.01184512645467423,0.0
0.559873641421654,-0.6925160531108281,-1.482260224913845,0.013073141046461768,1.0
0.6271579196769733,1.6078105745457054,0.1592953990847627,0.017698605627666265,3.0
0.6271579205600426,1.6078103606053962,0.15505488865603578,0.013053441270459556,3.0
0.5435648544144637,-0.9671920355105537,1.3320659510380342,0.06420742796518196,0.0
0.5598736420184012,-0.6925144512269996,-1.481287470664458,-0.0661870266586115,1.0
0.6271579197434015,1.6078123476892154,0.16287366096044253,0.0372037780831934,3.0
0.543564854637567,-0.9671902596781184,1.3289959935254907,0.07612255480650161,0.0
0.6271579201626135,1.6078098890863948,0.15159626770017123,-0.04884951958340421,3.0
-1.7317881815487184,0.0540501166322724,-0.009272094202924625,-0.06561135631616183,2.0
-1.7317881814969422,0.0540519124392962,-0.007127624363089202,-0.016881824428389928,2.0
0.5435648551364729,-0.9671897366230107,1.328283749687576,0.045327532540575415,0.0
0.5435648556383452,-0.9671887789229194,1.333162302423129,0.010884341818513568,0.0
-1.731788181114732,0.054047203068152756,0.00091725492273105,-0.0029488355900427394,2.0
0.559873641534473,-0.6925163649688223,-1.47986075194889,0.12327698065037412,1.0
-1.7317881810489952,0.05404725756495203,-0.011215350932213859,-0.0016951457984643145,2.0
0.5598736417556571,-0.6925182729501592,-1.4737071126434993,-0.0799458987310627,1.0
0.6271579201992582,1.607811051601836,0.1592668587392474,0.03919900581360915,3.0
-1.7317881816725815,0.05404944433707797,0.0011562187942715171,0.07644793472084317,2.0
0.5598736418810741,-0.6925168527470313,-1.4785598274022478,0.037842722649122446,1.0
0.559873641831124,-0.692517697335907,-1.4767783279721478,0.017672877473358068,1.0
0.5598736418752364,-0.6925162224557263,-1.4815416049882273,-0.016156474352196096,1.0
0.5435648551010478,-0.9671886228367585,1.331170745874399,0.06940965988273867,0.0
-1.731788181084618,0.05404775357534138,-0.0031593286629520954,-0.028736443965481532,2.0
0.6271579202611125,1.60781118391809,0.16543702126796198,0.019001874776591893,3.0
0.6271579202092166,1.6078113701593397,0.16127037933360946,0.001767411369593736,3.0
0.6271579198539827,1.6078088648140927,0.1584552750381097,0.046183015514373274,3.0
0.5598736416002106,-0.6925143850591072,-1.4827312472068381,-0.012244684903316424,1.0
0.6271579196640464,1.6078101526364326,0.15704217699196363,-0.014376874063433288,3.0
0.6271579196413312,1.6078104985562398,0.16607493001669424,-0.06551733952949178,3.0
0.5435648543144431,-0.9671886261307191,1.333778803889651,0.02758298388152651,0.0
0.5598736416158601,-0.6925170119177888,-1.480420980797415,0.026511278924565864,1.0
0.5598736410363228,-0.6925179482048264,-1.4839485610574736,-0.029447902324250527,1.0
-1.731788181278025,0.054049663749935535,-0.007851723858130112,-0.042700506666479524,2.0
0.6271579198610274,1.607809813531875,0.16499039739953014,0.022621585759710353,3.0
-1.731788181996945,0.054048174638944915,-0.006845428830033238,0.01771468829150274,2.0
0.5435648547250979,-0.9671884986168046,1.334967560515944,-0.02058568805859173,0.0
0.5598736414821395,-0.692516336515898,-1.478827886819765,0.01447207538397572,1.0
0.5598736418678318,-0.6925168077271031,-1.4757994771424814,-0.082457424237599,1.0
-1.7317881814453921,0.05405036472762121,-0.004222694758631727,0.020617743765147425,2.0
0.5598736414733837,-0.6925183604350285,-1.478726274432757,0.00433169947026382,1.0
0.6271579198017274,1.6078089601718493,0.16570199676191277,0.015081811235694319,3.0
0.5598736417285469,-0.6925172280693012,-1.479380148227854,-0.033068643077951584,1.0
0.5435648551466933,-0.9671913963147745,1.3280227967855949,-0.010464716525130927,0.0
-1.7317881815993823,0.054051437110030374,-0.00650864631469167,-0.0029575802328269613,2.0
0.5435648549961588,-0.9671877669462213,1.34025568912114,-0.01979743040157794,0.0
0.6271579202667985,1.6078094399262515,0.1605458020697498,-0.006257455047923926,3.0
0.5598736411818774,-0.6925138039924223,-1.4818467291670216,-0.0065481586862857774,1.0
0.5598736416380812,-0.6925142189639507,-1.4871535481265157,-0.03563830778448357,1.0
0.6271579203629759,1.6078129207866287,0.1638390859299134,-0.0007687409697428428,3.0
0.5435648552511257,-0.9671872777491349,1.3294251785429185,-0.03518332608325504,0.0
0.5435648545758935,-0.9671850734973385,1.3312263901752361,0.003709705483372764,0.0
0.5598736416988579,-0.6925172394258995,-1.4745955793548329,0.015332907004283492,1.0
0.6271579200093365,1.6078130219686033,0.16145880141329141,-0.03704760664546744,3.0
0.5598736415809741,-0.6925184746429573,-1.4759515874436882,-0.09578590913333873,1.0
0.5435648548468113,-0.9671913353229671,1.331278576307015,-0.04720554974861376,0.0
0.5598736404598259,-0.6925157039091641,-1.480685849566711,-0.01763118466957025,1.0
0.6271579201095591,1.607810880816066,0.1630040825205257,-0.024140089912643593,3.0
-1.7317881809549243,0.05405064158438182,-0.016184439303963433,0.07463893948217641,2.0
-1.7317881812520715,0.05405025800929621,-0.0027107624860015934,0.04058803293706417,2.0
-1.7317881810470315,0.054050303661500335,0.0013252280875742327,0.012481724575764517,2.0
0.6271579199138124,1.6078120742496205,0.16480174780685422,0.012441735117894544,3.0
-1.7317881811009066,0.054051430474088884,0.00026892470954818884,0.07991038578759321,2.0
0.5598736412211635,-0.6925193778609725,-1.4760229617715306,0.017803195292589866,1.0
0.5598736418134516,-0.6925165580585584,-1.4775031014041844,-0.07707905228799182,1.0
0.5598736407854289,-0.6925183044820684,-1.4795698571105076,0.026078950580687394,1.0
-1.7317881811256208,0.05405001961000854,-0.0017821655281797862,0.03940256432275511,2.0
0.5598736419160996,-0.6925158885485404,-1.4763541339266393,-0.06326250812522648,1.0
0.5598736412127547,-0.6925156240619386,-1.4759984166334448,-0.04975532018828528,1.0
0.5598736416150638,-0.6925161203322406,-1.476980657930744,-0.05895142201826412,1.0
0.6271579200976157,1.6078088430024777,0.15540858653409942,0.007493116383438753,3.0
0.5435648552066593,-0.9671888327870446,1.3340126378968797,-0.0009376552293994395,0.0
-1.7317881813975713,0.05405331193099991,0.0006784281134857949,-0.018601028073110523,2.0
0.543564854561069,-0.9671881286148698,1.33016344480251,0.01782671840643705,0.0
-1.7317881809616258,0.0540484675553409,-0.001143308231833946,-0.02245247698190337,2.0
0.5598736418487009,-0.6925155133394071,-1.4740039839179209,0.014051598280424705,1.0
0.5435648544788797,-0.967188279388125,1.3334129917428112,-0.005079029350765913,0.0
0.5435648549893075,-0.9671925586953745,1.334424057399267,0.04151694886345221,0.0
-1.731788181496527,0.05405202428109288,-0.005150229860329922,-0.022978092907127864,2.0
0.5598736415500578,-0.6925152488182366,-1.4774908974154926,-0.005959250897528041,1.0
0.5598736420487567,-0.6925132809164886,-1.4799441704009277,-0.01562760636880425,1.0
0.5435648546551721,-0.9671917613231307,1.331628999469802,0.010172032528485305,0.0
-1.7317881814969582,0.05405107760199901,-0.008140418368058993,0.043280192460020905,2.0
0.5435648546515129,-0.9671875746834667,1.334821753388927,0.022398195058595048,0.0
0.6271579195906661,1.6078114672137096,0.1639875100415548,0.033794839618068374,3.0
0.6271579200673959,1.60781153461146,0.16075690481359153,0.051726481293109076,3.0
0.5435648545243832,-0.9671895587373257,1.3302540294554213,0.02479807653178473,0.0
0.5435648546643431,-0.9671927391402322,1.334536762647262,-0.049518905884461596,0.0
-1.7317881816100673,0.054048925714405185,-0.0068220163473216395,-0.018756869636727243,2.0
0.6271579192340268,1.6078127899797066,0.16129240680019694,0.026755088872178766,3.0
0.6271579199963342,1.6078113369802645,0.1632525575042441,-0.019981934110311128,3.0
0.6271579192384213,1.6078113762951647,0.15571340586880042,0.03797211492163631,3.0
-1.7317881814742622,0.05404924705882989,-0.0014783221066924858,-0.006231226649748099,2.0
0.5598736414284272,-0.6925135441421754,-1.47263413749759,-0.0077708065273317485,1.0
0.5435648545345239,-0.9671887221222675,1.3318031399616725,-0.008312788506275736,0.0
0.543564854840601,-0.9671888149578786,1.332510475815485,0.05703362727754636,0.0
-1.731788180861844,0.054050716591300056,-0.00763897102881888,0.03923135674258584,2.0
0.559873642028455,-0.692514821520975,-1.4800635680086671,-0.02133571372591851,1.0
-1.7317881818263172,0.054050954969888244,-0.0019200867446802258,-0.017279109555844382,2.0
0.6271579203222141,1.6078132333927369,0.1519983808532436,0.03428154799870308,3.0
0.5598736412884343,-0.6925168483816335,-1.4829762189476736,0.021413548399776567,1.0
0.5598736415544188,-0.6925136940848599,-1.475979189139678,-0.07078984243470317,1.0
0.5435648551814019,-0.9671907134469788,1.3350995442827376,0.04370586890092479,0.0
0.6271579196665301,1.6078117450811058,0.1547887449764614,0.00846076807969148,3.0
-1.7317881808431923,0.05405057773338167,0.0009999689308172266,0.049295838130994585,2.0
0.5435648545874865,-0.9671894523765686,1.3338472329229951,0.003245204552120641,0.0
0.6271579204670135,1.6078127136520741,0.16111724385885884,-0.01988789697968425,3.0
0.5598736416675355,-0.6925199360114147,-1.48141660087171,-0.040728143056652184,1.0
0.5435648545907155,-0.9671879785390453,1.33065785215098,-0.08582642555868653,0.0
0.6271579199865485,1.6078100158253232,0.1588267484461012,0.012598165936714348,3.0
0.5435648549082129,-0.9671882954482306,1.3196513455671275,-0.02771203813059052,0.0
0.6271579193361603,1.6078125219016393,0.16012456993397375,-0.041158298851956564,3.0
0.543564854488301,-0.9671906120959134,1.336031713056912,-0.00642604125287564,0.0
-1.7317881814512552,0.05405092309284311,-0.0017996157627784006,-0.028617090660271245,2.0
-1.7317881814556566,0.054048698871546536,-0.0006686082889413535,0.004667005841130136,2.0
-1.7317881814624052,0.05404980978795765,-0.003232470447024159,-0.07702811594803986,2.0
0.5598736419383878,-0.692515793646097,-1.4853519599255653,-0.007872471717320258,1.0
-1.7317881816987175,0.05405216469929566,0.006211767897716429,-0.035043259158524964,2.0
0.5598736407612465,-0.6925151237252276,-1.4830785176191579,-0.0020963846512157963,1.0
-1.7317881807374294,0.054052086933333854,-0.00679878715468997,0.04157824161172784,2.0
0.6271579200305372,1.6078151592141863,0.16348743576821378,0.05888174574332122,3.0
0.5435648549854183,-0.9671879480325989,1.3276734505307106,-0.012853127839942073,0.0
0.6271579201167514,1.6078109861068093,0.15927404721142827,0.04581332417755402,3.0
0.5435648547725538,-0.9671880132638077,1.3257027080632235,0.03402903041144439,0.0
0.5598736415478603,-0.6925151311028143,-1.485304338528427,-0.004281314433976499,1.0
-1.7317881813794305,0.05405158271126455,-0.005410538389798992,-0.018349608604211618,2.0
0.5435648544312721,-0.9671906339639266,1.3322129967262557,-0.07213648922472943,0.0
0.5435648544012581,-0.967190439035422,1.3324089758794384,0.046367571580714216,0.0
-1.7317881814952603,0.0540502824035264,-0.0033543064437826444,0.047154292284007596,2.0
-1.7317881810483673,0.054048027703575266,-0.005711309772753124,0.028929122598435615,2.0
0.6271579203871736,1.6078107591101685,0.16755897994663158,-0.00653199419945691,3.0
-1.7317881806393614,0.05405197406560433,-0.00676272159724604,-0.0004426165471427038,2.0
0.6271579201020668,1.6078069711658365,0.16271893506027077,0.08384767964402652,3.0
0.6271579200023075,1.6078117965515295,0.16042738831761538,0.011134373823015012,3.0
0.5598736414997385,-0.692515580278203,-1.4834173005649267,0.018766022636109582,1.0
0.6271579206070931,1.6078140254161182,0.1595581278079164,-0.024005824420811867,3.0
0.6271579196191222,1.6078093786183376,0.16126042618546269,-0.026415166209796035,3.0
0.5598736416536635,-0.692513868989924,-1.4740478303791547,-0.00014174023658667872,1.0
0.6271579197538528,1.6078136597428856,0.16150278202987925,-0.04726262740646855,3.0
0.5435648549480153,-0.9671904186138927,1.3322904333044898,-0.05383200482470383,0.0
0.5435648552630893,-0.967190387551226,1.3313420132985792,-0.021378633241685232,0.0
0.6271579197192443,1.6078122933752357,0.1603475878226655,-0.009366419854151764,3.0
0.559873641273359,-0.6925153263303719,-1.4808731711306766,-0.004253162199969273,1.0
0.6271579201088878,1.6078119638981165,0.156537338686128,-0.008753970518841973,3.0
0.5598736417971164,-0.6925155369542156,-1.4754201065059498,-0.03989686156040036,1.0
0.6271579192429881,1.607813185218688,0.16722962622850318,-0.011097030887698879,3.0
-1.73178818141912,0.054049853650119294,-0.004079613983506985,0.01156433214678374,2.0
0.5435648544923127,-0.9671914991436974,1.3337810119762386,0.05469308975769781,0.0
-1.7317881807940863,0.05404942010371035,-0.01031291431135053,0.014955909674159199,2.0
0.6271579195235651,1.607813093957781,0.16206099861347764,0.04304290191860551,3.0
0.5435648543892864,-0.9671914285337092,1.3274324865691935,0.025382444167940544,0.0
0.5435648545033273,-0.9671891787946344,1.3330868761523564,0.026982049713567102,0.0
0.5598736412266326,-0.6925167452011064,-1.4857843153760744,-0.025560364667695106,1.0
0.5435648546908468,-0.9671870158152497,1.329017233115807,0.03991444765450903,0.0
0.6271579195678356,1.6078125447501739,0.15920031699719114,0.009842536377963982,3.0
0.5598736408575866,-0.6925183438903985,-1.4794936863448078,-0.03759655247493334,1.0
0.5435648549755903,-0.9671922499411535,1.3273620693362878,0.027306916149054873,0.0
-1.7317881821105283,0.054048692709988765,-0.0004462964688349258,0.016800380893076585,2.0
0.5598736404378435,-0.6925162250974307,-1.4745696750250696,-0.012565487529375011,1.0
0.5435648548212433,-0.967190876409577,1.3336029849971474,0.030288971419472944,0.0
0.5435648544350918,-0.9671888043282597,1.3366283326929183,-0.05807879766632221,0.0
-1.7317881812201328,0.054051679364518636,-0.008670753832224518,0.021718196372442624,2.0
0.6271579203051153,1.6078115182337442,0.16256279022890943,-0.028766540957005635,3.0
-1.73178818125038,0.05404990329157339,-0.008134866282345636,-0.07220225500244377,2.0
0.5598736409674303,-0.6925187390301503,-1.481473186496746,0.0005820643073900866,1.0
0.5598736417409265,-0.6925157184713083,-1.4790494231050906,0.021357210329501636,1.0
-1.731788181147157,0.0540481021468736,-0.0016145396206522348,0.04138376234952152,2.0
0.5598736414883289,-0.6925142208615928,-1.4779178578221668,0.038442616148440314,1.0
0.5435648544365406,-0.967190351597022,1.3329487866458363,0.022630953092399046,0.0
-1.731788181281763,0.054051262232841756,-0.0059265472369929625,0.02015130362216597,2.0
-1.7317881812793112,0.05405035109697582,-0.007642538639780491,0.018978685397753152,2.0
0.6271579196577103,1.6078123613486028,0.16437021734631158,-0.001618241732881391,3.0
0.5598736409803864,-0.6925124669306953,-1.4804084993449502,-0.0145455802381744,1.0
0.5435648552014092,-0.967190288778626,1.330860223970031,0.0393421735393612,0.0
0.5598736414429106,-0.6925143978588176,-1.4799920572170073,0.01740519304214105,1.0
-1.7317881811744065,0.05405257340016916,-9.801391932480618e-05,0.002848859992943135,2.0
0.5435648543711102,-0.9671912900273322,1.3328400965441651,0.026154887106821748,0.0
-1.7317881815361373,0.054046712503793615,-0.0065915281618494515,-0.03667272251722729,2.0
0.5598736419440484,-0.6925157431508163,-1.4807272197829071,-0.03278384947977219,1.0
0.6271579199271545,1.607811034975446,0.1653285818542017,0.002120185012888496,3.0
0.5598736413184762,-0.6925150500195226,-1.4813366936711752,-0.023530419412951593,1.0
0.54356485475988,-0.9671902419647732,1.331871459920829,-0.009823829156225502,0.0
0.5598736423665388,-0.692515349743715,-1.4764916283021812,-0.01891577016113942,1.0
0.6271579200089124,1.6078145224881808,0.15902295984039347,-0.06238599858961118,3.0
0.559873641670197,-0.6925163266513522,-1.4812996471008009,0.009900369751257047,1.0
0.6271579201092752,1.6078132765496007,0.15607033732037456,0.021552345519258904,3.0
0.5598736415609799,-0.6925151220224227,-1.4769717714127988,0.0021157459879555932,1.0
0.5598736410837533,-0.6925146913875013,-1.482293531985359,0.010850137313585912,1.0
-1.731788181721729,0.05404689517263105,-0.006044236094914425,0.016063416346803507,2.0
0.6271579190188274,1.6078103862999147,0.16105672555917028,-0.021150429713342103,3.0
0.5598736410549634,-0.6925184865255902,-1.4771374064575025,0.055421122680159286,1.0
0.6271579201493128,1.6078105784995511,0.16211567839394347,-0.022171213971759317,3.0
0.6271579193883612,1.6078109063581545,0.15875644034938816,0.02112323901936367,3.0
0.6271579193388976,1.6078116043940074,0.15237922562555098,0.0055930846531562235,3.0
0.5598736415112543,-0.6925176923121218,-1.4778927611646488,-0.07948232283977814,1.0
-1.7317881816043363,0.05405059040653845,-0.0031389776879373645,-0.026140846596653854,2.0
0.6271579195730539,1.6078117647902237,0.16347092779571484,-0.050181736548020425,3.0
0.6271579188970555,1.6078100175354082,0.16017535856984522,0.023021355661646647,3.0
0.5435648547287042,-0.9671896954750975,1.3326866824269292,0.01609486499676315,0.0
0.5598736418212602,-0.6925143865069817,-1.4780386830662875,-0.02387765804437108,1.0
-1.7317881819934346,0.05405160995773836,-0.00645365105781966,0.0453657027235012,2.0
0.6271579202205106,1.6078105400703546,0.1640742324097797,0.03965281364340024,3.0
0.6271579200992401,1.6078092491746137,0.15616563773154638,-0.02063800646905004,3.0
0.6271579198801256,1.6078111959983412,0.1618645422594482,0.015534185670596484,3.0
0.5435648548919589,-0.9671891507101972,1.3341891892667728,0.04024571095894538,0.0
0.5435648547134305,-0.9671882429941419,1.3269103483619353,0.01511066696100079,0.0
0.6271579194457545,1.6078105713505049,0.16484948644033007,0.05054359881302412,3.0
0.6271579204761539,1.6078145987291017,0.15833364362739907,-0.03707748936782149,3.0
0.6271579201748365,1.607811323201786,0.15396657314822107,0.04335656773264485,3.0
0.5435648548969759,-0.967191698675141,1.3291242564561063,-0.035555955013215894,0.0
0.6271579201687605,1.607809610736553,0.16130022976825104,-0.07331540058273352,3.0
0.6271579201027218,1.6078124936436156,0.16235896001290584,0.01680883970563819,3.0
-1.7317881817473613,0.05404965649155968,-0.0013816658128447885,-0.04351387756676299,2.0
0.627157919380206,1.6078131461781555,0.16011604811888241,0.028819081766190052,3.0
-1.731788181944291,0.054050799101478086,-0.013788794310454265,-0.07772824563554342,2.0
0.5598736412618923,-0.6925138254239352,-1.4737858797602246,-0.0060130983400029,1.0
0.5435648544660188,-0.9671879888067617,1.333072420529165,0.015192919814944765,0.0
0.5598736411630726,-0.6925158398923628,-1.4730775374028584,0.025433925891780722,1.0
0.5598736416749045,-0.692515069744057,-1.4741270626624965,0.0018412909201286603,1.0
0.5435648544399327,-0.9671886372687145,1.3323493852108665,0.030365604283946846,0.0
-1.731788181681962,0.05405000294124202,-0.006223165243029711,-0.02802204684158717,2.0
-1.7317881813199838,0.054050820188171755,-0.001265270866597404,-0.02771745437769188,2.0
0.6271579199442119,1.6078109291612142,0.15836801989350666,0.05472909666406476,3.0
0.6271579201572239,1.6078099557614267,0.15970840320079047,-0.06011502375382366,3.0
-1.7317881807084345,0.05404998302018381,-0.006941149520675957,-0.037381110303012326,2.0
0.5598736412430818,-0.6925147943838652,-1.4784211912144212,-0.07136848875404075,1.0
-1.7317881818162189,0.054048238904850616,-0.0020835975967231552,-0.02393459649979748,2.0
-1.7317881809335738,0.0540490689733864,-0.009919465190865675,0.025867440465935098,2.0
0.627157919754843,1.6078145025621353,0.16004215855395645,0.010927151127254233,3.0
0.5598736412359385,-0.6925120437663783,-1.4772907471707226,0.0635459987672841,1.0
0.6271579199569242,1.6078110359549318,0.1585822175760465,0.07983010332186474,3.0
-1.731788181632119,0.05405121399417626,-0.001983372963546127,-0.039851622127770624,2.0
0.6271579200118255,1.6078092135876216,0.15536308313800032,0.06340674111002072,3.0
0.5435648551691564,-0.9671901750617434,1.3275243992073318,-0.018061809637643755,0.0
0.5598736414122096,-0.6925156121316629,-1.4758147048581078,0.024545134120268878,1.0
-1.7317881817364773,0.05404822022434773,-0.0061584854168527485,-0.002326767245669721,2.0
0.5435648547243351,-0.9671900884264772,1.3382978899687243,-0.018411848233642086,0.0
0.5598736412118481,-0.69251904056748,-1.4782278523188974,0.012986904676707925,1.0
0.5598736413873877,-0.6925153747653893,-1.4842856367418817,0.03954197815655142,1.0
0.5435648547372935,-0.9671896601296603,1.3360680302545205,0.0357096653886415,0.0
0.5598736409126064,-0.6925180715106446,-1.4762849572157821,-0.044963076292161876,1.0
0.6271579205104142,1.6078138192285376,0.16350321484940883,0.04473545099929401,3.0
0.6271579193427363,1.6078104205929624,0.15759482410567616,-0.001834765534951865,3.0
0.6271579202108578,1.6078141194585112,0.15511444722708526,-0.016894253581954788,3.0
-1.7317881813135776,0.05405126988293334,-0.0016663106467438764,-0.015959058338955234,2.0
0.6271579199142627,1.6078093982303976,0.16220987583277083,-0.021616825803197924,3.0
0.5598736409024435,-0.6925166431705816,-1.4827191294512139,-0.015157189888208597,1.0
0.5598736414363886,-0.6925134202842246,-1.4829931531478717,-0.02506934010596858,1.0
-1.731788181272665,0.05405136483737752,-0.011122230902303083,-0.08241439899818315,2.0
-1.7317881813097182,0.05405240791603269,-0.007411848797657805,-0.001539831257435673,2.0
-1.731788181176412,0.05405250523561923,0.00041747485545248986,-0.03482895227055253,2.0
0.5598736413257268,-0.6925165591366403,-1.4790277035547674,-0.04845585991734885,1.0
0.5598736413033869,-0.6925152115463274,-1.48035962703821,0.0029684254918067553,1.0
-1.7317881815608336,0.05404989087015626,0.0008110164888579738,-0.047109527343493704,2.0
0.5598736415346933,-0.6925184922729425,-1.480607032910931,-0.021973635850038642,1.0
0.5435648552054372,-0.9671899358863911,1.3325814960626374,-0.035711727790985706,0.0
0.6271579202133312,1.6078122664508232,0.16426838101703045,-0.009316029411332995,3.0
0.559873641639933,-0.6925175463859284,-1.472982772197439,-0.06860053023943334,1.0
-1.731788182189722,0.05404990034660879,-0.007672249343766832,0.07651126826960106,2.0
-1.7317881814665859,0.05405071099201725,-0.002789263052712351,-0.05074197993873417,2.0
0.6271579198199352,1.6078123945149319,0.16021474798894467,0.0026151583201730086,3.0
0.5435648546508918,-0.9671893394670084,1.3404762860436001,0.022484357181633666,0.0
0.5598736417215202,-0.6925195936806936,-1.4790684861184118,-0.008691268615685152,1.0
0.6271579196429798,1.6078103076807118,0.163432526958534,0.01589680981707892,3.0
0.5598736410104125,-0.6925170006117591,-1.4709768258726876,0.048318346289807745,1.0
0.5435648550005361,-0.9671863299170996,1.3353725956419344,0.03909587420392876,0.0
0.5435648545884727,-0.9671902658292045,1.3296642784427304,0.02104770051190203,0.0
0.5598736413805079,-0.6925140653772949,-1.4821114998625387,0.008186983306996893,1.0
0.559873641321449,-0.6925133324584003,-1.4812294161958273,-0.012890658469557958,1.0
0.5435648545312647,-0.9671901236589806,1.336679186396363,0.07880437670300497,0.0
0.5435648542130814,-0.9671940594123712,1.329882002393046,0.024588409772509062,0.0
0.5435648552471114,-0.967189179952471,1.3319519652412788,-0.03272265753817388,0.0
0.627157920029901,1.6078139143577654,0.15667342614479765,0.005407318573527123,3.0
0.5435648544706433,-0.9671896892602218,1.3367372784480378,0.01920318157184097,0.0
-1.731788181224943,0.05404702626456717,-0.005784767439856653,0.0403562686936395,2.0
0.5598736416890744,-0.6925149043861484,-1.4809690386703696,-0.0048032049581096395,1.0
0.5435648543539081,-0.9671876352611595,1.3266850293428045,0.012444360334204438,0.0
-1.7317881807789466,0.05404902525264278,-0.006123445339682776,0.04642694411045514,2.0
0.5435648547022925,-0.9671912948881929,1.3287739942285994,0.08547980714590375,0.0
0.6271579195224222,1.6078106836134323,0.16085716695195207,0.017887293723369987,3.0
0.5435648547662753,-0.9671904756874466,1.3315143684024278,0.04210056366716432,0.0
0.6271579195934496,1.6078132791319122,0.15992444776412051,0.039273501212968784,3.0
-1.731788181559103,0.05404871181356469,-0.006120454349248095,-0.01176482842635729,2.0
-1.7317881815007108,0.05405059324935298,0.00032694694882769447,-0.06963287303227789,2.0
0.5435648551562853,-0.9671888902663816,1.3240209665595046,0.045494767771916945,0.0
0.5598736416878021,-0.6925171060460863,-1.4793302454716233,-0.001988235742982251,1.0
-1.7317881818922443,0.05405053297133445,-0.00044874902959606466,0.01271347844950317,2.0
0.559873641270275,-0.692516677568747,-1.4758711909812745,0.06318214213651539,1.0
0.5435648542533688,-0.9671893612277659,1.3377136394685847,0.06335612455228264,0.0
0.5598736416837398,-0.6925140532288502,-1.478372288152102,-0.03412191925884852,1.0
0.6271579198203561,1.607810963823465,0.1626944444635942,0.01133544439848798,3.0
0.6271579197260672,1.6078111138200308,0.16325607762767433,-0.018523171161155656,3.0
0.6271579201868646,1.607812324241539,0.1585244469297448,0.05121125992745637,3.0
0.6271579192693026,1.6078107888518893,0.15937472061159413,0.051514484019463284,3.0
0.6271579196340349,1.6078115026175652,0.1612554547399864,0.03560188265651119,3.0
0.5598736414194947,-0.6925139689738417,-1.4790372699515408,0.02158567921929872,1.0
0.5435648540889875,-0.967187816831267,1.332870191479753,0.038051744983455094,0.0
0.5598736414200716,-0.6925176835334129,-1.4771321117017457,-0.008145307961108876,1.0
0.6271579193730057,1.6078120974120054,0.1603048098594288,-0.012282170878223189,3.0
0.559873641445364,-0.6925165904846139,-1.4778385156756202,-0.004655493402858947,1.0
-1.7317881809813032,0.05405150243021817,-0.006808192500668936,0.03688180641494699,2.0
0.559873640841515,-0.6925147630829136,-1.4802729578305442,-0.05029825410102901,1.0
0.5435648544172105,-0.9671887238160961,1.3331568367779671,0.0030206377282734056,0.0
0.6271579199105667,1.6078107615979738,0.1601358506054949,-0.06608212145553607,3.0
-1.731788180521131,0.05404969830461111,-0.0007810171849382183,-0.041290048193743614,2.0
-1.7317881812620068,0.05404891269321736,-0.003108000607799531,0.04727440939006013,2.0
0.5435648548974638,-0.9671894921199599,1.3329509832650877,0.04422025765544372,0.0
0.5435648544394843,-0.9671924144823132,1.3316632201496277,0.027321279256613106,0.0
0.6271579200563274,1.6078099315301466,0.17148829413138786,0.026787820849322217,3.0
0.543564854288579,-0.9671919134106721,1.3362460615865377,0.04917380661636319,0.0
-1.731788181413706,0.05404861018391664,-0.0035828870432967445,-0.04123759532061394,2.0
0.5598736414649027,-0.6925169199976775,-1.4711543236576963,0.0708109347683185,1.0
0.5598736405842842,-0.692515004755648,-1.4723754287953752,0.04848494903405922,1.0
0.5598736423706023,-0.6925159386542122,-1.4766893678505022,-0.033329660546467535,1.0
0.6271579203825581,1.60781031286597,0.16280055899220347,-0.005978862788974415,3.0
0.5598736413788766,-0.6925144942990643,-1.4745147478380294,0.040967858133308305,1.0
-1.731788181680245,0.05405134977702091,-0.005254786066955359,0.01792468781144161,2.0
-1.7317881801584454,0.054049214973016575,-0.013075936243138036,0.021302967943472213,2.0
0.6271579201060531,1.607813390688936,0.16624663805068432,0.028509829459693492,3.0
0.5435648546034213,-0.967189182566419,1.3299086779260643,0.049496979005403494,0.0
-1.7317881810079958,0.05405297363981645,-0.006885685583455329,0.013632501918014829,2.0
0.559873642365542,-0.692514489372287,-1.4782451049886116,-0.0434205687623074,1.0
-1.7317881812996458,0.05405017609238712,-0.004385923024197783,0.025148435691415706,2.0
-1.7317881814725455,0.0540524061438345,-0.000224753303429601,-0.02947455427600782,2.0
0.6271579198523031,1.607812207645559,0.15880700277739257,0.06531890345197991,3.0
0.5598736411880595,-0.6925168768065955,-1.4784757667940724,-0.020393870988801598,1.0
-1.7317881813181986,0.05404909214733399,-0.0064821217643684865,-0.02234546810451177,2.0
0.5598736417179015,-0.6925139258311167,-1.476483243241953,0.0074973959575922525,1.0
0.5598736417622214,-0.6925170794206801,-1.481084595714262,-0.019709021406349732,1.0
-1.7317881819185394,0.05405055586367945,-0.00698075987199067,0.008828518928354087,2.0
0.5598736418795803,-0.6925140748122585,-1.4766717459002567,0.01678520965943934,1.0
0.6271579193163818,1.6078114161668016,0.15758833378010415,-0.05084067593468202,3.0
0.5598736409062295,-0.6925173595458424,-1.477931138304033,0.0007887418005448964,1.0
0.543564854450175,-0.9671882636078393,1.3354408689963344,-0.02095339199816347,0.0
0.5435648553365755,-0.967189078741034,1.338678784362731,0.04112564871036389,0.0
-1.7317881813440328,0.05405126733492327,-0.004869035431444497,-0.01953444982419942,2.0
-1.7317881810155533,0.05404916375528929,-0.0025066611805856023,-0.009741857432549862,2.0
0.6271579198083657,1.6078139712853925,0.1504520253394477,0.03267371347113211,3.0
-1.7317881814272453,0.05405310584557374,-0.006856895860288814,-0.024896829843987337,2.0
0.5598736420466407,-0.6925162888818368,-1.483741600518083,0.06762401767681801,1.0
0.6271579202593666,1.6078126339622223,0.15722557510622354,0.019378713017378427,3.0
0.5435648548016885,-0.9671906296137948,1.3367974266272746,0.054776858767728524,0.0
0.5598736416904327,-0.6925177301174208,-1.478770045586654,0.0009388245504797537,1.0
-1.7317881805322084,0.054050783798474576,-0.002880368275122403,0.047281807669064556,2.0
-1.7317881815347185,0.05404779501679045,-0.008735265453769028,-0.012553966099661293,2.0
0.5435648552118776,-0.9671865245608939,1.3255958384637065,-0.022344574528208615,0.0
0.5435648545086088,-0.9671867932649545,1.330618298312296,-0.0348672321445534,0.0
0.5435648549043229,-0.9671885792746663,1.3291470064750508,0.038224593349344346,0.0
0.6271579202171954,1.607808289678754,0.16388476276931951,-0.002628070127318754,3.0
0.6271579201240077,1.6078108862740705,0.15531339304097996,-0.06627987456617228,3.0
0.6271579205351877,1.6078118958749013,0.16282611732851948,-0.03582882737582286,3.0
0.5435648548005946,-0.9671893693889461,1.3352525957038108,0.08309652035476851,0.0
0.6271579197924931,1.607812827384131,0.15492512173200376,-0.00032602673881190427,3.0
0.5435648545614117,-0.967189995256483,1.3323705148576543,0.03868328256984699,0.0
0.5598736411203602,-0.6925182527372482,-1.4790150564820912,-0.021958802696375655,1.0
0.5598736409736644,-0.6925127417764733,-1.479788292764747,-0.05418685196262861,1.0
0.559873641354302,-0.6925149196382498,-1.4745852195553708,-0.00010900059550149869,1.0
0.6271579200509745,1.6078121271495363,0.16210703115136094,0.016896679803751792,3.0
0.6271579205716723,1.607810937699777,0.16226220748270348,0.032431890164507746,3.0
0.559873640794934,-0.6925195181392736,-1.4803474400351488,0.07223014137103137,1.0
0.5598736410946338,-0.6925141948792195,-1.4772247752387149,-0.07561614628623689,1.0
0.5598736416204112,-0.6925134506671511,-1.4793480168920656,-0.008723751645933935,1.0
0.5598736415540063,-0.6925161727870124,-1.4762508076672516,-0.03779579096380799,1.0
0.5598736419253442,-0.6925135878913784,-1.4855842390145941,0.030735965753508263,1.0
0.5435648541265,-0.967189337478533,1.3317981709720017,0.014980029054744028,0.0
-1.7317881816063336,0.054049642662080476,-0.007545588929704388,0.014382769407287941,2.0
0.5598736415477849,-0.6925142392493959,-1.482281960898093,-0.07487174312865158,1.0
0.5435648546941857,-0.9671886692172136,1.3317914902536192,0.02282514301143446,0.0
0.5435648545333424,-0.9671920291833205,1.3324947652591916,0.03743286171536745,0.0
0.6271579205207818,1.607809129180955,0.15471282752225654,0.019208115938663048,3.0
-1.7317881808645006,0.05405226087266933,-0.002709808913101869,-0.0009235913074619822,2.0
0.5598736415086419,-0.6925158449125912,-1.4768079961559786,0.026140102754588106,1.0
0.543564854638625,-0.9671883053718684,1.329026993964191,0.011248089328672111,0.0
0.6271579206880413,1.6078090493507882,0.1646922036500113,0.005251114692963581,3.0
-1.7317881812832194,0.054048539599801465,-0.0097515719538503,0.06472316224439281,2.0
0.6271579200233898,1.6078119065439986,0.1632084256665939,0.0006818725754073164,3.0
0.559873641041584,-0.6925186583403763,-1.4775337919085394,0.0922399313892997,1.0
-1.7317881811969424,0.054051615325554685,0.0002606931989686369,0.026153627460434658,2.0
0.5435648551228899,-0.967189915071215,1.3372678049126852,-0.009852464044580296,0.0
0.5435648545092868,-0.9671897839992917,1.3323775641247306,-0.0629688771759508,0.0
-1.7317881818326908,0.05405071073083141,-0.00504298726543029,0.03369741374619414,2.0
-1.7317881817257808,0.054048498502405076,-0.000937581031881048,0.07018189725102977,2.0
0.627157919924274,1.6078127225290864,0.16724997664730415,-0.01142148534804532,3.0
-1.7317881811561864,0.05405071244323098,-0.004638758937955953,0.002780013157439719,2.0
-1.731788181605203,0.05405163720968582,-0.0019519598166228974,0.048866531777881674,2.0
0.6271579198143974,1.6078111095170426,0.16332392940234608,-0.007089138013977345,3.0
0.6271579203367635,1.6078117929197873,0.16109909250853136,0.025290394146017494,3.0
0.5598736411513996,-0.6925149814715201,-1.4754890356230679,0.03519815206610548,1.0
0.543564854358993,-0.9671878426063862,1.3323936455973013,-0.018289440508259487,0.0
0.5598736419172481,-0.6925178074749821,-1.486826175051594,-0.05788202158036046,1.0
0.5598736410098655,-0.6925142291235891,-1.4777812327332862,-0.011836368919686067,1.0
0.5435648545546707,-0.9671886018377647,1.3276452529815566,-0.011045710258706523,0.0
0.6271579197452921,1.6078109539864527,0.16000010390857775,0.020389830337052786,3.0
0.5435648557142087,-0.967189677080339,1.3339618605483745,-0.00575198980129573,0.0
0.5435648550802261,-0.9671897438072613,1.3267491414259986,-0.05954298305591503,0.0
-1.7317881814520937,0.0540490234791688,-0.007765968764747749,-0.03659789819911594,2.0
0.5598736415006762,-0.692515665483947,-1.4803615829259396,0.022377971221878745,1.0
0.5598736412714125,-0.6925177897591897,-1.4791430294085741,-0.01602049435495661,1.0
-1.7317881819384315,0.05405183159653272,-0.0058660256202818385,0.024944431483077612,2.0
0.6271579202473535,1.607811531121754,0.16091487850720182,0.04983902409408448,3.0
0.6271579200796261,1.6078115952359135,0.15993354202544208,-0.005663247709504892,3.0
0.5598736413702089,-0.6925174315220824,-1.4802643352991653,0.021866946841057736,1.0
0.5435648552482051,-0.9671921022070961,1.3278546471496036,-0.0015903101742210258,0.0
0.543564854487718,-0.9671887598454432,1.3343221213743954,0.04346407746139069,0.0
0.5598736414511063,-0.6925147260904496,-1.4821605808278393,-0.04787031183667236,1.0
-1.7317881815602638,0.05405278128949528,-0.002346692947852276,-0.004776133398176219,2.0
-1.731788181019006,0.05404654202781009,-0.00475965852571921,-0.022685929508149627,2.0
-1.7317881811825333,0.05405064794094058,-0.0022888268097939505,-0.045650737513899926,2.0
0.5598736418204923,-0.6925163586381846,-1.4785429792128673,-0.004758631186052565,1.0
0.5435648543332365,-0.9671908234931997,1.3330846370261356,-0.03995724767008064,0.0
0.5435648548794602,-0.9671915854461829,1.336901821321923,-0.025141787810854667,0.0
-1.731788181603504,0.0540512987653732,-0.002238962326028067,-0.005077687011131989,2.0
0.6271579192536523,1.607810332578365,0.16822308002619674,-0.08441480717125883,3.0
0.6271579196276204,1.607809973248353,0.15713433590798145,0.060454469288378214,3.0
0.6271579200034785,1.607815699222044,0.16134660774748139,0.014694405526795032,3.0
0.6271579200042097,1.6078127651264416,0.15319401081325668,0.012293047884816303,3.0
0.627157919554672,1.6078097627402315,0.15988165315759523,0.014316296928316562,3.0
0.5598736416946946,-0.6925141807448979,-1.4757100111222115,-0.022692539346909214,1.0
0.5435648551548262,-0.9671894059885566,1.3327238500944316,-0.04753033283936844,0.0
-1.7317881815841678,0.05405221207205411,-0.0015065413966125702,-0.0638560082500943,2.0
-1.7317881812251033,0.054050131369286596,-0.0029218896546418906,-0.003351436551770926,2.0
-1.7317881805589488,0.05405006313866622,-0.0002453882898676351,-0.004366188682160018,2.0
-1.7317881814222433,0.054049635643249,-0.0021340345046510713,0.05432106978078921,2.0
0.5435648547574992,-0.9671854393549985,1.3293371237642955,0.028668814805568706,0.0
-1.731788181323965,0.05405025545412586,-0.004236476412065633,-0.0008560213241021574,2.0
-1.7317881813697156,0.054052633503481766,-0.005314415016805061,-0.030730332067573796,2.0
0.5435648551702751,-0.9671911833404954,1.3319157109876405,0.030062119418633033,0.0
0.5435648555032683,-0.9671873368624672,1.3318270478795435,-0.07050932861126254,0.0
0.5435648544609939,-0.9671885188434887,1.333097368774968,0.034285290239060316,0.0
-1.7317881813793417,0.05404838951941719,-0.009150921736410873,-0.0021343326706999713,2.0
0.5435648550867765,-0.967189516275799,1.3332333217520176,0.02417053569251759,0.0
-1.7317881809605986,0.05404993122533164,-0.0059216049080199566,0.06858044142765626,2.0
0.5598736417115531,-0.6925160438359512,-1.4831321256052044,-0.07623202340564826,1.0
0.5598736418015752,-0.6925132707391034,-1.4791621068243928,-0.07686923504794212,1.0
0.5435648553884698,-0.9671875129357143,1.3336434533301469,-0.0384372321196098,0.0
-1.7317881815186236,0.05405106869845978,-0.0035022861314822134,0.013695001756013044,2.0
0.5598736416318185,-0.692518600102348,-1.4750448707493296,-0.030436782745346423,1.0
0.5435648551315937,-0.9671901503623535,1.3345534657354878,-0.026777141624017006,0.0
0.6271579193643838,1.6078129288564862,0.16254283191458005,0.028832003528853636,3.0
0.6271579199548066,1.6078123597531309,0.1575003797653427,0.02565867591612182,3.0
0.5435648550336326,-0.9671905194595293,1.3331793975105433,0.014976316319351002,0.0
0.5435648547117518,-0.9671888766404373,1.3310078193521204,0.031867114080283906,0.0
0.6271579197799702,1.607812433362136,0.15728879262474793,-0.07186517960137258,3.0
0.6271579195726965,1.6078113414142483,0.16267502210754506,0.007870397272853208,3.0
0.5435648549330848,-0.9671878014975163,1.3423725574757244,-0.016956818659464443,0.0
-1.7317881812812963,0.054051052046111395,0.0004850704162862382,-0.026328305216887764,2.0
-1.731788181499699,0.05405166535292509,-0.0032874446396821922,0.024153009510449245,2.0
0.543564855529419,-0.9671904551280374,1.3384309148380213,0.05782399172495298,0.0
0.6271579192302492,1.6078141497186802,0.160787437991355,-0.05629563947955025,3.0
0.5598736418413884,-0.6925176402222079,-1.4823123767184836,-0.03647171138956612,1.0
-1.731788181064325,0.054051285583292565,0.00010618755724866115,0.08230632432208661,2.0
-1.7317881816566048,0.054051303979401645,-0.00558542152520201,0.012353402104086754,2.0
0.5435648541463798,-0.9671908072723632,1.3365379037832228,-0.02555577733318228,0.0
-1.7317881804346467,0.054048883619898194,-0.009291404867764372,-0.039967577543859274,2.0
-1.7317881816861986,0.054052577108652924,4.781037615106376e-05,0.02272966904815633,2.0
0.5435648545014621,-0.9671898076518327,1.3359969219863161,-0.013678551120734513,0.0
0.5435648541663194,-0.9671898715265042,1.3300101081895395,0.029337765456628324,0.0
0.5435648552750317,-0.9671895726079441,1.3362562366032709,0.0033652498914021737,0.0
0.5435648544643368,-0.9671901430649096,1.333705981915044,0.021674134126722422,0.0
0.5435648548336371,-0.9671908778302276,1.3353116263878577,0.050108128003683784,0.0
0.6271579205465291,1.607811562951259,0.16454840194070267,-0.044054421385646206,3.0
0.6271579191337868,1.6078103764605758,0.1582145992352493,-0.038592920089281106,3.0
0.5598736408579257,-0.6925154658770564,-1.4824460487761342,-0.0010543334382422606,1.0
0.627157919554425,1.6078120567583538,0.15813302144840988,4.8925374010938814e-05,3.0
-1.7317881815976177,0.054048391482240644,-0.0034814492807016834,0.02890688434364916,2.0
0.6271579198334024,1.6078124506983766,0.1604730765648306,-0.046286266733128904,3.0
0.5598736409995206,-0.6925160663009243,-1.4764667333956167,-0.039904634616107444,1.0
-1.7317881809597657,0.05405377995360234,-0.00947216689811134,0.03685493087445784,2.0
0.5598736411350875,-0.6925190342878426,-1.4804043477911204,-0.031839102014914966,1.0
0.5435648540554481,-0.9671893243558981,1.3306287197967663,0.016251455830948763,0.0
0.6271579201713454,1.6078086541428764,0.16192464096400863,0.01850995221331168,3.0
0.5435648540956401,-0.9671912783041152,1.3351040321869725,0.08962919143269127,0.0
0.5435648551997337,-0.9671908664326445,1.3344707540759804,0.013186808186086536,0.0
-1.7317881821453527,0.054048971072702644,-0.0002578305465769619,0.010149250847692986,2.0
0.6271579205385267,1.6078122066935072,0.15904349826756994,0.042890645803574906,3.0
0.5435648544976931,-0.9671912215205289,1.3310562400014108,-0.024721817978999968,0.0
0.5435648547045906,-0.9671898903202665,1.3354442919356149,-0.044445455179221466,0.0
0.6271579196736835,1.6078111890977675,0.1617448946440694,0.016536110087561548,3.0
-1.7317881812766758,0.054051519601246795,-0.00841214094807061,0.02245181627996547,2.0
0.5435648546647368,-0.9671879143779554,1.33197511089361,-0.01274521631348938,0.0
0.5435648545452245,-0.9671879807084958,1.334334375270031,-0.0005314084567790755,0.0
0.5598736410077918,-0.6925146935735981,-1.4830662192921247,-0.07551327101248735,1.0
0.5435648542282193,-0.9671856423959827,1.3288105932678904,-0.011453074558434006,0.0
0.5598736417177724,-0.6925160743781812,-1.4797304768847626,0.008829028490679593,1.0
-1.7317881813649236,0.0540495538752305,0.0038277924517017333,0.036660829228578516,2.0
0.5435648549139797,-0.9671910549018093,1.3367686133375607,0.024772601503781237,0.0
0.6271579208037557,1.6078097402763107,0.15868894214233406,0.03084359396179961,3.0
0.559873641526253,-0.6925151630588929,-1.4766741007920998,-0.006729484452153909,1.0
0.5435648545172173,-0.9671937538550928,1.340125465960229,0.005614083193367,0.0
0.5598736416268549,-0.6925133782339129,-1.4744290007771528,-0.019466338271832948,1.0
0.6271579198586826,1.6078093557350825,0.1662827276512863,-0.00024024373224077757,3.0
0.6271579208449706,1.607807528054617,0.15877129415032115,-0.0025355909519554727,3.0
-1.7317881812595302,0.054046817532325514,-0.006532285372741163,0.00036892341283817896,2.0
0.6271579202166698,1.6078098442681523,0.16420392859746138,0.03158040543456273,3.0
0.5435648550259223,-0.9671874631976726,1.3365200355967932,0.031707712325349635,0.0
-1.731788181907525,0.054051718723217124,-0.0015554131614006928,0.02386035242520382,2.0
0.543564854880076,-0.9671923415013209,1.323320850296751,-0.05062495670289672,0.0
0.6271579200995087,1.6078107321764823,0.15966528565985802,0.020979603873164252,3.0
0.5435648547336208,-0.9671895216238726,1.329889485045626,0.03585633802129769,0.0
-1.7317881811757578,0.05404705919994934,-0.009882477811328363,0.04314465667181701,2.0
0.5598736410226229,-0.6925172083234132,-1.4759284388548728,-0.009440888012974621,1.0
0.5435648551817824,-0.9671872880999423,1.3312051168162469,0.07710547625891602,0.0
0.559873641798686,-0.6925168934269704,-1.480712007713272,0.02918655496841107,1.0
0.5435648555688669,-0.9671927933268408,1.3424611414006624,0.0016738277800169555,0.0
0.559873641445307,-0.692516236528743,-1.4808741294224503,0.048886680973911134,1.0
0.5598736417062855,-0.6925181920125323,-1.4802051706377053,0.0006150769832578644,1.0
0.5598736417985765,-0.6925121970936585,-1.475679983724293,-0.09524552231316001,1.0
0.5598736416047684,-0.6925165027671437,-1.4831242529833293,-0.030972090999528957,1.0
0.5598736414802321,-0.6925144315697226,-1.4825354462746394,0.07151513782079391,1.0
-1.7317881813326237,0.054049300236679046,-0.009357190292479054,0.06533799668576343,2.0
0.6271579202338871,1.607809601098963,0.15810259257429765,0.05681892152664095,3.0
0.5598736415354315,-0.6925144117062281,-1.4788438824070107,-0.0005704350350705209,1.0
0.6271579195564715,1.6078104314534938,0.16112796746905358,0.013414072257233527,3.0
0.5598736408061915,-0.6925170549819059,-1.4748319546844906,-0.018754470881768154,1.0
0.5598736411622433,-0.6925120652964891,-1.478763497163603,-0.02259911374754642,1.0
0.6271579202879437,1.6078126593358353,0.15636351528716277,0.007994649962082094,3.0
-1.7317881809564466,0.054047541420328055,-0.007582718120780467,0.05364468677196081,2.0
0.5598736411431305,-0.6925167870034971,-1.4816216367716004,-0.06303199779271278,1.0
0.5598736417150902,-0.692517141486088,-1.4828522323011735,0.04018654135728466,1.0
0.6271579203328611,1.6078153733099514,0.16033843844509316,-0.03286685533403149,3.0
-1.7317881814649196,0.05405100903666214,-0.006141105110137005,-0.05245412666644613,2.0
0.5435648550606242,-0.9671868316854971,1.3324819799052237,-0.006286940700805907,0.0
0.6271579201435841,1.6078116098424438,0.15790362949593362,-0.013230643090120347,3.0
0.6271579198128232,1.6078106796796745,0.15215549413420051,0.005944933261151442,3.0
-1.7317881810028501,0.054049019066913034,-0.008024252338723819,-0.009271997538268677,2.0
0.5598736416595906,-0.6925169350337427,-1.480683363650569,0.0073690373465669905,1.0
0.5435648545809459,-0.9671900183895111,1.3365209182770843,-0.02461941588693041,0.0
0.5598736410663447,-0.692517401707349,-1.4775121666186648,-0.017948691720202723,1.0
0.5435648546978581,-0.9671886461531904,1.338805669951939,-0.03219422617701469,0.0
-1.7317881816209966,0.05404888810532768,-0.004992919870849451,0.013732074828698286,2.0
0.5435648544907375,-0.9671901021955251,1.3313568406902332,-0.012599029471548083,0.0
0.5598736407247483,-0.6925137086398421,-1.4775357743361934,0.03399631145177025,1.0
0.627157919900993,1.6078097282840085,0.16118165290390168,0.02765700691681107,3.0
-1.731788181510785,0.05405058448529629,-0.007807828175012004,0.06694310266099789,2.0
0.5435648548341637,-0.9671890334987089,1.336638194108453,0.02868662173353018,0.0
0.5598736412001748,-0.6925159226333725,-1.476835070759218,0.007645964056285101,1.0
0.5435648544448136,-0.9671905175679317,1.334228774500342,0.07255235645934485,0.0
0.5598736419267515,-0.6925162301803781,-1.4841796768516762,-0.012231598488766699,1.0
0.6271579194241946,1.607811889683295,0.16224813389818257,-0.05269846509634115,3.0
0.5435648551937805,-0.9671885996078687,1.3322173445595136,0.06395860452516171,0.0
0.5598736413134264,-0.6925182699465504,-1.48317259194644,-0.08803348002753367,1.0
0.5598736418810945,-0.6925150588433454,-1.478824014533991,-0.031620868270469366,1.0
-1.7317881809085416,0.05405198573147464,-0.0066518046793393164,0.04067082235207409,2.0
-1.7317881808593916,0.0540521239439909,-0.007411194841200544,0.009149956884001416,2.0
0.5598736407544698,-0.6925159799161096,-1.4774027822791238,-0.07568117221611544,1.0
0.5435648544407152,-0.9671888225893931,1.3351344426473006,0.04897925533384743,0.0
-1.7317881816896818,0.05404955160902207,-0.00504780025028409,-0.02502572903721135,2.0
-1.731788181539582,0.05405060231450777,0.0003057517579664026,0.013356403791591042,2.0
0.6271579204029807,1.6078098426122631,0.16297423356204013,0.011284603049196188,3.0
-1.73178818169923,0.05404785050929765,0.0012101818592361309,0.07548389994464355,2.0
0.5435648545935985,-0.9671912999201824,1.3294812560903044,-0.0017194117685376954,0.0
0.5435648543978395,-0.9671915592869514,1.3288776265848146,-0.06047444427338389,0.0
0.5435648543918024,-0.9671876544092558,1.336262706014118,0.02354369224930958,0.0
0.5598736416857717,-0.6925146441569646,-1.4800443263559977,-0.035298925976757975,1.0
0.5435648548729488,-0.9671907251418974,1.3266168503954578,0.043405718925516874,0.0
0.6271579198892538,1.6078129954389044,0.1657161487636142,0.040187282448704675,3.0
-1.7317881826186574,0.05405120512703705,-0.005076107279763268,-0.011441694247774324,2.0
0.627157919750569,1.607815284414994,0.16308068679132964,-0.03359671692531866,3.0
-1.7317881810471392,0.054052815875989646,-0.012767133085757887,0.030818052690820965,2.0
-1.7317881813960943,0.05405014659440186,-0.011687452711703936,-0.0895780524065678,2.0
0.6271579197368548,1.6078136817270974,0.15764111407753917,0.04073062050944497,3.0
0.5435648545167115,-0.9671902599230868,1.3371091951362541,-0.02584976187850152,0.0
0.5598736418627905,-0.6925160268552428,-1.4779857270584873,-0.040621854656982134,1.0
0.559873641662238,-0.6925153255846344,-1.4753724832933914,-0.030908074227900907,1.0
-1.7317881816490774,0.054049310392140455,-0.0015653024748129407,-0.0002651317653794914,2.0
-1.7317881809101487,0.054052400919256914,-0.004500966192623308,-0.06988016623810961,2.0
-1.7317881821652408,0.054049521176237375,-0.005548077229626363,-0.03698167660636862,2.0
0.5598736417713698,-0.692518764204788,-1.4840485991836991,-0.06435898445494363,1.0
0.543564854399082,-0.9671906885218426,1.337816276850483,-0.028509279100089404,0.0
0.6271579202231263,1.6078052940068237,0.15765035024901508,0.026650846495946727,3.0
0.559873641480919,-0.6925156579896983,-1.483486947781076,-0.030913938030683045,1.0
0.5435648546548627,-0.9671895270905083,1.3336185644475664,-0.016539174377249364,0.0
-1.731788181809681,0.05404898063240056,-0.008335728289681413,-0.07467131437744345,2.0
0.6271579196166561,1.607812912524944,0.15848907958876332,0.03258930287035344,3.0
0.6271579192516502,1.6078103015846565,0.1630882273012909,0.018921392525356476,3.0
0.6271579199883789,1.6078114866225302,0.17168444772812166,0.013465893169425697,3.0
-1.731788181127732,0.05404949089123311,-0.0013250056484674345,0.0027378544704808904,2.0
-1.7317881815621712,0.05405045218473432,-0.001728798592280307,0.020270122655327738,2.0
-1.7317881818042051,0.05404918174032416,-0.008375223189807055,0.026655871020730002,2.0
0.6271579186886258,1.6078107054834403,0.1624335022744233,0.022615029874161658,3.0
0.5435648540732431,-0.9671897510997217,1.3355855051410592,-0.031707905759615705,0.0
0.5598736426545281,-0.6925151681085806,-1.4764718835229833,-0.0021237789356287704,1.0
0.5435648543990435,-0.9671880912648175,1.3387536732914749,0.024112069593016257,0.0
0.6271579195182544,1.6078132808090224,0.16368438432534455,-0.003363173088493557,3.0
0.627157920010858,1.607812556498969,0.15755413057428777,0.07664128861718499,3.0
-1.7317881820938725,0.05405058465953571,-0.0007308007860913888,-0.02981698683341062,2.0
-1.7317881815461957,0.05405180797933134,-0.009624317554884387,-0.04661505839237797,2.0
0.62715791949225,1.6078103064818188,0.16181904609311404,0.04700389958388866,3.0
0.6271579194694501,1.6078119279558067,0.15951753721561374,0.03283392056916443,3.0
-1.7317881814059835,0.054050800253328694,-0.0069151652242722406,0.0019517274531662117,2.0
-1.7317881815912624,0.05405071037533198,-0.0008355392221317427,0.014387834688781664,2.0
0.6271579195595753,1.607811742433965,0.1611826514251792,-0.003093690879117353,3.0
0.5435648548578227,-0.9671879298340658,1.3357371065403738,0.01982645306453697,0.0
0.5598736413792942,-0.6925151279979818,-1.4826961573840922,0.01323721460596242,1.0
-1.7317881818847163,0.054047926963107056,-0.009921879753468183,-0.02807102342460577,2.0
0.5598736414267215,-0.6925159342896055,-1.4798268886334516,-0.07317049509924617,1.0
0.5435648548252106,-0.9671922950498141,1.3295059775967022,0.014482174858362078,0.0
0.6271579200798735,1.6078120706566297,0.16243870102960495,-0.0370377147432518,3.0
0.5598736420253103,-0.692515393790905,-1.482166188883537,-0.023826471145386073,1.0
-1.7317881816818368,0.054048502929120314,-0.00019474185144154282,-0.027794297652561355,2.0
0.5598736413546662,-0.6925153260039476,-1.4824672867775146,-0.029507023752996592,1.0
0.5435648545970927,-0.9671906165356675,1.3306730788889687,0.03260617285170579,0.0
0.6271579197801883,1.6078101953059662,0.15804922304533395,-0.056751938096787316,3.0
0.6271579195186237,1.6078119227391432,0.16123446318272094,-0.0076657823808472135,3.0
0.5435648548794569,-0.9671905836132029,1.3320379853274977,-0.0029700506830707854,0.0
0.5598736409816016,-0.692513760679805,-1.4775786120331278,-0.000675587083712553,1.0
0.6271579200418596,1.607814618525493,0.1636828798875632,-0.006644552043627922,3.0
0.6271579199955456,1.6078100096410146,0.15031286272350716,-0.043122216121423,3.0
0.6271579200146358,1.6078105066827133,0.1592651923579892,-0.045539502724102766,3.0
-1.7317881813457614,0.05405188688693849,-0.005719228142172714,-0.02892846238292722,2.0
0.6271579205211633,1.607810838327166,0.1650334838292035,0.007958278646449072,3.0
-1.7317881814835498,0.05404995299634921,-0.007679734845246437,0.0032059212935150643,2.0
-1.731788180865201,0.054047060808049295,-0.006982951199903157,0.03997630299870274,2.0
-1.7317881820072705,0.05405479558024765,-0.012112182456608769,-0.010647664149914096,2.0
0.6271579196465025,1.6078121316486413,0.16305319836927737,0.03134118197508339,3.0
-1.731788181734963,0.05405022323115749,-0.008858501352086065,-0.015665229440742195,2.0
-1.7317881813270912,0.05405021725160138,-0.01822287527543301,0.05204662816585836,2.0
0.6271579199744673,1.6078112425099396,0.16038870558266735,-0.011364309855356372,3.0
-1.7317881819899212,0.054050674061276435,-0.00030011867803079106,-0.03951971206569019,2.0
-1.7317881815273377,0.054049459693124406,-0.009329106232197827,-0.03208097279448766,2.0
0.5435648550117176,-0.9671891048616743,1.3350961118569478,0.05011664462488565,0.0
0.559873640807467,-0.6925142020060204,-1.4765215358831247,-0.03837395179983634,1.0
0.5435648542159619,-0.9671886335653034,1.322353941158204,-0.03113115788843331,0.0
-1.7317881816881877,0.054044402708737234,-0.008502082651725945,-0.027079272916754403,2.0
-1.7317881809511873,0.05405005898400146,-0.011603092274895128,-0.0017783771476432614,2.0
0.543564854792096,-0.9671898748816897,1.3316996484534416,0.0006931960706461402,0.0
0.5598736407042194,-0.6925176441626794,-1.4783995818623767,-0.04746878881262815,1.0
0.6271579198333204,1.607809907737742,0.15906415029583218,-0.0032935160126015897,3.0
0.6271579199391317,1.6078145219620699,0.16014007165402402,0.008704924094581193,3.0
0.5598736411403559,-0.6925148021746594,-1.483301692177635,-0.021802070816173965,1.0
0.5435648547770581,-0.9671903356708302,1.3371385991280997,-0.013168180497609294,0.0
0.627157919659101,1.607811301775695,0.16077769633161018,0.06542861375834495,3.0
0.5598736408555156,-0.6925181777402096,-1.4751631921759678,-0.009315479993916664,1.0
-1.7317881815172895,0.054048925234530074,-0.006268184538747669,-0.026515718366654673,2.0
-1.7317881807320121,0.05404825388575952,-0.008309055131195734,0.002209708250900628,2.0
0.6271579192338836,1.6078100903358252,0.1617905015637212,-0.013438548251652643,3.0
-1.7317881817162573,0.054050986312565025,-0.006615138529687272,-0.05434640040299873,2.0
-1.7317881811097136,0.05405086596206552,-0.0020728426319505,-0.007645760104477025,2.0
0.5598736416938809,-0.692514543820191,-1.4868643666766057,0.02266075933997977,1.0
0.627157919940835,1.6078065176650032,0.16250413663213123,-0.11090615014904007,3.0
0.5435648543403485,-0.9671910732916189,1.3247772199348655,0.019364110719081614,0.0
0.6271579198527376,1.607812074731172,0.15718222194517845,-0.022955666435849533,3.0
0.5598736412340042,-0.6925156534535709,-1.4754317497378142,-0.01550333955629163,1.0
0.559873640823881,-0.6925158225403012,-1.473928148689312,-0.009608496883528099,1.0
0.5598736417291669,-0.6925153674657286,-1.4750053927752063,-0.017827960456948563,1.0
0.5435648551429401,-0.9671894421442692,1.330196044114878,-0.01387084406223056,0.0
-1.7317881816093659,0.05404929862435138,0.0006160645771877095,0.03764568769945095,2.0
0.5435648547623285,-0.9671883758588334,1.3288669143148548,0.07932061048415194,0.0
0.6271579202405078,1.6078059740506923,0.15773177280501632,0.030970696126223028,3.0
-1.731788181283939,0.0540507796641635,-0.007535581302588864,0.027770912736375792,2.0
0.5435648550627344,-0.9671917094597191,1.3332419744105397,-0.029967608340468143,0.0
-1.7317881820038639,0.054049814687536446,-0.006794575526992202,0.06289743892539919,2.0
-1.731788181191442,0.054047615471516465,-0.0018883221035983434,-0.03129538814987467,2.0
0.5598736409790636,-0.6925176536488044,-1.4777236080978824,0.01449960436362168,1.0
0.6271579198586741,1.6078109397484524,0.15818273686769446,-0.0869756346274705,3.0
0.5598736411412691,-0.6925166763321225,-1.480860540148591,-0.03087982273212051,1.0
-1.7317881811459606,0.05405394010080828,-0.008500221406587613,-0.013605785258402305,2.0
0.6271579200343258,1.6078139109888796,0.16394043562000477,0.04785521576612475,3.0
0.6271579194330696,1.6078140497987736,0.1566584741235811,-0.009223808468845494,3.0
0.6271579201510652,1.6078142020483879,0.1571701102709491,0.007190691643575583,3.0
0.6271579197972277,1.6078112557916309,0.16421543095179747,-0.002128641338746134,3.0
0.543564854878677,-0.9671866984451559,1.3322594888591652,-0.02610831770268209,0.0
0.5598736422099828,-0.6925161155120322,-1.4787206652906955,0.04193111212366001,1.0
0.62715791949884,1.607810935617299,0.16388568206867726,-0.052649453632131714,3.0
0.5598736413273815,-0.6925177254141471,-1.4866929469261498,-0.029023919164542385,1.0
0.5598736426628911,-0.6925141765887798,-1.473404771382991,-0.021401855965316328,1.0
0.5598736411666276,-0.6925157842995355,-1.481427319026921,0.004370032679936079,1.0
0.54356485438566,-0.9671888730887153,1.3379190251327076,0.013388727615779793,0.0
-1.7317881813184475,0.054049928414268825,-0.007252017760581079,0.054414247046073685,2.0
0.6271579198611601,1.6078114636903464,0.16767693712586157,-0.02716198449895963,3.0
-1.7317881820403997,0.054048443841814314,-0.007464250564601446,0.016289154713818647,2.0
0.6271579196059696,1.607810160142817,0.161914124826904,-0.00018388966548684745,3.0
0.5435648549902813,-0.9671912934278614,1.3330663751261989,-0.0181450876913541,0.0
0.559873641479761,-0.6925157544978107,-1.4736395339254513,-0.05089414109301554,1.0
0.627157920324035,1.607811393984151,0.15341545503670276,0.07373903426495432,3.0
0.5598736408369477,-0.692514858547875,-1.4806789996343503,-0.007704619584448071,1.0
0.5598736405157669,-0.6925163324305652,-1.4787481203472306,-0.036572427348852604,1.0
0.6271579195201092,1.6078115593906326,0.16572780329147152,0.031259906334734494,3.0
0.5598736417958877,-0.6925167356341362,-1.4763329589794767,0.05327130507797021,1.0
0.5598736409981584,-0.6925171901058691,-1.4824514154467276,0.0927102158852999,1.0
-1.7317881818038443,0.0540522642121016,-0.006173945548766046,0.013169944721381829,2.0
0.5598736409182756,-0.6925163817472427,-1.4835457953795594,-0.016983125444393482,1.0
-1.7317881819604657,0.05404932701949639,-0.0014479150992688004,0.01426177252219581,2.0
0.6271579195820169,1.6078119683284173,0.15641362372230938,0.03869826901467093,3.0
-1.7317881808466922,0.05404936572999681,-0.007990220287307838,0.04020071392641171,2.0
-1.7317881813169769,0.054047904736177634,-0.005423977121870886,0.006703824814167402,2.0
0.5435648543897088,-0.9671920803953707,1.3378439600560141,0.016534877923743134,0.0
-1.7317881814347635,0.05405457880968248,-0.005692186298539023,-0.035065381491733584,2.0
-1.7317881807066382,0.054049366565889705,-0.009860375355487344,0.006038794035434254,2.0
0.5598736413669929,-0.6925149997087264,-1.4842392323041127,-0.024038604651581696,1.0
-1.731788181794476,0.05405087651720599,-0.0021222292495751954,-0.018592428651660345,2.0
0.5435648543509429,-0.9671912644803617,1.3306745685691301,-0.015476799542671279,0.0
0.5598736414524855,-0.6925175556816184,-1.4744066527507604,-0.07999748549599535,1.0
-1.7317881813094607,0.0540492727992077,-0.002860660430174408,-0.05116622327104557,2.0
0.5598736417072636,-0.6925145095768175,-1.4824887498643144,0.003157624363747258,1.0
-1.7317881817622958,0.05405399603532548,-0.003077405646656514,0.03489814046536685,2.0
0.5598736416759968,-0.6925148587518661,-1.481460854412629,-0.05398658839431333,1.0
-1.7317881813907974,0.054050515476863695,-0.00735463756137334,0.02338477242928646,2.0
0.559873642059541,-0.6925157680497758,-1.4788769539018307,0.019472407068175882,1.0
0.55987364119333,-0.6925182599397374,-1.4784357899096645,0.05209132722244251,1.0
0.5598736417783313,-0.6925161707000562,-1.4758933519418982,0.015652168454270664,1.0
-1.7317881817093737,0.054049451051305875,-0.006698832970521351,0.002121908350971006,2.0
0.6271579196200229,1.6078097617967704,0.1649192662033043,0.021935977016399166,3.0
0.5598736413226645,-0.6925163311033918,-1.478086394232846,0.03931344634757259,1.0
-1.7317881819627707,0.05404751539295847,-0.004966601184753952,-0.042722439630607054,2.0
0.5598736410860341,-0.6925131851012146,-1.47164982646907,-0.02299719698847687,1.0
-1.731788181800769,0.05405135929860458,-0.0019115028045360316,-0.021641275953704478,2.0
-1.7317881813544014,0.05405112340204094,-0.005983811634782247,-0.031814743780638415,2.0
0.5435648536156011,-0.9671886261957772,1.328944948248225,0.0004249333777949207,0.0
0.5598736414143126,-0.6925160619034829,-1.4776175092023598,0.006245865035823791,1.0
0.5435648549315172,-0.9671896846173306,1.338039983681526,0.053998751652065066,0.0
0.6271579196062176,1.6078117866702053,0.16218002248550906,0.02826337555382548,3.0
0.5435648549372994,-0.9671884734641648,1.3361292308330626,-0.006504167945223088,0.0
0.5435648543918252,-0.9671926895544728,1.3310411098060073,-0.03908716619484853,0.0
0.5435648553003087,-0.9671896566869836,1.3305810505826987,-0.0023500050013645973,0.0
0.5598736409432843,-0.6925162821600075,-1.4819232086922312,0.048117370468156596,1.0
-1.7317881822121142,0.054050210833215165,-0.010367934907394617,0.0021318387068762342,2.0
0.5598736419042597,-0.6925157607728375,-1.4812271998045847,-0.020252168292481998,1.0
0.5435648551077582,-0.9671904816811348,1.3379893201832407,0.00546122997144218,0.0
0.5435648543587481,-0.967187607682043,1.3277666676153106,0.04929077544539507,0.0
0.5598736410006655,-0.6925180104356572,-1.4766913714348968,-0.035519630762301135,1.0
0.5598736416063165,-0.6925139221284464,-1.4777334820178314,0.04271847996376175,1.0
-1.731788181624725,0.054052792881535576,0.00012016177478739077,0.0063166835073697565,2.0
0.6271579202117074,1.6078094506039222,0.1636651792191972,-0.03102196465384386,3.0
0.5435648545659196,-0.9671890168441603,1.332496185420552,-0.07989264981446795,0.0
0.5598736415368861,-0.6925146666873301,-1.4808989400897075,0.013658353423968256,1.0
0.5435648551415163,-0.9671870414304021,1.332264811235311,0.05034432408725502,0.0
0.6271579203670807,1.6078127884154,0.16133806758969588,-0.04366234765745739,3.0
0.6271579203898854,1.6078098796374114,0.16417100625593586,0.019119349658964113,3.0
-1.7317881817913623,0.054046577354612726,-0.004992155586152331,-0.021733217475553387,2.0
-1.731788181021291,0.0540490819023063,-0.0048521981910959085,-0.0300216849682866,2.0
0.5598736416049243,-0.6925149200792878,-1.4794302723969854,-0.007477835203433701,1.0
0.5435648550532017,-0.9671918982290131,1.329091034133875,0.019512692418435156,0.0
-1.7317881812004765,0.054049920773647585,-0.010634212849666836,-0.0594400523753164,2.0
0.5435648553467637,-0.9671912198906424,1.337211136062507,0.07305235971181158,0.0
0.5435648548020134,-0.9671916491264562,1.3351790322192978,0.0557502856981013,0.0
0.5598736412550667,-0.6925155336352582,-1.480322753379971,-0.03269450958127386,1.0
0.5435648545777705,-0.9671900832318074,1.3334173177097093,-0.038233937756371274,0.0
0.5598736414032878,-0.6925178087081564,-1.4779230622345298,0.0550120609839542,1.0
-1.731788181407971,0.05404928170564518,-0.0046250106583017574,0.031927109522293835,2.0
0.6271579193715201,1.6078118265830272,0.164427289186123,0.007929393168767373,3.0
0.5435648549676285,-0.9671888883990861,1.3313811068451253,-0.034990397940056386,0.0
0.5598736416394652,-0.6925162629209908,-1.4779127080567227,0.0162503760292975,1.0
-1.7317881818151932,0.054049601559481575,-0.010665984364654256,-0.029318872928505407,2.0
0.543564854828781,-0.9671887111340018,1.3331133376796849,0.001752750598414227,0.0
0.6271579199305105,1.6078108373001954,0.15661273758073244,0.0034394230372363777,3.0
-1.7317881809467655,0.054049636266903484,-0.005187670781294225,-0.00905225469530053,2.0
0.6271579190962454,1.6078096437231635,0.1565003617917003,0.049203757137089514,3.0
0.5435648545109256,-0.9671890027766651,1.3316892680876435,0.00290712380249289,0.0
-1.7317881812209381,0.05404947312693026,0.0015119444384194848,0.0724315075329283,2.0
-1.7317881806833177,0.05404927193144795,-0.005173536223248136,0.012168023842861041,2.0
0.5435648549582389,-0.9671902037789941,1.3177703793996784,-0.004874958584312626,0.0
-1.7317881821498287,0.054045772189834966,-0.0030528071864396084,0.026048979345062683,2.0
0.5435648544185929,-0.9671901788879277,1.3283126936690726,-0.020111669007244985,0.0
0.6271579197562598,1.6078129620466803,0.16251327697220277,0.0004717028724463313,3.0
-1.731788181418059,0.054052123431591714,-0.0024171296156386794,-0.06875007724772732,2.0
0.6271579198501581,1.607813709648134,0.15817362415055752,-0.06244763783571063,3.0
0.6271579198229997,1.6078106512558827,0.1659703548093583,-0.023886988660593297,3.0
0.5598736423485792,-0.6925132811316514,-1.4751447458134321,0.004264424991111067,1.0
-1.7317881812516995,0.054051048611456196,-0.007370225626276525,0.041842633646567866,2.0
0.5598736417586359,-0.6925160654141724,-1.4745350069005092,-0.02321041982000056,1.0
0.5435648543293607,-0.9671892340811318,1.3363544977117572,0.01704502876300901,0.0
0.5435648539880821,-0.967189607222936,1.3307139291846866,0.06281907560358649,0.0
0.6271579204845976,1.6078115459621083,0.168880666914101,0.034728215215324765,3.0
0.5435648545021583,-0.9671895913948597,1.3304833756165493,0.029630294762361637,0.0
0.6271579200650963,1.607815187651612,0.15895993937535802,0.06426114008830427,3.0
0.6271579197367567,1.6078128535897669,0.15677620339585963,-0.05071571352893689,3.0
0.6271579192294071,1.607808450759156,0.15879228610644594,0.007020460592612212,3.0
-1.7317881817183058,0.05404895404545109,0.005959776107137298,0.030909335875754052,2.0
0.5435648544700302,-0.9671918506310175,1.334578623157178,-0.01068818186517937,0.0
0.6271579204528981,1.60781067484412,0.16228403936132554,0.01655978380382289,3.0
0.5435648547295371,-0.9671910008470666,1.3285559856875426,0.060734476310135316,0.0
0.543564854423375,-0.9671901896477509,1.3347522231449451,0.006409530073238192,0.0
0.5435648545349133,-0.9671896502457642,1.3328034694942694,0.013567552701316748,0.0
0.5435648551313553,-0.9671905722630538,1.3351955490297034,-0.0430105960740051,0.0
0.5435648549708806,-0.9671909715999456,1.3348919056786892,0.01823291941316481,0.0
0.559873641687024,-0.6925164879207346,-1.4794919656726548,0.0025362464384985108,1.0
0.543564854535704,-0.9671878198636761,1.3308983371583836,-0.008208597288533974,0.0
-1.731788180653719,0.05404989676184236,-0.0007996042791228317,-0.03275408045298123,2.0
-1.7317881821354624,0.05404812598946057,-0.004763570324492814,0.012142951805927227,2.0
0.5435648543152817,-0.9671893409672605,1.3268268406497734,0.035819753867082436,0.0
0.62715791979368,1.6078098780020278,0.15993004200251706,0.06500386215453198,3.0
-1.7317881818699254,0.054050533545607335,-0.005945037961398252,0.0029416730590155877,2.0
-1.7317881813481186,0.05404857583201948,-0.006734667759687517,0.056897349600690934,2.0
0.5435648544230848,-0.9671881817796144,1.3300193199308306,-0.014525788989644878,0.0
0.5435648552458391,-0.9671895802886165,1.3317697626001122,0.08207600702217636,0.0
0.5435648548331329,-0.9671904081752629,1.326374545702691,0.06244385921939626,0.0
0.5435648537776782,-0.9671897821639722,1.3315866530539437,0.01936591966791148,0.0
0.5435648548390865,-0.9671883075955054,1.338200193023229,0.009239147503224895,0.0
-1.7317881816121743,0.054048928841110976,-0.006679881729928411,-0.06770163702117897,2.0
0.6271579196732496,1.607808401641744,0.16233884014034783,-0.0010882892150279506,3.0
0.5598736420027879,-0.6925106907476392,-1.4777929288104097,-0.03461622298890047,1.0
0.6271579202205594,1.6078120123139168,0.15865944910750726,-0.04172668197381464,3.0
0.6271579200129659,1.6078120648954775,0.1581858615077043,-0.04446831849336131,3.0
-1.7317881814753104,0.05404975043320262,-0.0022981175169891717,-0.024994842831566826,2.0
-1.7317881814563647,0.05405121058423597,-0.0015347612543457425,-0.01835584815982683,2.0
0.627157919853253,1.6078099794723901,0.16109390418308286,0.00817360454790121,3.0
0.543564853943545,-0.9671892263027108,1.3279592122386288,0.0053928158737705355,0.0
0.559873641590093,-0.6925146927036681,-1.4796619249614504,-0.005985272862211722,1.0
0.6271579197668433,1.6078120213403442,0.1615120843556411,0.008158879727100847,3.0
0.6271579197959036,1.6078097247457923,0.16765905067113468,-0.004260521067064811,3.0
0.6271579198242755,1.6078113432378767,0.161737872783586,-0.03718549757322761,3.0
0.5435648545691728,-0.9671882222907988,1.3309658912070466,0.029432251901839346,0.0
0.5598736419678688,-0.692515652779813,-1.4743548951958547,-0.007472030000575661,1.0
-1.731788181565348,0.05405278728180861,-0.00649275208207253,-0.021421957728901892,2.0
-1.7317881816065956,0.05405065018141582,-0.00693740994094931,-0.043443183255375044,2.0
0.5598736411712221,-0.6925155258791076,-1.4794453444695568,-0.05376956796893995,1.0
-1.7317881812476366,0.05405037707444363,-0.0048161102194358325,0.10563072060672944,2.0
-1.7317881811512459,0.05404860230751569,-0.006542347761929993,-0.009302916541462258,2.0
0.559873641790414,-0.6925157853176289,-1.4783619819337888,0.0052527064938392145,1.0
0.5598736411635138,-0.6925145513899813,-1.4807130666677424,-0.05390289069570416,1.0
0.5598736411604248,-0.6925138595550727,-1.4831620106268815,-0.04658000847530225,1.0
0.6271579191596743,1.6078115314212973,0.1592288902144367,-0.034083457353115944,3.0
0.5598736423123396,-0.6925153462725535,-1.4734008455368302,-0.014634619646918482,1.0
-1.7317881819593928,0.0540511390832077,-0.0038346336607769523,0.040876570359078594,2.0
0.6271579201323382,1.6078104962223159,0.1615850443678993,-0.040222699806599226,3.0
0.6271579195050381,1.6078128743385005,0.15720122414146687,-0.022847767661581652,3.0
-1.7317881813666827,0.05405089023063636,0.003703412189396183,-0.09226190157492173,2.0
0.5598736413949867,-0.6925179352130213,-1.4836285533374862,0.03848690906434436,1.0
0.62715792006459,1.6078106452903032,0.16042946833603222,-0.04468351242315753,3.0
-1.7317881811807048,0.054050390872352014,-0.004892098708450912,-0.007310799804463379,2.0
-1.7317881815837537,0.05405084650998367,-0.004283505891205396,-0.033844706500287494,2.0
0.6271579200830982,1.6078125342333605,0.15584502814555146,0.00892411946676837,3.0
0.5435648544395293,-0.9671906184884358,1.3312628314804356,-0.006235491554020717,0.0
-1.7317881816997116,0.05405138952788174,-0.007381639997786984,-0.0540501817477252,2.0
0.5435648549361817,-0.967189854069051,1.3289884033885402,0.09365335342861629,0.0
0.5598736413545874,-0.6925159350245597,-1.4771202260869254,-0.022685643979881324,1.0
0.5598736409816665,-0.692516991400204,-1.478861169744228,-0.08532712948575326,1.0
-1.7317881817177647,0.05405010009790182,0.000627003535526546,-0.010938242595353876,2.0
0.5435648548813824,-0.9671907588439088,1.333911120715457,0.0070611432538684035,0.0
0.6271579194716425,1.6078118045948815,0.1621288527421526,-0.011227533937192549,3.0
0.6271579200981757,1.6078102234523692,0.16266871042743697,0.04279766290977484,3.0
-1.73178818185421,0.05404983003394259,0.002825099014959719,-0.02419891003288187,2.0
0.6271579198637247,1.6078116157265097,0.15766089525231208,0.0733654674588979,3.0
0.6271579198416553,1.607812100332526,0.15963567444589652,0.07013399408743481,3.0
0.6271579201279999,1.6078135013045176,0.16504769755748155,-0.040582712050089675,3.0
0.5598736411951424,-0.6925139934603983,-1.4715707634360575,-0.05606250925330683,1.0
0.5435648547899263,-0.9671889167305172,1.332180550716188,0.009733617432299842,0.0
-1.7317881819417085,0.054051402417075886,-0.011874008703571262,-0.04831622494588771,2.0
0.5435648550075252,-0.967190264528958,1.331171132574565,0.03174561127279837,0.0
-1.731788181192878,0.05405130008937956,-0.007028228046996621,-0.001378624273235138,2.0
0.5598736423682487,-0.6925182839493333,-1.4834699543630592,-0.01897651616253031,1.0
0.6271579200638874,1.6078092023717128,0.15855452243386595,-0.002120875201874534,3.0
0.6271579202286005,1.6078116879234923,0.15827789035898043,-0.011627855109723062,3.0
0.627157920284352,1.607811034889148,0.16630446899185639,-0.019464618328343997,3.0
0.6271579194125524,1.6078083699137438,0.15973632532773388,0.012491364795080843,3.0
0.5435648542776866,-0.9671890325547443,1.3337008119787785,0.0741318538957835,0.0
0.6271579201270641,1.607810480829657,0.16252346300635986,-0.05059659509316535,3.0
0.5598736407071392,-0.6925143867190924,-1.4744336264866276,-0.052148312566948476,1.0
0.6271579202080317,1.6078130907022217,0.1597984804944991,-0.06510260615893343,3.0
0.6271579203948453,1.6078116313719226,0.16085654058588808,-0.02470773729671841,3.0
0.6271579198073528,1.607811727429816,0.16683091492531235,-0.008907971480031475,3.0
0.5435648550810176,-0.9671893152223633,1.3379388026403645,0.007014345678357415,0.0
0.5598736412611813,-0.6925157142122849,-1.4769891891032616,-0.05295526747364288,1.0
0.6271579200446661,1.6078131140798293,0.16180210965502775,-0.04621658352336248,3.0
0.543564854580729,-0.9671903990665067,1.3249412343288018,-0.015787677748582644,0.0
0.5435648547131655,-0.9671863880102569,1.3335900578335298,-0.050832701883245734,0.0
0.5598736414503089,-0.692516613080913,-1.4786552306201561,-0.005979004430080717,1.0
0.5598736417770215,-0.692513376445793,-1.4858895057360473,0.04175195952684181,1.0
0.6271579195431409,1.6078099579245653,0.16196244607020965,-0.050222076672841336,3.0
0.6271579200708681,1.607812432939602,0.15342544231779112,0.020823051505408273,3.0
0.5435648550355201,-0.9671912913937502,1.3382710455988969,0.03178056933964207,0.0
0.5598736419352012,-0.6925164235848995,-1.4733277676884997,0.006779421524680844,1.0
0.5435648550415878,-0.9671919686843544,1.337098583224973,-0.006508900566909042,0.0
-1.7317881808871338,0.05405178964639396,-0.004464917623736591,-0.03171455816530243,2.0
-1.7317881813081097,0.05405140324241177,-0.004079262670076807,0.0035467402146141525,2.0
0.5598736414146318,-0.6925126203073796,-1.474706148628824,0.030188775550947993,1.0
0.6271579199458995,1.6078095769739957,0.16566515627611172,0.03223328493742248,3.0
0.5598736411794488,-0.6925157769482454,-1.4838492303496686,0.024909321079978952,1.0
0.5598736408037397,-0.6925157297995039,-1.479472195846428,-0.004595222690452696,1.0
0.5598736421895059,-0.6925161691600022,-1.4778093561035501,-0.011062204462033709,1.0
0.5598736409773579,-0.6925136685684546,-1.4788048177064994,-0.05531140989000829,1.0
0.5435648550483518,-0.967190537976436,1.3344843051351187,-0.03186149420488133,0.0
0.54356485457644,-0.9671880708759821,1.338296371012039,0.024407433449452936,0.0
0.6271579204655701,1.6078108846040786,0.16226167407436795,-0.014041428434240602,3.0
-1.731788180979116,0.05405078552231428,-0.00788742566528944,-0.013139912238557958,2.0
-1.7317881811090539,0.054049690404123545,-0.0033706790480464684,0.04668278692954444,2.0
-1.7317881819373544,0.0540454622236648,-0.0020592733272359665,0.01672470380767669,2.0
0.6271579193403893,1.6078101757436967,0.15966480740472724,-0.02936083456844614,3.0
0.5435648545047745,-0.9671913402120865,1.3345776558265117,0.024916465975144207,0.0
0.6271579204609353,1.607809632850873,0.15955968909171284,0.026655076164328478,3.0
0.6271579199143034,1.6078138403817483,0.15936591411197168,-0.015964857271258716,3.0
0.6271579197772894,1.6078103688656347,0.15351765975656423,0.03066505707988901,3.0
0.5598736403950398,-0.6925150864013316,-1.4777934093037302,0.001042947134338043,1.0
0.5435648551638023,-0.9671904971259024,1.329641975284808,-0.0065927715550942075,0.0
0.5598736412115257,-0.6925153328602522,-1.4799871763121724,0.012462948447046492,1.0
0.5435648545152394,-0.9671920098245856,1.3317290643170392,0.0491441679466735,0.0
0.5435648550737388,-0.9671885186793904,1.3239084458343031,-0.028067223353255177,0.0
0.6271579197093669,1.6078094774416989,0.16069052341384613,0.011768046306592233,3.0
0.5435648551550769,-0.9671896499376247,1.330415101948477,0.027608861703181064,0.0
0.5598736416123357,-0.692518182114627,-1.4822880990366827,-0.007922180316575008,1.0
0.6271579194433514,1.6078129373294467,0.16550492858717392,0.0647761920664639,3.0
0.5435648543239514,-0.9671889797440358,1.338890655642789,0.030452200184814825,0.0
0.5598736417915378,-0.6925164192382128,-1.4793323438324577,-0.0353119949490338,1.0
-1.7317881815562195,0.05405183288845103,-0.001206719685775893,0.02684510059400067,2.0
0.5598736416178337,-0.6925169194310534,-1.4744841182519974,-0.03612955157248781,1.0
-1.7317881815442666,0.05404875123087052,-0.008254869950346735,0.008914107727361198,2.0
0.5598736405506601,-0.6925165491525059,-1.4714631671764256,-0.00855524865463002,1.0
0.5598736414411315,-0.6925127302368259,-1.4767707366660296,-0.033252523328014594,1.0
0.627157919774832,1.6078117845799662,0.16165816374426745,0.04964280835405002,3.0
0.543564854583695,-0.96718855506646,1.333025203647638,0.1137345495229725,0.0
0.6271579198716993,1.6078140558270795,0.16297706121417624,0.06050221249314874,3.0
0.6271579206995843,1.6078099446027931,0.15686593333199642,-0.0047832752124957745,3.0
0.6271579202581976,1.607808995655683,0.16117563869456691,-0.10757289004838719,3.0
-1.7317881814188263,0.054051947072745556,-0.00685090658373708,0.025606547377446064,2.0
0.5435648543636243,-0.9671898159186153,1.3268909011858716,-0.022413287457038432,0.0
0.5598736415583876,-0.6925163817645019,-1.4721446019850863,-0.07895411564097383,1.0
0.6271579200201503,1.6078109474754827,0.15592842136899024,-0.0250457055890761,3.0
0.5598736417979486,-0.6925171229399097,-1.4807729083385759,0.01929379993155178,1.0
-1.731788181243682,0.05405010267160743,-0.008450192680163088,0.006724232705931173,2.0
-1.7317881815645755,0.05405009014913225,-0.007702650898906726,-0.05449840368217065,2.0
0.6271579198808659,1.6078093901788169,0.16280668039404356,-0.004023288390213165,3.0
0.543564855078549,-0.9671920534088448,1.330796837581606,0.0231878418673725,0.0
0.5598736417710546,-0.692516752052396,-1.480633815323477,0.003553771194140001,1.0
-1.7317881813516374,0.054050497146812294,-0.010707375170962315,-0.0043668374289996745,2.0
-1.731788181703911,0.054052197668071685,-0.00922380357577693,0.021776524894552944,2.0
0.5598736409378566,-0.6925151142758744,-1.4810564029097775,0.003629871577932604,1.0
-1.7317881813343028,0.054050917410544755,-0.0001554529390980352,0.008734746207863566,2.0
0.5598736420321002,-0.6925137904249963,-1.47722439496459,-0.027240653865113002,1.0
0.627157920179582,1.6078131749656155,0.16377371644496505,-0.0006630347205947586,3.0
0.6271579200341401,1.6078113201013806,0.16467862282059167,-0.0064865565069728865,3.0
0.6271579196356878,1.6078142223951808,0.15957390794388895,0.031016001849680428,3.0
0.5598736412753762,-0.6925132368437192,-1.4781128169554398,-0.040242788849985466,1.0
-1.7317881811831382,0.054046485884360486,-0.011610292007889336,-0.004271394359940216,2.0
-1.7317881815956253,0.0540521254842561,7.635957162459865e-05,-0.017939677739020537,2.0
0.5598736420598852,-0.6925148181670231,-1.4765893705153552,-0.000988567395176158,1.0
0.5598736418642104,-0.6925164756803556,-1.477426196765482,-0.04869457184680859,1.0
0.6271579200834791,1.6078166060897934,0.15710577147233337,0.030682839409657766,3.0
0.627157919939974,1.6078103429567803,0.15885048884013944,0.028191017408474777,3.0
-1.7317881822272616,0.054046922591886676,-0.004201956703553511,-0.037561614035529475,2.0
0.5598736415577844,-0.6925170495066281,-1.4787312525214995,0.018808940411003398,1.0
0.5598736416465058,-0.6925157232658299,-1.4774007308986015,0.033955678481583325,1.0
0.5598736413319574,-0.6925115653203068,-1.4804891134548241,-0.034191718743551425,1.0
-1.7317881812615419,0.05405160921340839,-0.008417632749121945,-0.023417893075758617,2.0
0.55987364150906,-0.6925122889259975,-1.4829672851009432,0.011105548151586857,1.0
0.6271579195328917,1.607808227440255,0.15875606752763327,-0.022291029819293005,3.0
-1.7317881815659475,0.05404894853060043,0.003346447698258696,-0.016146548917305863,2.0
0.6271579190751753,1.6078119513206948,0.15790480202609625,0.028025164377914236,3.0
0.5435648546991418,-0.9671877066076652,1.3313950188872292,0.02996051863687095,0.0
0.6271579199099331,1.6078145824222008,0.1622741046486134,0.013596675792830219,3.0
0.5435648547508666,-0.9671888712290688,1.330491738608827,0.027957920915775973,0.0
-1.7317881808760192,0.05405156765321435,-0.005099795514837233,-0.01656459404593625,2.0
0.559873641777183,-0.6925153737861838,-1.4827469498496455,0.0013200086896934975,1.0
0.6271579196337943,1.607808798610918,0.16502644551180412,0.07714725663125735,3.0
-1.731788182259454,0.054052092525638036,0.0036351711534033542,0.009836688029675817,2.0
0.5435648549415482,-0.9671895962795138,1.3290552753458613,-0.005753208295099345,0.0
0.5598736425270625,-0.6925145129020158,-1.4815119969865083,0.04156092426464096,1.0
0.5435648547340945,-0.9671891493106004,1.3247718614013582,0.0387108293540634,0.0
-1.731788181755213,0.0540515613620404,-0.005693608621190476,0.021146875125847602,2.0
0.6271579206271023,1.6078130431880358,0.15841323004427044,0.01340518285848291,3.0
-1.7317881816387186,0.05404797588599925,-0.0019000809926882618,-0.04531544035704151,2.0
0.559873641875354,-0.6925175464378689,-1.4761302500331326,-0.024723951222838644,1.0
0.6271579198462116,1.6078105945550538,0.15383333926940554,0.008108991276900325,3.0
-1.7317881817917011,0.05404877419832023,-0.005354841493737693,-0.07410101585962214,2.0
0.559873641554935,-0.6925162890977551,-1.4737033725813318,-0.07946877195155393,1.0
-1.7317881809167388,0.05404969311146446,-0.010123705002175232,0.005077838919343082,2.0
0.5598736411888166,-0.6925172601836804,-1.4839958759500769,0.005630655962809948,1.0
0.559873641668267,-0.6925184018413867,-1.471566010961715,0.010825385878866976,1.0
0.6271579198007436,1.6078101736089077,0.15950119919965017,0.05630870200652153,3.0
0.5435648553516639,-0.9671899996865982,1.3278664417791242,-0.034270185821628746,0.0
0.5435648545866643,-0.9671885175558455,1.3259584584042687,0.07496849501753043,0.0
0.6271579199000852,1.6078120526109696,0.16509941008451542,-0.02081372985064579,3.0
-1.7317881813295033,0.05404805012562192,-0.005091018603359991,0.051517570559284485,2.0
-1.7317881817113752,0.05404889021351028,-0.01646378866382499,-0.017625357837602138,2.0
-1.7317881809170617,0.05405051408888029,-0.0073339550021714476,-0.01618693632046283,2.0
0.5598736418029238,-0.6925141286078335,-1.4817844390778783,0.020844853801218123,1.0
0.5598736417668878,-0.6925158653134643,-1.4790573984618287,-0.006775558515757595,1.0
0.5435648549836,-0.9671915445634475,1.3333342872851293,-0.027244832161320377,0.0
0.5598736410938913,-0.692514750527069,-1.4797937341896301,-0.0007748577548395705,1.0
0.5435648549831357,-0.9671919040274087,1.3301560904007756,0.044475374311710614,0.0
0.5435648545287126,-0.9671881785766636,1.3316984735446067,0.005460217058061972,0.0
-1.7317881817536567,0.054052780632777866,-0.0033997021214006123,-0.042935085973768286,2.0
0.5598736411916799,-0.6925130377031781,-1.4753226591001103,0.05887266867558547,1.0
0.6271579200778943,1.6078094309663473,0.1608522066218731,0.0024599932365149445,3.0
0.5598736416367678,-0.6925156868868432,-1.4824212569814517,-0.06645565001792259,1.0
0.5435648547053408,-0.967186533147496,1.3366353104082953,0.0410640081661863,0.0
-1.731788181419642,0.054050384172017074,-0.0017841516697577487,0.02534862708584343,2.0
-1.7317881816449685,0.05405130719154901,-0.0037586070858296595,-0.028591282272457285,2.0
0.6271579196374597,1.6078112735114114,0.15774676163387472,0.02927785865786915,3.0
0.6271579197777553,1.6078105983168431,0.16505452912957613,-0.018775589055466817,3.0
-1.7317881810557614,0.054049992654109424,-0.0006581977715363092,0.029696358719191466,2.0
-1.7317881811251938,0.054048754570975834,-0.005580334797338446,-0.02138211877301711,2.0
0.5435648544726855,-0.967188670808828,1.3334397731684426,0.011233021440310433,0.0
0.5435648546319122,-0.9671876412792718,1.334570518384825,0.01719414012090746,0.0
0.5435648548395099,-0.9671876081814659,1.3293319328036493,0.04311207252638566,0.0
-1.7317881812151414,0.054048893546268954,-0.003408796930186691,0.015263405637801986,2.0
-1.7317881809774138,0.054050456305583965,-0.007660625074517398,0.02711942393818982,2.0
-1.731788181733993,0.05404900392401646,-0.00826580357758486,-0.03202264337537813,2.0
0.6271579202325017,1.6078132111009928,0.16584828649698577,0.03033855035608062,3.0
-1.7317881809286544,0.05404971765779119,-0.005835459598161865,-0.03694564357964596,2.0
0.5435648545043611,-0.9671872831474639,1.3294224812329232,-0.013249626642247854,0.0
-1.7317881819005547,0.05405149867843693,-0.003050469240211304,0.04842157308529326,2.0
0.6271579200578006,1.607812285778734,0.16127688433075996,-0.02030098229726629,3.0
0.5435648545937927,-0.9671909638944591,1.331157825665589,0.04217531553405479,0.0
-1.7317881818570935,0.054052851929027014,0.000523077900888413,0.00045949461820258625,2.0
0.5598736420439243,-0.6925162301260172,-1.4798367149458027,-0.006305621241941918,1.0
-1.7317881818375638,0.054045571593388464,-0.0012828439566053766,0.016934685475992615,2.0
-1.731788181648666,0.054049870014145206,-0.005656434980155622,0.0018820704670764491,2.0
-1.731788182134401,0.05405240472029078,-0.005954377433501007,0.05785319230009815,2.0
0.5435648551099131,-0.9671903776426256,1.3299778184199917,-0.003601939794096306,0.0
0.5435648545775976,-0.967188373726408,1.336153037601741,6.0912269183767726e-05,0.0
-1.7317881812215656,0.05405156752399413,-0.005850182957374904,-0.09866157034566535,2.0
0.5435648547583746,-0.9671881768911442,1.328619515566334,-0.000859246341917598,0.0
-1.7317881814938236,0.05405099846106885,-0.002047118921118608,0.0022605502247459303,2.0
-1.731788181126089,0.05405077066801581,-0.0030589040351750555,-0.006199755353571766,2.0
0.6271579200923503,1.6078132367379034,0.15929218551437332,-0.03306715269923243,3.0
0.6271579202260781,1.6078168639684391,0.15925529042508182,0.0200912537707999,3.0
0.627157919303773,1.6078144580803597,0.1612111781404129,0.033029888425572425,3.0
0.5435648544748036,-0.9671892038211873,1.328001314070369,0.0010292315319488337,0.0
-1.7317881809809834,0.05405092719668457,-0.003669928851901,-0.0927141455983027,2.0
0.55987364176368,-0.6925182035893458,-1.4749996874838585,0.03426698290248617,1.0
0.5435648548297453,-0.967191255317246,1.3360164177102452,-0.007080841374939381,0.0
0.5598736418475934,-0.6925185019537705,-1.4776940797985336,0.02344111526744379,1.0
0.6271579203701753,1.6078101748364848,0.16395790991411024,-0.050683330547424965,3.0
0.5598736415436815,-0.6925167008544686,-1.4774030104407199,-0.016852737533664883,1.0
0.6271579197568974,1.6078106097268852,0.1564150169802136,0.003926882396216281,3.0
-1.73178818135223,0.05404901609923112,-0.003322491732771333,0.0063205542752805596,2.0
0.6271579198638448,1.6078084116139613,0.16724770498175734,-0.0021827381737125487,3.0
-1.7317881815200014,0.05405110962260541,-0.0015190032791166969,-0.010834729572577334,2.0
0.6271579196013662,1.6078121926057858,0.16012303138275222,0.06970947511522411,3.0
0.6271579191280418,1.607809567902704,0.16403417936304682,-0.03492655427807806,3.0
0.5435648540445207,-0.9671899547086735,1.335498339744652,-0.013388462711042614,0.0
0.5598736419323804,-0.6925161276040158,-1.4853870903297426,0.0011756396778698636,1.0
0.5435648546919547,-0.967189713714414,1.3344035292921153,-0.007105731402188698,0.0
-1.7317881811358249,0.05404681854427601,-0.007354298484086292,-0.024797299355346563,2.0
0.5598736413513108,-0.6925147055241117,-1.4773153741592735,-0.04836727230938875,1.0
0.5598736415754889,-0.6925160540534802,-1.4797838091820408,-0.03522695696782646,1.0
0.5598736417340519,-0.6925176597250874,-1.483141788684937,-0.025307364860101038,1.0
0.5435648548751544,-0.9671898032590092,1.3352389802485156,-0.04564018505683944,0.0
0.6271579204419766,1.6078089366659465,0.16877162563269837,-0.008799030640050097,3.0
0.5598736413215861,-0.6925138180970707,-1.4682066394128541,-0.03035087838035761,1.0
0.62715792023305,1.6078119779026099,0.15785130219892105,-0.006885127071680039,3.0
-1.7317881822886343,0.054049109024838164,-0.011395884406005072,-0.017147045344824464,2.0
-1.731788182086492,0.05404816979989514,-0.007455929868558638,0.05003713186286174,2.0
0.5435648546077692,-0.967191228904984,1.3315174716084228,0.04801790971707795,0.0
0.5435648547179932,-0.96718997912607,1.3366120705869682,0.007855313463327535,0.0
0.5435648545580456,-0.967190104215252,1.3316744063924773,0.007411064733801781,0.0
-1.731788180700489,0.054052143177563,-0.012096325503197254,-0.020298126467736464,2.0
0.6271579197921048,1.6078094076885128,0.15324367230112307,-0.012412230895531746,3.0
0.5435648542047234,-0.9671899197167985,1.3327779010825989,0.060310758514749555,0.0
-1.7317881809190037,0.05405019331030218,-0.004305089808854055,-0.014775371497582353,2.0
-1.731788180929501,0.05404931193927478,-0.002013860110936924,0.016526307806558574,2.0
0.5598736416114426,-0.6925152102826769,-1.4751309437033788,0.02024507269144468,1.0
-1.7317881814006069,0.054049091488923416,-0.007447730403000521,-0.012493934925780914,2.0
0.6271579203753682,1.607809533622659,0.15995487716672352,-0.01246894938092608,3.0
0.5598736418553794,-0.6925149263936228,-1.4804283516854375,0.04041936893600145,1.0
0.5598736417071428,-0.6925142800463716,-1.4845404562626712,-0.032404819832590144,1.0
0.627157920195798,1.607811637219549,0.16244932494016376,-0.005272438256839942,3.0
0.5598736418165192,-0.6925166565463052,-1.4778775095372834,-0.05257568297958438,1.0
-1.7317881807939242,0.05404913801167977,-0.0041829456982938875,0.007561408113548005,2.0
0.5598736416349189,-0.6925164743539449,-1.4798132359478564,0.016581924151929137,1.0
0.5598736412722094,-0.6925169792389979,-1.475447843751573,-0.008528813126449947,1.0
0.6271579199605921,1.6078118156839216,0.1580708081242972,-0.019823100026746265,3.0
0.559873641612557,-0.692517334949245,-1.477882111217339,-0.00031049239900769336,1.0
0.5435648548690242,-0.9671876049757492,1.3296005874068537,-0.010630005768416523,0.0
0.6271579191782707,1.6078130475202226,0.16723336108232367,0.024060745327478497,3.0
-1.7317881812821931,0.05404806143832911,-0.002455194603874655,-0.0014633248194277659,2.0
0.5598736417496649,-0.6925159089329634,-1.477886710748849,-7.690955628031641e-05,1.0
0.5435648546912512,-0.9671908674055752,1.3376666790204614,0.009040452525388933,0.0
0.5598736416208953,-0.6925132873131122,-1.484678576014734,0.023978721891062888,1.0
0.5598736415493082,-0.6925177244894659,-1.478292437699091,-0.01274515321557215,1.0
-1.7317881810937958,0.05405319071032917,-0.00047525864936832956,-0.09580745920511284,2.0
0.6271579194248431,1.6078100304490741,0.15830547857980684,-0.04160502326398099,3.0
0.5598736418558985,-0.6925144964237889,-1.4783534249760775,0.013827463762970877,1.0
-1.731788181927615,0.05405003245382647,0.0002738212069508556,0.05686940709298283,2.0
0.5598736417022174,-0.6925184824127205,-1.4718377616936908,0.016277322404066766,1.0
0.559873641761985,-0.6925185652647639,-1.4849788999156468,-0.04004415879083215,1.0
-1.7317881812718152,0.054053415735961965,-0.01092087351497391,-0.04144393584008449,2.0
0.5435648546933284,-0.9671901270075747,1.330562267248183,-0.010131643232090795,0.0
0.5598736414082657,-0.6925155571487392,-1.4777112820369713,0.031593905690459716,1.0
0.543564854311596,-0.967186449355774,1.3345928848600124,0.019477111036543506,0.0
0.6271579196425515,1.6078145494956122,0.1613252021882004,-0.03227616040343947,3.0
0.5435648552109845,-0.9671856368354275,1.3368272108636747,0.02365227144005139,0.0
0.6271579196376869,1.6078112989385922,0.1581567503386013,0.08184270798258572,3.0
0.6271579202957229,1.607811506979754,0.15482833424078535,-0.04237127551496771,3.0
0.6271579200308144,1.6078101531227142,0.15972242323319513,-0.043467597487117114,3.0
0.5435648543244634,-0.9671892481519436,1.3303882120535861,0.04203357285772061,0.0
0.6271579200764328,1.6078115006139786,0.1596154742935341,-0.007522758023588465,3.0
0.6271579201623125,1.6078123191101306,0.16464537029108273,-0.032284478594290046,3.0
0.5435648550124658,-0.967188504224541,1.3358407851256404,0.016354305648021983,0.0
0.5598736407243492,-0.6925144149222338,-1.476843530752245,0.018958690318325484,1.0
-1.731788181598916,0.05405075892267554,-0.0018930020627681127,-0.02280997932755489,2.0
0.5435648544037636,-0.9671902708699578,1.334684385819927,-0.031422033694918326,0.0
-1.7317881813786487,0.05405203380808311,-0.003929651072248836,0.021684920182781408,2.0
0.5598736414046712,-0.6925167710318366,-1.4791173834864577,0.051275454898229066,1.0
0.6271579197112223,1.6078099514407738,0.156124636918049,-0.02604803542320299,3.0
0.5435648548434957,-0.967192042470631,1.3271307550458589,-0.015069944105288223,0.0
0.5598736418295197,-0.6925165049496687,-1.4763526810422531,0.012230640290531168,1.0
-1.7317881815684681,0.05405248923197206,-0.0037308748804005774,-0.026906552500224244,2.0
0.5435648549198973,-0.9671862564872918,1.332391402208388,-0.03670201167761309,0.0
0.6271579196475846,1.6078144928596998,0.15877703598087586,0.01892145965107753,3.0
-1.7317881806665398,0.05404860003918562,0.0017867076006985857,0.03708604018260068,2.0
-1.7317881814014464,0.054049682729523915,-0.00915652767535455,-0.0687658916759095,2.0
0.5598736413536712,-0.6925158532975895,-1.4795427588954368,-0.031446654808022854,1.0
0.5435648549342299,-0.9671895147200259,1.3369131706198782,-0.06467625831206607,0.0
-1.7317881823166346,0.05404873817969417,-0.008073348976500298,-0.009140100531105567,2.0
0.6271579190347352,1.607813541643498,0.15713139236985338,-0.007936949729545322,3.0
0.543564855165515,-0.9671904771962134,1.3299442079764145,0.07146363342365604,0.0
0.6271579204842456,1.607812627709474,0.16227693963564793,0.007348946532804867,3.0
0.627157919715185,1.6078109451521714,0.15917263006681373,0.0270413330501366,3.0
0.6271579197886863,1.607812516293141,0.15524295183515566,-0.00635137605782832,3.0
0.5435648546218484,-0.9671907853916092,1.3385708383498969,0.0016704106233380144,0.0
0.5435648542668114,-0.9671874684871483,1.33082086725826,0.03178017346760438,0.0
0.559873641362848,-0.6925165140187399,-1.476830622504862,0.029469362385680823,1.0
0.5435648547909477,-0.9671896654329513,1.3410926478837435,0.033006500769340405,0.0
0.559873641569974,-0.6925170104853363,-1.4784099761815437,0.00262496884733354,1.0
0.6271579201978927,1.607810548634768,0.15721298022536193,-0.032317231528773804,3.0
0.5598736417597219,-0.6925151978608522,-1.4785575758583958,0.04609431682235566,1.0
-1.7317881809141449,0.054050089829395714,-0.013069339640356734,-0.002089132212154082,2.0
0.543564854501838,-0.9671924977096131,1.329741817630435,0.04455240025669554,0.0
0.6271579207687468,1.607812991175584,0.16317067908311167,-0.008799218928706535,3.0
0.5598736402697824,-0.6925162427667768,-1.4816699127999438,-0.024597799158396837,1.0
0.5598736409597682,-0.6925131074533718,-1.4740840031684377,0.06967461700151793,1.0
0.5435648543735025,-0.9671870733051735,1.330444838324235,0.06294162356721857,0.0
0.6271579193665338,1.6078093349189349,0.15859929435672185,0.026530552160556182,3.0
-1.731788181785476,0.05404952198359671,-0.002140845036011849,0.06485864880177937,2.0
0.5598736421613343,-0.6925155612797123,-1.4821521613533462,0.019238299224984583,1.0
-1.7317881813426725,0.054052075962819524,-0.004810585131167364,0.05236097606829501,2.0
0.5435648551132378,-0.9671905043354738,1.3304295634730343,0.021322326356171394,0.0
0.5435648549015115,-0.9671889416683092,1.3258716855670494,-0.006781863786936072,0.0
0.5435648548484386,-0.9671891277804447,1.3333595522861978,-0.008990534746134746,0.0
-1.7317881808080753,0.05404896293138058,-0.004003581934998272,-0.04455017727160661,2.0
0.6271579193804472,1.6078126512808324,0.15802372689103394,0.005027686025953012,3.0
-1.7317881820091932,0.054050828520418835,-0.0041688827644945844,0.007283591647674254,2.0
0.6271579197488873,1.6078123920364586,0.16463377160706036,0.015988235752901144,3.0
-1.731788181309081,0.05404711662771507,-0.00962413279537597,-0.032465201457905185,2.0
0.5598736409514269,-0.6925157431214524,-1.4798931088994398,0.0007652725349820232,1.0
0.6271579199062156,1.6078102134767278,0.16126234133278838,-0.10243661907483959,3.0
0.5598736415167344,-0.6925147520616806,-1.480830659587987,-0.028193358404000498,1.0
0.6271579198324306,1.607811361052375,0.16538114369289336,-0.029926839640016734,3.0
-1.7317881819909107,0.05404951027415211,-0.005303387023385063,-0.0360300085657502,2.0
0.5598736421017196,-0.6925168580050393,-1.4734171841160706,0.003997818552035946,1.0
0.5598736411078825,-0.6925150165438373,-1.480708802645493,0.02809084485637741,1.0
0.6271579203002593,1.6078096018638302,0.16041355303508115,0.016674092619805635,3.0
0.5435648550973314,-0.9671908696709303,1.3379065473104752,0.0019427283984894447,0.0
0.5435648545824929,-0.9671880152466902,1.3354984176253237,0.05225104945493736,0.0
0.5435648546339149,-0.967189697326745,1.3275479744322813,0.020176788587870646,0.0
0.5598736414870681,-0.6925135299882079,-1.4745679714119881,-0.04173968872614158,1.0
-1.7317881810770166,0.05404999393072446,0.0005262855040056052,-0.001707000456220186,2.0
0.54356485486337,-0.967189037724907,1.3369277721280737,0.026502177849398328,0.0
0.6271579197454591,1.607815835946354,0.16053243104743714,-0.005677331271140039,3.0
-1.7317881814539322,0.054048698210432365,-0.0015698234399267588,-0.06365134308434121,2.0
0.5598736410736636,-0.6925165237674928,-1.4827927582253524,-0.02395274191634685,1.0
0.543564855111724,-0.9671918102685555,1.3332013890310626,0.00756715024602974,0.0
-1.7317881814603513,0.0540505898478544,-0.005438759039970385,0.003318569375000966,2.0
0.5598736413107708,-0.6925147055611078,-1.4815537097580924,0.028845433143424918,1.0
0.5435648549726314,-0.9671862346809562,1.3312573419419267,-0.0035388682544863653,0.0
-1.7317881815191927,0.054051759387180036,-0.00989019655592167,-0.018208298441734293,2.0
-1.7317881820216465,0.05405124560203064,-0.00168436606040873,0.01650903537369764,2.0
-1.7317881813421134,0.05404850590002942,-0.010984669197208257,-0.002940541025138739,2.0
0.5598736411273724,-0.6925166710014244,-1.480105083858551,-0.04101713371291327,1.0
0.5598736417438496,-0.692514985116562,-1.475994086998776,-0.008932417190079246,1.0
0.627157920287226,1.607809336434928,0.15874854559443766,0.0023203963379468256,3.0
0.5598736408534825,-0.6925206467432091,-1.4759227585985861,-0.0012029083370688853,1.0
0.5435648548924673,-0.9671873400449548,1.3335593602839697,0.01793393838781936,0.0
0.5435648550904701,-0.9671889816414218,1.3283824356397897,0.06770792408936348,0.0
0.6271579199537067,1.6078114562789045,0.16462412208921604,-0.013418620160798887,3.0
-1.7317881811792362,0.054053704377335705,-0.008164162112528336,0.010009229899940623,2.0
0.5598736415449751,-0.6925187109834162,-1.4765563522798393,-0.0018630032057209377,1.0
-1.7317881814473635,0.054049946712529245,-0.012167185696663375,-0.038243997518964325,2.0
0.6271579199526431,1.6078125402701116,0.15111934280567804,-0.025572744037694085,3.0
0.6271579201272933,1.607808359675419,0.156716355162796,0.030809982666415187,3.0
-1.7317881815806746,0.054047743828131496,0.0012207772956852828,0.06137342821928349,2.0
0.5598736421016706,-0.6925164333332166,-1.481120844867511,-0.016221529600566473,1.0
0.5598736423867571,-0.692514849474786,-1.4797554400665027,-0.02913892642344238,1.0
-1.7317881819126983,0.054052235862409946,-0.0027886784979183777,-0.02023824187325353,2.0
0.5435648548059802,-0.9671879290349262,1.330814183761285,-0.03471128801979126,0.0
-1.731788181781367,0.054051384957188336,-0.0013368096192779982,0.07462950821887895,2.0
0.6271579187756374,1.6078093713503596,0.15858183177741939,0.003953085687455669,3.0
0.5598736414118873,-0.6925147981948239,-1.4762666912599847,0.04345077231762033,1.0
0.6271579199839961,1.6078099647789283,0.16013796687716278,0.049510276738576026,3.0
0.627157919481871,1.6078111855856316,0.16135698652325817,0.009667229548608745,3.0
0.6271579204255024,1.607811055705417,0.16015908257848344,0.0006875118767576289,3.0
0.6271579193848943,1.6078108505739013,0.16641468337716137,0.05636638980094942,3.0
0.6271579202144921,1.6078107897458693,0.16529253474460928,0.016397228764429,3.0
-1.7317881809829743,0.05404900754454949,-0.008572251381825801,0.012134426470444859,2.0
-1.731788180938398,0.05404610642350604,-0.0030471222040778924,0.0532059982692317,2.0
0.5598736419040439,-0.6925145385236426,-1.4801139450653626,-0.028428039927666095,1.0
0.5435648538492379,-0.9671894422116134,1.3358653004317713,-0.025233228424141163,0.0
0.5598736421334346,-0.6925167476597773,-1.480819985873467,0.018503376944828037,1.0
-1.7317881811315299,0.05404840215503304,0.0014310317384392567,0.025487181321666098,2.0
-1.7317881813707081,0.05405045113306853,-0.0003395165503678917,0.06648742182746373,2.0
0.5598736411656646,-0.6925170441937311,-1.4802139580133014,-0.0063218333811035895,1.0
-1.731788181015244,0.05404917761903371,0.0009021292285760472,0.012330001551459868,2.0
0.559873641179828,-0.6925149373851165,-1.4856965285202581,-0.013325771611885865,1.0
0.5435648541377586,-0.9671909344980787,1.3377755987728384,0.011275050888393147,0.0
0.6271579200648438,1.6078125829996848,0.1647039061843568,0.022927722978214576,3.0
0.5598736419692674,-0.6925132595605796,-1.4759610388290119,-0.040120508111916,1.0
0.6271579201015659,1.6078097501982314,0.16475217820933272,0.0030796908541000953,3.0
0.543564854500848,-0.9671902245692083,1.3271515027287688,-0.022721583013434014,0.0
0.5435648548624147,-0.9671893237298487,1.3303089660120473,-0.07305367774505983,0.0
0.5598736416396246,-0.6925146041360893,-1.4826327094733946,-0.03148539061012932,1.0
0.5598736418045444,-0.6925148639548616,-1.4766829127822556,0.012315430062310362,1.0
0.6271579199483748,1.6078113124083608,0.162794114778789,0.03829213617542253,3.0
0.5598736417599878,-0.6925170156773994,-1.4832320467814166,-0.008590347735250336,1.0
0.5435648546473,-0.9671896323253749,1.3307671281726938,0.026977969195917634,0.0
0.6271579199311614,1.6078139035317476,0.15939892281995366,0.013748518078117394,3.0
0.5598736411460477,-0.6925158221991258,-1.4782943029944415,-0.015650718976477674,1.0
0.5598736413472334,-0.6925186045468393,-1.4843175717170638,-0.032124866655088,1.0
0.6271579196148229,1.6078108837940095,0.16225039858733364,0.020247387308401022,3.0
0.5435648550989118,-0.9671905676194206,1.3219823988735102,-0.024425091688468823,0.0
0.5435648545423647,-0.9671901239938747,1.3264633205312673,0.05639598044028383,0.0
0.5598736415882668,-0.6925155263368582,-1.486318709786468,0.036169600550587655,1.0
-1.731788181432703,0.05404740235208857,-0.0022806668579454744,-0.027377045113174157,2.0
0.6271579196544645,1.6078100576617471,0.1579054868984157,0.047184939392176634,3.0
0.5435648543403865,-0.9671903592319784,1.3294042545455607,0.04445238655217962,0.0
0.5435648546254881,-0.9671904294838259,1.33211152116647,0.0007902266845360519,0.0
-1.7317881813020473,0.05405059856155501,-0.0040053855741701335,-0.03760602448811802,2.0
0.627157920117051,1.6078116023675406,0.1615714789705334,0.023682829724761434,3.0
-1.7317881813999885,0.054048862839052275,-0.003668165045732917,-0.06024942956160755,2.0
0.6271579200015223,1.6078139889524423,0.16297613911018288,-0.006257682464521816,3.0
0.6271579203966919,1.607815150098408,0.16271092315618732,-0.01946873668201004,3.0
0.5598736413782777,-0.6925156684927382,-1.4758872607800229,-0.0005357403328159096,1.0
0.559873641890915,-0.6925164399319,-1.476943229844692,-0.08907968705794259,1.0
0.5598736412950857,-0.6925151005751975,-1.477893141296903,-0.01868074752164549,1.0
0.5598736418544829,-0.6925166415305233,-1.4743257714385223,-0.05094038789709064,1.0
0.5435648549429953,-0.9671911700002529,1.3316777327288172,0.026240561771657147,0.0
0.5435648536600538,-0.9671917300583667,1.3374407443387761,-0.011694998632443117,0.0
0.543564855171344,-0.9671903083859311,1.3326363762896878,0.004155730621106014,0.0
0.5435648545020926,-0.9671874733534754,1.3316367316269444,0.07046617225586606,0.0
0.5435648544789599,-0.967192025125902,1.3346293080764609,0.08925311632994493,0.0
0.6271579203237068,1.6078088980448555,0.16357084533689709,-0.0524470131505278,3.0
-1.7317881808996856,0.05405002614725869,-0.0018264102539517443,0.03219429363213557,2.0
0.5598736418738193,-0.6925124117752544,-1.4757220547942616,-0.006238245468169044,1.0
0.5598736412027641,-0.69251779346839,-1.4831554518241077,0.011256162003986676,1.0
0.6271579197724291,1.6078079459548642,0.16242586882532137,-0.034673114047074495,3.0
-1.7317881819748089,0.05405079873992915,-0.004622972341960247,0.03084594109598755,2.0
0.5598736414559833,-0.6925168296559899,-1.4763883817535632,-0.05114165437528278,1.0
0.5435648542265039,-0.9671920773979104,1.3339450186565978,-0.01804075830873944,0.0
-1.7317881817065515,0.05405180299024385,-0.00861958071182323,0.014133719942889927,2.0
0.5598736412681017,-0.6925155486067799,-1.4725427911241022,0.004429063792959836,1.0
0.6271579200595877,1.6078104458195404,0.15888765669780902,0.017356549412090732,3.0
-1.7317881804644173,0.05405090179044473,-0.008737839299180563,-0.012375644912726861,2.0
0.5598736413668144,-0.692515430970687,-1.4820410882588644,-0.0226306947279663,1.0
-1.7317881812694562,0.0540479191833583,-0.012801414515773392,0.02878737092099279,2.0
0.5598736415076369,-0.6925146725863852,-1.479735481284875,0.00952199600095507,1.0
0.5435648547000639,-0.9671870322408572,1.3310155952122769,0.00029008378078583,0.0
-1.731788181639675,0.054050216703095705,0.0016209993735260648,0.016259552622177136,2.0
0.5598736417150806,-0.6925158118949852,-1.4814260943467443,-0.01916565272424734,1.0
-1.7317881809926001,0.054052315052420065,-0.006308666409860261,-0.022463088943800624,2.0
-1.7317881821101857,0.05404998303477002,-0.004382356799066205,0.04487752843450432,2.0
-1.7317881810000169,0.05404697926909014,-0.003777005350156071,-0.00941065857125957,2.0
-1.7317881820552725,0.054050164272018635,-0.007141940774043826,0.03357173705566372,2.0
0.6271579199768204,1.6078127644561355,0.15821048011016803,0.01372641048746681,3.0
0.5598736418723551,-0.6925150561813737,-1.4805346227360014,0.012565340151010622,1.0
0.5598736413518725,-0.6925156984581543,-1.4790703143446378,-0.03486228963185696,1.0
-1.73178818187191,0.05404967247142218,-0.0016469437782944672,-0.021748315164645794,2.0
0.5435648547044573,-0.9671895804251244,1.335391634006362,-0.005011080922610033,0.0
0.5598736411621523,-0.692515716331816,-1.4714912294679985,-0.033653690683370166,1.0
0.6271579194551419,1.6078130953888523,0.1606142326823718,-0.03616269876471445,3.0
0.6271579202519196,1.6078122249601399,0.1622891279025,0.008406756442264254,3.0
-1.73178818152718,0.05405192299850268,-0.003930731003657524,0.028932708989982514,2.0
-1.7317881818952934,0.05405109419096847,-0.0032644611329770983,-0.03495251764785869,2.0
0.6271579199887988,1.6078118984093894,0.16486845766812058,0.011790466999483917,3.0
0.6271579192471518,1.6078105219766898,0.163833346369048,-0.018763228636446284,3.0
0.5435648543742021,-0.9671910995716656,1.3312164009702219,0.026598998663969416,0.0
0.5598736410702847,-0.6925164528605438,-1.476810993728941,-0.005434494846151967,1.0
0.5435648549264042,-0.9671846874633634,1.328955130638048,-0.02162333134239597,0.0
0.5598736413286957,-0.6925139850586834,-1.4810597086941344,0.02579248974030029,1.0
0.5435648541315344,-0.967190214550398,1.3352434914446836,0.009776056205427265,0.0
0.6271579199604658,1.6078103199886382,0.1570516153710055,0.07027147419928717,3.0
0.5435648552656555,-0.967189510241359,1.3322027587559215,0.009462478074665437,0.0
0.62715791967279,1.6078126043499956,0.15862150714687606,0.005574787876084299,3.0
-1.7317881811232143,0.054051418183472984,-0.0004612501547339853,0.011736303020575798,2.0
0.559873641003507,-0.6925160367359666,-1.4806113708695516,-0.024055908323000853,1.0
0.5598736417832267,-0.6925171458696016,-1.4740862706113416,0.0038137922360662524,1.0
0.5435648548055432,-0.9671889361093114,1.3313484258884183,-0.019121570537507165,0.0
0.5598736413830382,-0.6925183199064388,-1.4734925194704895,0.01690900269069796,1.0
0.559873640765557,-0.6925140757212783,-1.476535218284877,-0.060238398608564885,1.0
0.559873641273879,-0.6925185018982933,-1.4755576363378882,0.0023677795389554545,1.0
0.559873641119145,-0.6925167942598359,-1.4811182071145463,-0.0310202576085656,1.0
0.6271579189925326,1.607811990774568,0.15832133992219116,-0.018528702311355484,3.0
0.5435648546337564,-0.9671900950209872,1.3291925402454088,0.003192033189887562,0.0
0.6271579200030719,1.607812418249185,0.15449945724281602,0.08912049871245122,3.0
0.6271579195583,1.6078125622578043,0.1662197238748119,-0.04240711785841892,3.0
0.5598736415386356,-0.6925165508068603,-1.473289009802983,0.01742510800385637,1.0
-1.731788182287738,0.05404854796359566,-0.0023693367629832756,0.012002498213592639,2.0
0.5435648549704719,-0.9671906945490563,1.3318758323900028,0.03530849032020961,0.0
-1.7317881816456457,0.054051989773357456,-0.005072233049531737,-0.03958199994592783,2.0
0.5435648549099632,-0.9671866702468976,1.3346037702782811,0.02261696865611242,0.0
0.5598736414510295,-0.6925172997304763,-1.4771994913916409,0.041863830882122324,1.0
0.6271579198191523,1.607807996841138,0.15643292519585553,-0.015537143878486398,3.0
0.55987364143096,-0.692515715487445,-1.475709434732721,0.02416681345435435,1.0
0.5435648548702784,-0.9671895480280834,1.3333873931118791,0.006111473569350754,0.0
-1.7317881816247387,0.05404840952284353,-0.005953456625594967,0.007043410239336818,2.0
0.5598736412274046,-0.6925141765697369,-1.4821782029771164,0.026818389740288856,1.0
-1.7317881820849303,0.05404978610883614,-0.008805852538819594,-0.05883051936867421,2.0
0.5598736416616071,-0.6925146116693884,-1.4797442816876016,0.03373715863044724,1.0
-1.7317881813728864,0.05405142270716905,-0.007234923202321643,0.044029529256566696,2.0
0.5435648546721811,-0.9671884322513893,1.3395201002663917,-0.031258384918459885,0.0
-1.731788181887855,0.05405265753792998,-0.005159196443267802,-0.029209815984179405,2.0
-1.7317881810607045,0.054051686299161364,-0.002023384940100855,-0.06126587291543479,2.0
0.5598736420711637,-0.6925159306455775,-1.4761376954639072,-0.02859845266391549,1.0
0.6271579194692833,1.6078116493756722,0.16080359624672153,-0.032578476395084884,3.0
-1.7317881820361123,0.05404882891130297,-0.00866513036833254,0.031937170282958026,2.0
-1.7317881811526088,0.05405023449367802,-0.0005153380271603764,0.0682513257120318,2.0
0.6271579197636742,1.6078100826314008,0.16341574933837835,0.0573198401765271,3.0
-1.731788181617156,0.0540519432363522,-0.0030472312461521252,0.013128957811337577,2.0
0.5598736418488791,-0.6925189929696293,-1.473213725477301,-0.013736758850433298,1.0
0.5598736418696884,-0.6925158453296936,-1.48286033016428,0.033618268675590535,1.0
0.6271579196871117,1.6078139065790888,0.15711753213975338,-0.04371683444496431,3.0
0.6271579193009882,1.6078106918293635,0.1640904460010381,0.002336128200423171,3.0
0.5435648549809398,-0.9671923657889192,1.3328842565245385,0.01923481669434886,0.0
0.5598736413325788,-0.6925147914449856,-1.482646935405721,0.0006118924934712561,1.0
0.6271579203770096,1.607809048571532,0.15694809048916278,0.003997783615240764,3.0
-1.731788181424041,0.054048878336140804,-0.000761023620200378,-0.03043671418576726,2.0
0.5598736415758099,-0.6925159318884058,-1.4787705819113832,0.006053257448589661,1.0
0.6271579195595671,1.6078126526670677,0.1561303275923965,0.032709153186607345,3.0
0.5598736416863429,-0.6925175543449389,-1.4732134929136316,-0.0006141154057112919,1.0
0.6271579198420748,1.6078130190912563,0.1589207390588631,0.02759239556128017,3.0
0.6271579197201614,1.6078080586236008,0.16478501618875305,0.0174005795613722,3.0
0.5435648544466574,-0.9671894898799386,1.3330192983684739,-0.06732750042656704,0.0
0.5598736413105362,-0.6925137599865355,-1.4807805433321108,-0.0029219424340177604,1.0
-1.7317881818428793,0.054050915003150214,-0.006181702656280555,-0.029879058856362176,2.0
0.5598736414531599,-0.6925179021423298,-1.481199826349206,0.03227612323149392,1.0
0.6271579198396446,1.6078116700374787,0.16066827471399928,-0.009922918838045771,3.0
0.5435648550638006,-0.9671884990788512,1.3357601237494192,-0.020068848090557943,0.0
0.5435648554217195,-0.9671908769003316,1.3302258320600149,0.04070837144817698,0.0
0.6271579193472433,1.6078113499118805,0.16266145727047862,0.03425421222513013,3.0
-1.7317881809964983,0.05405199572031639,-0.01092798799608808,0.07080111733794635,2.0
0.5598736420555076,-0.6925166558875043,-1.4774286889414852,-0.006556045958734016,1.0
0.5598736409668835,-0.6925162866656503,-1.4900289800943685,-0.05116686529543088,1.0
-1.7317881812371458,0.05405215362555832,-0.01004595850502007,0.04263513147992391,2.0
-1.731788181236675,0.05404781828128285,0.0024549898399393866,-0.00835107522827524,2.0
-1.7317881817322824,0.05404812438221246,-0.006371605135537998,0.01507893449734895,2.0
0.6271579202416238,1.6078115749275057,0.16150915141970246,0.03488790461080296,3.0
0.6271579198016658,1.6078105709059818,0.15871297781082952,-0.007307824029964649,3.0
0.5598736414418362,-0.6925157719091604,-1.4793826525665155,-0.0060189533282409115,1.0
0.6271579198007126,1.6078117484819316,0.17036908770195966,-0.03505882997276578,3.0
-1.7317881816283132,0.054050945695308134,0.0009986185947495198,0.0021645846236992214,2.0
0.5598736413171373,-0.6925134898742852,-1.473736680545504,0.015979561218715868,1.0
-1.7317881815398664,0.05404939491552582,0.0025870653294323407,0.007856805363071,2.0
-1.731788181801019,0.05405046552328009,-0.011218599524130466,0.040554337894973695,2.0
-1.7317881815488831,0.05404968955929645,0.0023558658522284674,0.041832399166363665,2.0
0.5435648540569537,-0.9671906842108347,1.3341188085573263,0.022641848745430543,0.0
0.5598736418736875,-0.6925174961689394,-1.4798677633296797,0.046116800005067106,1.0
0.5598736412079444,-0.692515923092336,-1.479577066510678,0.039584388789730494,1.0
0.6271579197273581,1.6078108622618805,0.15908881669600206,0.0163260666571946,3.0
-1.7317881820082597,0.05405156334362798,-0.005158860386202408,0.005801442159420217,2.0
0.5435648549152972,-0.9671879297793533,1.3318612063786475,-0.01841858585995744,0.0
0.5598736414675499,-0.6925170731639971,-1.476003458354415,0.06888760455796746,1.0
-1.7317881819197494,0.054048461890006665,-0.007199984392508706,-0.004112331643271042,2.0
-1.7317881812807914,0.05405167077217047,-0.004110386919544969,0.04230182751510306,2.0
-1.731788181053041,0.05404895657711329,-0.0054480797646949295,0.015583429498359445,2.0
0.6271579202498793,1.6078102381231083,0.16354580741102231,0.02462336145709116,3.0
0.543564854829156,-0.967188256888018,1.3313002342089748,0.01847994733811373,0.0
0.6271579202211427,1.6078109817264614,0.16522790690512862,-0.01837554904737667,3.0
0.6271579201765305,1.6078098939210195,0.16224133319651154,-0.05652041165456108,3.0
0.5598736418312228,-0.6925143565397951,-1.476565946048968,-0.02161713382142574,1.0
0.6271579200529789,1.6078102221107469,0.16024084861361884,-0.03422411735672668,3.0
-1.731788181458528,0.054048391190834634,-0.001319488340390874,-0.01826156187925123,2.0
0.6271579202533305,1.607812036671382,0.1595344828590318,0.017364345073982032,3.0
0.5435648555622842,-0.9671886930512973,1.337570598779878,-0.002479312538025519,0.0
0.5598736412313585,-0.6925194302706605,-1.479039747187492,-0.029244526149653612,1.0
0.5598736411842694,-0.6925164958775359,-1.4746517480798467,-0.06987420309564418,1.0
0.5598736411877098,-0.6925171108802025,-1.4744664249169925,-0.05073997743038668,1.0
0.6271579187867696,1.607807200700868,0.16327443031518454,0.04472325386226131,3.0
-1.7317881818202052,0.0540504293770382,-0.004436751067151323,0.010110399825359686,2.0
-1.731788181859888,0.05405042083570933,-0.008911800019721463,0.01073616282080281,2.0
0.5435648544067985,-0.9671893733520761,1.3342402216145504,0.042905551034655175,0.0
-1.7317881807704993,0.05405334793345198,-0.004246354050218401,0.049610304239543934,2.0
0.6271579203390493,1.607814190964393,0.15754545803082362,0.012003931094012503,3.0
-1.7317881809992481,0.0540508249480856,-0.008244443640879343,0.013949087739215198,2.0
0.5435648546860046,-0.9671902611339904,1.3326323366682358,-0.03534088735797723,0.0
0.5435648545301665,-0.9671880301776947,1.3331072000098,0.09559216500691785,0.0
0.5598736419173687,-0.6925162600624865,-1.475845577357319,-0.02168961347108373,1.0
0.6271579200165937,1.607808570598718,0.16071733896402232,-0.04955606690199256,3.0
0.5435648541169079,-0.967188093975186,1.333380596564335,0.02598883497527822,0.0
0.6271579197091132,1.607811041131814,0.16097293890884626,-0.06029411120579052,3.0
-1.731788181173632,0.05404972819725407,-0.005781783933411911,0.007531596309870809,2.0
0.543564854364551,-0.9671886709331763,1.3360137242227972,-0.03446989602654257,0.0
0.5435648549319038,-0.9671913585189827,1.3302471899866755,0.05548691931648854,0.0
0.5435648545274163,-0.9671877864659422,1.3287400790468653,-0.027594650849531454,0.0
-1.731788181459856,0.054051591346973904,0.00331904652805654,-0.028872556536415548,2.0
-1.731788181523624,0.054048989761046044,-0.0036868969400106096,-0.026458614126945796,2.0
0.6271579196154926,1.607813350762178,0.1597253222978678,0.06148431978427721,3.0
0.5435648547641385,-0.9671893166954632,1.3298781241918751,0.007242179324659938,0.0
-1.7317881809074358,0.054051925323545656,-0.0073006390362711756,0.04211214910738935,2.0
0.6271579206733645,1.6078118004170554,0.15814974746987184,-0.03316722501569488,3.0
-1.7317881816841991,0.05405199752494124,-0.005156041336705423,-0.07236746694962029,2.0
0.5435648547773825,-0.9671901425815098,1.3378620810075799,-0.07232288090311434,0.0
-1.7317881819768173,0.05404851185368663,-0.010899198557506899,-0.019666461588109554,2.0
0.5435648552399697,-0.9671916994456838,1.3366324487724583,-0.010612167991337915,0.0
-1.7317881804975035,0.05405261993116009,-0.0015594763901019917,0.03557105816416842,2.0
0.5435648544572083,-0.9671901132280853,1.3336745672942363,0.038468131936134776,0.0
0.6271579198055965,1.607813293958077,0.16337965733066606,0.027152943444133514,3.0
0.5598736413742931,-0.6925155541123245,-1.4777593917935268,0.02981716653890441,1.0
0.5435648545129566,-0.9671866732331386,1.3366404009208295,-0.036611151630504185,0.0
0.5435648544495805,-0.9671889187322088,1.338133146855485,0.09674225332036189,0.0
0.6271579203027574,1.607812551821344,0.15954291510177143,-0.01975465701104893,3.0
-1.7317881811720217,0.054052590683118504,-0.005206330414522188,0.033253664240015496,2.0
0.6271579200994915,1.60781418136475,0.15938856930638767,-0.07823938939963074,3.0
-1.7317881817784753,0.05404883350021519,-0.007723219241072155,0.03083248211823493,2.0
0.5598736412020557,-0.692515730144526,-1.475011635979264,-0.04081259569624617,1.0
-1.7317881816249243,0.05405107851307347,0.0009732551338607278,0.006581330279316102,2.0
0.5598736409663126,-0.6925154922619675,-1.4764014001034818,0.0183769272284681,1.0
0.6271579196219013,1.6078109511133913,0.16148045996629976,0.010850720728338911,3.0
-1.7317881817440823,0.05405314350687591,-0.007398615312915831,-0.031043798878695336,2.0
0.5598736417147485,-0.6925148844808272,-1.4723202942051532,-0.04381274098714789,1.0
-1.7317881817605763,0.05404927007532967,-0.004782953978619075,-0.0034825314121397235,2.0
-1.731788182034867,0.05405095800289097,-0.006391904743713685,0.028030971777557416,2.0
0.6271579198487598,1.6078142634295616,0.16450167772363353,0.018475910301151834,3.0
0.5598736411276412,-0.6925189598861369,-1.4794470586006319,0.03681973686823504,1.0
0.6271579197571818,1.6078105533964104,0.16112825981081852,-0.020081373417062374,3.0
-1.7317881819386536,0.05405058602904721,-0.010215927014769059,0.0004154393601667365,2.0
-1.7317881812411071,0.05404922451485869,-0.00771496456011936,0.01117628140414238,2.0
0.6271579197919528,1.6078118728487312,0.15911841073136132,-0.030796525030200365,3.0
0.5598736412464828,-0.6925148995153024,-1.478251861415919,-0.030895508687883898,1.0
-1.7317881814305485,0.054051869785596514,-0.007402254815660333,0.060356842981273834,2.0
-1.7317881820211312,0.054050229933334144,-0.00875637098592928,-0.04056646797402988,2.0
0.6271579196868462,1.6078129670809087,0.1707701121672738,0.0337598811166007,3.0
0.5598736407393544,-0.6925142950897709,-1.4797963548398618,-0.01760016139948091,1.0
0.5598736414777861,-0.6925168756129251,-1.474081168619389,-0.027256755469633454,1.0
0.5435648545192396,-0.9671908972975944,1.3304933773959293,0.04566077994358419,0.0
0.6271579196316661,1.607809914541507,0.15666825551487007,-0.041801988223587015,3.0
-1.7317881811838578,0.05405308518336894,-0.00196966529496647,-0.0427319730921689,2.0
0.5435648546959057,-0.9671932200865619,1.332214743380829,-0.03339859180689183,0.0
0.6271579204911025,1.6078115596427565,0.15497371971026017,0.01836060623167731,3.0
0.5435648548612535,-0.9671885337228079,1.3328975075875957,-0.01876001358823325,0.0
0.627157919521312,1.6078099113312392,0.16158349196198868,0.06673634949601831,3.0
0.559873641601153,-0.6925171454748004,-1.476373185118181,0.008490067505604776,1.0
-1.7317881817532776,0.05404803131285601,-0.007940062028886825,-0.013994102120995335,2.0
0.5598736419707273,-0.6925149289799212,-1.4839087508446538,-0.007944956801284384,1.0
0.6271579199490769,1.607809808921674,0.15311615612295917,0.007969845011503418,3.0
0.55987364093787,-0.6925171179738673,-1.4757247330224015,-0.00047496331246122455,1.0
0.6271579194656784,1.6078108242527664,0.16179473278006493,-0.0061603659455411455,3.0
0.6271579195285163,1.6078135890816294,0.1656352003495674,-0.02278382390027841,3.0
0.5435648549539903,-0.9671895993113278,1.3332911016244389,0.07375106760613183,0.0
0.5435648552157962,-0.9671887141964964,1.3387536166345149,-0.0061609076916258184,0.0
0.6271579191407355,1.6078141664901198,0.16218505433975167,-0.04014651410898194,3.0
0.5435648550051132,-0.9671899301186161,1.3315591595393166,-0.025850288559665566,0.0
0.6271579198705296,1.607811219017071,0.15538244594685632,-0.03772628125956264,3.0
0.5435648543799074,-0.967189989161156,1.3293382754532028,-0.021046798853847956,0.0
0.5435648546010547,-0.9671898400940041,1.3310806090279452,0.03820998002804971,0.0
0.5435648551476416,-0.9671872457113813,1.3371913070862615,-0.004940507714720287,0.0
0.5435648549725444,-0.9671903710331812,1.3337521350427184,0.002752458687626072,0.0
-1.7317881819703493,0.05405177113043223,0.0005313631183362173,-0.028911306899535666,2.0
-1.7317881811130547,0.05404936257234294,-0.004931267265596236,0.027871878530238973,2.0
0.543564854980725,-0.9671888393589738,1.3262825432676544,-0.010647773702980682,0.0
0.5598736414695118,-0.6925178831931289,-1.4737259593741645,0.02192518471755882,1.0
0.6271579201223315,1.607812057653073,0.16619859185898353,-0.03975833366356969,3.0
0.6271579202920964,1.6078099081111021,0.1597977462456452,0.029803256082732432,3.0
0.559873641191476,-0.6925164118323884,-1.4793670593845805,-0.03452924470269919,1.0
0.5598736413757335,-0.6925154653656161,-1.4787520850724227,-0.0108241733520846,1.0
0.5435648547570743,-0.9671907594372212,1.333868329727348,-0.004544091889072432,0.0
0.5435648551477782,-0.9671882699810591,1.3377198498470337,0.01701583630713587,0.0
0.5435648547436958,-0.9671876298792644,1.3325609558596885,0.018610182031332804,0.0
-1.731788180407496,0.05405065397363684,-0.0040476872791316955,0.015562012332357366,2.0
0.6271579197020332,1.6078120043559148,0.1666378268485511,0.06296485009224502,3.0
0.5435648548577339,-0.9671897275866507,1.3338226451083048,0.08375384596140772,0.0
0.6271579195378487,1.6078114455482297,0.16621117370529542,-0.011985313052136464,3.0
0.559873641472683,-0.692513876123643,-1.4835175962663079,-0.036060954951877514,1.0
0.6271579197488708,1.6078152766859406,0.16535765721733758,0.01827113489682456,3.0
0.5435648549911976,-0.9671873082331217,1.3317319821477274,0.040309836454087984,0.0
0.543564855095985,-0.9671880051603349,1.3316873866476608,-0.03697835104899885,0.0
0.5598736410951226,-0.6925158238950193,-1.4782563637323902,-0.023705754548999255,1.0
0.5435648543691197,-0.9671871451191785,1.3334932837308184,0.02534738938363877,0.0
0.5598736417340731,-0.6925139661953009,-1.4774507991282813,-0.015056830880871602,1.0
0.5598736415159395,-0.6925161747723995,-1.482886179431741,-0.02856022375480196,1.0
0.6271579193506367,1.6078103610039352,0.1631247789510295,-0.028492300968239383,3.0
0.6271579199144595,1.6078108144153658,0.1590858198779857,0.07515024087803138,3.0
0.5435648549461135,-0.9671921176804227,1.3296571373815593,-0.01177284390507258,0.0
0.559873641553934,-0.6925146679352047,-1.4857840682694325,0.00238575138808791,1.0
0.5435648548615392,-0.9671913002725193,1.3402529527537665,-0.009186755044641984,0.0
0.6271579195476699,1.6078099080073665,0.15341642587513393,0.025751293035752378,3.0
0.5435648550874308,-0.9671892746723604,1.333947355583282,0.06034697130590185,0.0
0.62715792008302,1.607813803574971,0.15802375643619343,-0.0009803364940735974,3.0
0.6271579197612106,1.6078127545083931,0.16110220772529152,-0.05456975722614015,3.0
0.6271579201353872,1.607807975813871,0.15911754072985684,-0.004821481132553963,3.0
0.6271579196606396,1.6078104920254905,0.15441483522633417,-0.005527706612141186,3.0
0.5435648546398215,-0.9671883233579699,1.3250595866101524,0.0017753035453193108,0.0
-1.7317881817658407,0.054048908558344745,-0.0036816899248972488,0.0005704616344131927,2.0
0.5435648545630768,-0.9671909973412693,1.3254278420214194,-0.0006171785411068144,0.0
0.5598736420437246,-0.6925183008452198,-1.4796824532156807,0.010631932691043372,1.0
-1.7317881812327411,0.054051497728667915,-0.012261872893762316,-0.005527204316626978,2.0
0.5598736419091894,-0.6925158577478725,-1.4879430397371156,-0.030454791071724906,1.0
0.5435648546840565,-0.9671921133037195,1.330799637236267,0.06353055382416611,0.0
-1.7317881815991554,0.05404935798706957,-0.002951994709700105,0.040450597292624575,2.0
0.6271579202904733,1.6078108990386,0.15686290117957294,0.034968963424523186,3.0
0.5435648550899651,-0.9671904730703967,1.329180713459532,0.023289507309590205,0.0
-1.7317881808768325,0.054052470801275294,-0.0045169323302296565,-0.008596784541815236,2.0
-1.7317881811455216,0.054049927960810526,-0.0030110381985230237,-0.02574625813222547,2.0
0.5598736414743115,-0.6925182959754971,-1.4801885434425515,0.037107324489630784,1.0
0.5598736407813049,-0.6925177179852259,-1.4752297909931784,0.011468984676162843,1.0
-1.7317881807785303,0.05404990137194095,-0.0016812532112246397,-0.020848440310007845,2.0
0.5435648548557882,-0.9671912921590979,1.3382484919093678,0.05267032573373811,0.0
0.5598736405265184,-0.6925164103710174,-1.478036507606686,0.011011686161231968,1.0
0.5435648547162908,-0.9671892489877921,1.3357414422470304,-0.02400217816116046,0.0
0.5598736418015203,-0.6925165128145706,-1.482041147567401,-0.0849742012511407,1.0
0.5598736417189721,-0.6925163956946693,-1.478444611379548,0.029240523090915318,1.0
0.5598736416161214,-0.6925147985299983,-1.4816498087659065,0.002846821295113828,1.0
-1.731788181961606,0.054052898094803646,-0.006938710052675863,0.04821896577338904,2.0
0.5598736417341104,-0.6925157873926407,-1.4837517773542512,0.03222956765235952,1.0
0.5598736421082887,-0.6925165453479487,-1.4822911427220753,0.020553649693794983,1.0
0.543564854623402,-0.9671898921709758,1.333981380817205,0.05575787257423613,0.0
0.5435648537756691,-0.9671886563516126,1.334557477307445,0.043492261300095536,0.0
-1.731788181186821,0.05405144316749148,-0.002745117901076996,-0.03328939321885528,2.0
0.6271579208195254,1.607811051907267,0.16256676661103986,-0.010849121819071028,3.0
0.5435648542361305,-0.9671888540699555,1.3394839222214794,0.038848462116035626,0.0
0.6271579202524575,1.6078135302356324,0.16381508623972196,0.0333042295746261,3.0
0.5598736414529186,-0.6925163558383978,-1.4809337443330577,0.02674241385053552,1.0
0.5598736416762488,-0.6925173121520383,-1.483163844498742,-0.046451084222874646,1.0
0.5598736415697698,-0.692516682681638,-1.4735424942642443,-0.05657073300026458,1.0
0.6271579200303324,1.6078104273362717,0.15695787797843658,0.010659938769077427,3.0
0.6271579199561266,1.6078116737014947,0.16007475530714643,-0.03095778546174814,3.0
0.5435648551527507,-0.9671873865628939,1.3377054615339437,-0.03128439476083515,0.0
0.6271579197332121,1.6078092641976982,0.15652179940009667,0.019558198639305878,3.0
0.6271579200931727,1.6078123871575487,0.1592920415901991,0.05721167949142043,3.0
-1.7317881817931784,0.05404752338009666,-0.0018191247059830384,-0.029106508104035197,2.0
0.5598736410764508,-0.6925163011045952,-1.4766089029650344,-0.004408636669669112,1.0
0.6271579198027531,1.6078120520192212,0.1610038223103963,-0.006731991484360777,3.0
0.5598736409733008,-0.6925140109526898,-1.4784495308549626,0.04006704698478303,1.0
-1.7317881812253373,0.05404933093696565,-0.0046912943255935455,-0.01790716695144428,2.0
0.6271579193307735,1.6078112877816402,0.16420896033874882,-0.06398647509717148,3.0
0.5598736412800109,-0.6925136657553411,-1.4807751804312854,0.05793908748169837,1.0
0.627157919798034,1.6078145784840119,0.15493432996311382,-0.0033929402039314235,3.0
0.6271579194070187,1.607811847688419,0.15486312731673804,0.03960907414715746,3.0
0.5598736416445038,-0.6925166626313274,-1.4818594195813861,-0.050681041207236224,1.0
0.6271579202098287,1.607812953807823,0.15994967108181365,0.01339863300717402,3.0
-1.7317881822239403,0.05404902501166376,-0.004053109178611096,0.04640014288152906,2.0
-1.7317881810065645,0.05404988523429873,-0.006632583111985861,0.02006864479928306,2.0
0.5598736413415787,-0.6925179836778322,-1.4798020664973117,-0.09555244639465575,1.0
0.5435648544907337,-0.9671889875751593,1.3302043419866207,-0.02271547686567539,0.0
0.5435648547089574,-0.9671912841200648,1.3309346436688372,-0.0067365502642922435,0.0
0.627157919262699,1.6078124461068284,0.16596281774047159,-0.03562259821551086,3.0
-1.7317881822941352,0.054049093644575504,-0.0017772417501250681,-0.015690447079400503,2.0
0.5435648551613835,-0.9671895135000154,1.3284373148102717,0.03736174211101028,0.0
0.5435648546938607,-0.9671897548256215,1.3357531942691112,0.01650701902344721,0.0
-1.7317881814112845,0.0540500244476688,-0.0035941555534240743,0.02098965698299448,2.0
-1.7317881808723308,0.05405280503409329,-0.008492616316759138,-0.07026394030825477,2.0
-1.731788181591953,0.05405167960138825,-0.0028433206967368153,0.05235814241757138,2.0
-1.7317881820705316,0.05405071324380836,-0.0038655049994173523,-0.01593442908100493,2.0
-1.73178818103434,0.054048691200233714,-0.006833288206851283,-0.011602930058167423,2.0
-1.7317881814627196,0.05405338072041748,0.007623286159219026,-0.01071806939516182,2.0
0.6271579195704882,1.6078128440249617,0.16285543410483408,-0.03550209947671953,3.0
0.6271579199645811,1.6078108152376978,0.1682807073923567,0.04241263471311912,3.0
-1.7317881817500416,0.05405330713886448,0.0015400930883416317,-0.027406805903627932,2.0
0.6271579197031122,1.6078135627402792,0.1639864371524449,0.07304045960118126,3.0
0.5598736416096554,-0.6925149042580491,-1.470660470910849,-0.0421943605685299,1.0
-1.7317881812132903,0.05405278037127069,-0.004474681421385072,-0.04222194782359864,2.0
0.6271579200519751,1.6078108108162266,0.16112049944729454,-0.02450005585196039,3.0
0.6271579194414458,1.6078127367923276,0.1659146373874317,-0.032970889540307045,3.0
0.6271579198756949,1.6078103189511095,0.16386706985597396,0.0038019661885456885,3.0
0.6271579205221595,1.607814093479883,0.16224922985667084,-0.002923179843676335,3.0
0.5598736418687806,-0.6925203612357508,-1.4812100712177632,0.045134297155744706,1.0
-1.7317881811827252,0.05404907521376559,-0.0055329285013767295,-0.04470101186685714,2.0
0.5435648548006399,-0.9671906742336046,1.3337412508569366,0.030070638361734875,0.0
0.6271579202529741,1.6078119412154193,0.16207928008841255,-0.008483531821490493,3.0
0.627157919540122,1.6078124289566753,0.15681796319553135,-0.0008473076831763735,3.0
0.6271579194360387,1.6078100282957046,0.16149703676875574,0.025763033305994065,3.0
0.5435648548998123,-0.967189909747301,1.3292017875994226,0.11450021510909335,0.0
0.5435648545202533,-0.9671924309194888,1.331258131680994,0.013324569665445768,0.0
-1.7317881810904487,0.05404692355645728,-0.009764485765721274,-0.06186568564121452,2.0
0.6271579202275837,1.6078115411060514,0.1667739932886597,-0.0566195605172784,3.0
-1.731788181372456,0.054049589346313626,-0.012611650970952598,-0.03497090744898008,2.0
0.6271579198167467,1.607810514556252,0.161026246489275,0.011410813858757552,3.0
-1.7317881823909722,0.05405070701787337,-0.008314589664850618,-0.04778818609332004,2.0
-1.7317881816064824,0.054047978556798014,-0.004834497691989369,0.05786521415984824,2.0
-1.7317881816275578,0.054052218022243234,-0.008699718170838996,-0.019075671877066703,2.0
0.5598736418475894,-0.6925152708376525,-1.480127313061421,0.012785076371321456,1.0
0.6271579204797884,1.6078082424395015,0.15846611712169006,-0.014307273897746296,3.0
0.5598736413838022,-0.6925145573543474,-1.4825029041861852,-0.049126316208906666,1.0
0.5435648548879752,-0.9671889822203773,1.331401301169115,-0.014924667375260152,0.0
0.5435648548170398,-0.9671877445367445,1.339267529418448,-0.012071813421482521,0.0
0.6271579205529301,1.607812431444062,0.16497144866281438,0.024321005668150326,3.0
-1.7317881811652,0.054048373809356766,-0.0079211149689557,0.044467157398803685,2.0
0.5598736412227264,-0.6925183162248548,-1.485892454246345,-0.06964779380700699,1.0
0.5598736413710214,-0.6925185674869941,-1.4797078901654326,-0.01729702158292658,1.0
0.559873641438149,-0.6925134289831152,-1.4790437765999973,0.04643865732950754,1.0
0.6271579196592926,1.6078121510131134,0.16398154448704885,-0.02132547640619189,3.0
0.6271579194544893,1.6078084093575873,0.1548576263261014,-0.04170613364010562,3.0
0.6271579195742385,1.6078140043365121,0.1601042779303286,0.03651847654921656,3.0
0.627157920192835,1.6078145664226726,0.16296454299771235,-0.02344379170788827,3.0
0.5435648549068045,-0.9671917800406041,1.3316001929028718,-0.008344680829374257,0.0
0.5435648548336925,-0.9671916557129795,1.3295957080547474,0.03149566053205781,0.0
0.5598736412292707,-0.6925141397620244,-1.484523113380638,-0.0329772028394641,1.0
0.5435648546254612,-0.9671890081401842,1.3299843262880136,0.06339220229475506,0.0
0.5598736411324405,-0.6925140582038201,-1.4862766674682164,0.011730357088383886,1.0
0.6271579200484835,1.6078111839097944,0.15979856836107612,0.001241587998768838,3.0
0.5435648544477986,-0.9671898889417104,1.3304465305025774,-0.002972906225404968,0.0
0.5598736417784002,-0.692515106397108,-1.4774251120779132,-0.029157503661598687,1.0
0.559873641396248,-0.6925159047522851,-1.4786235654341129,0.01826530689223946,1.0
0.5435648547110206,-0.9671889542334217,1.335547010083447,-0.03261422207756109,0.0
0.5598736408472271,-0.6925160104736052,-1.4806316091780933,-0.049962488781920306,1.0
0.5598736409536742,-0.6925152981837119,-1.4785834562793367,0.022032290754118083,1.0
0.5598736422645085,-0.6925171228935314,-1.4761360478482963,-0.0010352746994660733,1.0
-1.7317881816679341,0.054050001176052055,-0.007507628690761929,-0.0049670580570016585,2.0
0.5598736413650139,-0.692517616491668,-1.4801230552342186,-0.08034305677793702,1.0
0.627157920080695,1.6078137242259911,0.16248380730409634,0.03140396556342776,3.0
0.5435648547467229,-0.9671866800012048,1.3307315770875532,0.0011675316326743446,0.0
0.5598736416015612,-0.6925164603239118,-1.4813051958728858,0.006351049645444192,1.0
0.5435648547715568,-0.9671884128802284,1.3296563767356038,0.04533297968839336,0.0
0.5598736411790267,-0.6925158505081458,-1.474072421150567,-0.014941563220932236,1.0
-1.731788181655331,0.054048080477491926,-0.008402809316413235,-0.04152596731659298,2.0
0.5598736408919964,-0.6925142704963624,-1.472232854263952,-0.02603658595884374,1.0
0.5598736411098363,-0.6925157738454016,-1.475177510970095,0.007509557841396938,1.0
0.5598736419744239,-0.6925143031157793,-1.4789023842270963,-0.04396985665101691,1.0
0.5435648544903903,-0.9671904120269273,1.329137701678228,-0.004265188203824746,0.0
0.5598736420109716,-0.692516137075212,-1.4757762618367007,0.002389936992274574,1.0
0.5435648545812015,-0.9671936973836831,1.3351667391220317,0.030278852287312207,0.0
0.6271579198844187,1.6078100982683683,0.15745142776068574,0.06854989684483581,3.0
0.5598736409148676,-0.6925161390598494,-1.48192166623889,-0.0530909138153136,1.0
0.5435648543909033,-0.9671885976535373,1.3290401947300647,-0.032421057137161986,0.0
0.5598736411846732,-0.6925160020053983,-1.4761039970292695,0.05349265386316547,1.0
0.5435648542121867,-0.9671902404552095,1.3312802435946318,-0.02649990141695847,0.0
-1.7317881816812188,0.054050723984347404,-0.0022084166238889777,-0.06476560457763272,2.0
0.5598736413625612,-0.6925156950850455,-1.4834061224379342,0.03706003300891163,1.0
0.6271579199849874,1.6078120963102691,0.16236042266549836,0.03654730573545121,3.0
0.5435648539912941,-0.9671899794679234,1.3320076934802394,-0.03044484052281496,0.0
-1.7317881814089877,0.05404632186347295,-0.007563103833341785,0.0025490348825725766,2.0
-1.731788181189144,0.05404880244794057,-0.0005585033291435581,-0.028801477914323453,2.0
0.5598736410959001,-0.692515472765068,-1.475216903349472,-0.05984131586870199,1.0
-1.7317881813650184,0.05404911844560299,-0.00196356709960727,-0.0008105520620941071,2.0
0.6271579203674882,1.6078118655890221,0.15942822397243195,-0.012935305044017374,3.0
0.5435648545029524,-0.9671924736888341,1.3325269483109,-0.03699581419759627,0.0
-1.7317881811290141,0.05405082746764566,-0.0024401657776758744,0.02097796367287876,2.0
0.5598736408975141,-0.6925143409569033,-1.482580151067454,0.03062491871891054,1.0
0.5435648542233446,-0.967191224188432,1.3304786124622672,-0.0013725405541616725,0.0
0.6271579201674504,1.607811660101011,0.1578040498772598,-0.020899756629618328,3.0
0.5435648549134156,-0.9671918360679027,1.324407847367199,0.01971273996894698,0.0
-1.7317881812250795,0.05405024096491677,-0.003147021161507477,0.012153506361964854,2.0
-1.7317881819667307,0.05405019129054268,-0.00864972300023512,-0.024541201182969055,2.0
-1.7317881818672622,0.05404603625923489,-2.633646017444996e-05,0.03797195561038271,2.0
0.5598736417115916,-0.6925134294574451,-1.4825874294139214,0.005968687380467262,1.0
-1.731788181669163,0.05404888955597677,-0.005546457102288044,0.01632773796531057,2.0
0.6271579204376068,1.607809713043415,0.1635102557429784,0.07180769319444338,3.0
0.5435648545672577,-0.9671882197520242,1.3360586935142837,0.015304761207034234,0.0
0.5435648549213932,-0.9671892551672335,1.3329402440591176,-0.02963380212116165,0.0
0.627157919433997,1.6078156481112922,0.16389422584665073,0.04428156332539124,3.0
0.627157919498638,1.60781220574788,0.1563454019123939,0.027794601745555376,3.0
0.6271579197050569,1.6078115089518048,0.16213801099876862,0.003636086360512968,3.0
-1.7317881814945992,0.05404942844090303,0.0012099753762541325,0.06736487081328309,2.0
0.5435648549871139,-0.967188727723939,1.3323484071780711,0.04437466484370348,0.0
0.5598736413639391,-0.6925165419434229,-1.4802404615441527,-0.04535975897325546,1.0
0.6271579202336259,1.6078102543319257,0.16451135451535007,0.013634744821368103,3.0
0.6271579199023336,1.6078118880390773,0.1591334242160007,0.04875639791077925,3.0
-1.7317881811893474,0.054049792332771664,-0.0007468658277227927,0.018584935554794197,2.0
0.559873641560374,-0.6925167856280332,-1.4828069998406517,0.004809202576069519,1.0
0.5435648555273171,-0.9671918572431041,1.3369372735189076,-0.0069922763395805195,0.0
0.5435648543057048,-0.9671879417540339,1.333391548419524,0.003865376019582955,0.0
0.5435648547947464,-0.9671904818162835,1.3317309184291477,0.007300891408305871,0.0
0.5435648541684858,-0.9671882805464239,1.3338265050684623,-0.003220419425344347,0.0
0.5435648545588678,-0.9671894902890906,1.3341938766752186,0.04785091304584721,0.0
0.5598736414101776,-0.6925167429026525,-1.4704522527898471,-0.018308379825195082,1.0
-1.7317881813730664,0.05404684805846249,-0.004263392329930593,-0.027889583710931833,2.0
-1.7317881818737921,0.05404851444303569,-0.0051643894632196295,-0.03259197451071998,2.0
0.6271579199005047,1.6078118533694046,0.16225134785442583,-0.01784363850249003,3.0
-1.7317881814096705,0.054053267723193646,-0.005188428182554789,0.001116684724897257,2.0
-1.7317881816290566,0.054049769250629175,-0.0003317339989225078,0.03303955403427312,2.0
0.5435648546015887,-0.9671881324894093,1.3313198227349865,0.016317649612441226,0.0
0.6271579198450754,1.6078131592885923,0.15899699812446338,-0.0018213702952632263,3.0
0.6271579202738163,1.6078109203477624,0.15718372716872236,-0.0435869940167352,3.0
0.5435648552933157,-0.967188695565693,1.335707541815808,0.0067681186453618395,0.0
-1.731788181161351,0.05405052600806677,0.0009224257062242438,-0.037212248026181546,2.0
-1.7317881812506821,0.05405182028030756,-0.007195581577550622,0.005035101517224464,2.0
0.6271579208559875,1.6078139431617595,0.16134566366224776,0.02135183428692392,3.0
-1.731788181120858,0.05404937532296283,-0.013579935505867554,-0.04411383521726961,2.0
0.5598736404536364,-0.6925133324683987,-1.480428674656333,0.025898369906329575,1.0
0.5598736423647642,-0.692514813529029,-1.4873942935337077,-0.06054380912441739,1.0
0.5435648554743172,-0.9671883675060831,1.3311390444541689,0.017879038276015436,0.0
0.5435648550720197,-0.967187182935378,1.3244294148721247,-0.006953696877163965,0.0
0.5435648548795647,-0.9671905839382052,1.3337403385273652,0.00031163403690568487,0.0
0.6271579196931155,1.6078106832501808,0.16743219525634997,0.025151325606151024,3.0
-1.7317881807603532,0.05404836429891444,-0.0041435265242339555,-0.046685846927449065,2.0
0.6271579194986833,1.6078123756983231,0.15645300847282445,0.0541743015935655,3.0
0.5435648551019405,-0.9671887275004282,1.333996931496337,0.052796981497748786,0.0
-1.73178818174041,0.05404847963525108,-0.002453466334337676,0.008714899924457568,2.0
0.5435648548792162,-0.967191027370292,1.324357694752755,-0.04247013931347832,0.0
0.6271579196526715,1.6078119720262511,0.1623463157727863,0.02883475403411124,3.0
0.5435648550652382,-0.9671870614268864,1.3294205815981004,-0.009323630928912929,0.0
0.5435648549821352,-0.9671915420973889,1.3305852940252854,0.015384672304838585,0.0
0.5435648551662163,-0.9671901874781161,1.3256549954261845,0.016891587847900173,0.0
0.5435648547308417,-0.967191840821893,1.3354454451924374,-0.02186522502080427,0.0
-1.7317881821306715,0.05404928890158588,-0.007068874762753779,-0.0572684034960295,2.0
-1.731788181187429,0.05404837367405915,-0.0031325510887031233,0.0299903734365327,2.0
0.5598736414416686,-0.692515952362757,-1.476763829647492,-0.004056903768660656,1.0
0.6271579201610844,1.6078100316831665,0.16013797343173392,0.04944389231376874,3.0
0.6271579194950815,1.607812510627368,0.1641648533414693,0.006377471889140827,3.0
0.5435648548780245,-0.967188766333686,1.3380300676180963,0.046983778390055866,0.0
0.5435648544541744,-0.9671882471783019,1.3331997300212757,0.005039970658393886,0.0
0.5435648542921061,-0.9671897668889574,1.3283126886235639,-0.0026537179811416045,0.0
-1.7317881812901263,0.05405399137928698,0.001871072894739751,0.03994603985581788,2.0
0.5435648548041982,-0.9671877716982938,1.3365685061354686,0.034417761665390574,0.0
-1.7317881812410505,0.05405048465072109,-0.004866131977131669,0.007988993506449885,2.0
0.6271579194270684,1.6078115688818502,0.1601664959339629,0.005824996381256646,3.0
0.5598736413194445,-0.6925139885541507,-1.4780515431161148,-0.01589738592945752,1.0
0.6271579202371476,1.6078108368326645,0.1586910115961222,0.010401805967251198,3.0
0.6271579200823741,1.6078130628848437,0.15955898619870756,-0.023843129661687026,3.0
0.6271579201400784,1.6078117149886206,0.16210345153548053,0.008216200485490929,3.0
0.5598736414798912,-0.6925147275487507,-1.4801774191775996,0.07229017240376828,1.0
0.6271579198301536,1.6078110913139234,0.1573013499059261,0.008858176270258712,3.0
0.5435648548501554,-0.9671915194284061,1.3345335361273494,0.0573380068741563,0.0
0.5598736410172468,-0.6925149982245346,-1.476649687074379,-0.009615963169937914,1.0
0.5598736414333787,-0.6925164952669459,-1.4779594208298568,0.06316653415824006,1.0
0.5598736411469478,-0.6925185342142921,-1.4806455636756015,-0.019632821180529045,1.0
0.5435648551065376,-0.9671882951451988,1.3358839554732482,0.019465997053385538,0.0
0.559873640994542,-0.6925132598012625,-1.4808657668762222,0.07258528911222568,1.0
-1.7317881805465736,0.05405326133946479,-0.008811809898601199,-0.05112611358275319,2.0
0.559873641799499,-0.6925169494522233,-1.4757372049668451,-0.03171121581977735,1.0
0.5435648547707783,-0.9671899884864339,1.326403873825583,0.0013106987848737362,0.0
0.5598736414383098,-0.6925164285556027,-1.4863161646915566,-0.06580106397776618,1.0
-1.7317881813184068,0.05405217085145572,-0.001856853784633349,-0.01281121074694549,2.0
-1.731788181163835,0.05404937852144172,-0.009983360009349247,-0.0019169887509191338,2.0
-1.731788181424551,0.054050867851513876,-0.004435069170667423,-0.022258041389094468,2.0
-1.7317881811377056,0.05404888610395114,-0.0014413541559578505,0.06920288326603345,2.0
-1.7317881811559097,0.054048179188697656,-0.007437378966888437,-0.010476261465884528,2.0
0.5598736418804477,-0.6925157480557826,-1.4781285937298076,0.031543644551858964,1.0
-1.7317881814388816,0.05404970630213168,-0.007520819036146822,0.037827644858037614,2.0
0.5435648553574799,-0.9671889023199866,1.3408226845609772,0.008548607267812819,0.0
0.5598736420507513,-0.6925160248937503,-1.4793765869315147,0.004006762700419106,1.0
0.5435648551287815,-0.9671903573969644,1.3250336932079312,-0.012703526885279528,0.0
0.6271579199290027,1.6078129401620274,0.16364448124435804,0.027199195159082035,3.0
0.5435648553339769,-0.9671895020194653,1.3309311577411205,0.02074192921815231,0.0
0.6271579193188422,1.607813943575351,0.1604281971641265,-0.001634340261110566,3.0
0.5598736412283943,-0.6925153666573425,-1.478564544639696,-0.014465301543987936,1.0
0.6271579200564334,1.6078120690825102,0.1597652146534995,0.008960886259598615,3.0
-1.7317881819720886,0.05404787069575783,-0.0017341470607499297,-0.04651690111397303,2.0
0.559873641687452,-0.6925155453523133,-1.4821208834761967,-0.04246410354414323,1.0
0.5598736407661975,-0.6925169140016695,-1.4811644549550638,-0.007587792674422637,1.0
0.559873641351422,-0.6925135306111658,-1.4789091931398282,0.04685747136617083,1.0
0.6271579199443421,1.6078123830302724,0.16350705459020579,0.009402753372930728,3.0
0.5598736406796584,-0.6925189560829342,-1.479086925138887,-0.0524107220033865,1.0
0.6271579194385755,1.6078109356122272,0.16078979073698835,-0.006907701244236323,3.0
-1.7317881817174272,0.05404913252454326,-0.004104758677992597,-0.048791097586351403,2.0
0.5598736409152419,-0.6925169535481668,-1.481587153001833,0.04407483813642553,1.0
-1.7317881812619387,0.05404886021957743,-0.0048736465210324886,0.04320534709614758,2.0
0.5435648551990707,-0.9671910454705949,1.3294868466966903,-0.013636577749791103,0.0
0.6271579201370948,1.607812134402763,0.15601902449464988,-0.0279847217920303,3.0
0.543564854442146,-0.9671898116728413,1.3321990368180507,-0.016310392375135208,0.0
0.5598736417407953,-0.6925153123670037,-1.480235509497202,-0.028332698376895064,1.0
0.6271579194740053,1.6078102795469331,0.15902067328025335,0.011627645537874915,3.0
0.6271579193240537,1.607813002819913,0.16403074170988935,-0.05261953952445748,3.0
0.543564855121169,-0.967189439977615,1.3307924233500839,0.05441857188899702,0.0
0.5435648547899131,-0.9671873837618126,1.3344917151084668,-0.00941292235377838,0.0
-1.7317881811584437,0.05405114891764877,-0.009141719749145245,-0.03486302173861854,2.0
0.5598736416082313,-0.6925177160116192,-1.4800344615073493,-0.03095276532057325,1.0
-1.7317881812639409,0.05404663551205627,-0.005308913147852071,0.013563985403794714,2.0
0.627157919785212,1.6078135850340807,0.16186389070736037,-0.03479823192572582,3.0
-1.7317881815052982,0.054051353039414086,-0.007266489686731366,-0.02080954307960604,2.0
0.6271579195142497,1.6078124977318562,0.15601822779768074,0.03142228691553884,3.0
0.5598736423151438,-0.6925170822616504,-1.486028687356685,0.04283762867344648,1.0
0.6271579199588841,1.6078121978755395,0.15533944616958067,-0.004868749321610184,3.0
0.6271579203422428,1.6078149523435665,0.16471497646042846,0.012278727918133413,3.0
0.543564854790591,-0.967187736114892,1.3311024317575086,-0.002312483031062984,0.0
0.5598736413069644,-0.6925163848354292,-1.4821412595281507,0.037333804088479194,1.0
0.5598736420083468,-0.6925152048675569,-1.4814948999195552,0.05188798858440129,1.0
-1.7317881808047721,0.054052113542269624,-0.011136494257074633,0.009647991649989146,2.0
0.5435648546073614,-0.9671894461471565,1.3317049792157023,-0.008550135727815468,0.0
0.5598736408765842,-0.6925149233803298,-1.4739057668261113,-0.07725162194550535,1.0
0.627157919376164,1.607810755808247,0.1576902231588271,-0.02871020396544519,3.0
0.5435648546166139,-0.9671898454708269,1.3370580108175898,0.05161833170757878,0.0
0.6271579205309378,1.6078100396543784,0.15727447298283095,-0.002069609867157274,3.0
-1.7317881813007994,0.05404944500207675,-0.001309038493484934,0.05258544755513912,2.0
0.5435648548307512,-0.9671904934512489,1.3338815918877478,-0.07394719164662081,0.0
0.5435648551736709,-0.9671926525507387,1.3333993449952282,0.0844827365729511,0.0
-1.7317881807563522,0.054049425829608984,-0.0038240817798311207,0.01677992915487942,2.0
-1.7317881812052363,0.05404772943365888,-0.0036752542759871556,-0.049578535277021434,2.0
-1.7317881817813374,0.054047592069452526,-0.01226349179649731,0.018182112018541637,2.0
-1.731788181587292,0.05405303970347097,-0.0014086878354536056,0.007327804424372261,2.0
0.543564855744158,-0.967189180070936,1.3353641448308926,-0.0068088214987383315,0.0
0.5435648551936726,-0.9671915045015221,1.3351870895764304,-0.01736027620131364,0.0
0.5598736415285883,-0.6925161829964708,-1.4805003047384029,0.07603043615634866,1.0
0.5435648553021557,-0.9671860995882536,1.325053263586908,-0.022669480520506588,0.0
0.5598736411402504,-0.6925160326495303,-1.4818911318542138,-0.0003516346361158139,1.0
0.6271579196889757,1.6078105403407286,0.15972917741715023,0.04466845607320484,3.0
0.5598736408974794,-0.692516897469721,-1.48365584433967,0.04223035182866996,1.0
0.6271579189694125,1.6078118398767591,0.1628692654304655,-0.018793479898326085,3.0
0.559873641486869,-0.6925196773711039,-1.472724136964226,-0.04292993478501071,1.0
0.5598736424604036,-0.6925146008192411,-1.4783802780119735,0.0012182578023454186,1.0
0.5435648542894306,-0.967189630110525,1.3318350814827922,-0.011510623797081575,0.0
0.6271579195614931,1.6078082777204366,0.15610268883324338,-0.0009185177882404955,3.0
0.6271579203804716,1.6078087655958007,0.15548958157433684,0.012116060226560133,3.0
-1.7317881812509233,0.05404743666112379,0.004767290627825136,-0.006884229457510613,2.0
-1.7317881814275933,0.054051630848542004,-0.007823998555851768,0.010190779703346798,2.0
0.5598736418963286,-0.6925183601026716,-1.4762403618032438,0.03669096079970909,1.0
0.5435648544105838,-0.9671892468527725,1.331320240753271,-0.004478517982345165,0.0
-1.7317881812289921,0.05404920070722432,-0.004829806311560245,0.011289024617030297,2.0
0.5435648545162892,-0.9671890912288431,1.3351897207804921,-0.03063049695463316,0.0
0.543564854406676,-0.9671897262291685,1.32698977437912,0.028406379028571148,0.0
0.5435648547675798,-0.9671905008589645,1.3386028120033389,-0.0383884310559951,0.0
0.6271579196455694,1.6078119075757602,0.1608670559798786,-0.03182224147508669,3.0
0.5435648551290717,-0.9671902780530632,1.3365982537821104,-0.06781996033858273,0.0
0.5435648550148268,-0.9671896163022697,1.3310353224712534,0.03108122557839304,0.0
0.6271579201343601,1.6078075480381684,0.15851917204608254,0.014657041148624313,3.0
0.5435648546782749,-0.9671871555344649,1.3278214365953327,-0.0296067581461274,0.0
0.543564854241626,-0.9671872598685032,1.3298110531182783,-0.028914027407993793,0.0
-1.7317881818114396,0.05405229877402432,-0.002715939031623406,0.014715676575521724,2.0
0.6271579210211731,1.6078123097275892,0.16163122325023502,-0.028055416485455804,3.0
-1.731788180963389,0.05404983820242711,-0.014133054825117522,0.0054168874608321125,2.0
0.5435648548351154,-0.9671878021356906,1.3332818322987439,0.04182231804405043,0.0
0.5598736410590832,-0.6925141753830759,-1.4767893434675163,-0.013110513116199771,1.0
0.6271579194617994,1.6078107853028796,0.16524387905019272,-0.01081112770295245,3.0
-1.7317881812775793,0.05404958248073379,-0.00727468570444994,0.043906829745979904,2.0
0.5435648547304517,-0.9671889480847633,1.3421015699717456,-0.03588251421313391,0.0
0.5435648550208505,-0.9671906618231746,1.3333070551146482,-0.034620256634576796,0.0
0.6271579197869807,1.6078111493732554,0.1633391786157493,-0.02673472078483817,3.0
0.6271579206432011,1.6078129249631559,0.16598505872802974,0.009457515568167573,3.0
-1.7317881821021581,0.054051856923320624,-0.007870009014287017,-0.01299393311435902,2.0
0.6271579205332258,1.6078103557092334,0.16153814269208078,-0.03930004402788821,3.0
0.5435648544407903,-0.9671897801415359,1.3245794871518897,0.018742680564679065,0.0
0.6271579196254615,1.607810637595107,0.16072200725684416,0.03932720503125249,3.0
0.6271579203597767,1.60781224005031,0.1706300835486991,-0.031133527764596717,3.0
0.5435648545863351,-0.9671888897445434,1.3324169461537745,-0.05200218577026412,0.0
-1.7317881807627198,0.05404947584322818,-0.006339642822994992,0.03562227406310144,2.0
0.6271579202673077,1.6078083961576526,0.16030914416844882,0.0018176602240332616,3.0
0.5598736415701876,-0.6925141172134051,-1.476093513842977,0.019432199625682434,1.0
0.5435648545890035,-0.9671923281262472,1.3356844908988657,-0.055065506767802364,0.0
0.6271579202402046,1.6078085910344693,0.15886179595351935,-0.039646062306088685,3.0
0.6271579206384928,1.6078108903215789,0.16422274568111425,-0.015444633745622174,3.0
0.6271579193296705,1.6078101173588228,0.16071610057006272,0.016544633121454152,3.0
0.5435648544531418,-0.9671883749803597,1.3351974336615482,-0.08443231002119812,0.0
0.5598736419975383,-0.6925151638044378,-1.4841593772172534,-0.0013440564775130377,1.0
0.6271579198943615,1.6078054741768442,0.15492412587507634,0.01556344329403244,3.0
0.5598736411215062,-0.6925151735671958,-1.4813577209586188,-0.027603029835278656,1.0
0.5435648542923086,-0.9671876433344,1.3293927342044576,-0.010105313027305423,0.0
-1.731788181337728,0.05404878416581174,-0.010650849648421438,0.033011534598340136,2.0
0.6271579199339553,1.607812095883705,0.15743955837404955,0.026986198208774556,3.0
0.6271579196104202,1.6078106637998846,0.16253000720525565,0.076025413445875,3.0
-1.7317881809007014,0.05405393110867798,-0.006156360489648553,0.031510683972153265,2.0
0.559873641434368,-0.6925157212142456,-1.4731130085881512,-0.025273657631857776,1.0
0.5598736414883102,-0.6925156927072853,-1.4719129804937932,0.0063623093482705765,1.0
0.5435648550854774,-0.9671904192230357,1.3427172243897902,0.039026077322588476,0.0
0.627157919993795,1.6078095032470932,0.1612843807543419,0.002275531567527008,3.0
0.6271579203459875,1.6078109786501544,0.16145328501996878,-0.00035830277213399906,3.0
0.5435648543184044,-0.967187227833577,1.3336846343684392,0.04298346160461938,0.0
0.5435648545962867,-0.9671866166782548,1.3382816802018702,-0.042627144385075144,0.0
-1.7317881812721558,0.05405041483517585,-0.003249757065360985,-0.0572509567123366,2.0
0.5435648553723801,-0.9671883447228845,1.333797664991199,-0.010323487815283828,0.0
0.5598736412489181,-0.6925171069542331,-1.4763809431889687,-0.009446177017367201,1.0
0.6271579200542915,1.60781162025871,0.16098656175254317,0.0046706488061653345,3.0
0.54356485462572,-0.9671901908415725,1.3293165214060154,-0.025777468607133303,0.0
0.5435648550595584,-0.9671902822370527,1.3368716163952852,-0.00888265168960463,0.0
0.627157919855783,1.6078090295758807,0.1651527659004547,0.04532929970123448,3.0
0.6271579195828708,1.6078123815734282,0.1580691774033951,0.05144295155531077,3.0
0.543564854971971,-0.9671897178243102,1.3291122829820496,-0.0011432610124352633,0.0
0.5598736409480136,-0.6925164405244781,-1.4800485408387667,-0.05536522847420164,1.0
0.5598736416656585,-0.6925141173527007,-1.481078754772358,-0.0397538783217427,1.0
0.5435648548853883,-0.9671903703012178,1.335441000319581,-0.031156081875098364,0.0
0.6271579194805754,1.6078114110967912,0.1585741109492992,-0.05649594026132241,3.0
0.5598736413437874,-0.6925130898982367,-1.4776005714497507,-0.03997886383585307,1.0
-1.731788181389212,0.054048971335296944,0.004121443478779208,-0.0487990564634512,2.0
0.6271579196065021,1.607811501354855,0.16916820101605767,-0.002472609101176528,3.0
-1.7317881804401993,0.05404960443638281,-0.01141193029968766,0.09798515334318321,2.0
0.543564854345003,-0.9671890338089871,1.331627568162179,-0.02657418517130139,0.0
0.543564854846802,-0.9671919209296379,1.326616973609034,-0.008106540891671225,0.0
-1.731788181108249,0.05404866450865048,-0.010196450779693556,0.05661493006934199,2.0
-1.7317881817882965,0.05405152482393861,-0.008681001635887852,0.023035189556046585,2.0
0.6271579201414472,1.607810305511234,0.16025716115392233,-0.0010850623367858923,3.0
0.5435648547411371,-0.96719052735004,1.3281703567057765,-0.0020076344232903207,0.0
-1.7317881817904954,0.05404928325107056,-0.004727312438487494,0.006238452149702609,2.0
-1.7317881812746707,0.05405240094713714,-0.0024532225543005114,0.06526335124330103,2.0
0.559873642237396,-0.6925168632752677,-1.4785731763547292,0.009354429387731544,1.0
0.5598736413784069,-0.6925152064703534,-1.477261276087221,-0.036168769183895666,1.0
0.5598736421922547,-0.6925139623398651,-1.4841479411359928,0.0741270775247887,1.0
0.627157919684886,1.6078120347861153,0.16283535522011275,0.04651316784947473,3.0
0.5435648549064483,-0.967188760215779,1.3276152365396041,-0.011312469478822028,0.0
0.6271579196899076,1.6078123665106365,0.15761555815574727,-0.018002655058307327,3.0
-1.7317881812287668,0.054047229828495545,-0.007087396881516309,-0.04030384244924291,2.0
0.559873641891652,-0.6925141821460229,-1.47984590994296,-0.03586012425599076,1.0
0.5435648544239778,-0.9671903656620011,1.3357312513360609,0.04699851454253076,0.0
0.5435648544845711,-0.9671891661298161,1.3356653956103366,-0.0009997070921739203,0.0
0.5435648551150769,-0.9671898476181859,1.3321021031852134,0.04756578202056975,0.0
-1.7317881812112934,0.054047175057578466,-0.007915682492982577,0.010829067231752554,2.0
0.6271579201172173,1.6078106172718427,0.16672050041176556,-0.016324251706961737,3.0
0.5435648547891062,-0.9671900715517714,1.3318662461902224,-0.0020137193028340774,0.0
0.5598736411390985,-0.692518527464789,-1.480785263328666,-0.05056034909668841,1.0
0.5435648547089412,-0.9671894461743102,1.3327485924470992,0.011632897923274266,0.0
0.5598736418246849,-0.6925149776963331,-1.4769441600154058,0.028512869685749502,1.0
-1.731788181376866,0.05405175688193631,-0.007022729615515903,-0.007101363651403032,2.0
0.5598736414443876,-0.692514708244331,-1.476248507309967,0.001273422869094757,1.0
0.6271579198654946,1.6078124960023086,0.16632539750299105,0.03154717822986413,3.0
0.5598736413134007,-0.6925173924096647,-1.4848936221787374,-0.05966207135548311,1.0
0.5598736422831543,-0.6925168862029054,-1.4825276924318536,0.006892139332762845,1.0
0.5598736418365922,-0.6925158639432493,-1.4799724095422833,-0.015420694837769257,1.0
0.5435648547573675,-0.9671865856333479,1.3373701240578906,0.0072099468727883555,0.0
0.6271579194572136,1.6078082188242717,0.16376157978616634,-0.029288112039614872,3.0
0.5598736414779757,-0.692515013759738,-1.4726781115033578,-0.012459542375088868,1.0
0.5598736411538675,-0.6925127662623443,-1.4834991292044497,-0.028531456679185392,1.0
0.6271579193828999,1.6078115561075923,0.1570139827717789,0.01445681769492677,3.0
0.6271579200393556,1.6078119468663228,0.16280231378083146,0.04292361759070816,3.0
0.5598736415226533,-0.69251746315419,-1.4785839722490772,-0.00217847101263695,1.0
0.5435648544424931,-0.9671895163559604,1.3388356848223497,0.03459194978922387,0.0
-1.731788181747063,0.05404866882230973,-0.009697944084461457,-0.0799623859017097,2.0
0.6271579204375427,1.6078106881744632,0.16352271094531465,-0.002923967626974972,3.0
0.6271579203699499,1.6078111038807015,0.15922831982879534,0.08027747257684427,3.0
0.5435648548914596,-0.9671899919419223,1.3316767270792336,0.029280477158550186,0.0
0.6271579198619432,1.6078124839915546,0.16054638317059353,0.000788704429687633,3.0
0.5598736419655574,-0.6925180543263391,-1.4737728534789183,0.030023272733322396,1.0
-1.7317881821726322,0.054051910693413904,0.00244226725712714,0.009876422416208544,2.0
0.5598736417121363,-0.6925165602291448,-1.4733273608420223,-0.025066725941566035,1.0
0.5598736415608999,-0.6925168411923962,-1.4830869727964433,0.015764562361901394,1.0
0.5598736411618953,-0.6925163965721672,-1.4714217323170584,-0.002067543875755055,1.0
0.6271579197854306,1.6078152287358085,0.16496757968477985,0.016991247260156078,3.0
0.5598736413654365,-0.6925179126862124,-1.4868077091268486,-0.014306404803822543,1.0
0.5435648550335228,-0.9671916794088495,1.327383984411451,0.03817439388538815,0.0
-1.7317881816682348,0.05405419908477215,-0.007471876964628416,-0.0259416396202011,2.0
0.5598736411711708,-0.6925158393271054,-1.4773065254889601,0.045798329226434085,1.0
0.5598736414735448,-0.6925183060178399,-1.4803662870865886,0.040207105227102434,1.0
0.5435648545783297,-0.9671869904688774,1.3325545178898701,0.009195980173196016,0.0
0.6271579206043691,1.607809097767043,0.15718855497111803,0.06153739102631921,3.0
-1.7317881814930995,0.054051584874422014,-0.009741794125452724,0.026210941165442,2.0
0.5598736415622583,-0.6925133424567279,-1.4778986632648616,0.036685065026166044,1.0
0.5598736412609139,-0.692515027835992,-1.4772135159523785,-0.000358836881234861,1.0
-1.7317881808149684,0.05404848261136373,-0.002636384584461564,-0.05583641266520031,2.0
0.543564854919694,-0.967188043617445,1.3355734318335284,0.037506800612534995,0.0
0.5435648550203362,-0.9671913257684868,1.3336055002280747,-0.0185133702040336,0.0
0.6271579195380103,1.6078102165914294,0.1654250816825649,0.03574667657188828,3.0
-1.7317881813732676,0.05405124908896322,-0.004472792668911135,0.01504245110115014,2.0
0.559873641248887,-0.6925142886167941,-1.4824214626805936,0.010610128453861912,1.0
0.5598736408721374,-0.6925139008617861,-1.4811085246766438,0.007264685592305212,1.0
0.5598736413136293,-0.6925163402517535,-1.4742256615931182,-0.021867998047075364,1.0
0.627157919337974,1.6078109047336777,0.1618008120712878,0.006082969858267448,3.0
0.6271579201412668,1.6078105222162045,0.16124858114866,0.08146765905678835,3.0
-1.7317881815311384,0.054050310856110825,-0.004366593156816983,0.01839197352918616,2.0
-1.7317881818476366,0.0540481159124602,-0.0021606019317339468,-0.012607197396950227,2.0
-1.7317881816417358,0.05405091578751706,-0.0076954860157820385,0.0144775754175803,2.0
-1.7317881811995006,0.054051729863763755,-0.008568804944005257,0.009896982097471928,2.0
0.5598736412914699,-0.6925140847179143,-1.4782594812595014,0.0062591709968391265,1.0
-1.7317881814861456,0.05405155837348766,0.00048374396146252246,0.045992152829800265,2.0
0.6271579204334187,1.6078108081707252,0.16538088196819736,0.013832081005488503,3.0
0.5598736411398886,-0.6925184815446118,-1.4828253606375075,0.01281871742020911,1.0
-1.7317881812797498,0.054049881115656756,-0.00525079977058276,0.05627470605565759,2.0
0.5598736414601856,-0.6925181790386673,-1.482105544752554,0.030273683853347444,1.0
0.543564854931161,-0.967188492260246,1.3332435955799111,0.044464651791024976,0.0
0.5435648545628462,-0.9671902601837159,1.3315184873112806,0.062313389086915916,0.0
0.543564854905045,-0.9671917543488564,1.3312447143562438,0.030139277838401445,0.0
0.5598736409630114,-0.6925170504713204,-1.4782042355289844,-0.0350100928397029,1.0
0.5598736407824535,-0.6925180167329789,-1.4742123155208555,0.023036367820969097,1.0
0.6271579201005956,1.607813950169977,0.16397972707903696,-0.046197548341084485,3.0
0.6271579195969692,1.607813117948052,0.15686087766863138,0.02934116821183835,3.0
0.5435648552330576,-0.96719076502367,1.3325545524588902,0.009623850083124412,0.0
0.6271579199090407,1.6078112888371054,0.16298689161014948,0.01820533153111831,3.0
0.5435648550931244,-0.9671923985560702,1.3319452128751745,-0.05538758168376498,0.0
0.5435648550700148,-0.9671906460658738,1.3247786709191396,0.0051689732298508435,0.0
-1.7317881815724294,0.05405183959433144,-0.002303772850792876,0.012916998770835807,2.0
0.5435648543993257,-0.9671913792336355,1.3318040579645904,0.04130801048424718,0.0
0.5598736419484522,-0.692516876530015,-1.4785156809238835,0.014549362754649601,1.0
0.5435648547734057,-0.9671901481922912,1.3359640474461545,0.03810398928166119,0.0
0.5435648544075665,-0.9671872532080593,1.334853658711776,0.10376296397052169,0.0
0.6271579200276862,1.607811815490231,0.1616725612514425,0.03675933171748122,3.0
0.6271579195651176,1.6078123550039192,0.1575129766697576,0.024794789008124835,3.0
0.5598736415154845,-0.6925162256774331,-1.4736322642882018,-0.09344630801632194,1.0
0.5598736415012349,-0.6925164897131022,-1.4704438877531192,0.032281584315605544,1.0
-1.731788181781801,0.05404950299632128,-0.0031984193894297685,-0.09133815051155614,2.0
0.6271579197726976,1.6078093756320377,0.16151269871150045,-0.0007839101960021514,3.0
0.55987364146551,-0.6925187024873184,-1.477967467225795,0.000959732700189114,1.0
0.5598736419751291,-0.6925159558709656,-1.4791970587006338,0.018653729273083862,1.0
0.627157919883427,1.6078128288332127,0.15820724195293648,-0.018980367998712822,3.0
0.543564854594354,-0.9671891239327643,1.332108828856344,-0.03997387459881096,0.0
0.543564855322879,-0.9671915060681864,1.3332546386049868,0.03515649460428233,0.0
0.543564855348869,-0.9671914243363287,1.3290333168892134,0.03905642858927958,0.0
0.6271579205672906,1.607810452133645,0.15591772831975934,0.02141168774972942,3.0
0.6271579204572104,1.6078127335961754,0.16602807833202393,-0.010251689662029283,3.0
0.5598736414311675,-0.6925181302300475,-1.481073751677944,0.0606724673516506,1.0
0.6271579206596466,1.6078105633100401,0.16528923462885392,0.011432380841529078,3.0
0.6271579199609848,1.6078107984041443,0.16389130103677307,0.03322112906820274,3.0
-1.7317881814315166,0.0540510378931509,-0.0057799943495978464,-0.07250458719820567,2.0
0.5598736414395686,-0.6925141461350657,-1.4717562534723916,-0.07162373266637671,1.0
-1.731788181679131,0.05404916506599246,-0.004672605368787041,0.0866010792523309,2.0
0.6271579198299433,1.607810572971633,0.15655034534698406,0.07430767833796449,3.0
0.5435648553656715,-0.96718855277799,1.328159796145689,-0.003738262117392459,0.0
-1.7317881816819731,0.05405055654479562,-0.0017235314159485433,0.023718190402103434,2.0
-1.7317881815382223,0.054049683594001995,-0.006679691888763062,0.040368523737898135,2.0
0.6271579197926902,1.60781107705097,0.16057406471688385,0.06252905316226239,3.0
-1.7317881813832006,0.05405022830259505,-0.010517118893892223,0.08057223415564957,2.0
0.543564854383063,-0.9671867390750852,1.3312365534992932,-0.05185969186344016,0.0
-1.7317881818904601,0.05405235778535074,-0.004431631408241972,0.021959428855883874,2.0
0.5435648550905564,-0.9671892158108368,1.3301916236853704,-0.017712301400447814,0.0
-1.7317881813557627,0.05405090741824105,0.0006245703174232585,-0.03307466152493419,2.0
0.5435648552089191,-0.9671907591544733,1.3278714187974796,0.0018976560797644476,0.0
0.5435648548827958,-0.9671917362622883,1.3343331877220155,-0.01613198182308208,0.0
0.627157920058631,1.607811121815641,0.1533422957233179,-0.02376679845347684,3.0
-1.7317881819142444,0.054048977336235794,-0.00848180806756937,-0.031821292326357165,2.0
-1.731788181299682,0.054050094217668036,-0.00304671775092659,0.0137008848099134,2.0
0.5435648549803678,-0.967188787027017,1.328638334959992,0.049092469327498195,0.0
-1.731788181595165,0.0540518403837473,-0.0032758274122559492,-0.024612223969899847,2.0
-1.7317881817373193,0.05404860913321092,-0.001585949316353321,-0.01485413816848749,2.0
0.6271579197160594,1.607809627996121,0.15585665133414278,0.044746640674553015,3.0
0.5598736411081258,-0.6925155921381471,-1.4749672138883185,-0.006536748726459672,1.0
0.5435648545208456,-0.9671884118727545,1.331474766078097,-0.016971764654403018,0.0
0.5598736409406216,-0.6925143262653235,-1.4787792153589445,-0.02202470530207209,1.0
0.5598736410600739,-0.6925161713606105,-1.4805003342777754,-0.04969598946902036,1.0
0.5435648545062083,-0.9671902698660327,1.3299536627519861,0.007905218951294542,0.0
-1.731788180770895,0.05404938404068218,-6.121797975607889e-05,0.04351634112089498,2.0
-1.7317881815616514,0.05404826163702205,-0.002059746406232858,0.017107783359680252,2.0
0.6271579196543133,1.6078115564565432,0.1610156845321824,-0.03127031813263663,3.0
0.6271579199573757,1.6078134023556763,0.15873952562237967,0.07056959719660413,3.0
-1.7317881820889147,0.05405116775230614,-0.007266914990188446,-0.008661192704687817,2.0
0.6271579196771027,1.6078111471948642,0.16151853901598232,-0.06386172185772764,3.0
0.627157919715522,1.6078104391830954,0.1632060246288094,-0.0007897952598685698,3.0
0.6271579200310629,1.6078098499449103,0.15787431962717213,-0.0115276678674623,3.0
0.6271579200782182,1.6078126839884994,0.16327686074835634,0.027691507725942317,3.0
0.543564854514592,-0.9671877368716892,1.335505278686813,0.024826071543759546,0.0
0.5435648553981901,-0.9671902932228316,1.334860604434075,-0.020256496483548377,0.0
-1.7317881811504041,0.054048828760122264,-0.0066645297606533985,0.027827658493102116,2.0
-1.7317881810791638,0.05405115059815555,-0.0025227782556486553,-0.053104047033934135,2.0
0.5435648557506058,-0.9671888189532482,1.330446983612059,-0.06184775941774252,0.0
0.6271579197522946,1.6078125035138984,0.1609103166828154,0.003515356534242566,3.0
-1.7317881818497953,0.05404893121818726,-0.0025025728477223183,-0.022966603736792157,2.0
0.5435648551166106,-0.9671887287291024,1.336290089713363,0.04280519870226629,0.0
0.5598736414599106,-0.6925156192573367,-1.4717527848715548,0.002057306606612426,1.0
0.5435648550979347,-0.9671897498460522,1.3340915554614414,0.05151874757444668,0.0
0.5598736414009086,-0.692515820826952,-1.476927351223537,0.010449191261357746,1.0
0.6271579193892306,1.6078130531317396,0.15857905424522123,0.050715290855434414,3.0
0.5598736414443157,-0.6925167306520161,-1.473452265449662,0.04338244579607084,1.0
0.5435648554230562,-0.9671933190332126,1.3279580762794627,0.03109976008051194,0.0
0.5598736411117886,-0.6925167138555635,-1.477070078028806,0.02065694841841456,1.0
0.543564855013759,-0.9671896528630638,1.327284988251891,0.07013678502877219,0.0
-1.7317881819690382,0.054052468469759,-0.004025139252856496,-0.010224234042148665,2.0
0.5598736416754885,-0.6925179677551895,-1.484748043506199,0.009144771397915396,1.0
0.6271579198174196,1.6078104796382944,0.1631099819198051,-0.03471983245157507,3.0
0.5435648549489672,-0.9671883494992723,1.3290212386420153,0.0925219179004895,0.0
-1.731788181932127,0.054047971866750914,0.004400318202371108,-0.026356688759284038,2.0
0.5598736411098294,-0.6925178244538305,-1.4836453568426495,0.03077499238686009,1.0
0.5435648546265921,-0.9671903459199817,1.330339634597866,0.00874591124676755,0.0
0.5435648544340679,-0.9671900173451545,1.3293485034575978,-0.005516126834486667,0.0
0.6271579201328419,1.60781038071793,0.16291578201708015,-0.049954609781036254,3.0
0.54356485470047,-0.9671909967930638,1.3325472303905224,0.031477535139424806,0.0
-1.7317881804801971,0.054049063220853975,-0.009676558149793561,0.03356232511269176,2.0
0.5598736413962573,-0.6925162174634869,-1.4779927334106335,-0.04861987811689289,1.0
-1.7317881804202964,0.05404984024041725,-0.006197900956220525,0.020525656989738267,2.0
0.5435648545623979,-0.9671889483556391,1.33458410766464,0.0149140150822866,0.0
0.6271579199746055,1.6078117421377838,0.1572828278969493,0.002824873399025083,3.0
0.5435648547039124,-0.967192222985236,1.3317720944014702,0.024578166081167276,0.0
0.5598736414754626,-0.6925143340191878,-1.4799695652072697,0.0008549496014359155,1.0
0.5598736420188436,-0.6925130137054312,-1.4816042732093868,0.0060274508474480884,1.0
-1.7317881818268381,0.054046834605313634,-0.0035789578519819275,-0.008536087534849857,2.0
-1.7317881816327294,0.05405051104120119,-0.0041218020793524456,0.05669853834942045,2.0
0.5435648552571757,-0.9671917796410833,1.3321219412214265,-0.006736912682884337,0.0
0.6271579202297805,1.6078113665816758,0.15813820295992106,0.04820143368891903,3.0
0.6271579203304726,1.6078146859642717,0.16163880805526123,-0.023691454780591772,3.0
0.6271579199084756,1.6078080173018705,0.16493802689112916,-0.05593605009128705,3.0
0.6271579196754216,1.607813060643492,0.16032608027985285,0.09067173379742624,3.0
0.5435648551493655,-0.9671916926275476,1.3311837296296454,-0.012601617246880782,0.0
0.5435648549984784,-0.9671892747524066,1.3283960809789672,0.03352405039400734,0.0
-1.731788181575653,0.05405076378962433,-0.006664930129399512,-0.0325358790124284,2.0
0.6271579194513752,1.6078107280205005,0.1700411872100883,0.040091210313256034,3.0
-1.731788180809147,0.05404923059954888,-0.002354565187112299,-0.04481997196342677,2.0
0.5598736414323348,-0.6925168096466857,-1.4765635513361066,0.06331758576519055,1.0
0.627157920064891,1.6078146885945657,0.1596195002034383,0.029769533436788155,3.0
0.6271579202514336,1.6078101208858604,0.15976925891617116,0.007811032813699792,3.0
0.6271579201853327,1.6078124965361005,0.16078583486193435,-0.0010264781240422222,3.0
0.6271579199195546,1.6078123548846381,0.15680140818930047,-0.027531525288548235,3.0
-1.7317881818100973,0.05405168873861842,-0.00671634263362243,0.021417223246700996,2.0
-1.7317881810997897,0.05404948366751127,-0.008723398693409445,0.019561640982987197,2.0
-1.7317881820068104,0.054046769331610886,-0.001179673126064267,-0.013174178975070918,2.0
0.5435648553165293,-0.9671914964233653,1.333429576267636,-0.026965568516621238,0.0
0.5435648549961006,-0.9671904887312229,1.3277702924928905,-0.009804362790749083,0.0
0.543564855284051,-0.9671915802188195,1.3302561303437352,0.002943701246528381,0.0
0.5435648552318726,-0.9671896610953766,1.3241093999859033,0.0176123856726635,0.0
0.5435648551639524,-0.9671903831407532,1.3320728024064556,-0.02185620449732805,0.0
0.6271579199120244,1.6078109380779655,0.1603163874831861,-0.056488708828140284,3.0
-1.7317881815838443,0.05404986671625732,-0.00502425702683685,0.020016695792154794,2.0
0.5598736420254506,-0.6925139543711916,-1.4885627780106268,-0.08559629205517567,1.0
0.5435648543746981,-0.9671898900621914,1.3390262158444333,0.01144985043376966,0.0
-1.7317881818162826,0.05405169012048033,-0.004778194264171289,-0.00933700185372089,2.0
0.5598736412563331,-0.6925172922167169,-1.484331203113659,-0.04572030948985301,1.0
0.5435648555694851,-0.967189452327066,1.33227895718252,0.06538552527611849,0.0
0.5598736412586253,-0.6925165684548842,-1.474422522464501,-0.009046179346371645,1.0
-1.731788181564572,0.05404865056207665,-0.007454484955930285,0.005585665276452648,2.0
0.5435648548411304,-0.9671906156722073,1.3327822445375805,0.058361543652831464,0.0
0.5435648546860399,-0.9671911595115692,1.333640510278372,0.0088706216249501,0.0
-1.7317881810401217,0.05405198169583074,-0.005492779009113093,0.05343736791223188,2.0
0.559873641688895,-0.6925166778349853,-1.479206840570684,0.023084284922744287,1.0
-1.731788181291893,0.05404837405980209,-0.004502247763716816,-0.03230810398131694,2.0
-1.7317881815172869,0.054052025651588106,-0.009132457268156037,0.0014483512691185407,2.0
0.5598736415040332,-0.6925185058712875,-1.4788345593969334,0.02756373959561386,1.0
0.5598736413299039,-0.6925151581717406,-1.4841698700365011,0.028771842216326567,1.0
0.5435648553823357,-0.9671904200818288,1.3280458875988492,-0.025187591015371914,0.0
0.5598736415240319,-0.6925143478752257,-1.4663767179915934,0.04515006080866631,1.0
0.6271579205015848,1.6078123279656642,0.1681838216245664,-0.004589783197654163,3.0
0.5435648546100554,-0.9671883265731414,1.3328915171106503,-0.02282393137430256,0.0
0.5598736415535764,-0.6925161626008084,-1.4819106778487476,-0.00793928519584623,1.0
0.5435648552743195,-0.9671903761587345,1.3376422695698587,0.007939062227746398,0.0
-1.7317881811363147,0.05405207976609901,-0.011208014408282943,0.01238859262495175,2.0
0.5598736417413844,-0.6925152616260368,-1.478537291320986,0.02217519980739017,1.0
0.5435648539899431,-0.9671901623503658,1.3319129483593255,0.024693309240451836,0.0
0.5598736410161296,-0.6925180375542088,-1.4834351606560285,-0.08339516109977227,1.0
0.5435648545521621,-0.9671895028758594,1.3282182952311283,0.0017142561580303969,0.0
0.6271579197989208,1.6078132508696947,0.15936559766257674,-0.06513679448307759,3.0
0.5598736415614125,-0.6925152430153605,-1.4798229584303575,0.036305400576766324,1.0
0.5435648550062265,-0.9671890117850663,1.3331981227758551,0.04791494680109862,0.0
0.5598736416850515,-0.6925135103041906,-1.480616076191603,0.08896701055024037,1.0
0.5435648549264467,-0.9671888990372781,1.3410046366184463,0.006196105774308413,0.0
0.6271579204392869,1.6078121675678374,0.1606816349222896,0.019263035906995286,3.0
0.6271579198991527,1.6078117247483295,0.1580468680562278,0.012346589740135767,3.0
0.5598736410696307,-0.6925164279825193,-1.481170152946987,-0.010684624471387284,1.0
-1.7317881812200835,0.05405314835991544,-0.003759399178180729,-0.07648709874834227,2.0
0.5598736416172521,-0.6925160670049892,-1.478295487424739,-0.045493277658973756,1.0
-1.7317881812837983,0.05404927239867596,-0.0008987105241450892,0.011041896899136485,2.0
0.5435648549841627,-0.9671899341004297,1.3384310312410486,0.0828418371907597,0.0
0.5598736408961331,-0.6925137886679108,-1.4718264755125943,-0.04278517846700526,1.0
0.5435648547115114,-0.9671905432820099,1.3382258720917004,-0.018506330886919716,0.0
-1.7317881815110883,0.05405065128420939,-0.008096408978838013,-0.07542803744168067,2.0
0.5435648537957525,-0.9671929460771383,1.3349146932542861,0.0261483339559421,0.0
-1.7317881812956124,0.05405324282215224,-0.011208240352342209,-0.021637068103574214,2.0
0.6271579201036195,1.6078072583973266,0.1531097544672668,0.01534561189666261,3.0
0.6271579197140594,1.607811726459867,0.1552431555615917,0.020935973287624237,3.0
0.543564854437931,-0.9671901826072947,1.3262385041601874,0.009533147457575216,0.0
0.543564854333711,-0.9671886413799217,1.332824190464076,0.057166609096829066,0.0
0.5598736419667348,-0.6925170921652413,-1.4812572363178094,0.05131196060901968,1.0
0.5435648552087765,-0.9671879602562562,1.3371317252109542,0.026248952312061646,0.0
-1.731788181648931,0.05404846782427396,-0.005398140675817333,0.006197529947464389,2.0
0.5598736415967537,-0.6925182397047329,-1.474733391910882,0.029666835057586268,1.0
0.5435648543477699,-0.9671880053948476,1.3238941414749492,-0.02652198858661853,0.0
0.5435648552547588,-0.9671887987176044,1.3323447415297822,0.02319437880377771,0.0
0.5598736407654716,-0.6925161449754026,-1.4792810650780548,0.0189910701085433,1.0
0.5435648552370568,-0.9671910703287279,1.335006823012191,0.007253262987462397,0.0
0.5435648544099628,-0.9671900487028154,1.3351520969846047,-0.01942079298132852,0.0
-1.7317881816679437,0.05405098883259787,-0.001312711908710962,-0.0005845530399754934,2.0
0.5598736409216972,-0.6925171978760247,-1.4794284321460456,0.007185137996888847,1.0
0.5435648547047606,-0.9671900877354072,1.3345939237102766,0.0075924322118199414,0.0
0.559873640780827,-0.692516520898235,-1.480652399444599,0.018076984494107946,1.0
-1.731788181640889,0.05405145873068583,-0.0034261044029573894,0.034370471372228976,2.0
-1.7317881817859369,0.05405214598556618,-0.0014502753562899832,0.015429161309145331,2.0
0.6271579198550709,1.6078145610374686,0.1637139228643404,-0.047280171889502856,3.0
0.5435648552092377,-0.9671882122000943,1.333013733390031,-0.028803959516187812,0.0
0.5435648548776012,-0.967191380835748,1.3375435868421521,-0.039307525426885793,0.0
0.6271579195943497,1.607812902787173,0.1628899759740292,0.006470694287585392,3.0
-1.731788181161108,0.054050336807657015,0.0002385305686936129,-0.014133847890618485,2.0
0.6271579200006234,1.6078120708871309,0.16811961919490206,0.00825306720898844,3.0
0.5598736410748004,-0.6925166235362405,-1.4784099193591076,-0.04508232547233153,1.0
0.5435648542308248,-0.9671913966991857,1.3337986176924064,-0.00864295286157651,0.0
0.6271579194762589,1.607813650574528,0.16180840959443438,0.021721494287980907,3.0
0.5598736409384668,-0.6925170608224626,-1.4727131968081144,0.01675180666840798,1.0
-1.7317881816355594,0.05404953230388104,0.0003689071466882249,0.023292595084915182,2.0
-1.7317881813113811,0.0540483173374972,-0.006934380777534318,-0.021800278300377493,2.0
0.5598736418131461,-0.6925162603079256,-1.482304881505283,-0.04273645738468017,1.0
0.5435648551448684,-0.9671895275689322,1.3260284686811223,0.027753982233207884,0.0
0.5435648550892604,-0.9671884870056855,1.3328836166647315,0.011432810164896457,0.0
0.5598736407270576,-0.6925157176062184,-1.479705172904753,0.019323370338815843,1.0
-1.7317881808304212,0.054049120324890086,-0.01006596684330443,-0.005313009327885794,2.0
-1.7317881818908327,0.054049715380811214,-0.004107966503044874,0.008149615737555843,2.0
0.6271579198153585,1.6078105501623228,0.16048488938226133,0.06048048920598193,3.0
-1.7317881813863811,0.05405235295442353,-0.010817408501004508,-0.04123814834244888,2.0
0.6271579199153201,1.6078113672059906,0.1604899215685842,0.029035502672755033,3.0
0.5435648549075944,-0.9671894035506328,1.3374968457456988,0.029299219907512674,0.0
0.6271579195801813,1.6078096519864298,0.15677300959147242,0.008859476951319627,3.0
0.5598736414531829,-0.6925164811943163,-1.4773643999232255,-0.018161872891062514,1.0
0.5598736416353522,-0.6925158144985902,-1.4784810380039914,-0.036717209115042906,1.0
0.6271579195527401,1.6078117332387023,0.1593571480056908,-0.08938932966068536,3.0
-1.731788181515193,0.054048842580609636,-0.009823997310185741,0.05823385095055025,2.0
0.627157920112531,1.6078120381965497,0.1574483309295358,0.03993289088626812,3.0
0.5435648547991382,-0.9671912571778926,1.328813542755919,0.010383775750290878,0.0
-1.731788181367428,0.05405005738911542,-0.005843046581972087,-0.017802356116063463,2.0
0.5435648545742532,-0.9671909778490926,1.3306373586608005,0.03437364775963978,0.0
-1.7317881812650862,0.054050488954782164,-0.0012382001957827267,0.02845976908907613,2.0
0.5598736410453319,-0.6925164993351826,-1.4742063169381243,0.04291184994001255,1.0
-1.7317881817708543,0.05405039637276197,-0.006399260431882023,-0.013788508873501183,2.0
0.5598736412883196,-0.692514301532357,-1.4820178582901906,0.014487242595009818,1.0
0.5598736409560104,-0.6925166472102705,-1.473642772058643,0.00947648567412226,1.0
0.6271579198295796,1.607809212767664,0.1664842711112924,0.0584852834553255,3.0
-1.7317881810755793,0.05404927671106666,-0.0043573634231192215,0.018222510143128368,2.0
0.5598736412709996,-0.6925168531312673,-1.4795275251141562,-0.019702847440942056,1.0
0.5598736407340974,-0.6925167475428434,-1.4740444703771198,-0.02403710920516804,1.0
0.6271579193294674,1.607813257702356,0.16287075157437958,-0.031233336986772935,3.0
0.5598736423272296,-0.6925152065473139,-1.47452040883607,0.04600486345668704,1.0
0.6271579201960461,1.6078147047639781,0.15391462954677737,0.02427880100018861,3.0
0.5598736419163665,-0.6925171532901361,-1.476693149619353,0.02474877197603266,1.0
-1.7317881813694198,0.054051220590409496,-0.008688771444586848,-0.016323358100606786,2.0
-1.7317881815269967,0.05405091743694253,-0.003027247484720057,0.01605901089780283,2.0
0.6271579200603542,1.6078082373074314,0.15961910386222464,0.12889840751285273,3.0
0.5435648547740383,-0.9671933870028381,1.335457507547175,0.0381873607677998,0.0
0.6271579196429693,1.6078083620542967,0.16144624356579065,-0.007194372700601607,3.0
0.6271579202392761,1.6078124407559906,0.1543083138989198,0.00678928326554825,3.0
-1.7317881806653845,0.05404934536153746,-0.011294754626239231,0.027722532579668755,2.0
0.627157918950715,1.607808437321825,0.16892051597462635,0.09009632316214769,3.0
0.5598736419578216,-0.6925192160694382,-1.4818425590796243,0.04893940841824991,1.0
0.5435648548090657,-0.9671888946777573,1.3310326567275053,-0.008151623981688451,0.0
0.6271579198807387,1.6078108373255087,0.15960179322962084,-0.02947271747123122,3.0
-1.7317881809442073,0.05404779472086401,-0.003635939208418412,0.0004006427098104905,2.0
0.6271579205434408,1.6078125713947369,0.1627904438233483,0.0645474066760779,3.0
0.5598736417203325,-0.6925171078692128,-1.4805985144304088,-0.02063505568652664,1.0
0.5598736419290515,-0.6925165145915982,-1.4764831084552146,-0.03344814344768089,1.0
0.543564854846727,-0.9671873509745558,1.3316666093052125,0.047693295832825375,0.0
-1.731788180648354,0.05404896133141707,-0.007024566077593922,-0.028953810633966733,2.0
-1.7317881816918914,0.05404760557097973,-0.004540884221547359,0.05828473021950681,2.0
0.5435648550529533,-0.9671917895448352,1.3277788736019018,0.05715877602634236,0.0
0.5435648544570227,-0.9671912959579422,1.3316209478073262,0.043100373568473814,0.0
0.5598736420322822,-0.6925133295882876,-1.4789833869273807,-0.0332249998483595,1.0
0.6271579197907734,1.6078096640072785,0.15830735902373555,0.044375896447576606,3.0
-1.7317881813451232,0.054052467171575684,-0.0021272782662957604,0.049254356470058595,2.0
0.6271579204948236,1.607812401309172,0.16326893448889615,-0.05398970000865743,3.0
0.559873641750376,-0.6925168996188991,-1.475096356671284,-0.0027595055571376062,1.0
0.6271579196214304,1.6078123901727885,0.1569958701029578,-0.06474177472876581,3.0
-1.7317881812729237,0.05404986846717607,-0.006183900633300496,0.006497109407316462,2.0
0.5435648541267781,-0.9671918532156912,1.3349327570810463,0.018531146394955258,0.0
0.6271579200970213,1.6078122165273099,0.15608110711566278,-0.028968599903060787,3.0
0.6271579195979647,1.6078120420042554,0.1577496713161333,-0.028817539271289973,3.0
0.6271579200941594,1.6078105093279504,0.16156016273813983,0.04133830077670883,3.0
0.5435648546557786,-0.967189068306885,1.3233175566351263,-0.05486791440857369,0.0
0.6271579192369581,1.6078121863035442,0.16475162551915795,-0.024836659047439313,3.0
0.6271579196320936,1.6078109112797005,0.152901645807066,0.06201433126667284,3.0
0.5435648547211147,-0.9671902030998656,1.3357630795871658,-0.025746678164316975,0.0
0.5435648547367431,-0.9671904861279971,1.3317914784840827,0.007307147330686777,0.0
0.5435648541103922,-0.9671897089134283,1.3307043406342438,0.018842126097406268,0.0
-1.7317881813307312,0.05405002737248188,-0.009049951622542428,0.006240252514448262,2.0
0.5598736416646682,-0.6925142384519769,-1.475289947295764,0.026403122727372705,1.0
0.6271579197682594,1.6078125992311136,0.15593235680281828,-0.03134880720652048,3.0
0.5435648545164921,-0.9671904691524933,1.3334135499662394,-0.10898756763895495,0.0
0.5598736417095518,-0.6925152097350101,-1.4733907880739456,-0.01695686607214921,1.0
0.6271579192874644,1.6078086048620435,0.155170714771809,0.034456577246432446,3.0
-1.7317881811578566,0.05404984497936393,-0.004746653119423666,0.026597223650847057,2.0
0.5435648545803955,-0.9671887456127595,1.3259775038750865,0.0033192154421650753,0.0
0.5598736416079297,-0.6925160302642205,-1.482505827255296,0.033557941779866124,1.0
0.5598736418460057,-0.6925144923396356,-1.4826388372331527,-0.05728479816202283,1.0
0.5598736404910024,-0.6925152839241746,-1.4754104604340128,-0.06256085810147242,1.0
0.5435648546852956,-0.967187346833211,1.3370920205382113,4.1802097496818254e-05,0.0
0.6271579195165164,1.6078114961970902,0.1608611051791745,0.001898589131427398,3.0
0.5435648551303743,-0.9671916212602756,1.3314357958457774,0.023960392874851345,0.0
0.5598736419888296,-0.6925179005545654,-1.4775481711414664,-0.026742173144530937,1.0
0.6271579197004091,1.6078144936797552,0.16027237827254856,0.006049851746945624,3.0
0.6271579198066711,1.6078109835316026,0.15899878000726989,0.017009846683328406,3.0
0.6271579199695748,1.60781162834785,0.1606203255182766,0.033470822943550915,3.0
-1.731788180828878,0.054050660781536315,-0.006403929747623924,0.05205592185166364,2.0
0.5435648555164676,-0.9671891192777806,1.3451773943253889,0.016673170819428474,0.0
0.5598736414089333,-0.6925146010915839,-1.480005075512808,0.04289756555213002,1.0
-1.73178818103498,0.054050095606434014,-0.0013665528899796818,-0.01162890348185456,2.0
-1.731788181950904,0.05404969641206441,-0.007719654241916325,0.05091393519340877,2.0
0.5598736417379573,-0.6925150348509503,-1.471303725893217,-0.03681665325901992,1.0
0.5598736411744958,-0.6925130974480591,-1.482719736981781,0.0012291564377062047,1.0
0.559873641766064,-0.6925145731558516,-1.4772486664364044,-0.052476556405237344,1.0
0.6271579194738433,1.6078117139721542,0.16254869571484734,-0.025995664921954213,3.0
0.5598736420274028,-0.6925165397362952,-1.4795063918177684,0.021939105933639326,1.0
0.6271579192463741,1.6078105749831753,0.15791743476070938,-0.02158803698561437,3.0
0.6271579203781658,1.6078126030159599,0.16054222886457553,-0.04415067906281137,3.0
0.5435648541602798,-0.9671920043941662,1.337658751602768,0.007965222478530617,0.0
0.5598736417680475,-0.692515341182936,-1.4765518600556697,-0.019610704562039786,1.0
-1.7317881804923037,0.05405263965933308,-0.008055112716268076,-0.010477167402653491,2.0
0.5598736416124285,-0.6925180962185599,-1.47785407531924,-0.010885204394656562,1.0
0.5598736416298025,-0.6925171305295591,-1.4763984822284764,0.03999125261073549,1.0
-1.731788181742921,0.05405001155224165,-0.005289631488504675,0.01606403454389531,2.0
0.5435648548677989,-0.9671910832993641,1.3331852642596291,0.024210079112499255,0.0
0.5598736415800551,-0.692520690603831,-1.4765058629181962,-0.04189884431315432,1.0
0.5598736408819098,-0.6925170434241674,-1.4780552462785523,-0.008102428340066118,1.0
0.5435648556486744,-0.9671887803237449,1.3270539867433007,-0.0010828748815370996,0.0
-1.7317881819019,0.05404792629243889,-0.010567112031959711,-0.016574362516294374,2.0
0.5598736411910463,-0.6925155944733142,-1.477010979351427,-0.08381848052981283,1.0
0.5598736413385363,-0.6925184668953893,-1.4785774667263583,0.0018104460234125495,1.0
-1.731788181980038,0.05405227561254196,-0.0071677248603768074,0.03317057978156554,2.0
-1.7317881818190703,0.054048652236592484,-0.005692383042699978,0.0011387169855657903,2.0
0.559873641225513,-0.692515019049327,-1.4743285764594851,-0.03040496869651454,1.0
0.6271579201891115,1.6078144581214573,0.16332458760818683,-0.005418885124346864,3.0
0.5435648547353622,-0.9671889484670845,1.3372288149747822,0.014985983238377519,0.0
0.5435648550159041,-0.9671874577125914,1.3314945813258607,0.059456483455474794,0.0
0.6271579196898049,1.607813381719601,0.16190032680515745,-0.05044977566271297,3.0
-1.7317881813458265,0.054050621531354835,-0.0009214993308405058,0.041026665945894124,2.0
0.5435648549750919,-0.9671922566670529,1.3376847504075104,0.030584502872853823,0.0
0.6271579205093016,1.6078104548932977,0.1639933820101148,-0.006891013734258314,3.0
0.5598736415821174,-0.6925153961838811,-1.4754495917397912,-0.03230864869570256,1.0
0.5435648548912001,-0.9671912301683094,1.3338138600356297,-0.027125447659665434,0.0
-1.7317881818954894,0.05404833242276788,-0.001227677712230078,0.05107033889138782,2.0
0.5435648542181817,-0.9671899448513346,1.3385700081589913,0.04408548860787092,0.0
0.5435648550998855,-0.9671880245294925,1.326327707568549,-0.03162522280235337,0.0
0.627157919617337,1.6078129695108372,0.15844198445096913,-0.02240384941304238,3.0
0.5435648548511708,-0.9671887614096548,1.3319288721821243,-0.00036525559161668905,0.0
0.6271579197582599,1.6078116787634076,0.16066721230309514,0.02175266127802784,3.0
-1.7317881813475287,0.054050383800571186,0.0017490952081651162,0.01720583611216935,2.0
0.5598736419598653,-0.6925176883328747,-1.480277757779988,-0.025227758973598184,1.0
-1.7317881817146676,0.05404963722394623,-0.00156994941631551,0.018161079475675704,2.0
-1.7317881813602982,0.05405356209664898,-0.006346022019856534,0.013714991482047672,2.0
0.5598736411887859,-0.6925147345907386,-1.4735774564989603,0.04150586175664994,1.0
-1.7317881817983711,0.05404866158989207,-0.004949358250206116,-0.0548786955375106,2.0
-1.7317881809547644,0.054051063939639966,-0.0019261673705330575,0.043813161137123,2.0
-1.7317881816614027,0.05405270052783653,-0.007950089382279785,-0.032014524574036404,2.0
0.5435648548385759,-0.9671912931319521,1.3320512450341426,0.0744714088106399,0.0
0.5598736422067376,-0.6925132466747201,-1.4864196047341056,-0.040610651388522157,1.0
0.5598736408814737,-0.6925179638039622,-1.472851046446941,-0.009342918026593736,1.0
0.5435648552772332,-0.9671913272747041,1.3375055040780477,-0.05182208573583175,0.0
0.6271579193209785,1.6078098726824048,0.15973558233658533,0.009421861012032625,3.0
0.5435648543389215,-0.9671925359748048,1.333583129563789,0.04415382622309003,0.0
0.5435648545307376,-0.9671892482079649,1.3362932633238909,0.012615182444627152,0.0
0.5598736404434966,-0.692518172619203,-1.4725726105076076,-0.011573435527596649,1.0
-1.7317881818210095,0.05404978397936807,-0.003223462779715622,-0.025102179551529283,2.0
-1.7317881817073464,0.054050820801661105,-0.008771631363990433,0.009367447204035872,2.0
0.6271579195117539,1.607808581063156,0.15896527471478245,-0.05347437247330303,3.0
0.559873641399192,-0.6925168876252537,-1.4774804158880717,0.04100996866070355,1.0
-1.731788181980791,0.05405265644640144,-0.006624245715886022,0.03735173991280598,2.0
0.6271579198048207,1.6078090109718568,0.16378821395287235,-0.02739585801213295,3.0
0.6271579199006259,1.6078136642931495,0.16621844918874265,-0.0033590635118034085,3.0
0.5435648548141229,-0.9671899353980653,1.3347125528381074,0.014638566467405648,0.0
0.5598736414719546,-0.6925178435736777,-1.4730700314105,-0.028591447870764966,1.0
-1.7317881817920984,0.05404917708559073,-0.005797484544326658,0.01329021982129895,2.0
-1.7317881819227685,0.054049606518653606,-0.00921756165130669,-0.018774111543182516,2.0
0.6271579197113721,1.6078089767111385,0.15653283321898792,-0.01534870416835718,3.0
-1.7317881816970633,0.05405233526321442,-0.0009366754635388865,-0.010431386210007972,2.0
0.5598736415255516,-0.6925142133388827,-1.4777392546412436,0.006302496686902134,1.0
0.6271579193783783,1.607811621573239,0.1565960638925317,0.03214266017909676,3.0
0.5435648548930687,-0.9671880928601055,1.3285103273850274,0.005681595955916694,0.0
0.5435648549832189,-0.9671893202371242,1.3313918519448773,0.03384261152282093,0.0
0.62715791998431,1.60781163009651,0.16153767986816472,0.010363226216052514,3.0
0.54356485452293,-0.9671866223953592,1.3296176291704862,-0.014500439448793444,0.0
0.5435648550793891,-0.9671869962543721,1.3369460561188968,-0.013996754996519012,0.0
-1.731788181774514,0.054047481816449465,-0.00396967470433129,0.021475043731868017,2.0
0.6271579204114736,1.6078112624530563,0.1745500417266555,-0.08065294504742732,3.0
-1.7317881820495737,0.054051783674964195,-0.005167326416124601,0.008563474760436576,2.0
-1.7317881818119636,0.054051309903359976,-0.012586761781671073,-0.00472570808298718,2.0
0.5435648540666977,-0.9671889248606174,1.3366959329912214,0.058925915959038525,0.0
-1.7317881817242484,0.05405017972860563,-0.011891412215586957,0.004701995656199921,2.0
0.5598736412228223,-0.6925127342423634,-1.4858624035933796,-0.028548612381314207,1.0
-1.7317881817837188,0.05405168171846977,-0.0008310794639184479,-0.006568149061541833,2.0
-1.731788181098567,0.05405073087150936,-0.00015116655352648663,-0.027688730334904706,2.0
-1.7317881814740657,0.0540486139001152,-0.008483661267078656,-0.020509057917098557,2.0
0.6271579200508559,1.6078100699594644,0.16310735477172647,0.04448789548419304,3.0
0.6271579200568165,1.607810688411891,0.15738640036117751,0.0371563548316083,3.0
-1.731788181453512,0.05404673835300691,-0.005319934587548969,-0.011632559585991206,2.0
0.5435648538765775,-0.9671907328630258,1.3322612596174872,0.03244485883684553,0.0
0.5598736418244387,-0.6925149589258166,-1.4729777799307648,-0.03314554764979599,1.0
-1.731788181695991,0.054049942550818006,-0.012380584764180504,0.040483855613673486,2.0
0.6271579198425592,1.6078113658759534,0.16496326692239038,0.012190096096179758,3.0
0.5598736415615146,-0.6925160826363487,-1.4778549761140924,-0.039179279435351745,1.0
0.5435648546949455,-0.9671899276848721,1.331113652486736,0.06594010582792885,0.0
0.6271579194936195,1.607812143453718,0.16366238109499437,-0.03692041686618741,3.0
0.5598736410392889,-0.6925161869356883,-1.4743726366395848,-0.03803410219633914,1.0
0.5598736422795905,-0.6925153589624238,-1.4846631958544174,-0.030171449307515065,1.0
0.5598736409030577,-0.6925118080446718,-1.482358651864162,0.03051543137068723,1.0
0.6271579203982278,1.6078116741129014,0.1530175980021796,-0.027395778714946365,3.0
-1.7317881812580327,0.05404698098382205,-0.009262513226340552,-0.006672171628797571,2.0
0.6271579203059232,1.6078161882334223,0.1670246950077822,0.027881258883027497,3.0
0.6271579205644593,1.6078100115334466,0.1521223664378298,0.0678312362048017,3.0
0.5598736417996625,-0.692513820101399,-1.4788821444237987,-0.043017156738139474,1.0
-1.7317881811382374,0.054050299422447066,-0.007307151262265643,-0.0028164258917662143,2.0
0.6271579196821252,1.6078118067879505,0.16013407326575627,-0.04154677671291243,3.0
-1.731788180855981,0.05405083075723344,-0.0065417304927751045,0.005209559679562984,2.0
0.5435648543945676,-0.9671887235603747,1.33564564910187,0.007581295678465557,0.0
0.559873640296129,-0.692516661230892,-1.4829175867627673,-0.02588688198829574,1.0
-1.7317881813646825,0.05404923230284335,-0.0010152714126565423,0.014443057343094833,2.0
-1.731788181309003,0.05405294091742434,-0.006630796153189339,0.05846393354320409,2.0
0.5598736414967999,-0.6925167750639458,-1.4742607861896653,-0.0261626220706524,1.0
0.6271579196110602,1.6078115738332188,0.156996474614422,0.028425855055729133,3.0
-1.7317881822052896,0.05405022301188722,-0.00407197744794152,-0.03857459852435691,2.0
0.6271579193486367,1.6078107052682329,0.16176390770727234,-0.015120887891994129,3.0
0.6271579198450917,1.6078119449855495,0.16190242124643958,0.06417675524667363,3.0
0.5598736405204208,-0.6925169663728036,-1.4734891839233535,-0.010153233453760908,1.0
0.5435648546987125,-0.9671914391896328,1.3283303252869443,0.0402196175580308,0.0
-1.731788180994726,0.054049906231782595,-0.0034702444013198774,-0.06071394461493282,2.0
0.559873641377431,-0.6925146584496168,-1.4804432258416425,-0.012450591857487281,1.0
-1.731788181544628,0.05405302402591211,-0.003137344663760878,-0.016654316192017057,2.0
0.5435648547876181,-0.9671890396716798,1.334065765223895,0.019112618188691706,0.0
0.5435648554080982,-0.9671905005220167,1.336833113507272,-0.05186364881015248,0.0
0.5598736411708362,-0.6925151314868684,-1.478858307451756,-0.0733153317173809,1.0
0.6271579202773776,1.6078103192357251,0.15857231137695857,0.006096989707704651,3.0
0.6271579199872591,1.6078103268060884,0.16464038389600322,-0.008063659936642166,3.0
0.6271579194377322,1.6078128412016086,0.16634539204363602,-0.011935062375865368,3.0
0.6271579203714028,1.6078115416716665,0.16194432262637629,-0.019280359981604055,3.0
-1.7317881814906513,0.05405233674159374,-0.0016031695590662193,-0.0007877892728959731,2.0
0.627157919900568,1.6078116480307012,0.15959051625445167,0.0240537820578951,3.0
0.5435648550021043,-0.9671906242774597,1.3357311041577256,0.0050570926576539044,0.0
0.5435648545550557,-0.9671881672636532,1.3360950844795818,0.04968238104448374,0.0
-1.7317881825830528,0.05404898768842984,0.0024897940025215273,0.03970249613622641,2.0
0.5598736415752391,-0.6925147243002506,-1.4756150027470125,-0.006943409917408342,1.0
-1.7317881814544356,0.054049907228796955,-0.0005234258318438552,-0.036087156957912425,2.0
0.5598736417208557,-0.6925168473084382,-1.4788234532815883,0.06277547035260309,1.0
0.5435648542795335,-0.9671879648620647,1.3363351452320733,-0.012553025845324564,0.0
0.5598736421509644,-0.6925171036932389,-1.477745182596203,-0.08921465614520514,1.0
0.5435648542071043,-0.9671905865098647,1.3318227930317563,0.06746826803278942,0.0
0.6271579199453766,1.6078119675205162,0.1556038562475848,0.02837657942234515,3.0
0.5598736410709019,-0.6925150327084973,-1.4809799982458256,0.015385173749762802,1.0
0.6271579196749603,1.607809704369624,0.15957429231421427,0.0010363658927685373,3.0
0.5435648547892269,-0.9671902392976555,1.3362853363487408,-0.018225250649590557,0.0
0.5598736414335308,-0.6925177679925538,-1.4769495948056264,0.004778131494681358,1.0
0.5598736414354603,-0.6925187571216085,-1.4835456907379816,0.022574009073064328,1.0
0.5598736411772,-0.6925188397690605,-1.480147331600484,0.008543017139601814,1.0
0.6271579204269137,1.6078109661212676,0.1574135943349938,0.09889946044717092,3.0
0.5435648547732937,-0.967187841058446,1.3325688420002568,0.03675645770075693,0.0
0.5435648544720681,-0.9671891138254003,1.3378650978952675,0.031163167890635873,0.0
0.5598736418797872,-0.6925172673415231,-1.4809249453417699,-0.009025527680896083,1.0
-1.7317881819815222,0.05404842133724596,-0.0035271421729896704,0.048855646426568866,2.0
0.559873641026528,-0.6925161374362885,-1.47616245934733,-0.051859466148852756,1.0
0.6271579195800245,1.6078098151617994,0.15688860578997163,-0.0018321553383460797,3.0
-1.7317881819346905,0.054052018856322735,-0.0054188963207484975,0.018294848957667215,2.0
-1.7317881809106943,0.054050171908382426,-0.005450148190608407,0.019363793390859523,2.0
-1.731788181689098,0.05404844399294411,-0.012023122446304825,0.08579184398742914,2.0
0.5435648554127721,-0.9671894803649959,1.33732171607529,-0.07196742120932563,0.0
0.5598736413135738,-0.6925174392685407,-1.4766744310734417,-0.010604051804805451,1.0
0.6271579202829625,1.6078122352350657,0.1609721683670473,-0.07303450450809187,3.0
0.6271579200148795,1.607813008410164,0.15865830635435138,0.021617613656457525,3.0
0.5598736423800564,-0.6925145570545408,-1.478863788692838,-0.015749145816986047,1.0
0.5435648553141318,-0.9671897889012163,1.3347151799471537,-0.02056094628773962,0.0
0.5598736417685685,-0.6925179026096046,-1.4779620610218667,-0.03233452366719013,1.0
-1.7317881812245532,0.05405047101383667,-0.000942646103587864,0.0004903198470499433,2.0
0.5435648552626845,-0.9671899076773608,1.3294282268182918,0.05194838407593816,0.0
0.5598736418535943,-0.6925162672670726,-1.4778664356019826,-0.02956623651135198,1.0
-1.731788181365019,0.05404953249780082,-0.011332384582440113,0.05297294194678154,2.0
0.5435648546239861,-0.9671880561442909,1.3364422609438837,0.009938005990412578,0.0
0.5598736414509704,-0.6925165899428161,-1.4825544539328017,-0.019686724956533962,1.0
0.5598736415888321,-0.692516960296177,-1.4798783413005325,-0.06549503626753184,1.0
0.5598736413149423,-0.6925159336586064,-1.4791679872112669,-0.042079812786457386,1.0
0.5435648548363323,-0.967186339910441,1.3383033232906048,-0.010900906543203092,0.0
-1.73178818110399,0.05404697108781004,-0.0031031426104480868,0.02511096254769064,2.0
0.5435648544719206,-0.967189904022296,1.3232953394017715,0.025511311555801157,0.0
0.6271579198393117,1.6078115129109432,0.16218501625106838,0.05421566444880127,3.0
0.5435648549403357,-0.9671916767117865,1.3401256631021095,-0.007427702124965225,0.0
0.5435648547942213,-0.9671892117235138,1.3296850233191078,-0.021895382986364117,0.0
0.6271579198554013,1.607813031558294,0.1565584823492224,-0.009710668275085831,3.0
-1.7317881819352696,0.05404933654743822,-0.005746204122021223,0.023060700933376487,2.0
0.6271579198622456,1.6078124649736216,0.1584055142473874,-0.04273818841257294,3.0
0.6271579203057895,1.607808974386486,0.1610567959586229,0.007879771725322273,3.0
-1.7317881815198706,0.054049957230233564,-0.005131094654457956,-0.035809108633223494,2.0
0.6271579197722936,1.6078096416134535,0.16292163748168592,-0.04501010668091807,3.0
0.5598736417888075,-0.6925162686906005,-1.482997826153114,-0.01704153033676048,1.0
0.543564854980926,-0.9671895626555718,1.337573297610271,-0.03448906876657968,0.0
-1.7317881806843787,0.05405328789233207,-0.0024169458879456777,0.017480606778430132,2.0
0.6271579194225555,1.6078107724729056,0.16148788597388444,-0.0004444408050353851,3.0
0.5598736406683655,-0.6925155437311853,-1.476262222113226,-0.027602106687841233,1.0
0.6271579194224064,1.6078082117502022,0.16043052771193583,-0.0247071387587758,3.0
0.6271579198479734,1.6078140543270405,0.15851859979408067,0.01652453479537276,3.0
0.5435648543974596,-0.9671886334057133,1.3396582424187649,-0.03199752909069733,0.0
0.559873641522487,-0.6925180307019391,-1.4757857449319176,0.022372696160279974,1.0
-1.731788182107462,0.05405004453843805,-0.0012026688408928465,0.01753685902568136,2.0
0.5598736418340481,-0.6925183040487476,-1.4789475508465049,0.02459305187960188,1.0
-1.7317881817065213,0.054047181670669624,-0.006317494821080213,0.05190758652901946,2.0
0.6271579197805164,1.6078100772075365,0.16415961691077383,0.0075475515533519055,3.0
0.6271579195388107,1.6078126816945733,0.17063657582458222,-0.013206107870318331,3.0
-1.7317881817368488,0.05404964869773298,-0.005675412603425009,0.022701691032567133,2.0
-1.731788181590271,0.05405197068725046,-0.005637920650136939,0.026716483528514405,2.0
0.5598736419061023,-0.692515104273256,-1.483112177199716,0.03689649296059374,1.0
-1.7317881819929193,0.054052362044512844,-0.005456089287372146,0.017564256368177787,2.0
0.5435648551501453,-0.9671866775813132,1.3370878672741708,-0.011087989956808356,0.0
0.6271579193590175,1.607808974269099,0.16176505902491614,0.032610274506788314,3.0
0.559873641713917,-0.6925171515196176,-1.4816468184160199,-0.004425602896959182,1.0
0.6271579195330264,1.6078108979312244,0.16158352800131168,-0.06265158789258364,3.0
0.5435648549538418,-0.967185793004541,1.3317413214333207,-0.018977397509143252,0.0
0.6271579194765003,1.6078169549161756,0.159065409334344,-0.03732459522771997,3.0
0.5598736415350615,-0.6925123999005258,-1.479939554329854,-0.060235319241355,1.0
-1.7317881810505904,0.05405002618998764,-0.003673774333941083,0.02455059197221852,2.0
0.5598736413406453,-0.6925165232235786,-1.476985951175108,0.0257989534788806,1.0
-1.7317881818181728,0.05405131918605193,-0.00372468307529231,-0.0048592022883539795,2.0
0.5598736413665444,-0.6925161045105817,-1.4800995379843302,0.00047562772852424257,1.0
0.5435648548449732,-0.967189484563438,1.3365973211453819,-0.0017362171113750441,0.0
-1.7317881815058205,0.0540500502424013,-0.0034934779201449048,-0.012248600376621024,2.0
-1.7317881812530393,0.05405125249907688,-0.0059999620519442035,-0.06338726017656646,2.0
-1.7317881807780198,0.054052448832899655,-0.006763995000461578,-0.005837034756619191,2.0
-1.7317881819151903,0.054053519965978306,-0.0019120736479861914,-0.03211437846075567,2.0
-1.7317881814642082,0.05404876573535055,0.003748423967552377,-0.016087436706867048,2.0
0.6271579201068862,1.6078110730064303,0.16458459380177026,0.03686001727566948,3.0
0.5598736408933657,-0.6925159741313334,-1.4759258631673566,-0.024842000729883695,1.0
0.627157919772373,1.607812640173404,0.15731125618866879,-0.0038226512545710247,3.0
0.5435648550041081,-0.9671908346768462,1.3307423847197586,0.08681276094902553,0.0
-1.7317881810265494,0.0540503398563295,0.003263443829994044,0.029378469110000596,2.0
0.5435648543583361,-0.967188750125482,1.3334590198757172,-0.05270970244783708,0.0
0.5435648541824194,-0.9671908336713678,1.3297610484449032,0.03074802653394177,0.0
0.5435648548504887,-0.9671935930139777,1.330634146901477,0.0025300827069459995,0.0
-1.7317881814303882,0.054051891533838325,0.0011206739322051674,-0.0005801636453314952,2.0
0.5435648552861309,-0.9671924375558986,1.3295920720361114,-0.004025851508434708,0.0
0.5598736416539765,-0.6925174615010576,-1.482741169608801,-0.015245682960465405,1.0
-1.7317881813733151,0.05405108303489298,-0.006974834044329545,-0.03746538506682482,2.0
0.6271579193956227,1.6078110228428568,0.15833800141792928,0.02080521234442163,3.0
0.6271579200850933,1.607808643823103,0.16176353497230672,-0.016239927332960105,3.0
0.5598736413447986,-0.6925167687178784,-1.478491274250942,0.0051794839455137735,1.0
0.6271579195422822,1.6078112252040906,0.1638845269200344,0.008039917427990437,3.0
0.5435648548689389,-0.9671874413881174,1.3304808904069878,-0.015644960286629674,0.0
-1.7317881816431717,0.05404886423836157,-0.013344777579474547,-0.00510030284282142,2.0
0.5435648543512093,-0.9671902595535552,1.3310615910930235,0.019568221967769386,0.0
0.6271579195632455,1.607810497766146,0.15507685203584892,-0.011403661315019482,3.0
0.6271579197547271,1.6078099692556171,0.16075938473732232,0.056358530217921386,3.0
-1.7317881816465166,0.054050218789503904,-0.005279364376896019,0.012434573592935524,2.0
0.543564854162364,-0.9671880448854654,1.3236022234792926,0.05055749776898041,0.0
0.5435648549798809,-0.9671886015277722,1.3327210416363187,-0.002186530320667139,0.0
0.6271579200032409,1.6078113015362514,0.16132518768962892,0.002013464602685081,3.0
0.5435648547221719,-0.9671899622355739,1.3342920270507872,0.035926719754127825,0.0
0.5435648547297831,-0.9671903871246551,1.3419182844120507,0.03344302733540458,0.0
0.5598736420864716,-0.6925167126073768,-1.4739220535380388,-0.047004874372977914,1.0
0.5435648544197371,-0.9671921293097978,1.3305173694234969,0.02880756067263419,0.0
-1.7317881808133493,0.05405052118413973,-0.009376424594310304,-0.008129966625148768,2.0
0.5598736416060023,-0.692514088584393,-1.4732397284396321,-0.03960174083408052,1.0
0.6271579195979802,1.6078125989554302,0.15777608467780516,0.008360134633043635,3.0
0.559873641003152,-0.6925162168262285,-1.477921806643899,-0.021544931887712962,1.0
0.5435648547082194,-0.9671890209153305,1.32702723469433,-0.03880744243671059,0.0
0.5598736413540318,-0.6925139081773315,-1.4846821072636431,-0.02014408196616703,1.0
0.6271579203500343,1.607812141996607,0.16286700152915695,-0.028505560651142438,3.0
-1.7317881810763804,0.05404981049395689,-0.0014354083309988952,0.02067628565680576,2.0
-1.7317881814573695,0.05404848033538293,-0.002196687465139369,-0.050724163739782294,2.0
0.559873641497878,-0.6925148993572315,-1.4761499737437476,-0.01730157482966474,1.0
-1.7317881818504508,0.05405084213172063,-0.004887903360275008,-0.03674144461000296,2.0
0.6271579202157753,1.6078094327860188,0.16110679499087913,0.0050785654888566905,3.0
-1.7317881809284774,0.05404963334230848,-0.009267452799285494,0.02766287867656217,2.0
-1.731788181273501,0.05405148897722197,-0.006931787743740411,0.03366603358063591,2.0
0.5598736406587198,-0.6925134736990616,-1.480711369370706,0.0010151463680797637,1.0
0.6271579196208249,1.6078145567586433,0.15762657150266274,-0.02273218185698281,3.0
0.6271579195866408,1.607812018881505,0.16115173041905997,-0.011791672420778285,3.0
0.559873641610749,-0.6925151926177507,-1.4823501671315775,0.004660608604667604,1.0
0.5435648540390274,-0.9671875928434557,1.3339632127539418,-0.0766085037991886,0.0
0.5435648554780427,-0.9671899570567088,1.330433567935792,0.002945376360087396,0.0
-1.7317881816392113,0.05404754528654043,-0.007406248975204159,0.03174029180350364,2.0
0.543564855172532,-0.9671906935777693,1.3371194839258207,0.02031814219758709,0.0
0.5435648547686897,-0.9671917888581084,1.32850898245936,0.053785036056723,0.0
0.5598736412821039,-0.6925149833077063,-1.4787082740768493,-0.008241724187187336,1.0
0.6271579203628811,1.6078113916011503,0.1669164854679232,0.03762674671338315,3.0
0.6271579200774315,1.6078133289842278,0.1551267376733848,0.0320760788340406,3.0
0.5435648548256476,-0.9671904961171182,1.3374258607677207,-0.0023753838080699703,0.0
-1.7317881814116332,0.054052091963915555,-0.01148556931446261,0.03945193334500588,2.0
0.5435648542589485,-0.9671915228291644,1.3266683739356577,-0.014228903710498208,0.0
0.627157919760077,1.607812466925991,0.15757813400708645,0.062368282230100415,3.0
-1.7317881817358056,0.05405338213783156,-0.003953280349633455,0.03487290775047895,2.0
0.6271579193890506,1.6078124384790924,0.16187720072325137,-0.002701810842408545,3.0
0.5598736414914796,-0.6925162986032248,-1.4851028352092865,-0.03636437394109666,1.0
0.5598736416212425,-0.6925146286831995,-1.4768386447137818,0.026220014311458446,1.0
-1.7317881814923188,0.05404969242572447,-0.0012185050839292487,0.01893905831419577,2.0
0.5598736421786336,-0.6925180992260551,-1.4686780344906,-0.050219086706528755,1.0
0.6271579201734504,1.6078128248543149,0.16016927049212926,-0.012834695751066303,3.0
-1.7317881805926543,0.054050012947805336,-0.0027136998106871324,0.015245067575101577,2.0
0.5435648541633769,-0.9671889309492048,1.328223174460931,0.05954414767458579,0.0
0.5598736411605971,-0.6925169646452859,-1.475730301211827,0.00627990712858168,1.0
0.6271579194727993,1.6078092242678454,0.1603098263040057,0.046688204246233087,3.0
0.5435648545892867,-0.9671935302669079,1.331945107053641,-0.01806271631991774,0.0
0.543564855175514,-0.9671911959157596,1.3333239185596235,-0.034119852232452307,0.0
0.5598736410727642,-0.6925162914863384,-1.4865471389036595,0.009221860091809255,1.0
0.5598736411367917,-0.6925181846886997,-1.4750161597960574,0.010360968065752355,1.0
0.5598736414540358,-0.6925164063766623,-1.4780258886607833,0.0343861640022479,1.0
0.5435648557002221,-0.9671908363029073,1.3348153784989623,0.0019708013737363486,0.0
0.5598736410932228,-0.6925160808940181,-1.4818473034017132,-0.013779307637271735,1.0
0.5435648547203967,-0.9671892110370706,1.336963734599805,0.042829665159562505,0.0
0.5598736411882904,-0.6925121330742198,-1.479616048526356,-0.02885478531011638,1.0
0.627157920166849,1.6078120160999054,0.1628995901257204,0.006854842830427592,3.0
0.6271579192993304,1.6078102063626756,0.1625964773919689,-0.011847883383936508,3.0
-1.7317881812219182,0.0540518749639173,-0.003907404812302006,0.03493128327871903,2.0
0.559873641368554,-0.6925153488113146,-1.4788462960206878,-0.017731411642309403,1.0
0.559873642458534,-0.6925157889727881,-1.484229657920621,-0.001179405714809723,1.0
0.5598736410439007,-0.6925150099278334,-1.4814695153900141,-0.03983757462343272,1.0
0.6271579197871864,1.6078087130434857,0.1614776576325229,0.03906094034950858,3.0
-1.7317881811784441,0.05404917461302379,-0.000789822110785121,-0.041452224508657515,2.0
0.627157920012411,1.6078117726861967,0.16255767290888193,0.016738951801426698,3.0
0.6271579196224897,1.6078091181699585,0.16688991005736498,0.01690792070914263,3.0
0.5435648548139365,-0.9671933528007447,1.3376186729267279,0.09173811265476707,0.0
0.5435648544294402,-0.967191088268704,1.3371394072611338,-0.017414854585449717,0.0
0.6271579202894306,1.6078125963081533,0.1674271947355317,-0.05827504953377875,3.0
0.5435648545484196,-0.967191138341395,1.331141571954792,-0.0555015916703455,0.0
0.6271579200567886,1.6078098686176177,0.15908092440917762,0.012893934561517556,3.0
0.6271579193599541,1.6078098822849434,0.16095821600384563,-0.015928510420422468,3.0
0.543564854764761,-0.967190486891046,1.3386285239295206,0.012736395094632523,0.0
0.5598736411034533,-0.6925183181210034,-1.4776236785491867,-0.014375557266635289,1.0
0.5435648544847547,-0.9671886177097953,1.3279477741939594,0.01486196525821941,0.0
0.5598736410767354,-0.6925154932191644,-1.4768137748151267,-0.019207897819149788,1.0
0.5598736411762871,-0.692518048766527,-1.4856242609501662,0.025604866172815235,1.0
0.6271579196751352,1.6078126829777604,0.16053953673540897,0.07275269854556302,3.0
0.6271579197288232,1.6078110065937306,0.16154217936390533,0.020366276362972252,3.0
-1.731788180208241,0.05405173673989853,-0.0015677629160961118,-0.016785152709952452,2.0
-1.7317881808217643,0.05405014717824286,-0.0008587134363169283,0.009056107437455373,2.0
0.6271579197134385,1.6078136275295762,0.16489607379884955,0.003082097151122105,3.0
0.6271579196953793,1.6078104792487422,0.1637531065841731,-0.014593296793019756,3.0
0.5598736416832708,-0.6925168583421969,-1.4767888497281005,-0.0074534322136936195,1.0
0.5598736421288166,-0.6925148435415603,-1.4774018157514284,-0.03754901900855456,1.0
0.5598736412961227,-0.6925177795432728,-1.4825762458263443,-0.05743774813453358,1.0
0.6271579196482248,1.6078117095732114,0.15544869597252625,-0.003029138860950879,3.0
0.6271579192250757,1.6078110609298495,0.16658571413048173,-0.01542323491319659,3.0
0.543564855011596,-0.9671869109058517,1.3322647800727487,-0.00681875081672148,0.0
0.5598736410169106,-0.6925154082338657,-1.4811537295847073,-0.015745129460997383,1.0
0.6271579196989056,1.6078084817466984,0.15380038503579632,-0.0046735623411502366,3.0
0.5435648542991472,-0.9671893324871371,1.3287039180774736,0.03988900512071144,0.0
0.5598736417338352,-0.6925132350541646,-1.47521009221632,-0.008766332757248073,1.0
0.5435648550276191,-0.9671868733812148,1.328681654188792,0.0077421246779104036,0.0
0.5435648543221057,-0.9671909401357579,1.3347526781951284,-0.0016971432115212692,0.0
0.627157919713455,1.6078113228417872,0.159763183351114,0.030058071814259367,3.0
0.6271579193749448,1.607810198359369,0.1647812346042984,0.06877168053795436,3.0
-1.7317881813245857,0.05405009951420643,-0.0011763243693181456,-0.0020880965263600708,2.0
0.6271579201133155,1.6078106268183565,0.16097634906959304,-0.03591700036807405,3.0
0.5435648546293966,-0.9671904481720869,1.332331593395969,0.059496243019257954,0.0
0.5435648544612792,-0.9671897629312455,1.335612852336386,-0.016590588766550698,0.0
0.5598736412768746,-0.6925147722295342,-1.4811402938101925,-0.016484243064994193,1.0
0.5598736414710526,-0.692518951285281,-1.4752561610095722,-0.051514843732529965,1.0
0.6271579200861409,1.6078103332117522,0.1536185463555752,0.0010014958732653,3.0
0.5435648546554519,-0.9671878404099329,1.339356461833341,0.007389176138443095,0.0
0.5435648552265984,-0.9671902014017406,1.3311410080471704,0.00926497099130514,0.0
0.5598736414095327,-0.6925165817449992,-1.4711566368524707,-0.0649020775082428,1.0
0.5435648552300936,-0.9671894127679651,1.3334936999511582,0.04049208016205146,0.0
0.5598736417577966,-0.6925157174820247,-1.4798535249002696,-0.04039580286234272,1.0
0.6271579198439732,1.6078112728651175,0.15891137081621262,-0.02610896045373584,3.0
0.5435648543791656,-0.9671863296266902,1.3286653769546621,0.01184655304145608,0.0
0.627157919243281,1.6078111059972573,0.16331459796626144,0.04011931904491983,3.0
0.5435648546185999,-0.9671909631285014,1.3321342795424946,0.016855353180903726,0.0
0.5598736412539533,-0.6925154746557671,-1.4797187632959208,-0.0053218233608286125,1.0
0.6271579201667182,1.6078113224269062,0.1610033207248031,-0.03831477233741839,3.0
-1.7317881821517487,0.05404948943273124,-0.0026407604488731663,-0.031351226142563235,2.0
0.5435648547237476,-0.9671898330350297,1.3320916142090369,0.02229053803500764,0.0
0.5435648543002849,-0.9671860926891209,1.3320054277633604,0.0028781128124574533,0.0
0.5435648552189312,-0.967191285984123,1.3363165971453839,0.027548034467566727,0.0
0.5598736417004851,-0.6925153193797704,-1.4772780793638425,0.009970662932695534,1.0
0.559873640808849,-0.6925156661353464,-1.4807830990183402,0.06579678333096457,1.0
0.627157920820389,1.6078127922630367,0.16058819617893916,-0.0019263405168170023,3.0
-1.7317881818744174,0.054050009353321625,-0.001989765837579786,-0.010775620508379866,2.0
-1.7317881808645994,0.05405025159805084,-0.0012330450587619952,0.03178520153609603,2.0
0.5598736411252292,-0.6925134391161311,-1.4773134402449322,-0.04602002856120702,1.0
0.559873640838736,-0.6925170790450044,-1.4800926536603674,0.00015211484604507253,1.0
-1.7317881818113778,0.054049870770029124,-0.005010552631780308,0.003022324037750581,2.0
0.6271579200313379,1.6078117307986008,0.1613670153260542,0.04218175765510995,3.0
0.543564854037146,-0.967191380532007,1.3290834696895293,-0.016754287855679704,0.0
-1.7317881816174505,0.054049952835405084,-0.005765141358491024,0.04766126074395941,2.0
-1.7317881815999958,0.054047375663131544,-0.005104523414207451,-0.06951466736957906,2.0
0.5435648545213047,-0.9671895162345439,1.3300039790593228,0.023424960490595326,0.0
0.6271579201526454,1.6078127414763173,0.1664542418495287,0.003040064828275412,3.0
-1.731788182418428,0.05405187457947948,-0.004349931074810731,-0.052907085306456464,2.0
0.6271579194786434,1.6078117965321868,0.16018479675095157,0.004036600936634095,3.0
0.6271579195467306,1.6078102057307955,0.16275942112888553,-0.013867537191374329,3.0
-1.731788181840543,0.05405100865906907,-0.002323504536717046,-0.06596790294164148,2.0
-1.7317881812902134,0.0540528069279418,-0.0020778883614869363,-0.055622835729795005,2.0
0.5435648551475382,-0.9671903233901853,1.3348235383782532,0.02770165695796277,0.0
-1.7317881809038618,0.054048500568629934,-0.0050974146429685835,0.03346134496717586,2.0
0.5435648546334757,-0.9671926551823893,1.3298136675801344,-0.0003508636233451238,0.0
0.6271579203018418,1.6078109836369985,0.16178474794238198,0.011578492604341437,3.0
-1.7317881816447038,0.05405095639948864,-0.0052955234175979474,-0.003663185903010235,2.0
0.5435648552303746,-0.9671877207785134,1.3342094694095104,0.054911469004568544,0.0
0.6271579196370511,1.6078105594666725,0.16637727375487105,-0.008972555594673332,3.0
-1.7317881819082632,0.05404836994032106,-0.005918966061953099,0.035957391803090176,2.0
-1.7317881814693346,0.054052823516041515,-0.007799451847531688,-3.0122815831107688e-05,2.0
0.5598736412922737,-0.6925177904030696,-1.4787350063707805,-0.015579303104332717,1.0
0.5435648552131743,-0.9671881466480188,1.3351750009425922,0.010783032712669083,0.0
0.6271579194572748,1.6078117002428531,0.14917714064091242,0.03551277439062459,3.0
0.5598736417985697,-0.6925167556193499,-1.47966187631943,0.003193895379845313,1.0
-1.7317881819966434,0.05405206623393276,-0.004392357778491013,-0.02161432861101035,2.0
0.5435648547195298,-0.9671878795959808,1.3305300413862395,0.008971621471340443,0.0
0.5435648545534063,-0.9671909653598348,1.3334117182142275,0.02074122616883605,0.0
-1.7317881818646923,0.054051446659883644,-0.008276213603316417,-0.04117170327346821,2.0
0.5435648543429015,-0.9671884597768438,1.3316449464072813,0.00024436810994247983,0.0
-1.7317881814880944,0.05404712654525971,-0.005596075926495167,-0.007334773570328156,2.0
0.6271579198261408,1.6078096232091041,0.16452751589888379,8.14611625325846e-05,3.0
0.6271579193287409,1.6078118497833913,0.1616429433232346,-0.0047091524878110115,3.0
-1.731788181303498,0.054048706201338975,-0.0077164020676680585,0.04512521573218665,2.0
-1.7317881815774177,0.054049640299584444,0.0012878952763614696,-0.030000658597961593,2.0
0.5435648544280038,-0.9671904996870502,1.3317879385111044,0.0003588930034708948,0.0
0.5598736417850761,-0.6925166254959558,-1.479163680973531,-0.004385024645691096,1.0
0.5435648547773296,-0.9671876058780517,1.3282709188237452,-0.06014120367880512,0.0
0.6271579194126634,1.6078119109408078,0.15905355840230623,0.05236922375756343,3.0
0.5598736407273557,-0.6925175050354865,-1.4860305139297414,0.03364722617879749,1.0
0.5598736410714457,-0.6925190244436569,-1.4726346426635948,-0.01392578782035139,1.0
-1.731788181242249,0.05405187801228421,0.0007151726574575962,0.006331348950956616,2.0
0.559873642071487,-0.6925162098585904,-1.4820414656051546,-0.0036381454221005465,1.0
0.5598736416751611,-0.6925165288401666,-1.4788379305606016,-0.027579693657889228,1.0
-1.7317881811210503,0.05405029364166061,-0.0028622651816193273,0.027376980079865536,2.0
0.5598736418329252,-0.6925153535764308,-1.475318166886057,-0.008546787970376267,1.0
0.5435648550910702,-0.9671906467334029,1.3366468111235899,-0.024748719833921073,0.0
0.6271579207838193,1.6078114564263457,0.16926729658887768,-0.01036063000431725,3.0
0.5598736417640297,-0.6925150407035907,-1.4758189309841412,-0.031839725024080306,1.0
-1.7317881816873213,0.05405181943876562,-0.003444552828424446,-0.04365989493433524,2.0
-1.7317881816713196,0.05404849890406108,-0.007518771441826631,-0.04137889285236893,2.0
0.5598736412153534,-0.692516500617668,-1.4756666258545967,-0.07593400281286204,1.0
0.559873641714632,-0.6925169765703638,-1.4825516252391322,-0.01427936460032598,1.0
0.6271579203843144,1.6078128287689386,0.16352955481715212,-0.05238420598219379,3.0
-1.7317881812676106,0.054049017231090374,-0.007194669090141659,0.04181655625965701,2.0
0.6271579193566965,1.6078115122188141,0.1668598193304174,0.009956082890770882,3.0
0.5435648554025118,-0.9671877278205052,1.3254048321189582,0.025281099368655812,0.0
0.6271579195647783,1.6078104704167095,0.1578781934610369,-0.05407074654625491,3.0
-1.7317881812987919,0.05405085307285217,-0.008600536772079538,0.019381151922678894,2.0
-1.7317881816535707,0.05405225864211849,-0.0036782437563566907,-0.021241939032281942,2.0
0.627157920357559,1.607810343843388,0.16214719314146042,-0.01047803260898634,3.0
0.5598736411436946,-0.6925151056954761,-1.4750748081832006,-0.0030393396183086194,1.0
0.6271579192316104,1.6078109188310445,0.15513223946857876,-0.014456192974673647,3.0
-1.7317881811401101,0.05404939437076005,-0.0002081664813465743,0.03392400418411396,2.0
0.5598736416357688,-0.6925179513801797,-1.483004036500611,-0.005883950564157636,1.0
-1.731788181738666,0.05404942117281199,-0.005919085048994527,-0.04308420668115534,2.0
0.6271579193673068,1.6078110693960475,0.15729022541459606,-0.028918621590935716,3.0
0.6271579192857333,1.6078126232000778,0.15896403362549696,-0.05759180917688216,3.0
0.5435648541728821,-0.9671912012153756,1.331385733274803,0.015545673091622652,0.0
0.5598736413591394,-0.6925170711231472,-1.4809253186810731,0.04450231144900043,1.0
0.543564855131667,-0.9671887319069661,1.3345236440688064,-0.016729990926625093,0.0
0.5435648542984152,-0.967187416330219,1.337587575382734,0.06188976552157865,0.0
0.6271579200287903,1.6078115819121201,0.15665439323448246,0.016875640425324242,3.0
0.5598736410211728,-0.692513247643055,-1.4772158533042656,0.002385930878379752,1.0
0.627157920312258,1.6078104510825104,0.16415017833631204,-0.01076139159097517,3.0
0.5598736421693222,-0.6925136161685371,-1.4751784672237673,0.018109068565611737,1.0
0.5598736421174002,-0.6925192781627497,-1.474444367503736,0.020944653692833787,1.0
0.5598736413508317,-0.6925146542374289,-1.4748171130438352,-0.01775987371346761,1.0
0.5598736417425481,-0.6925122894974057,-1.4769314301952006,0.03646242878092908,1.0
0.559873641361434,-0.6925132756000241,-1.482444272421037,-0.0003690685056163606,1.0
0.5435648544254494,-0.9671894656408083,1.338458712762269,0.0574371809863736,0.0
0.6271579203882782,1.607813063039286,0.16343029407780701,-0.016995840719713863,3.0
0.5598736411441052,-0.6925138154165743,-1.481603811660103,0.02914370567806681,1.0
0.5598736415630383,-0.6925187177115439,-1.4776323469048394,-0.043744643670409415,1.0
0.5598736411988422,-0.6925166102482416,-1.4741141826175064,0.0363737647628577,1.0
0.5598736414601861,-0.692518413077892,-1.4790620563629306,-0.08339152127169439,1.0
-1.731788180934378,0.054048197618087185,-0.012083246050496816,0.02308126060476346,2.0
0.6271579193142994,1.6078097126365993,0.1566179087910028,0.003402188457494835,3.0
0.6271579199623682,1.6078113476956366,0.16052405207008433,-0.009215374957285154,3.0
0.5435648558156617,-0.9671893679977531,1.3360318093085963,0.013191570665516458,0.0
0.6271579195552996,1.6078127438413687,0.16436229946756564,0.00919661252062439,3.0
0.5435648547633093,-0.9671886252178958,1.3364372556595854,0.023916805016557668,0.0
-1.7317881814865212,0.05405039464339911,-0.0021652559830661177,0.0534974541900789,2.0
0.5435648546477809,-0.9671897885566826,1.3312955677847018,0.024452429700577524,0.0
-1.7317881815143135,0.05405023132163102,-0.007579419535409265,0.021811629915080618,2.0
-1.7317881821711576,0.05404874354743487,-0.005379606066309335,-0.03699367164631629,2.0
-1.731788181992488,0.05405269500808788,-0.007915646541523245,0.041828202870461885,2.0
-1.731788181183303,0.0540503320448989,-0.004173575187280384,-0.001540813303828042,2.0
0.5598736409693541,-0.6925136673809177,-1.4800329869590498,-0.017029260313819853,1.0
0.5598736412204713,-0.6925161937748829,-1.4856042919349572,-0.011944973251263768,1.0
0.5435648551011343,-0.9671901378478254,1.3351253415076492,0.0162682281224413,0.0
0.5435648547939325,-0.9671905789515332,1.3326018053389048,0.012300883558749002,0.0
0.5435648544747799,-0.9671927299666442,1.3362914110588235,-0.05554981364884588,0.0
-1.7317881815066725,0.05405113849566528,-0.005968180938200989,0.020075654854193777,2.0
0.5598736413824483,-0.6925147057065693,-1.4674435486325959,0.031960081887911225,1.0
-1.7317881810516607,0.054051328050060535,-0.007647160805069401,0.004173880303424237,2.0
0.5598736413028291,-0.6925152902002775,-1.4821552006033771,-0.030584955499760803,1.0
0.5435648548001429,-0.9671890479223664,1.324343768651819,0.06090295445201729,0.0
0.5598736409725772,-0.6925176077139309,-1.4818594056649563,-0.012140895396428082,1.0
-1.7317881809519342,0.05405053392490367,-0.0037236816765690716,-0.04742570204396731,2.0
-1.7317881814461378,0.054049868201966104,-0.006175803601023823,-0.015202936615992214,2.0
0.5598736417908105,-0.6925164748750098,-1.476401468284459,-0.08024420972841606,1.0
-1.7317881813193927,0.054051107744650474,-0.005503085440052763,0.05209815107357724,2.0
0.6271579204594409,1.6078124416901478,0.16067065925658075,0.04943915183364175,3.0
0.6271579200766958,1.6078109548597386,0.1620178720925156,0.07561398128881386,3.0
0.6271579199695194,1.6078077833179367,0.15723485547761332,0.04507111236336166,3.0
0.5598736418508293,-0.6925161421154049,-1.4756527551316159,-0.0667891080305297,1.0
0.6271579196869667,1.607808947331556,0.16201096728928469,0.04206047742564105,3.0
0.6271579202332538,1.6078119144600815,0.1616831612541642,-0.056987724864261735,3.0
0.5435648551900633,-0.9671855768173709,1.3301329797578372,0.0725639909285805,0.0
0.5435648548570552,-0.9671933906778183,1.3335523780262608,0.03703232983638548,0.0
-1.7317881815403906,0.054049734527615516,-0.008039484072493547,0.027014363747472923,2.0
0.6271579201299172,1.607810529791776,0.16389383876345406,-0.012434803252228229,3.0
0.6271579207122884,1.607808359591124,0.1589970343519031,-0.021182719841185232,3.0
0.6271579199831556,1.6078125259726674,0.16278199804848834,0.05733952515419779,3.0
-1.731788181495778,0.054055167489911335,-0.0022319441894134637,-0.004154702358381974,2.0
0.5435648544026387,-0.967190684495511,1.3327398265324935,0.024830175616378136,0.0
0.5435648551197659,-0.9671881761781109,1.3342933257402387,0.017744233950994497,0.0
0.6271579193381586,1.6078127343679918,0.1583646125611938,0.03571162089368346,3.0
0.5435648552524944,-0.9671921426769713,1.3349524738325194,0.05060265714656572,0.0
0.6271579199902114,1.6078115186021484,0.15767916310881014,0.03187848022452215,3.0
0.5435648545688172,-0.9671893612404994,1.3340058120691984,0.01092518975864893,0.0
-1.73178818119619,0.05405128893778815,-0.0011782173776652095,0.00797281564853606,2.0
0.6271579206483255,1.607811487686132,0.15745369257193803,0.06475872275987705,3.0
0.5598736414769094,-0.6925133363588082,-1.4793314874294599,0.007776071272431508,1.0
0.5435648550481813,-0.9671900937268788,1.3316802550302749,-0.013984695029045788,0.0
0.5598736415739567,-0.6925144317206063,-1.4829382363260253,-0.0539179744093286,1.0
0.5435648539828327,-0.967190953249286,1.3279427683286122,-0.021429770023712293,0.0
0.5598736420960605,-0.692517070731125,-1.4778380088743577,-0.0005429167235504341,1.0
0.5435648544538667,-0.9671895432034443,1.331709329179534,-0.06608007428264139,0.0
0.627157919985342,1.607810860003811,0.15778383736906654,-0.05677457244177017,3.0
0.5435648547717353,-0.9671881374706093,1.333172949977457,-0.027231417409681467,0.0
-1.731788182027374,0.05405076756224663,-0.00744869128447512,0.023497894905223613,2.0
0.5435648542954679,-0.9671932069459394,1.3364864254973572,-0.02957140677815651,0.0
0.5598736416474661,-0.6925183372255612,-1.477118036164054,-0.007122280699922301,1.0
0.5598736413694027,-0.6925165894329349,-1.4818309896693664,0.02768554600208645,1.0
0.6271579195657901,1.6078101647213352,0.15810455341333807,0.0049030201569662,3.0
-1.731788181825431,0.05405324268910115,-0.004629911792291935,0.019318687438933634,2.0
0.6271579197611952,1.6078125236300123,0.1610072791312238,0.003776277921105792,3.0
0.559873641328314,-0.6925160444697859,-1.4793818028676005,-0.01029178709669599,1.0
-1.7317881814495437,0.054047926675038965,-0.007989183718701248,0.014296529576413287,2.0
0.5435648545353553,-0.9671903121598516,1.333028871352453,0.01525362088305936,0.0
0.5435648545748683,-0.9671909161781559,1.3362025495911514,-1.1838376284881173e-05,0.0
-1.7317881815731881,0.054048301938068595,-0.003725570237607243,0.05187695548116902,2.0
0.5598736415359098,-0.6925162799251746,-1.4745836172723148,0.046584773138709866,1.0
0.5598736416794107,-0.6925145132424326,-1.47916442524884,-0.01741225663758202,1.0
0.5435648550417979,-0.9671902705157711,1.3304782266150683,0.02133608658866486,0.0
0.5435648547283731,-0.967190642013847,1.3404251433060523,-0.05494402390245805,0.0
0.627157920122409,1.6078128312520445,0.16747734791634053,0.030064148953736037,3.0
0.5435648545470076,-0.967189502566769,1.3351458536018892,0.030221289336745658,0.0
-1.7317881820697467,0.05404916521824754,-0.006138373876404106,-0.030387813097604185,2.0
0.6271579198456313,1.607808877064053,0.15732120698717036,0.029716914557061175,3.0
0.543564855054252,-0.9671867578213096,1.3322058910789916,-0.0021320719964683385,0.0
0.5435648553313844,-0.9671886443117236,1.3354468076566184,0.06294902365099207,0.0
-1.731788181320845,0.054051133110433344,-0.011685108417904762,-0.02082529168117566,2.0
0.5435648540001363,-0.9671931354977895,1.329964501814757,0.005096013943068506,0.0
-1.7317881817928538,0.05405148420602542,-0.005511891981182678,0.014767614755457181,2.0
0.6271579193656,1.6078110195402378,0.16515735018346808,0.04940662181375034,3.0
0.6271579207321357,1.6078146351702363,0.16462261482024743,0.015238012078559095,3.0
-1.731788181547673,0.05405257530513734,-0.013613696306643063,0.024900971986125568,2.0
-1.7317881817838754,0.05404985949840106,-0.004131703699867059,0.0933703047871116,2.0
0.5598736416622216,-0.6925145831637263,-1.4826652022456954,-0.045092274494210625,1.0
-1.7317881810566274,0.054047764171510436,-0.005373962151798106,0.02375173992787347,2.0
0.6271579204450648,1.6078108662979884,0.16173892363440912,0.011773701478119875,3.0
-1.7317881808244862,0.05404991568153444,-0.010055437487004524,-0.026195307361438467,2.0
0.6271579197913172,1.6078128983194262,0.16288059010046813,0.00250510660836861,3.0
0.5598736420233497,-0.6925152308153568,-1.4832662561862715,0.002300761420816625,1.0
0.5598736408771084,-0.6925165153975784,-1.4802965161376562,-0.031132604807503468,1.0
-1.7317881814247817,0.05404956440087861,-0.007489821082769326,-0.02659676345657072,2.0
0.5435648550444864,-0.9671916286969965,1.330576856166733,-0.025211329795448875,0.0
0.543564854017225,-0.96719138183104,1.3304210111618908,-0.08369475402574361,0.0
0.5435648547389943,-0.9671882848385702,1.3289426720570683,-0.001002209926156001,0.0
0.5435648545710757,-0.9671903331100319,1.3272685147883894,-0.02862821457262831,0.0
0.6271579201214713,1.6078116228108075,0.16196927962808685,0.04533606846194833,3.0
-1.731788181484825,0.05405084084571238,0.0032359174080512482,0.01618653495361942,2.0
0.5435648550541501,-0.967190677853633,1.3339327327182318,-0.06122439176939991,0.0
0.543564853901394,-0.9671909614837958,1.3347036712260567,0.05614815173189163,0.0
0.5435648547700346,-0.9671883892430891,1.328450396664437,0.0466351548006099,0.0
-1.731788181622783,0.05405181888860131,-0.005490354569477546,-0.07648390124018256,2.0
0.5435648542941497,-0.9671916834718213,1.3342066773111563,0.04760828151785835,0.0
-1.731788181738451,0.05405387980401448,-0.005633936553182103,0.012534771662686387,2.0
-1.731788180754396,0.05405466679182367,-0.008997727560767808,0.027275922782954723,2.0
0.6271579205808216,1.607811791427254,0.16183292857001266,-0.024962104229244404,3.0
0.5435648545817623,-0.9671902871699748,1.3377690214459412,0.01592031700953484,0.0
0.6271579204066611,1.6078143101606461,0.15786897575697573,-0.02638690054823027,3.0
0.543564855204878,-0.9671911285729305,1.341447041442156,0.04375171719029129,0.0
0.6271579197050962,1.607809349742737,0.16042144422293045,-0.05271052060196181,3.0
0.6271579203708965,1.6078114311684244,0.1620837705247418,-0.049430699156742613,3.0
-1.731788181512032,0.054050961776573835,-0.007023105717673264,-0.014962491422737876,2.0
0.6271579198278695,1.607809184757151,0.1544777585691295,0.05692363162278509,3.0
0.5598736414063045,-0.6925181048030455,-1.4785674823251285,-0.0650082416944335,1.0
0.5435648548526454,-0.967188037933037,1.3340598194912752,0.06841844055638982,0.0
0.6271579199592283,1.6078114177140113,0.16230837249463922,-0.0021906462171987656,3.0
0.5598736420848569,-0.6925126412156636,-1.4767468333640108,-0.0008385975031889796,1.0
0.5435648548202135,-0.9671892683090404,1.33617427133407,-0.003334476571189147,0.0
0.5598736418385262,-0.6925148068153466,-1.486346513121661,0.009357192955811002,1.0
0.5598736415421374,-0.6925164811505902,-1.4773169371175428,-0.0424539985449949,1.0
-1.7317881806819981,0.05404909624932853,0.0010752048411304467,0.015483396225301925,2.0
-1.731788181696128,0.05404915979790403,-0.011435632063509405,0.011037557061659384,2.0
0.5435648542010656,-0.9671901055416043,1.332470104040592,0.02514080156795779,0.0
0.5598736411746782,-0.6925168455490548,-1.4736701552291636,0.03806355608157004,1.0
0.6271579199725011,1.607810372528405,0.16759342063097865,0.03318992760434625,3.0
0.6271579196938556,1.6078133204427207,0.1606449906824379,0.046014170940305694,3.0
-1.7317881810447593,0.054052294686820886,-0.0047884791440555114,-0.016571235377576553,2.0
0.5435648546901943,-0.967189685557332,1.3366395412909502,-0.08352158492355612,0.0
0.543564854307147,-0.9671915595131134,1.3388146641376655,-0.022602167505706042,0.0
-1.73178818079179,0.0540516798807528,-0.004480709883303314,0.08997527011306632,2.0
0.5598736413820972,-0.6925173174669781,-1.4813794004652137,-5.426385234365502e-05,1.0
0.5435648548053844,-0.9671910163732824,1.3395026576244504,-0.0406821174196179,0.0
0.5598736406315451,-0.6925142644495053,-1.4773836268752114,0.04043800516547139,1.0
0.5435648547187683,-0.9671876537628163,1.3330643781550713,-0.04503769925761713,0.0
0.5598736403453426,-0.6925180852102487,-1.4761295080998882,0.005855873370127402,1.0
0.5598736414740396,-0.6925167328170084,-1.4797606733867232,-0.058905630220509105,1.0
0.5598736414370296,-0.6925155843319553,-1.4819750016747626,-0.0016209801963920718,1.0
0.6271579195413683,1.6078119860707953,0.1582150539905047,-0.04834363453227036,3.0
-1.7317881813215352,0.05404908553956128,-0.006089672235222079,-0.040372548322993494,2.0
0.5598736416853989,-0.6925159740477741,-1.4787988575497732,-0.010747365633560655,1.0
0.5435648546577324,-0.9671899063283694,1.3275794527474605,-0.04257285080368823,0.0
0.5598736417238008,-0.6925149470045439,-1.4809256727403115,0.02039061472623876,1.0
0.6271579202689553,1.6078120066746862,0.15694999693858927,0.03017947399991733,3.0
-1.7317881808416755,0.05405040809086185,-0.0031022405115228207,0.024444382331621554,2.0
0.5598736415673933,-0.6925133463397267,-1.4798684161723132,-0.017209156617609234,1.0
0.6271579196202469,1.6078075402453273,0.16499756734477344,0.012186256639026595,3.0
0.5598736409624777,-0.6925151703857418,-1.4802868839941319,-0.02375400079447178,1.0
0.5435648549199977,-0.967190994037913,1.330100486066465,-0.012566898904871154,0.0
0.5598736410743814,-0.6925161983816109,-1.4774826052374426,0.01712967575639927,1.0
0.6271579203063421,1.6078105662986362,0.16425327807180473,0.01500173517154966,3.0
0.5598736416601015,-0.6925198796430615,-1.4797682945329338,0.03467483619462107,1.0
-1.731788181160294,0.054052475225133165,-0.0028169355609072386,0.004387602941941009,2.0
0.5435648543276517,-0.9671883486387166,1.3290444405266248,0.0030455695595243797,0.0
0.6271579201840715,1.607813151687022,0.1565315114504835,-0.044438553899750946,3.0
0.62715791970361,1.6078119666310449,0.15413487186239638,0.013302421344076092,3.0
0.6271579197903926,1.6078126058696225,0.16512046558246088,0.022099344208491193,3.0
0.5598736419344531,-0.6925173245465472,-1.4811687107406897,-0.042500357561781374,1.0
0.5435648549975379,-0.9671890733314793,1.3299273567742802,-0.0012864567399668713,0.0
0.6271579202579138,1.607808658446799,0.1619006640567693,0.02606110597726614,3.0
0.559873641811864,-0.6925187309098992,-1.4742244155747524,-0.02617522161525103,1.0
0.6271579201241626,1.6078082080688862,0.15945638524173153,0.010300960148348613,3.0
0.543564854543914,-0.9671916141086278,1.328893282665344,-0.04642469852350091,0.0
0.5435648548767591,-0.9671882510473727,1.332220850160692,-0.018389047581749942,0.0
0.5598736415554948,-0.6925155263110743,-1.4770518218876807,-0.03117399221257616,1.0
0.6271579199183107,1.6078086622578966,0.16695560534221335,-0.020723402026367778,3.0
0.5435648544618645,-0.9671906079159153,1.3278744884000317,-0.008182785272297915,0.0
0.6271579197436715,1.6078121463888602,0.16368642377600054,0.0340583992024682,3.0
-1.731788180853026,0.05405143203915789,-0.004426836595435129,-0.021984341502811807,2.0
0.5435648542803115,-0.9671884103320332,1.3327859521725967,-0.021103278363966922,0.0
0.5598736419670608,-0.6925130154692198,-1.4849320717702754,0.05819640947933726,1.0
0.5598736421440239,-0.6925168738863169,-1.4795160404294505,-0.05313121129623973,1.0
-1.7317881808927125,0.054049805028122316,-0.00409680524131387,-0.0006616375457557017,2.0
0.6271579201495365,1.6078121716952132,0.15874554101215466,0.025123758769572874,3.0
-1.7317881813531704,0.05405144488795496,-0.002497491564464245,-0.005414967660561606,2.0
0.6271579193362824,1.6078081224258127,0.16556687209992005,0.027209732352338773,3.0
0.6271579200134009,1.607811517147328,0.16356969703511287,0.053274522321471354,3.0
0.5598736417103269,-0.6925175309743592,-1.4805077783904872,-0.056605025395420894,1.0
0.5435648544319482,-0.9671896205872834,1.3311241841840378,-0.05561608204076151,0.0
0.5598736413138082,-0.6925174723266829,-1.4790528977715462,-0.016871514567346573,1.0
0.6271579197972499,1.6078110374189913,0.1567362783293153,0.008810350603184247,3.0
0.6271579201775862,1.6078114365513532,0.1637781141119659,0.0024509088343479613,3.0
0.543564854819346,-0.9671877631416842,1.335141548921759,0.04060041586436369,0.0
-1.7317881821034096,0.054054171292344196,-0.004755896275310708,-0.003321021940233997,2.0
-1.7317881814780998,0.05405270310802369,-0.00463842368803187,-0.035116681424164846,2.0
0.5598736420145558,-0.6925174939497493,-1.4865991674712182,-0.05977228909687397,1.0
-1.7317881817060243,0.05405119287931997,-0.003926822392002741,0.0012253367401600151,2.0
0.5598736416630645,-0.6925162029752114,-1.4839268986425678,-0.006285460630946011,1.0
0.5435648550685558,-0.9671887048956285,1.3350130257823347,0.01671149584511282,0.0
-1.731788181149677,0.054047396978070476,-0.0048473109699936475,0.01108396282469401,2.0
0.54356485492682,-0.9671898168628081,1.3303984226700953,-0.06501175809121706,0.0
0.6271579194726021,1.6078108273222884,0.15551668074327032,0.03493865134464147,3.0
-1.731788181568262,0.05404809335701815,0.0020842358184854364,-0.014921452705077111,2.0
-1.7317881807064048,0.0540495706574498,-0.004311423905254541,0.012938841209102749,2.0
-1.7317881811065232,0.0540499257220909,0.00029795979086483,-0.009978173587674605,2.0
-1.7317881806474718,0.054050197189914745,-0.009317687463643377,0.04860871474237734,2.0
-1.7317881813549783,0.054052443374469884,-0.005221276589763714,-0.02696064892442444,2.0
0.6271579198513354,1.6078093322705553,0.15767418361923552,0.03297568328543523,3.0
-1.7317881812858418,0.054049781354163905,-0.008930368118269864,0.040659357861839,2.0
-1.7317881812301037,0.05405091412472512,-0.004535926718790823,-0.0006242869888622678,2.0
0.5435648544803817,-0.9671914797774938,1.3303317163117818,0.051881490248249694,0.0
0.627157920034981,1.6078105324128875,0.15693487120626232,-0.03603075721800497,3.0
-1.731788181183359,0.05405364773591775,-0.004158915507587524,-0.06680198973481197,2.0
-1.7317881812047677,0.054051825182883664,-0.003124890891463468,0.044340090988361947,2.0
0.5435648545812344,-0.9671906741318491,1.3337214087392493,-0.020791581990410795,0.0
0.5598736416185193,-0.6925140178445018,-1.4730001220084923,-0.035688771959879385,1.0
0.5598736417401249,-0.6925140048958998,-1.4802053673345696,0.020735989072193536,1.0
0.5435648547759776,-0.9671907922927674,1.334897921473305,0.05068648062346202,0.0
0.627157919322729,1.607809689232536,0.1596783880048832,0.006062568147993469,3.0
0.5435648550951808,-0.9671885496947071,1.3315164437776628,0.011188206077296824,0.0
0.543564854563014,-0.9671888753964623,1.3322730748769012,-0.0672906886959476,0.0
-1.7317881815574045,0.05405125902348577,-0.005251969637625969,-0.07834040929354852,2.0
0.6271579190197373,1.6078098309114726,0.15073783092894502,0.021550699567834727,3.0
-1.7317881811279505,0.05404845445929308,-0.007337678887781483,0.03535254088007058,2.0
0.5435648557744024,-0.9671933496771931,1.3333903204559834,0.01929934326395261,0.0
0.6271579197077872,1.6078131740921073,0.15855893845063543,0.018224761688355285,3.0
0.559873641635041,-0.692516992856751,-1.480425862050089,0.04066200739617109,1.0
0.5435648545431879,-0.9671905603770319,1.3364269490979577,0.011830717984413616,0.0
0.5435648548182088,-0.9671909200102239,1.326064750096439,0.02044413472336245,0.0
-1.7317881816545044,0.054049390213283144,-0.0034733577990519776,-0.027600783122580373,2.0
0.5598736421241541,-0.6925179384029122,-1.4837028224319455,-0.056007678460471416,1.0
0.559873641349856,-0.6925164606545261,-1.478586330247592,-0.018643154381093742,1.0
0.5598736414436174,-0.6925137440499326,-1.4821105116439746,0.010870950247656656,1.0
-1.7317881808003448,0.05404995202752678,-0.0034724168969509457,0.032140467723216506,2.0
-1.7317881811625753,0.0540499630783,-0.0032455023347006395,-0.049669830796859174,2.0
0.627157919843527,1.6078122026726396,0.16636885341586086,-0.014839809950588154,3.0
0.5435648551705693,-0.9671894383501417,1.3361445430281194,-0.026702739662875823,0.0
0.5598736412757686,-0.692517367156836,-1.4849577843564634,-0.0023142571738796747,1.0
0.627157919307573,1.6078115027431206,0.15785647476890077,-0.0653067766990559,3.0
-1.7317881813605263,0.054051168809035675,-0.00486219076673609,0.02470229452601416,2.0
0.543564854865328,-0.9671914025285945,1.3345850673677981,0.05525148076045135,0.0
-1.7317881817117418,0.054050295891084295,-0.004222632072191409,-0.024804787129032706,2.0
0.5435648552886796,-0.9671896020409301,1.3305390740373597,-0.008764398331339294,0.0
-1.7317881815134333,0.05405174811595955,-0.00569419298056667,-0.0702277796531602,2.0
0.6271579194170858,1.6078123735512093,0.15732107158956263,0.004701234539497821,3.0
0.5435648549229041,-0.9671936482736587,1.3339970850200213,0.009883155386580075,0.0
0.5435648550889524,-0.967192172205821,1.3332461770020028,0.02791995711278715,0.0
0.6271579205423226,1.607813649375372,0.16013350822791267,0.04148302494875209,3.0
0.6271579196169027,1.6078120458195932,0.15479317415511532,0.12311365015439693,3.0
0.6271579201436983,1.6078129581842944,0.15678375065963132,0.020902579664590384,3.0
0.5598736405675119,-0.6925131989139058,-1.4746201109974597,0.03094037732434333,1.0
-1.7317881817280434,0.05405220399335169,-0.0005906343204878416,-0.03212885119471031,2.0
0.5435648545409573,-0.9671907607302819,1.335118836244073,0.032028810973489454,0.0
0.6271579199537373,1.6078121219268555,0.15729025274914776,-0.04215176823967716,3.0
0.5435648552702723,-0.967191278273544,1.3324377376971206,0.046715497857564875,0.0
0.5435648549179851,-0.9671905102308628,1.3267307750328563,0.001995568327234388,0.0
0.5598736409501122,-0.6925173167455584,-1.4764105037476944,0.009960483202030102,1.0
0.6271579201927889,1.6078075499880145,0.1566782436174206,0.05711900029596286,3.0
-1.7317881815960467,0.05405187008483911,-0.007388476155851035,0.015071932386094528,2.0
0.5598736417135071,-0.6925169893189125,-1.4731428573069247,0.009422645343851994,1.0
0.6271579198699637,1.6078120193403131,0.15840398513461074,0.024097287134610845,3.0
0.6271579207452486,1.6078099723378114,0.15572959095317457,-0.04015595604529005,3.0
0.6271579203095866,1.6078096071414771,0.16250372214939615,0.020546649466344224,3.0
0.5598736417907224,-0.6925159742209375,-1.4814848360100168,0.00723108341599637,1.0
-1.7317881817224128,0.054049430021604165,-0.007540737138279448,0.002371629551697531,2.0
0.5435648546127345,-0.967190562658461,1.3354026655797686,0.013789954431798333,0.0
0.5435648546107202,-0.9671914708093535,1.3401023187031194,0.035765330750198256,0.0
-1.731788180937165,0.05405143790065479,-0.0025573328388377157,0.019314508519308986,2.0
-1.7317881815545613,0.054050562659890986,-0.014109001510814826,0.04212613668589012,2.0
0.5598736414605753,-0.6925164824997049,-1.4787444858517869,0.04324515431576582,1.0
-1.7317881819871035,0.054047158503523346,-0.0004086749182121655,-0.05213779705587754,2.0
-1.7317881814714122,0.05404862496366291,-0.005666622165373868,0.002388283308155523,2.0
0.5435648547468767,-0.9671914472996511,1.3285330588937285,0.020702682018117917,0.0
0.5598736418097557,-0.6925189055658426,-1.4826555960247585,-0.0006117483092562123,1.0
-1.731788181320225,0.05404689345625862,-0.010896529106600703,-0.012550331790247355,2.0
0.5435648542834206,-0.9671882290357416,1.332512198528909,-0.03630434258930317,0.0
-1.731788181244427,0.05405194076762648,-0.0076761391638469215,0.010710272397579792,2.0
0.6271579199544726,1.607811997632031,0.15133885634867708,-0.005071732922064858,3.0
0.6271579200276614,1.607814192039184,0.1609797608928263,-0.007818290682015337,3.0
0.6271579199498057,1.6078121081811034,0.15392106765464184,0.008646631286091626,3.0
0.6271579195332819,1.6078113975197463,0.15758943964577687,0.019701260118851836,3.0
-1.731788180814229,0.054047404365399,-0.008428392768499047,0.01440067615637612,2.0
0.6271579201094322,1.6078112432098606,0.16154939557741652,-0.0027211606186737097,3.0
0.5435648546066626,-0.9671871205683604,1.3259061431271444,-0.05118291098626503,0.0
0.5435648550625534,-0.9671899024464182,1.3259037750698843,-0.016788645718900368,0.0
0.5435648544636662,-0.9671855004008831,1.3350515994206102,0.05793868360402072,0.0
0.5598736407117494,-0.6925141973969187,-1.4820021979699354,-0.011130628034063447,1.0
-1.7317881812652434,0.05405025047883651,-0.002740858608400955,-0.0037196502791620885,2.0
0.543564854583154,-0.9671925215333238,1.3339849521647154,0.07183713287287824,0.0
0.5435648549037744,-0.9671897584237673,1.3287915678928963,0.047021217533682234,0.0
0.5435648548838508,-0.9671906245856201,1.3327175746662432,-0.07321577212467473,0.0
0.5598736412182542,-0.6925153861082262,-1.472390498339144,0.03618429430423117,1.0
0.5435648547738245,-0.9671912983912283,1.3272948758910283,0.06159638794129894,0.0
0.5435648550744854,-0.967190568068301,1.331848537820836,-0.048069225153417834,0.0
0.6271579191933926,1.607810058113386,0.16037256490613952,-0.04903731938281277,3.0
0.5598736415920142,-0.6925153338555695,-1.4825303614539005,-0.04809585991911906,1.0
0.5598736417947698,-0.6925173142267954,-1.4760428493919535,-0.0009977831370857446,1.0
0.543564855332361,-0.9671901121239705,1.3273175104448047,-0.03503909647590542,0.0
0.5435648545460008,-0.9671905849753938,1.3269967379692673,0.008585876863700716,0.0
-1.7317881811618339,0.054050721762362246,0.0017845530311342947,0.0034465236709162283,2.0
0.5435648546586606,-0.9671879964120902,1.3288578066172996,0.02604888503066861,0.0
0.5598736413565254,-0.6925167248307929,-1.4748743861683047,-0.04084786486501473,1.0
0.5598736412941561,-0.6925175076854421,-1.47710443079988,-0.03164485584848391,1.0
0.6271579199131851,1.6078106775293755,0.16159242723686232,0.015699664290254607,3.0
-1.7317881814983,0.0540510015499517,0.002128613656361234,-0.014164992653235965,2.0
-1.7317881810521567,0.054049518635792736,-0.002896913432444444,-0.010405994188046946,2.0
0.5435648544886782,-0.9671912067814441,1.3301502631717184,0.018277615142403503,0.0
0.5598736412103363,-0.6925155956661813,-1.4760900900439549,-0.02386688054501753,1.0
0.559873641451022,-0.6925161244349113,-1.472983801632838,0.028946221325622256,1.0
-1.7317881808088607,0.05405134011052052,-0.008720385865492822,0.05597092999742872,2.0
0.6271579195237269,1.6078135585580846,0.1607848168334292,-0.02178753620950649,3.0
0.5435648548236437,-0.9671914379569889,1.333422920251381,-0.03323804983947939,0.0
-1.7317881814704799,0.05404933826505183,-0.003512805798935383,-0.04378955213325559,2.0
0.6271579202220945,1.6078095999101916,0.15663743480823686,-0.02788171191313061,3.0
0.5598736417467423,-0.6925169075830497,-1.4778128556218195,0.035571849121633074,1.0
0.6271579192613199,1.607812074953035,0.16576357523788166,-0.03824884923634241,3.0
-1.731788181446926,0.05405128149763888,-0.004779218268528652,-0.022373219024619303,2.0
0.559873640756871,-0.6925174282618789,-1.4725291670677028,0.018051049487920513,1.0
0.543564855019972,-0.9671892245511178,1.325544382257472,0.04004068490491148,0.0
0.5598736415070206,-0.6925155342342408,-1.4834996582689604,-0.004961194087263125,1.0
0.6271579192300965,1.607810476737361,0.16533575676870185,-0.05055505094394675,3.0
0.6271579195568181,1.6078106208997853,0.1568623909451477,-0.02004310707551946,3.0
-1.731788182195967,0.05405177760114727,-0.0041608510900438735,0.009100860954044863,2.0
0.627157920238662,1.607813627088437,0.16410615113710497,0.012050979336839988,3.0
0.5435648549278228,-0.9671877610738243,1.3379408131611685,0.021157511220293315,0.0
-1.7317881815336242,0.05405297206557052,-0.0033225568360202885,-0.05124262776648659,2.0
0.6271579196929904,1.6078112844381875,0.16396764713538736,0.041483470834282075,3.0
-1.7317881806999154,0.05405173469141915,-0.00882840949180543,-0.017393753514127922,2.0
0.5598736416750941,-0.6925195128069895,-1.4798453064822545,-0.009714620444471933,1.0
-1.7317881814175937,0.05405168861702536,-0.004072231631718821,-0.0048087752932586296,2.0
0.5435648543114449,-0.9671905145713185,1.3315607591647332,-0.032680638762525194,0.0
0.5598736407154985,-0.6925153991747482,-1.4795006814864657,-0.0544160900904319,1.0
0.5598736415606104,-0.6925184774458176,-1.4780565161152592,-0.0001024197453238513,1.0
0.6271579199959225,1.6078112203332624,0.16272008402446192,-0.009372536658306615,3.0
0.6271579196667311,1.607812886377065,0.15962231154152987,-0.01230693622658417,3.0
0.6271579199846943,1.6078113823385451,0.1563334655916212,0.044231923252139024,3.0
0.5435648553115139,-0.9671898305740804,1.3378148978497497,-0.021257097275798317,0.0
-1.731788181891567,0.05405284622300864,-0.0032974442279037433,-0.03779579441804828,2.0
0.5435648548741354,-0.967186435282633,1.329613018409245,-0.018515473367002464,0.0
-1.7317881816232845,0.05404810750232756,-0.0016291148376278955,0.027296821568619064,2.0
0.5435648546585412,-0.9671903242936796,1.333138366952265,-0.029847075140487032,0.0
0.5435648541215019,-0.9671919614982285,1.338390237917646,0.014391355762520064,0.0
-1.7317881816487355,0.05404894310249342,0.0010591544564904115,-0.021744637229651604,2.0
0.6271579199186567,1.6078129870348634,0.1599168036208678,-0.034779446244915635,3.0
0.5598736412729142,-0.6925127299804389,-1.477946333133824,0.03510624328907911,1.0
0.5598736415288315,-0.6925152306746238,-1.482651143011376,-0.06328884485003286,1.0
0.6271579194917696,1.607810607623298,0.16240813148214428,-0.036852421916910585,3.0
0.5435648547399085,-0.9671866151157557,1.3318406691330391,0.004051278943259449,0.0
0.6271579201830478,1.6078124435210635,0.15874974276208761,0.019840467129239703,3.0
-1.7317881812372167,0.05404702591446075,-0.008273651199617472,0.013637178880064695,2.0
0.5598736420007036,-0.6925161535054543,-1.4745881771629268,-0.04121831457554906,1.0
0.5598736405317206,-0.6925147261061453,-1.4789900094990032,-0.030061455840016724,1.0
0.5435648547156521,-0.9671878961762749,1.3336195559304975,-0.004329625058020062,0.0
0.5598736412796171,-0.692517119216438,-1.4807266132886947,0.0053480680174857196,1.0
0.5435648543800405,-0.9671907376400418,1.3334321246933987,0.01650874107308215,0.0
0.5435648549473585,-0.9671901806329045,1.3269459273129762,-0.0007782395129625825,0.0
0.5598736411718587,-0.6925182699541964,-1.4833406272028737,0.07792160026608462,1.0
0.5435648550013282,-0.9671889467188014,1.3273047541618022,-0.0016626860063976014,0.0
0.6271579198701962,1.6078147546428105,0.16292748285935973,0.018013458221964318,3.0
0.6271579202448239,1.6078103452487227,0.15583734180603465,0.015507261580189221,3.0
0.5435648551503579,-0.9671875214159243,1.3298652364661891,0.05070798084190134,0.0
0.5435648545451657,-0.9671874091704253,1.3367280871600717,0.05472213921503866,0.0
-1.7317881815702278,0.054052043458694354,-0.004448979277759739,-0.031242592140815276,2.0
0.6271579196331148,1.6078098632620244,0.16152875243868722,-0.03899034427118419,3.0
0.5435648548153611,-0.9671930455956665,1.3326571137511214,-0.06572653371410339,0.0
0.5598736416222627,-0.6925154614378407,-1.4751121455532836,-0.023053895079962614,1.0
-1.73178818124561,0.05404836033637845,0.005116348930217601,0.05882566835706213,2.0
0.5435648551165306,-0.9671896173670339,1.3265761055703993,-0.021128712682247485,0.0
0.6271579202112405,1.6078086002365897,0.16012050371345277,0.03776348946883508,3.0
0.5598736421625599,-0.6925162844917394,-1.4796670157035279,0.030126275642439925,1.0
-1.7317881815257266,0.054047652683304276,-0.003783934412840983,0.03948438574053461,2.0
0.6271579197499076,1.6078126279679854,0.1621266760504737,-0.0017459898599791928,3.0
0.5598736412031757,-0.6925149540961307,-1.481036992545116,-0.0341521388856812,1.0
0.5598736413791878,-0.6925193016685248,-1.4734426424601075,0.043092612241852485,1.0
-1.7317881814953728,0.054049390679529664,-0.005074480338437749,0.047681953013133216,2.0
0.5598736417254423,-0.6925170516752627,-1.4812773905092895,0.06751272411637876,1.0
0.5598736418652174,-0.6925159222621747,-1.4784307080258052,0.006467701465558329,1.0
0.6271579202089527,1.6078139984460198,0.15522053286455145,0.03559982131894418,3.0
-1.731788181315809,0.054047913662254636,-0.01133065591136315,-0.006390140855777025,2.0
0.5598736407374536,-0.6925179197426471,-1.4776464567195562,-0.005467153898980454,1.0
0.5435648545898734,-0.9671888991977797,1.3303213844215351,-0.00024828518075985673,0.0
-1.7317881810691544,0.05404905567088638,-0.007801863638526396,0.0043494229340191514,2.0
0.6271579197189933,1.6078133252965081,0.15769130159692746,0.05275483089563069,3.0
0.5435648552131632,-0.967189447205616,1.337354776000627,-0.04626937369699734,0.0
0.6271579204765814,1.6078116925848447,0.15757894422070062,-0.023907274699649473,3.0
-1.7317881815743588,0.05404929181859368,-0.004647429794711616,0.01863419687039354,2.0
-1.7317881809250493,0.05405081028984651,-0.006531163401184085,-0.027358976115415316,2.0
-1.7317881817014917,0.05404686417093613,-0.005563496373933103,-0.032827549357940786,2.0
0.5435648551265672,-0.9671896046952194,1.3394895702717673,0.0006494831578271314,0.0
0.5598736416184432,-0.6925148319920473,-1.4738944913956276,0.006306306973824672,1.0
-1.7317881809180582,0.05404868777199494,-0.003979596455113241,0.02484173277739719,2.0
0.5435648545975003,-0.9671885935685972,1.323990665042932,0.03602244453224492,0.0
0.6271579196633905,1.6078106912361287,0.16070365085391836,0.025804221803955387,3.0
0.5598736417393297,-0.6925192711167445,-1.4819230287128085,0.023996051148803092,1.0
0.5598736417000622,-0.69251545389758,-1.4782969778058799,-0.01567795295679035,1.0
0.5598736416887079,-0.6925135572759926,-1.4804831632067625,0.0011703242131001193,1.0
-1.731788181211585,0.0540497180726044,-0.010583645990857458,-0.03125426311710736,2.0
0.627157919984186,1.607813318496494,0.15355181634592854,-0.001395456373873551,3.0
-1.731788181342364,0.054048474424616244,0.002483914255236299,0.02543294437563289,2.0
-1.7317881814741767,0.05405059256364627,-0.005606287044916488,-0.014059177589066869,2.0
0.6271579198710463,1.607811547707102,0.1645370033730133,-0.03612967297450817,3.0
0.5598736415029423,-0.6925165258384701,-1.4771362185769086,0.00481287074067107,1.0
0.5435648548022842,-0.9671914478068906,1.3394690737192743,0.018355671293926682,0.0
0.6271579199385973,1.6078109458197645,0.15996077057968944,-0.00716779025947658,3.0
0.5598736416088492,-0.6925165182994462,-1.4710268803905695,0.018720319612184528,1.0
0.5598736412689007,-0.6925144453646185,-1.4814924249848644,0.0022061230828842085,1.0
0.6271579201844004,1.6078112056810032,0.16216348529072924,0.04633903934083115,3.0
0.6271579199344106,1.6078106081663341,0.15634017979627843,-0.047046380416809606,3.0
0.5598736419001331,-0.6925150414129294,-1.474007794718535,0.03262007720024986,1.0
0.5598736412415342,-0.6925182803809794,-1.4732979793386993,-0.036539476944152376,1.0
-1.7317881819676746,0.05405136091744013,-0.0026077914098972615,-0.08169377507246459,2.0
-1.7317881809647058,0.054050113006356995,-0.007356562756273848,0.056939769510428034,2.0
0.543564855042092,-0.9671856260536023,1.334378621867831,-0.042812975760226274,0.0
-1.7317881810408953,0.054049632374037995,-0.007508844123224658,-0.002398775588709767,2.0
0.5598736419287014,-0.6925172824800427,-1.4846695228998659,0.004875985137207632,1.0
-1.7317881808350835,0.05405085077559742,-0.004619064194987465,0.0024855072378900563,2.0
0.6271579200707607,1.6078121577637425,0.16851189471355302,-0.028735499640477384,3.0
0.5598736415704508,-0.6925144889272712,-1.4840606706721287,-0.01951464767516894,1.0
0.5435648548150568,-0.9671917194595133,1.3270100744064415,0.043310241341582435,0.0
0.5598736415658234,-0.6925136270117782,-1.4750566457771996,-0.009109350583057072,1.0
0.5435648548428499,-0.9671873571637721,1.3354727733046037,0.028442241718877118,0.0
0.6271579194250445,1.6078115036833458,0.16552550112580922,0.057512241821090354,3.0
0.6271579194821411,1.6078113767229723,0.15538861767886997,0.022326959042116564,3.0
0.6271579204652956,1.607811659652983,0.16616423893889917,0.00893285461049704,3.0
-1.7317881807897069,0.054049327029256036,-0.0088262125449025,-0.015826216657827814,2.0
0.5435648550261718,-0.9671901509436059,1.3403805238796898,0.006649224383790022,0.0
-1.731788181230166,0.05405067515746697,-0.0061636069505136126,-0.0017710636668176675,2.0
-1.73178818164666,0.05405342366956888,-0.0017236173997363367,-0.022578658240719744,2.0
-1.7317881812368392,0.05404925390155459,-0.005521951585669925,-0.05849154609471682,2.0
-1.7317881816948177,0.054053859170648706,-0.000635629505998809,-0.039326963631560186,2.0
0.55987364210485,-0.6925156964243446,-1.4729462147304373,-0.026043414758371564,1.0
0.6271579192200326,1.6078109614734022,0.1611336108008757,0.012184788420649526,3.0
-1.7317881816821443,0.054046472932162894,0.0014872997795643483,-0.0011812888551729391,2.0
0.6271579199409797,1.6078123387314707,0.16034737873284316,0.030573863435914096,3.0
0.6271579200889627,1.607811638971574,0.15666437653956447,0.04705863844654048,3.0
0.5435648555064005,-0.9671921296303033,1.33523697796275,0.02099822626160547,0.0
-1.731788181188187,0.05405069631223848,-0.00048215891607359453,0.023343118640038393,2.0
0.5598736418709044,-0.692515735062866,-1.4780897688771242,-0.05894308498699624,1.0
0.559873640485772,-0.6925164714442573,-1.4724765151098596,0.01844116957359261,1.0
0.6271579197670514,1.607808000063376,0.16167882807295583,-0.0034572178872650265,3.0
0.5435648552113101,-0.967190331021731,1.3388739930926887,0.0223201189423101,0.0
0.6271579201382786,1.6078120729286436,0.15614927951219032,-0.05186619485033313,3.0
0.5598736412804337,-0.6925149958794393,-1.4776315887054057,-0.03760445479218581,1.0
0.6271579203231145,1.6078120568575216,0.15871702787355962,-0.01737446494769256,3.0
-1.7317881808206705,0.0540527086438115,-0.007732056039743527,-0.034282942439005884,2.0
-1.7317881814147391,0.054047625489988385,-0.0023611493821324493,-0.006364619161464107,2.0
0.5598736421644905,-0.6925175711782359,-1.4756386060704993,-0.005104892055439802,1.0
-1.7317881814869194,0.05405165237036772,-0.0034099638772324176,0.04345726439087769,2.0
0.6271579199015641,1.6078131735048848,0.1582412762676344,-0.06352369589924065,3.0
0.5435648546321712,-0.9671901063871421,1.3298278197289017,0.025439690141076665,0.0
-1.7317881816294771,0.05405070773717815,-0.004092440194184615,-0.039745172718219125,2.0
-1.7317881812914417,0.05404735258467594,-0.003835477318811563,0.015105091793749493,2.0
-1.731788181539878,0.05405187628154945,-0.002187853243798846,-0.010828698634350677,2.0
-1.731788180615568,0.05405375504244066,-0.008070956815172314,0.04186864910774862,2.0
0.6271579193506044,1.607810244765402,0.16146895671620462,0.027056974318225593,3.0
-1.731788180921286,0.05405212163609009,-0.0018882808116605144,0.0322905490835603,2.0
0.6271579200393176,1.6078103026325525,0.15846762209026527,0.04887856877616525,3.0
0.5435648552547959,-0.9671889290582993,1.3396839877467699,0.03421436986854815,0.0
0.6271579203024844,1.6078102039293,0.1587828182192162,-0.009524052959417613,3.0
0.559873641491728,-0.6925181532814939,-1.4767589369186693,-0.06279689129795182,1.0
0.5435648545263237,-0.9671894435776166,1.3374522987769337,-0.02641434422607785,0.0
0.5598736421248557,-0.6925185442250131,-1.4808760821061262,0.009138442221228707,1.0
0.5435648556715915,-0.9671894416824536,1.3310877815283804,0.024302062164631672,0.0
-1.7317881821888117,0.05404944852064148,-0.008161067344404341,0.03724542429800981,2.0
0.6271579198486358,1.6078118965130803,0.16257959749449846,0.0440696834800994,3.0
0.6271579199139317,1.607811016204578,0.16054440167591458,0.058230517670473186,3.0
0.5435648547275079,-0.9671887828545499,1.3341168569452606,0.05390424362538541,0.0
0.5435648547410364,-0.9671891577599991,1.3318108413835654,-0.0010921525705498755,0.0
0.6271579196334878,1.6078107946155151,0.15700591525176305,-0.03366218798344069,3.0
0.6271579198749351,1.607813694437916,0.16102125872549522,-0.034113367620146676,3.0
0.5598736426352481,-0.6925175630622713,-1.479820605542075,-0.01471510773714846,1.0
0.5598736417428941,-0.6925151108039229,-1.47615537602472,-0.0462383866533909,1.0
-1.731788181179824,0.05404908064594424,-0.00456174103487642,-0.037868318420284174,2.0
-1.7317881812356155,0.05404936201016564,0.006252692173396291,0.07346351782345528,2.0
0.5435648545708525,-0.9671919794342113,1.335199298698514,-0.027592712718495133,0.0
0.6271579207150577,1.607814328767524,0.16587523801150886,-0.04031390144242513,3.0
0.6271579196706519,1.6078132340097524,0.16407192191885783,-0.048536773465093025,3.0
0.6271579197282929,1.6078089698663118,0.16127660909673133,0.022070668611365103,3.0
0.6271579194687855,1.6078090629423945,0.16504851210829613,-0.016279889672215483,3.0
0.5435648541057704,-0.9671909512061454,1.334602785400458,0.020840904722947702,0.0
-1.7317881807528046,0.054050657418104886,0.0015351189531106766,-0.024423146868020232,2.0
0.5598736417781371,-0.6925167414545165,-1.483969237779915,0.054065576716908745,1.0
0.5435648548968226,-0.9671895330814384,1.3320571339054568,0.025230574590402108,0.0
0.5598736419990105,-0.6925159892888534,-1.47920484105531,0.000972421232179902,1.0
0.6271579198247005,1.6078110217250015,0.16039979678784766,-0.0067830387292143425,3.0
0.6271579202612275,1.6078112130074773,0.15311804583837943,-0.015551083700155155,3.0
0.6271579197657378,1.6078102853955685,0.1643069194422952,-0.001996773863872488,3.0
-1.731788181582412,0.05405085631508276,-0.013671573798838554,-0.012677902525779392,2.0
-1.7317881811480305,0.054050088887316126,-0.00469686027066792,-0.021500520496758543,2.0
-1.731788182025132,0.054051152864108866,0.0008181838688768549,-0.11168646516585898,2.0
0.5598736411643579,-0.6925192436978481,-1.478200122668806,-0.01988337926863534,1.0
-1.7317881815711431,0.054052828367508916,-0.006757165906560442,-0.0777706285507203,2.0
0.6271579199889402,1.607810976409245,0.16093942879753134,-0.026294045271696005,3.0
-1.7317881815705727,0.054051527567293735,-0.005490646818895663,-0.03563337456819418,2.0
-1.7317881814284486,0.0540504101621596,-0.003373397317512824,0.006807164758097812,2.0
-1.731788181484614,0.054048961853443975,-0.007201447531225787,0.02912313347895874,2.0
0.5435648541521634,-0.9671890795849005,1.3316861756857878,-0.06227128241871737,0.0
-1.731788181381614,0.05404987733235185,0.0002365480242312935,-0.006477676970200958,2.0
0.5598736412113883,-0.6925166931351827,-1.4749469363509355,0.024399079190105477,1.0
-1.7317881815784397,0.05405016553112875,-0.0028867204699941362,0.023838890173548496,2.0
0.559873640895734,-0.6925152572869233,-1.478536820372507,0.05485740309348849,1.0
0.5598736414792597,-0.692516416142436,-1.477732776457916,0.005123573894881202,1.0
0.5598736409898858,-0.6925145189941115,-1.4813355781506057,0.03528781448399917,1.0
-1.7317881813669425,0.0540490750511517,-0.008837164795395909,-0.04645356647565948,2.0
-1.7317881816201468,0.05404947233867978,0.003726266320841889,-0.029093169629433462,2.0
-1.731788181593419,0.0540506162452133,-0.005295463178563502,-0.053034263319982844,2.0
-1.731788181500352,0.054048411117971124,0.00013768787136154268,0.011944401123672437,2.0
-1.7317881811582099,0.05404987890136604,-0.004034679855468096,-0.06184353464172053,2.0
-1.7317881814966996,0.054052626293626345,-0.011999928072659878,-0.0032031212268895807,2.0
0.5435648544825606,-0.9671895055669258,1.3339755531219668,0.029887369329631,0.0
0.5435648546574334,-0.9671890303780374,1.3389291433527253,-0.04734078381632461,0.0
-1.7317881814414986,0.05404658100992852,-0.0031906767101643517,-0.024028712807344955,2.0
0.5598736414331825,-0.6925131772549475,-1.4815169183347725,-0.06854794543983636,1.0
0.5598736413668484,-0.6925166005325624,-1.4798238614474513,-0.047486170492724904,1.0
-1.731788181822953,0.054052330309777345,-0.003863597206858865,-0.008482141771343802,2.0
0.5435648549592211,-0.9671895039283247,1.3302711345325684,-0.01698402703766748,0.0
0.5598736417996427,-0.6925163862398063,-1.4750231966685285,-0.041754022829093504,1.0
0.559873641334094,-0.6925180966921961,-1.4712659292022172,-0.029395473025479797,1.0
0.5598736413175096,-0.6925148535877611,-1.4806276392763031,-0.020861072056244247,1.0
0.5598736415654257,-0.6925142754405481,-1.4827663161130185,0.046877032877004295,1.0
0.5435648549165162,-0.9671882521338775,1.3313951303021123,-0.06767361142395939,0.0
0.5435648554976893,-0.9671896148332755,1.3342762025419888,0.004980470913708012,0.0
0.627157920220126,1.607809775033145,0.15560016232730048,0.08970498944468425,3.0
0.559873641432311,-0.6925138748047192,-1.483479264044548,0.027977524132642827,1.0
0.6271579197349161,1.607811575231812,0.1645462540827604,0.0281361777088505,3.0
0.6271579206149722,1.607809129850686,0.1596565931455461,-0.049574708172740886,3.0
0.5435648551619731,-0.9671903500168789,1.3329819706307258,0.018784679939126917,0.0
0.6271579200782759,1.6078115662069414,0.1616913758415654,0.010977969768931218,3.0
0.5435648545496299,-0.9671894941260796,1.338062957002095,0.046117808813323447,0.0
0.6271579207366988,1.6078099870261198,0.1558605678322536,-0.06476659293315762,3.0
0.6271579200384509,1.6078104643726645,0.16431631558311596,0.01509499160551493,3.0
0.5435648550777111,-0.96718897724467,1.3319074221748195,-0.024825840621544783,0.0
0.5435648550783412,-0.9671904007780029,1.3392901520042428,-0.03613736362501273,0.0
0.5598736415705238,-0.69251340465625,-1.4782782523920535,-0.011301081928807069,1.0
-1.7317881814164129,0.054050570940889865,-0.004564150260442502,-0.06803466566225448,2.0
-1.7317881806985536,0.05405005042886188,-0.009960763558573619,0.00867916686096923,2.0
0.5598736428705123,-0.6925173177725531,-1.4790152886213392,-0.04105902864279223,1.0
-1.731788181335117,0.05405097695897031,-0.004894948598151316,0.057889413905580084,2.0
-1.731788181420945,0.05404896118747027,-0.005585305778121197,0.004632740611047912,2.0
0.5598736420691083,-0.6925186767155957,-1.474620789970256,-0.013517786042528828,1.0
0.559873641311771,-0.6925161511411971,-1.4788434222973168,0.013886515478935522,1.0
0.5435648544998143,-0.9671904151272245,1.3319043731822857,0.0345593603093939,0.0
0.6271579205465022,1.607812789745156,0.15732397496987127,0.07313438997570568,3.0
0.5435648550018853,-0.9671912064297858,1.3334477097244095,-0.029746767902344255,0.0
-1.731788181689128,0.05405030650637311,0.0023146702512811808,-0.05305634265380283,2.0
0.543564855078176,-0.9671892764284702,1.3309235395111496,0.06697484483855856,0.0
0.6271579193157704,1.6078096370121524,0.16684347404253305,-0.0334188893187893,3.0
0.5435648550615627,-0.9671902615646503,1.3275396454048962,0.023974876741584238,0.0
0.5598736416161516,-0.6925154978137736,-1.481334942079906,-0.017696815901564026,1.0
0.5598736416212705,-0.6925162644972979,-1.4794256352520556,-0.02715199818759039,1.0
0.559873641340045,-0.6925168744363313,-1.4719368246143456,-0.015367220477113662,1.0
-1.7317881811398557,0.05404918285268454,-0.004179046922919919,0.039865833935547636,2.0
0.5435648546122102,-0.9671934367441068,1.3353850708802764,0.08363992309524095,0.0
0.5435648548438113,-0.9671873857467101,1.325749347690964,0.00975482376147918,0.0
-1.7317881816781386,0.054048032700052005,-0.0042094897032423995,0.004640536139634857,2.0
-1.7317881818954348,0.054050281142294654,0.0006412513902210351,0.0075033671903351595,2.0
0.5435648552491827,-0.9671886483056175,1.33019832321487,-0.0470041573612833,0.0
0.6271579198450401,1.6078107372889991,0.1622008705015758,-0.004282487690121644,3.0
0.5435648542021125,-0.9671883105724829,1.336673655975146,0.03183361278687548,0.0
0.5598736416591872,-0.692517319925828,-1.4806443678086667,0.014389641080902597,1.0
0.5598736419343081,-0.6925159044591545,-1.4770565630958,-0.04474342103586305,1.0
-1.7317881813984974,0.054050092957351206,-0.00966896159174819,-0.024988751183551355,2.0
0.6271579195990425,1.6078105427846996,0.1591398800862127,-0.03171903653233203,3.0
0.559873640436691,-0.6925150034043223,-1.48189116550541,-0.012990259059884398,1.0
-1.7317881814419984,0.054052295832052934,-0.004857437941837944,-0.017322162148344877,2.0
0.6271579198588061,1.6078081987508304,0.15633000047796922,0.026498752854655635,3.0
0.5435648542062862,-0.9671890607268984,1.333815862739948,-0.025088400247797172,0.0
0.543564855498165,-0.9671879343114385,1.3280945907127588,-0.030509821684447835,0.0
0.5598736410533944,-0.6925146150364717,-1.4870213095412357,-0.002221880280662064,1.0
0.5598736414781404,-0.6925163242362353,-1.4854604022991922,-0.034870346912657016,1.0
0.6271579200719823,1.607812653402712,0.15768800677012243,0.042389641886495195,3.0
0.6271579202305485,1.6078135330551706,0.1581822519821883,-0.033842867418916595,3.0
-1.7317881813213198,0.05405285722645731,-0.004353406266454898,0.0589992327112464,2.0
0.6271579203307385,1.6078101401419698,0.1631968414302548,-0.06428580926621377,3.0
-1.7317881813772267,0.054051427464358336,-0.005649036536921477,0.026384933876164425,2.0
0.5435648553087888,-0.9671890544178415,1.328999653196392,0.007914050051205764,0.0
0.627157919571271,1.6078129898007334,0.15948688584517873,0.055460716159592534,3.0
0.5435648549603221,-0.9671926093430135,1.329309010862414,0.019460945889646943,0.0
-1.7317881811567968,0.05405131401756932,-0.0010751347354080948,0.006983313798247193,2.0
0.6271579194451405,1.6078119502561559,0.16000160934410476,0.0040034023467638786,3.0
0.6271579206780504,1.6078090075950107,0.159833300260179,0.01296552919872249,3.0
0.5435648543784514,-0.9671891243110887,1.3327532967011972,-0.022593354821811948,0.0
0.5598736415319451,-0.6925166137250661,-1.4777320019073386,-6.914613749218821e-05,1.0
0.6271579198645242,1.6078126893443772,0.15575621626917346,-0.0412537324991484,3.0
-1.7317881814458325,0.054050807921019,0.00014871968334255288,-0.0758918213229321,2.0
0.5598736411651992,-0.6925153500107322,-1.4715304350033964,-0.00544701979558409,1.0
-1.731788181019993,0.05405146277340962,-0.00570542845165056,0.016417382495494636,2.0
0.5435648551006624,-0.9671895175758739,1.3323523964444621,0.006424481147716472,0.0
0.5598736410295322,-0.6925144783341243,-1.4759028841582105,0.01592938877566582,1.0
-1.7317881822340642,0.05404988335535111,0.0027752500377459448,-0.008347148918934445,2.0
0.559873641186358,-0.6925155898318887,-1.4786590087768612,-0.019143660254341513,1.0
0.5598736406633069,-0.6925169507377295,-1.4749983238133308,-0.030937091196471044,1.0
0.6271579199058542,1.6078132660427138,0.1636102599404827,-0.009967975424441874,3.0
0.6271579202725185,1.607809768811783,0.15828418255524043,-0.011820377131988304,3.0
-1.7317881817738972,0.05404966246265451,-0.0024175393414474075,-0.023480784798001902,2.0
0.6271579201369368,1.6078094076966394,0.16085859638614547,-0.011755313430237965,3.0
-1.7317881815816079,0.05404553849109056,-0.0034785072738580717,0.054158726543779574,2.0
0.6271579198662408,1.607812679167588,0.160891150780799,-0.03073071069577481,3.0
0.6271579203316513,1.6078080629910543,0.1645985309041479,-0.0023458044449930554,3.0
0.5435648545551052,-0.9671908967020422,1.3338799054876025,-0.000885517652105743,0.0
0.5435648546110385,-0.967189187201339,1.3326790726127686,-0.011233781187541547,0.0
0.5435648541490772,-0.9671906587154846,1.3301225646001267,0.04393368282266951,0.0
0.5598736410133448,-0.6925183052457344,-1.4808018925855915,-0.05878248391174438,1.0
-1.7317881811849185,0.05405149030857613,-0.0019320696075949848,-0.026594149121920197,2.0
0.6271579197794144,1.6078129080706964,0.15196354943714296,0.035729126336843886,3.0
0.5435648552261433,-0.9671856434212397,1.332296447948606,0.006447151897419332,0.0
0.5598736417172614,-0.6925172608688779,-1.479255581482656,-0.03669146118874642,1.0
0.6271579194127201,1.6078113669264968,0.16059352171744115,0.019800435014571877,3.0
0.5598736416188009,-0.6925155193115081,-1.4776707971687806,-0.025108687943711478,1.0
0.6271579200689499,1.607813472480491,0.15961991385912272,0.022882245389505167,3.0
0.6271579199364186,1.607810800567959,0.15663496832750273,0.08507849447284807,3.0
0.5598736420598482,-0.6925176070317494,-1.4834713495226943,0.041332007568062934,1.0
0.6271579198408737,1.6078102639258665,0.16540231797993374,-0.0013435524601652865,3.0
0.6271579194272023,1.6078123104776458,0.15727947233648637,0.021142478845395284,3.0
0.5435648552146075,-0.9671892838425091,1.3289106517759626,0.04517500360598749,0.0
-1.73178818173884,0.054050461883305326,-0.006515565750727586,-0.09507000543106066,2.0
0.5435648554481195,-0.9671889940130282,1.3319958607753537,-0.05727033828829561,0.0
0.5598736414679758,-0.6925177857676093,-1.4784140859236659,0.04163021780792453,1.0
0.5598736412990258,-0.6925169550452465,-1.4802024008936625,-0.041851942676983764,1.0
0.6271579195712592,1.607811864947625,0.15851042638347085,-0.020434668720777642,3.0
0.5435648549873878,-0.9671918156101833,1.3393363656509105,-0.036181368426906654,0.0
0.543564855050141,-0.9671875299147809,1.3256172437265985,0.029105001061232726,0.0
0.5435648552972971,-0.9671895766945106,1.3336914764200565,0.022022179851369637,0.0
0.5435648547612199,-0.9671915444177679,1.3261639763330564,0.020787505841797577,0.0
0.5435648553736183,-0.9671863136404153,1.3317430986286913,0.028435965575600294,0.0
0.6271579197453329,1.6078102364682758,0.1585908829255081,0.022576058648164216,3.0
0.6271579196450517,1.6078098968688106,0.1636249082913245,0.033487310683208864,3.0
-1.731788180725184,0.054050148763049824,0.0025817087399037757,0.04351629893603744,2.0
0.6271579199963241,1.6078109344121625,0.15990199904767496,0.02651951863722745,3.0
-1.7317881812189386,0.05405229815808889,-0.0001113077071913518,0.059283671979723306,2.0
-1.7317881809091502,0.05405215632689202,-0.008451888582333368,-0.0012246738862157916,2.0
-1.7317881812075366,0.05404840637619231,-0.00422056374329155,0.07292116752188761,2.0
0.5598736415941855,-0.6925168600297594,-1.4786902217941984,0.05644141188893251,1.0
0.6271579206341953,1.6078139001611769,0.16349829731608864,-0.03350405867420312,3.0
-1.7317881812834104,0.054052267786367084,-0.004030582936993031,-0.007447239751470809,2.0
0.543564854873033,-0.9671882800575347,1.3371948888063097,-0.002082401855234606,0.0
0.543564854794033,-0.9671888516390621,1.3309312585602573,0.014374823654981585,0.0
-1.7317881814191196,0.05404889108657262,-0.0044252648234142135,0.045245461646290994,2.0
0.6271579198299468,1.6078143461101029,0.15695621214498265,-0.021995141181747908,3.0
0.543564854930192,-0.9671879563897987,1.3283457213331498,-0.0014084393185254413,0.0
0.6271579198704088,1.6078094055896355,0.15744978811423377,0.023686680389307397,3.0
-1.7317881812358396,0.0540517876917496,0.0008302381811455214,-0.04128401208806242,2.0
0.6271579200598999,1.6078123420730646,0.15592569765707937,0.006631349534607698,3.0
-1.7317881816599634,0.054050134875930946,-0.0069046016283930605,0.0039593858529665535,2.0
0.5435648547625227,-0.9671897992900711,1.3292902574962584,0.045354280573658784,0.0
0.5598736412431791,-0.6925185861813101,-1.479419890708403,-0.033747243369433494,1.0
-1.7317881815546154,0.05404988489459361,-0.002833801089132138,-0.05336399696656646,2.0
-1.7317881810280917,0.05405290221705402,-0.005877318559318122,0.005094830214735878,2.0
0.5598736413445561,-0.692516559282162,-1.475262970104536,0.019940084064880504,1.0
0.5598736414907277,-0.692517485752698,-1.4865248487792415,-0.055719008457236104,1.0
0.6271579196588463,1.6078114563108679,0.16397843048001004,0.0015520199113333002,3.0
0.5435648536914092,-0.9671895643616936,1.3347575711566397,0.03168330901386138,0.0
0.543564853893957,-0.9671876114897773,1.3330678276410135,0.05167456434573298,0.0
0.6271579197809722,1.6078091360117677,0.16229898686075642,0.04514141513837496,3.0
0.55987364170046,-0.6925171537681757,-1.4804860800380573,-0.03692945187658223,1.0
-1.7317881811737559,0.05405316458197005,-0.000817558845850711,-0.07961774102021268,2.0
0.5598736422695556,-0.6925171669271023,-1.4842464308193106,0.014628523062577664,1.0
0.5598736415143726,-0.6925139993146865,-1.4766855116163224,-0.008176960349139882,1.0
0.6271579202020563,1.6078099245177382,0.15984313224538718,0.0020502430222648377,3.0
-1.7317881812479987,0.054050927689466066,-0.002809913845662834,-0.03315878496612675,2.0
0.543564854653005,-0.9671905314859448,1.326433505487404,0.017129893809619576,0.0
0.5435648546986727,-0.9671902541859015,1.3315459184597347,0.038941483878679295,0.0
-1.7317881813735703,0.05405325828219137,-0.010069676099672577,0.010307733172001269,2.0
-1.731788182136806,0.05404898960220612,-0.009725048501045323,-0.08370275531914254,2.0
0.5435648550844017,-0.9671890684009968,1.334170242217059,0.05973435408300384,0.0
0.6271579194855545,1.6078102342795098,0.15540907665215306,-0.017249464465980052,3.0
-1.7317881820041907,0.05405128195675003,0.0032414684050595124,-0.03034869558965398,2.0
-1.7317881812483145,0.05405026346816912,-0.005382442204308921,0.03878827754373898,2.0
0.6271579189249493,1.6078120965521647,0.16278068548263674,-0.021582431749233338,3.0
0.6271579197206333,1.6078121017386349,0.1625655926896404,-0.047864570146381014,3.0
0.5435648545466082,-0.9671913382966739,1.327476411371988,0.0366645354963696,0.0
0.5598736416459604,-0.6925166244519898,-1.4790067606686739,0.01953449421191337,1.0
0.627157919572116,1.6078114914211499,0.1562961197621921,0.025546199280223034,3.0
0.6271579203265417,1.607811044734309,0.15705158787106555,0.0058764780201894,3.0
0.6271579201656516,1.607811642776825,0.16438273468655418,0.0004951153453735087,3.0
0.5598736421574723,-0.6925166462100708,-1.4748535884582277,-0.03162472772189069,1.0
0.5598736414205722,-0.6925154786140306,-1.4785113464025625,-0.010174773513699923,1.0
0.55987364232584,-0.6925147955128103,-1.4826823823177497,-0.08368348152868944,1.0
0.5598736412405193,-0.6925161826159236,-1.481241172293544,-0.023544836254515814,1.0
0.6271579190593672,1.6078135738025054,0.16313382444431535,0.02901681587812149,3.0
0.5598736408464816,-0.6925173857858551,-1.4795837035452173,-0.032933430939689784,1.0
0.5598736411221884,-0.6925139225191221,-1.4765250934053331,-0.025888177351869726,1.0
0.5598736410597246,-0.692513745345384,-1.478950598507279,0.050280741485219466,1.0
-1.7317881819451062,0.05405215075208079,-0.0032592981798106944,-0.03613499931281123,2.0
0.5598736414100899,-0.6925167111069288,-1.4776329567527635,0.03963263980605639,1.0
-1.73178818136886,0.05405047450210172,-0.002641608887054105,0.07888939322167053,2.0
0.5598736417453632,-0.6925156701340951,-1.473182808120887,-0.044532415986394694,1.0
0.5435648547064059,-0.967186789338963,1.3312720251392314,-0.03869426215987221,0.0
0.5598736419341519,-0.6925161975396104,-1.4836042692045672,-0.024485526977014605,1.0
0.5598736422003726,-0.6925141998393292,-1.4803987742178373,-0.0009138746073293784,1.0
0.5598736416087329,-0.6925130074817032,-1.4777806062285341,0.023009074326791536,1.0
-1.731788181327568,0.054049542797006155,-0.011091069382722175,0.017470280693785912,2.0
0.5435648546477063,-0.9671884034340873,1.336202769159904,0.011778889715586745,0.0
0.5598736416401583,-0.6925144254802291,-1.475698927130175,-0.012672695652738574,1.0
0.5598736415875213,-0.6925157665247011,-1.4769529369374952,0.02843500657340266,1.0
0.5598736408578259,-0.6925126722262923,-1.4812134271706607,-0.046610506168929595,1.0
0.6271579202382804,1.6078114590285362,0.1629649558940905,-0.05191251403394591,3.0
-1.7317881814591884,0.054050361391524894,-0.008209295757642936,0.06945794322935148,2.0
0.5598736414999158,-0.6925175563021428,-1.4752121460799155,-0.028980422823998986,1.0
0.5598736417738962,-0.6925181194986535,-1.4833277712716764,-0.0016142992843942684,1.0
0.5598736410477625,-0.6925175996588332,-1.4813264333819702,0.04021211448743265,1.0
0.5598736418596814,-0.6925158725303191,-1.4755741534418767,0.02180137418279043,1.0
-1.7317881809118727,0.05405365199295567,-0.003245309057124086,0.02372406301027494,2.0
0.559873641274604,-0.6925144079761287,-1.4781690793680617,0.024636067430306056,1.0
0.5598736415242148,-0.6925186772332997,-1.4768712600056473,-0.07734111472958573,1.0
-1.7317881811158315,0.0540493461579234,-0.008679301762078933,0.02511939495587518,2.0
-1.7317881814228706,0.05404959997384198,-0.004975735480475995,0.021369543385830286,2.0
0.5435648544982653,-0.9671879547842038,1.3323279181056185,-0.04611286714897458,0.0
0.5598736413083635,-0.6925139013063573,-1.4772641056309048,-0.05293633360934881,1.0
0.6271579189786384,1.6078132543365422,0.16837219759281577,0.013916384632211138,3.0
-1.731788181887047,0.05405177987944983,-0.006360393856505192,0.04836920860508758,2.0
-1.7317881812077942,0.05404759691792968,-0.0023778859471300915,-0.00470249798084788,2.0
0.6271579197849316,1.6078099443741314,0.1580087595970172,0.029610670860456396,3.0
0.6271579198622648,1.6078113524959927,0.16012768144298511,0.015491384442295295,3.0
0.5598736412269506,-0.692515875467693,-1.4831595755167573,0.0003039827403525896,1.0
0.6271579200873436,1.6078120670630653,0.15851229387764088,0.024393966032976482,3.0
-1.7317881822372683,0.05404758196568871,-0.005135245631850212,0.00555728308031235,2.0
-1.7317881812552673,0.054047788706909926,-0.006371741353487649,-0.00506365458138587,2.0
0.5435648549420835,-0.9671865096949787,1.3274052999571064,0.017748489444883882,0.0
0.559873641408918,-0.692516075684214,-1.4762358935275788,-0.030778524486611773,1.0
-1.7317881811000542,0.05405182465829802,-0.006497024369878402,-0.022304367155789394,2.0
0.627157919793673,1.6078115115128448,0.15817610814845856,-0.008861350815665752,3.0
-1.7317881812287128,0.05404934302187636,-0.002098959214270378,-0.02749213092093041,2.0
0.6271579202350305,1.60780972553563,0.16041245799285272,-0.004337183798868,3.0
-1.7317881815169436,0.054048584995153526,-0.009935153408488289,-0.002276694571470785,2.0
0.5598736412415796,-0.6925138003878855,-1.4752109880405555,-0.02100904512630327,1.0
0.5435648547628261,-0.967188846576153,1.337181093059915,0.04133519787304629,0.0
0.6271579201154233,1.6078106369188423,0.1593694684029501,0.11273499627169159,3.0
0.5435648549781901,-0.96719309049382,1.3345680541576117,8.974574266006177e-06,0.0
0.627157919239913,1.6078108672856573,0.16212917481827796,-0.0678664603966635,3.0
0.5435648548101902,-0.9671891531448945,1.33761546429404,0.0017354744804222156,0.0
-1.7317881812552234,0.05404911450196087,-0.002092880241259129,0.03629023856867303,2.0
-1.7317881820300727,0.054052739518845,-0.008828279438580172,-0.0026341088422277333,2.0
0.5435648547262675,-0.9671883090972494,1.3300798628280792,0.04446747441496066,0.0
-1.7317881812690377,0.054050860982903445,0.00018702362726871316,-0.031157610178674876,2.0
0.6271579190750722,1.6078107088868194,0.16118817543543232,0.03667757836374471,3.0
0.5435648537298207,-0.9671870283135666,1.3313611838528925,-0.0007364870413304652,0.0
0.5598736412374287,-0.6925166313002392,-1.4846200781191494,-0.02643383834861449,1.0
-1.731788181941657,0.05404989534705468,-0.007468668019314559,-0.03232683610208425,2.0
0.5598736415482913,-0.692516232412843,-1.47937880617233,-0.035300430203447274,1.0
-1.7317881814953964,0.05405214166998114,-0.0081729138346516,0.03258183270665588,2.0
0.5598736415710603,-0.6925165847681778,-1.47308397875179,-0.032373368232805545,1.0
0.6271579193242018,1.6078096642879929,0.16212297761188893,0.03528590850061236,3.0
0.543564854152902,-0.9671876943277424,1.3295775773221212,-0.026680809540563597,0.0
0.6271579200914426,1.6078107029990476,0.1560854417258566,-0.007324312035305936,3.0
0.5435648541655645,-0.967189567244015,1.330134682985098,-0.0161963186155952,0.0
-1.731788180745934,0.054049763807212985,-0.004563629556311818,0.008283265949416486,2.0
0.6271579199723354,1.6078102069585194,0.1666870311550893,0.00019481338096204355,3.0
0.6271579194719233,1.607810475482861,0.1612645933624481,-0.005103743938045646,3.0
0.5598736417041932,-0.6925156970588465,-1.4799709400591303,-0.039048378239032386,1.0
0.5435648544365956,-0.9671884407115157,1.337391388927892,0.05607350050262161,0.0
0.5435648554339083,-0.9671893745095202,1.3351968242018417,0.04896632233579162,0.0
-1.7317881813163243,0.05405400511693813,0.00041103829704244063,-0.02281037224727918,2.0
-1.7317881814581775,0.0540469208447413,-0.004395721521207094,0.01878992592025136,2.0
0.6271579195367807,1.6078102026516092,0.15788022415699762,0.057670633524250864,3.0
-1.731788181281067,0.05405051130951819,-0.007969330379997672,-0.017421425543556295,2.0
0.6271579200740816,1.6078113501553402,0.16696877205097074,0.06129389894667938,3.0
0.5435648548964507,-0.9671879032186623,1.33679849010223,-0.018252874729577935,0.0
0.6271579203405229,1.6078124397806495,0.15667860541093104,0.011087155612397238,3.0
0.5435648543755246,-0.9671882184132776,1.333557959395875,0.04022867743268003,0.0
-1.7317881810158091,0.0540482327840706,-0.010214072449547508,0.053228817101170764,2.0
0.5598736419310923,-0.6925139113585399,-1.4797860507234106,0.015598766765226115,1.0
0.559873640843406,-0.6925149618462605,-1.4774423364835325,-0.018274202487334145,1.0
-1.7317881814849623,0.05405081675209459,-0.0013227142675884648,-0.00549222351416322,2.0
0.6271579201501464,1.6078141070458545,0.15711321939346778,-0.007370290769387538,3.0
-1.7317881810214257,0.05404716552698107,0.0015382995535325643,0.046395549712987594,2.0
0.5435648542371577,-0.9671915915269657,1.3266559531037119,0.019160907956409685,0.0
0.543564854849114,-0.9671904542898802,1.33518014329447,-0.03877258069723017,0.0
0.5598736413388686,-0.6925171698600034,-1.4820457581327366,0.01695660490746475,1.0
0.559873641597578,-0.6925172367036506,-1.4882995347430725,0.01905920289224609,1.0
0.5435648549175124,-0.967187474074346,1.3370527032921784,0.042593367592646494,0.0
0.6271579201885039,1.607809818499766,0.1659145671010469,-0.02943163055958058,3.0
0.5435648546559944,-0.9671891082043835,1.3256877474344895,-0.01359409959321878,0.0
-1.7317881817432796,0.0540515805855867,0.0014447193083279668,0.02456164689770149,2.0
0.6271579198248765,1.6078133941202333,0.15713400702476774,-0.01719899924165276,3.0
0.5435648541479163,-0.9671862554651254,1.3301610260112389,0.05425169495112879,0.0
-1.731788181985042,0.05405148218467745,-0.005071690823834936,-0.05366874407944455,2.0
0.6271579199254262,1.6078101900236377,0.15646457760869362,-0.003695843417851926,3.0
-1.7317881813334266,0.05405235009434965,-0.007585915758753707,-0.011482995465880295,2.0
-1.7317881811619387,0.054053512819975606,0.0038802231987427466,0.03274104303849771,2.0
-1.731788181004012,0.05405071272039992,-0.005160353446740508,-0.011620816177569689,2.0
-1.7317881812822669,0.054049033780476,-0.002573958840654315,-0.04008604378614144,2.0
-1.7317881813799254,0.054050170783429406,-0.0042795303120690366,0.01310408218730382,2.0
0.55987364156842,-0.6925178262997395,-1.4808044877017283,-0.012189707624625871,1.0
-1.7317881817285645,0.054050264983834896,-0.010235315559061032,-0.08636816971078487,2.0
0.5598736424855973,-0.6925160042341255,-1.4839140383744753,-0.04537901637344067,1.0
-1.7317881818416025,0.054052326400799294,-0.005225576880735699,-0.021537146667824563,2.0
0.6271579202772892,1.6078126295559823,0.16282814780149252,-0.048488701608272566,3.0
-1.73178818056625,0.05404980372128796,-0.007003942630988752,-0.002129158057349814,2.0
0.6271579203935264,1.6078113146586346,0.16000006012652243,0.016547239752102372,3.0
0.5435648546621955,-0.9671898588221067,1.33844340705212,0.0013076778305379884,0.0
-1.7317881813461269,0.054049850595823075,-0.007641394971892801,0.010476781714206776,2.0
0.5598736418764059,-0.6925172777789566,-1.4785196817960011,-0.05078884538421023,1.0
0.6271579201071649,1.6078116375687523,0.15685596585440395,-0.007544358456656668,3.0
0.5598736412659532,-0.6925162729394606,-1.472612228167572,-0.031309892936844254,1.0
0.55987364151032,-0.6925142831843167,-1.474087126403522,0.008044922985398767,1.0
0.5435648548095369,-0.9671910326980435,1.3314077523089953,-0.010315559935848383,0.0
-1.7317881816263736,0.05404708028409367,-0.0007340591590038208,-0.029034365430133952,2.0
-1.7317881815909113,0.05405020027876322,-0.0027423235359210017,0.0008678817966038415,2.0
-1.7317881806091593,0.05404749598249577,0.0005029618899707332,-0.03311678730617776,2.0
0.5435648549566181,-0.9671888092343361,1.3379277879035867,0.0074334314992349805,0.0
-1.7317881808590434,0.054052536741934984,-0.010026582195972496,0.026191513734153574,2.0
0.5435648545433366,-0.96718698748176,1.33507482957684,0.06553588346351918,0.0
0.5598736419451257,-0.6925168889092982,-1.4799092995038075,0.03601069337326081,1.0
0.5435648555412094,-0.9671885078380736,1.3251553684999804,-0.006413331443651582,0.0
-1.7317881812872746,0.054049257425831394,-0.007696046958477438,0.08066107581841724,2.0
-1.7317881814761327,0.054050167843905844,-0.0010050889707144493,0.02335091363180305,2.0
0.5598736421503758,-0.6925127813116648,-1.4747663541203693,-0.0534906527922239,1.0
0.6271579201835555,1.6078117506332876,0.15823978155192017,0.04242546364187736,3.0
0.5435648544309349,-0.9671924463003302,1.3360629988869688,-0.014416371418183097,0.0
-1.7317881810686149,0.0540516848181597,-0.002685843164563966,-0.04702264720122747,2.0
0.5435648548760452,-0.9671900915127496,1.3354741863449688,-0.016108132535650035,0.0
0.62715791982662,1.6078082737906034,0.16184624589876062,0.07057382003328858,3.0
0.6271579197415781,1.6078105012613726,0.16330307131689434,-0.05845459226760979,3.0
0.5435648547160938,-0.9671920294432749,1.3318011221039587,-0.035476669335413664,0.0
0.5435648544449226,-0.9671904831832505,1.3295461108410347,-0.03826670328596506,0.0
0.6271579197649065,1.6078081254333472,0.1627792008022751,0.05720858406802995,3.0
0.5598736417797148,-0.6925171843495671,-1.476656482280054,-0.018659259802554517,1.0
0.6271579197329439,1.6078099249214735,0.15921839940322124,0.003269233596988263,3.0
0.6271579198864649,1.607813553431749,0.16278369744821905,0.07191343741145172,3.0
-1.7317881808598048,0.05405113869007144,0.0031963496575767407,-0.008581606665369836,2.0
0.5598736419612684,-0.6925161975995697,-1.477993431151978,0.05796334037713449,1.0
-1.7317881815730822,0.0540506650163345,-0.002623926754786947,0.0151955327328463,2.0
0.559873641440853,-0.6925158134257714,-1.4771775507504405,0.020273512245597373,1.0
0.6271579199575574,1.6078168129507993,0.1647961265831368,-0.006921921961335526,3.0
-1.7317881815742109,0.05405235797033644,-0.00306150270393864,-0.0425587277138363,2.0
-1.7317881805588016,0.054051480326381955,-0.0014006467136020973,0.010392715037190796,2.0
0.5598736418868775,-0.6925160106081695,-1.4783535093034523,-0.044579901699995615,1.0
-1.7317881820625145,0.05405357933134754,-0.006915140856634663,0.010099394235432978,2.0
0.5598736413235312,-0.6925149964435438,-1.4761410388182945,0.03298202013546793,1.0
0.5598736413717534,-0.6925177125965624,-1.4757393917314374,-0.05777683645450813,1.0
-1.7317881816418894,0.05404900131640142,-0.004845519245803439,-0.0735184220774475,2.0
-1.7317881818872427,0.054049990823696305,-0.009590852204059473,-0.09198879420336811,2.0
0.6271579194554592,1.607815214885451,0.1670657415752114,0.07111357343134317,3.0
0.5435648545874042,-0.9671881186820074,1.3392930190399268,0.03976540857283239,0.0
0.5598736411473424,-0.6925159306172441,-1.4719859199501222,-0.10116217808559025,1.0
0.5598736411968303,-0.6925155379256583,-1.4793993860333463,-0.009846366175417976,1.0
0.543564855086407,-0.9671888116003461,1.333069355126591,0.041965265986413924,0.0
-1.7317881814246536,0.054051577249141294,0.000318247744820257,0.030429063857457365,2.0
-1.7317881813474314,0.05404811617025932,-0.010422437201626483,0.043008828088894994,2.0
-1.7317881821331156,0.05405141376767481,-0.0014441708437750976,0.07420750722270494,2.0
0.6271579203839888,1.6078086087932382,0.15827482924616734,0.039608720999886916,3.0
0.5598736408948294,-0.6925152394688148,-1.4779150138777681,0.003373743205934373,1.0
0.6271579198555488,1.6078114774473236,0.16275810656594658,0.029951125149201903,3.0
0.627157919869883,1.6078114233758272,0.16040391708826798,0.018376567375588636,3.0
-1.7317881819003125,0.05405132598470462,-0.00327671974297869,-0.05995853869271762,2.0
0.5598736414296207,-0.6925178459474984,-1.4808091600910056,-0.002128371979541631,1.0
0.6271579198639895,1.6078114247999244,0.16318880902474195,0.02413156302077084,3.0
0.5598736406580536,-0.6925158806999376,-1.4707403509707229,0.019993536218414234,1.0
0.5598736408019171,-0.6925132870734321,-1.4769312058550519,0.010066452302178569,1.0
-1.7317881816284204,0.054048128460572144,-0.007161650163871544,0.013074091347133762,2.0
0.5598736412633172,-0.692514013036177,-1.4803620198299428,-0.01845761572419205,1.0
0.627157920003725,1.6078115205231933,0.15904363161779972,-0.044674298439905336,3.0
0.5598736419037208,-0.6925138746811054,-1.469946892937748,0.015842505884984204,1.0
0.5435648544261619,-0.9671909566660634,1.3336290218075724,-0.07393910260112704,0.0
-1.7317881814585705,0.05404928761940077,-0.004036601991367209,0.04494710908599614,2.0
-1.7317881813768903,0.05404951283687391,-0.007448561427755706,-0.04686553783126818,2.0
-1.7317881816561647,0.05405003862525901,-0.0022475077143478367,-0.0126858138263695,2.0
0.559873640950367,-0.6925131993914605,-1.48303679256753,0.0036091147954936975,1.0
0.6271579200678201,1.6078123275399254,0.15642982486126716,-0.05055045664697003,3.0
0.6271579196374742,1.6078118569040123,0.15921429218263902,0.02214177287784491,3.0
-1.7317881814848706,0.05404817460599099,-0.010241240928488474,0.03226517859748657,2.0
0.5598736414486172,-0.6925157329667687,-1.4803027739023533,-0.02528011918827767,1.0
0.5598736418130172,-0.6925141968756279,-1.475712450230995,-0.0013191840579585984,1.0
0.6271579201461935,1.6078101771822775,0.15803557739646565,0.04426446702158953,3.0
0.5598736418773921,-0.6925159578176703,-1.4746476409491285,-0.02980241496921839,1.0
0.5598736417100058,-0.69251269283052,-1.4813379430905786,-0.008514365420405446,1.0
0.5435648545663224,-0.9671910333562661,1.3311371049946465,0.022386153492268412,0.0
-1.7317881809852957,0.05404924800589104,-0.0056200189499673306,0.04573569066614478,2.0
-1.7317881809504845,0.05405400658878664,-0.00708601873403179,-0.0035329315323966615,2.0
0.6271579193013587,1.6078098425947052,0.16663666774823668,-0.06100456613994327,3.0
0.5598736412192709,-0.6925172291790463,-1.4804244211611917,0.05755568753525529,1.0
0.5598736412857739,-0.6925152960843738,-1.478156062266496,-0.010639680526283734,1.0
-1.7317881811019322,0.054049872347833885,-0.0007261515351812617,-0.020149486793119224,2.0
0.5598736418754824,-0.6925155196299732,-1.4760259924242842,-0.03358968010856145,1.0
0.6271579194733046,1.6078123322726898,0.16645860621029765,0.03485992906939772,3.0
-1.731788182060736,0.0540497086636388,-0.004465547208718743,0.033754483089957106,2.0
0.5598736417977629,-0.6925144153690883,-1.4818651097464122,0.02645465145132023,1.0
-1.7317881808952014,0.05404888450043805,-0.0030546171007130624,-0.000732711002066244,2.0
0.6271579200018648,1.6078125131105727,0.17063536128558082,0.0264305771685467,3.0
0.5435648552063961,-0.9671888059797118,1.3313183340115264,0.0731159176604219,0.0
0.6271579199649706,1.607811749391749,0.1703262431940387,-0.01805992181833509,3.0
0.5435648546431797,-0.9671905971440964,1.3280230742115458,0.054839694345870896,0.0
-1.7317881814756575,0.05404746816102114,-0.0038678145901078907,0.001047525122584461,2.0
0.5435648546750915,-0.9671873034074805,1.3335952529168904,0.0035750497129667627,0.0
0.5598736416819114,-0.6925163831577847,-1.4833678742141623,-0.04572577146630997,1.0
0.5598736410612846,-0.6925151697428347,-1.4792342685944442,0.014591023711305011,1.0
0.6271579204827537,1.6078125087428738,0.16485930510606203,0.005079366408457946,3.0
0.5435648547776893,-0.9671884319214408,1.3240237221365836,0.04432541669253772,0.0
0.5435648544054551,-0.9671910107241887,1.3428463264239225,0.004265406501562834,0.0
0.5435648544564229,-0.9671914111789329,1.3349417737954976,0.07393382336568396,0.0
0.5435648542895283,-0.9671902918275165,1.3303659754940926,-0.007241013761115281,0.0
0.5435648543207873,-0.967191205999023,1.3357560251400318,0.02338073325400511,0.0
-1.7317881815558456,0.05404939388697519,-0.005787427453605872,-0.009970803859948536,2.0
0.6271579198791544,1.6078128815766426,0.15831445550066614,-0.06104959763902436,3.0
0.6271579194941767,1.6078118947616158,0.15977470980953556,-0.0394804992784791,3.0
-1.7317881812237288,0.05405137000591748,-0.005084963007890281,0.031247036984292934,2.0
0.5435648541422691,-0.9671920608578614,1.3344733668074387,-0.0019289614333014102,0.0
0.6271579202689033,1.6078112203702475,0.1595711252990094,0.048878504314650496,3.0
0.543564855111396,-0.9671906945605611,1.3356932517226519,-0.021526828345219136,0.0
0.6271579196390316,1.6078102703611348,0.16231672135375771,0.022826105807964358,3.0
0.5598736411988537,-0.692514025443639,-1.474099456730206,-0.00429261909943704,1.0
0.543564854838759,-0.967190552828387,1.3352058967549667,0.0010561900743153144,0.0
-1.7317881816221714,0.05404549814373362,-0.005959299880213819,0.07162350471134937,2.0
0.5598736418404195,-0.6925148342921497,-1.475667219065581,0.07057775622711439,1.0
0.5598736410443641,-0.6925144812588601,-1.4791456098038587,-0.04869045869576611,1.0
0.5435648553837658,-0.9671906539753565,1.3298523838324954,0.09169924206335406,0.0
0.6271579198177738,1.6078126520252134,0.1657714567698736,0.02015541333202946,3.0
0.559873641126632,-0.6925138964068347,-1.4815442889609682,0.0307400720922174,1.0
-1.7317881813722402,0.054050290887335435,-0.0027740265035330145,0.03090188551227319,2.0
0.543564854520522,-0.9671881447639373,1.3336000069961231,0.04980658762015492,0.0
0.5598736409939173,-0.6925149825443194,-1.4853226145426706,0.05818709488365414,1.0
-1.7317881813849574,0.05405172525687128,0.0007272661098902431,-0.018038746653164166,2.0
-1.7317881816434912,0.05405201709839099,-0.004498708369342529,0.09863541995447933,2.0
0.5435648545915945,-0.9671902350818922,1.3312521697258055,0.06483462626601115,0.0
0.5435648550334129,-0.9671886598019451,1.3315094120774977,0.02187864821331786,0.0
-1.7317881814476555,0.05405234042987752,0.00011747642913608608,-0.05492785699452757,2.0
0.5435648542535205,-0.9671882842419662,1.3277631793424765,0.026396905907091033,0.0
0.6271579190512846,1.6078094083285923,0.15597872871176038,-0.034038554642947805,3.0
-1.7317881811261175,0.05405004138478941,-0.0009053137405773762,0.09165345682635236,2.0
0.5435648555261139,-0.9671902993670942,1.3292227396479999,-0.061510173179329705,0.0
0.5435648541714393,-0.9671869240604483,1.3297718368641813,-0.007922950662850214,0.0
-1.7317881815122402,0.054051305263055766,-0.00371377315358308,0.023078002588742024,2.0
0.5435648539967721,-0.9671909339600285,1.3284243873765327,-0.00484127730854644,0.0
0.5435648546865707,-0.9671884503103158,1.3261018523259684,-0.04443107366390079,0.0
0.5435648537351008,-0.9671887788727721,1.3336338180929836,-0.01918619240742518,0.0
0.5598736419701184,-0.6925141951775247,-1.4796448524591592,-0.04931522673319347,1.0
-1.731788181721147,0.054051624253754434,-0.004066825521485432,0.04426462834027585,2.0
0.5435648542539901,-0.9671874462668524,1.3322625487477762,-0.026088948831727358,0.0
0.5598736413554792,-0.6925127672413482,-1.4752765188315815,-0.015488643982374935,1.0
0.6271579194017152,1.6078126239573247,0.15508472315024996,0.009038866152112107,3.0
0.5435648546015676,-0.9671900678999097,1.3326570316140807,-0.029038940268186188,0.0
0.6271579199003237,1.6078142092230367,0.16190880075149972,-0.017360768424116785,3.0
0.5598736412041291,-0.6925143368135463,-1.4789834683227092,-0.0038470716929973913,1.0
0.6271579198017838,1.6078111292259403,0.16113411711242423,0.029321216358953052,3.0
0.5435648544083204,-0.9671874386201726,1.3429106413549787,0.0017943008319270962,0.0
0.6271579200723817,1.6078138106882809,0.1628777377479113,0.01694124029000311,3.0
-1.731788181812025,0.054050625716478486,-0.008700219524490254,-0.011114654618970555,2.0
0.6271579195121071,1.6078124273126484,0.15843761215172197,-0.03465376500551373,3.0
0.559873641318887,-0.6925150018926804,-1.4757807989955591,-0.0962118778364205,1.0
-1.7317881827639772,0.054048881150322366,-0.00901418003328639,0.018288508204016025,2.0
0.5598736416085601,-0.6925155536228745,-1.4774981039446793,0.012850989825613134,1.0
0.5435648542275848,-0.9671883629418861,1.3328049421600712,-0.04339031256718605,0.0
0.5435648551425117,-0.9671923457762638,1.3347595078451713,0.0634346847036427,0.0
0.5435648552597427,-0.9671922673810951,1.3365313577614624,-0.02592550310358394,0.0
0.6271579197141608,1.607809230423336,0.1602915806900533,0.07684465028644229,3.0
0.5435648554974487,-0.9671868715573704,1.3319938149498443,0.014670432794275882,0.0
-1.7317881813832616,0.05405451395497952,-0.0028984191742021915,-0.017177856201847436,2.0
0.5435648549570254,-0.9671907264230895,1.3258625955299495,0.03913364950736014,0.0
-1.7317881817041323,0.054046880582812706,-0.010272869537985613,-0.04127685413892998,2.0
0.5435648544875629,-0.9671881842106542,1.3341686485399247,0.10989201010756057,0.0
-1.7317881812314289,0.05405106636541584,-0.007219390096611196,0.013140748041084078,2.0
0.559873641392726,-0.6925148402226957,-1.4802404877625126,-0.0034119561765172278,1.0
0.6271579199509066,1.6078130390523326,0.1601943259472548,0.024033661544442843,3.0
0.55987364129845,-0.6925132598431364,-1.485417369678852,0.03309236898454051,1.0
0.5598736417735309,-0.6925150232355458,-1.4819381768982716,0.014486200900352002,1.0
0.5435648551567301,-0.9671892872744426,1.3329730450607093,0.02518017202575792,0.0
0.5598736419075443,-0.6925142939936417,-1.4794665285621944,-0.03096762571679893,1.0
0.6271579194554308,1.6078118765245861,0.16271321897764995,0.05679764688104444,3.0
0.543564854500789,-0.9671911521400653,1.3321634964051732,0.01590369012761772,0.0
-1.7317881817491974,0.05404932860538694,0.00045361145405215534,0.011129793167469808,2.0
0.5435648542636073,-0.9671892678975507,1.3319038924104334,0.04312595759113182,0.0
0.5435648546707077,-0.9671921831779603,1.3303619737697316,0.03161507433924234,0.0
-1.731788181627823,0.054049491551626236,-0.0031452798605255947,0.028958850625774486,2.0
0.5435648551167314,-0.9671913885965758,1.3353896027196244,0.057037401420854,0.0
0.5598736418287267,-0.6925191263745637,-1.4767994704315746,-0.023162387629958925,1.0
0.5435648546751356,-0.9671911686797693,1.327449151704616,0.04444227439750065,0.0
-1.7317881812698255,0.05405013883624631,-0.002270819135754227,0.06121030389035087,2.0
-1.7317881823737102,0.05405016571413125,-0.010529558509618935,0.010612802504062846,2.0
-1.731788181155569,0.05404836369326786,-0.003468457059874725,0.041383145220936154,2.0
0.6271579196656021,1.6078136044857827,0.16010833949069364,0.009911536018438409,3.0
0.6271579196287776,1.6078121231044333,0.16177860799673285,-0.05099734675436746,3.0
-1.731788181392451,0.05405119757852118,-0.005424179867538737,0.012548641774145686,2.0
0.5435648551553234,-0.9671903932183988,1.3284873359422298,0.01869198927624207,0.0
0.5435648547450737,-0.9671883136284781,1.3364698593528617,0.017333766226549942,0.0
-1.7317881819070424,0.0540507667270689,0.0009029755080997636,0.02648344704782222,2.0
0.5598736415300799,-0.6925164253801682,-1.484074677873682,-0.04471433483536415,1.0
0.5435648549639135,-0.9671904620834281,1.331555142502883,0.0006912425936935452,0.0
-1.7317881812356175,0.054048932407279426,-0.00587914415034967,0.09083921070030072,2.0
-1.7317881811382299,0.05405185400593344,-0.001301491562902167,0.01717587159272249,2.0
0.5598736413936789,-0.6925148577671714,-1.4818858668027626,-0.034798189699905814,1.0
-1.7317881807972968,0.05404858175699468,0.0008048992325358007,0.0766957852206421,2.0
-1.7317881810841407,0.05404787142462458,-0.006976989683203561,-0.05349453697923549,2.0
0.6271579193997557,1.6078126413787535,0.1596707435371687,0.032191904887600965,3.0
0.6271579200230951,1.6078161772043174,0.162622600211144,0.10591754063534015,3.0
0.5435648545723609,-0.9671884632401029,1.3311131562464842,0.047595529327128835,0.0
0.6271579200689924,1.6078117152156592,0.15790282094981284,-0.05039098949621338,3.0
-1.7317881816820713,0.05404616737536847,-0.01000283537770764,0.03979630846633845,2.0
0.5598736418288272,-0.6925161886781213,-1.4775318111747873,-0.06605290028900411,1.0
0.6271579198286997,1.6078109842984438,0.16356861987634475,0.009056482196152012,3.0
0.6271579197655732,1.607812561840011,0.15370534500414332,-0.062370579480738424,3.0
0.6271579190701597,1.6078128881169742,0.1644784653451905,0.06826173376309055,3.0
0.5435648548116414,-0.9671917402953472,1.3321818490080084,0.04616543395672149,0.0
0.5435648543407022,-0.9671866706438834,1.3226096563405032,0.0928912041134687,0.0
-1.7317881815878446,0.054048623434089074,-0.004059109591041038,0.01957344355983009,2.0
0.5435648551418644,-0.9671867978145745,1.3254365306413116,-0.005535285935448132,0.0
0.5435648543734385,-0.9671890570694482,1.3381275337848484,-0.004374643698690426,0.0
-1.7317881809085032,0.054048057827728056,0.0025448602925525173,-0.013001498960024763,2.0
0.5598736415283009,-0.6925163168172009,-1.4770960427653599,-0.08927380871346664,1.0
0.5435648544896893,-0.9671904677566713,1.336437215491373,-0.015119611402846053,0.0
0.5435648552094348,-0.9671901404147373,1.3388271136489855,-0.009858846345181001,0.0
0.5435648553196345,-0.9671859953255688,1.3312653991786383,0.06708576767632593,0.0
0.627157920038722,1.6078101628103676,0.16517694090880275,-0.09147180095599264,3.0
0.5435648546994751,-0.9671906245662761,1.3396789629270698,0.019664014147599822,0.0
0.5598736410630292,-0.6925165549643159,-1.4829259493925888,0.047186764786608285,1.0
0.6271579200525779,1.6078112845274215,0.1643046335980052,0.0012959968394457872,3.0
-1.731788181364594,0.054050324073977085,-0.007107910524025015,-0.03416589489207702,2.0
0.6271579204814519,1.6078125453014849,0.161298523931126,-0.04641588772974802,3.0
0.5435648544055215,-0.967192755844469,1.3308691612807777,0.04808484867284659,0.0
0.6271579197945201,1.6078108769436779,0.1620659321079807,0.003113189297362183,3.0
0.5435648555585274,-0.9671904342540205,1.3353497483503343,0.06365954152841287,0.0
0.5598736411396484,-0.6925163328175005,-1.4865183812561171,0.008186558913169278,1.0
0.5598736412179651,-0.6925169445362156,-1.4777929323557237,-0.003073565508135898,1.0
0.5598736415509025,-0.6925183818328488,-1.4691276526534747,-0.02111541612609591,1.0
0.5435648540630084,-0.9671901740137228,1.3291604547578661,0.04537998761382722,0.0
0.5435648542028015,-0.9671873068715335,1.3274550263816742,0.016875477488322587,0.0
0.559873641456074,-0.6925172530821517,-1.4788133320998438,0.02205401036087157,1.0
0.5598736418785283,-0.6925162315484426,-1.477058210509941,-0.08624706658429551,1.0
0.559873641056261,-0.6925167777230087,-1.4815017188354547,0.01860331050632921,1.0
-1.7317881813072644,0.05405262950722932,-0.005284808064632719,0.020276808096444505,2.0
0.559873641251988,-0.6925144099984332,-1.4818592769237107,0.013666961765180684,1.0
0.5598736418823367,-0.692519582696166,-1.4722858029779573,-0.04719920014262001,1.0
0.5598736408159386,-0.6925164472798675,-1.4786241213234614,0.05048149969349867,1.0
0.6271579198064056,1.607807550716167,0.15710401927345835,-0.04148888624579968,3.0
-1.7317881815153529,0.05405087350347776,-0.011994880362016678,-0.11222734719238445,2.0
0.5435648550637012,-0.9671908289447275,1.3318032938520405,0.09544880415711453,0.0
0.5435648543218798,-0.9671901633126883,1.3314455570374415,0.005946506222923288,0.0
0.6271579201350909,1.6078121205723095,0.16054826876668823,0.017308865268597654,3.0
0.5435648547540237,-0.967190119512527,1.330459918632909,0.05178440368003605,0.0
0.5598736410602482,-0.6925155439288931,-1.482240344467576,0.008648788959503358,1.0
-1.7317881805351865,0.05404876005985149,-0.004056408387189417,0.030405006898037434,2.0
0.6271579200136833,1.607811808709648,0.16447507166341271,-0.001737598504458286,3.0
0.5435648542557744,-0.9671912347185451,1.3386755930064718,-0.030209800078573087,0.0
-1.731788181254134,0.054054074966284116,-0.005924094736448372,-0.04964686311648961,2.0
-1.7317881807881739,0.05405135523723845,-0.0021900827030732995,0.05101773324159078,2.0
0.5598736414606696,-0.6925152974862496,-1.4760912724364046,-0.057619607352101886,1.0
0.5598736416208004,-0.6925181625217453,-1.4764702984473956,0.017866637786289413,1.0
0.5598736414890159,-0.6925155491074855,-1.4756512526273193,0.05083947390863672,1.0
0.5435648546555449,-0.9671873516580692,1.3289254181270624,0.03628905630936803,0.0
-1.7317881812560387,0.05404860698543012,-0.0021152014310217133,-0.0003774036110501998,2.0
-1.7317881818788423,0.054049301093561916,-0.0012992966763042733,0.005283656875835152,2.0
0.5598736412995972,-0.6925144485087552,-1.4814720297748099,0.035724080883083556,1.0
0.5598736415617841,-0.6925156376835658,-1.476671710421223,-0.008490487528425307,1.0
0.5435648544889061,-0.9671907051826717,1.3262315823837567,-0.018203959086931322,0.0
0.5598736414703568,-0.692515108536493,-1.4832134266442545,0.04627763924935656,1.0
0.543564854647489,-0.9671909625102053,1.332412820946284,0.022005680217755202,0.0
0.5435648546888369,-0.9671883385149985,1.337955505283825,-0.06880880628053866,0.0
-1.7317881808447841,0.054048789807506346,-0.009320318871047737,0.0015986883004742382,2.0
0.5435648544573785,-0.9671891927561567,1.3334429493404056,-0.003952301862751386,0.0
0.5435648550929763,-0.967188296123355,1.3356384876609997,0.013545318916937268,0.0
0.5435648548344828,-0.9671892000524411,1.3360580895789167,0.07597989605446856,0.0
0.5435648551204272,-0.9671902797949388,1.3320577264930702,-0.03870958758851329,0.0
-1.731788181564681,0.05405031670754841,-0.0043604317327658555,-0.016477185970698575,2.0
-1.7317881811546705,0.05405034946626602,-0.006292944961893009,-0.006781084545765489,2.0
0.5598736416999011,-0.6925158115078041,-1.4769061019412895,0.01141647984274152,1.0
0.5598736410527336,-0.6925180810617286,-1.4811591204312513,0.029244807361556525,1.0
0.6271579192154781,1.6078114202476148,0.16171618063987347,0.01796746817144928,3.0
0.5435648546441844,-0.9671896128452354,1.32806301759592,-0.022530541765548976,0.0
0.6271579192973965,1.6078136178201572,0.15692289259687384,-0.00040357135285743666,3.0
0.5598736412711507,-0.692517473745243,-1.4741243654251237,-0.025986243855736578,1.0
0.6271579203887563,1.6078099267043193,0.16135366638499346,0.009049978186759969,3.0
0.5435648545391791,-0.9671892358405592,1.33724666967264,-0.02581097774983744,0.0
0.543564854931731,-0.9671927143058084,1.3298372803278236,-0.028751066218484903,0.0
0.6271579197760281,1.6078130100259342,0.16405086623259113,0.013571542328060883,3.0
0.5435648541373661,-0.9671912727977703,1.331978742255879,0.008277663966546476,0.0
0.5598736414513471,-0.6925148659819768,-1.4789954189563164,-0.06302404802871564,1.0
0.5435648551768312,-0.9671877610446529,1.333056569086227,0.042392247108996445,0.0
-1.731788181149311,0.054049023264716625,-0.005622737699040081,0.0074407303181883,2.0
0.5435648550083382,-0.9671879861803047,1.333291356221922,0.05767883267669937,0.0
-1.7317881808401545,0.0540532282226783,-0.0011748450691769355,-0.05340021218923238,2.0
0.5435648545798922,-0.9671901603439155,1.3235944513007731,0.030963489190941447,0.0
0.6271579195509093,1.6078091871320952,0.14978660555415144,0.05277698885889088,3.0
-1.73178818201658,0.05405104986174944,-0.005609740745391214,0.029466061421996786,2.0
0.5598736410348946,-0.6925163817740783,-1.476812849502177,-0.08289863020952172,1.0
0.559873640933053,-0.6925109675033098,-1.4856007128719122,-0.04501462201086261,1.0
-1.7317881820238257,0.05404896589554024,-0.011468286075403634,-0.03687792999924364,2.0
0.6271579198712589,1.60781185793728,0.16121222556233494,-0.019506954857512828,3.0
0.5598736414318145,-0.6925159556788417,-1.482648071314004,-0.07052581411699534,1.0
0.6271579199880061,1.6078117414259947,0.15772518769242597,0.026125682355053192,3.0
-1.7317881808901958,0.05404922231234347,-0.008811179420103569,0.021179760062662367,2.0
0.6271579200293121,1.6078133460143298,0.15653394965782141,0.021269719424142304,3.0
-1.731788181899933,0.05404840184585751,-0.00705009302316961,0.013746935655579244,2.0
-1.7317881809016906,0.05404999780799475,-0.006452018216116019,-0.01860953008711766,2.0
0.6271579196603536,1.6078088533083141,0.16094479219002977,-0.0015873055925424802,3.0
0.5435648554094246,-0.9671920657628033,1.332750149034261,0.024803721660640664,0.0
0.5598736414143356,-0.6925160450529989,-1.480587388941382,0.057380083147984144,1.0
0.6271579198387628,1.6078110338356613,0.15723668556858686,0.019480022340889937,3.0
0.5435648549335428,-0.9671907740628454,1.3304631839124044,0.0032222042964637674,0.0
0.6271579195701501,1.6078127118650998,0.16253811573981639,-0.03929684374172794,3.0
0.5435648548250991,-0.967189193724777,1.336410290693722,0.01440378414242158,0.0
0.6271579197170741,1.6078113476521687,0.16350559176021695,-0.0073309416148918454,3.0
0.6271579194205424,1.6078112007674827,0.16315468803798341,-0.01521188117026023,3.0
0.5435648546930333,-0.9671884917016269,1.3300775275113135,-0.021313827508529226,0.0
0.5598736417113015,-0.6925150060397395,-1.4742963281763009,-0.002430949492525255,1.0
0.5435648544832492,-0.9671891037587266,1.3333318671523853,0.017736974778511983,0.0
-1.7317881812936238,0.05405133216752398,0.0006283535009950433,-0.0017978887642779336,2.0
-1.73178818172649,0.054051350995344326,-0.007511722812093344,0.006334649503718874,2.0
0.543564854306538,-0.9671871552849989,1.3348707639150794,0.04490524622442509,0.0
0.5598736414896239,-0.6925169042230805,-1.479624168025295,0.014390224623170638,1.0
0.5598736414388841,-0.6925151360420783,-1.4817348561576917,0.0120176567399108,1.0
0.543564854923713,-0.9671893100417428,1.3328921204743478,-0.008951547406811571,0.0
0.5598736404909945,-0.6925115580070486,-1.4738879491049863,0.01984464259819038,1.0
0.5435648549007389,-0.9671890234803356,1.3377939755039046,0.01175080718944585,0.0
0.627157920203578,1.6078110082268837,0.16565588857309038,-0.04620446733877843,3.0
-1.731788181653897,0.0540516940487305,-0.008960854621647078,-0.012153420079551749,2.0
0.5598736411770456,-0.692513363610762,-1.479132892530863,0.041959304979948896,1.0
0.6271579191178467,1.607812267824159,0.16310718062494345,-0.021603383665021316,3.0
0.6271579199766519,1.6078119700080118,0.16516541972001345,0.02696725486902535,3.0
-1.7317881812973301,0.05405272179507837,-0.004220440076237378,-0.0710345102397136,2.0
-1.7317881803789943,0.05405176208743447,-0.004908184477263487,0.03064980637862311,2.0
0.6271579200214537,1.6078114584887822,0.16115353252684417,0.06935384715061811,3.0
-1.7317881815480267,0.0540475066757376,-0.002847960591531255,-0.014919546299204271,2.0
0.5435648552721417,-0.9671917909667416,1.3304487536098053,0.036368241232565046,0.0
-1.7317881813738587,0.054047174332899586,-0.006288407455710355,0.023801985563095037,2.0
0.5435648547313198,-0.9671877906166443,1.3376732350332992,-0.014755908379911968,0.0
0.5435648541513661,-0.9671899053514152,1.3333516128815353,0.0027703934869024336,0.0
-1.7317881811208762,0.054050181281548176,-0.0011275985746734864,-0.020305506661959544,2.0
-1.73178818078921,0.05404728488879568,-0.009448632381113603,-0.05007010099082502,2.0
0.6271579205542395,1.6078092318466903,0.1611956509532243,-0.016600313044974016,3.0
0.6271579189706031,1.6078107244446038,0.17161438594533374,-0.01162704247912007,3.0
-1.7317881816478728,0.05404654690826261,-0.008492251578270493,-0.029120218867240914,2.0
-1.7317881813263012,0.054050231405659836,-0.003761736516790445,9.336289280864742e-05,2.0
0.6271579201670567,1.6078125324538277,0.1594977704025913,-0.05598361142067634,3.0
-1.7317881814777092,0.054051453536280096,-0.007572988519307172,-0.006046851589655847,2.0
-1.731788181881551,0.05404808288402995,0.0005141075953602947,-0.06047298764928777,2.0
0.62715791974732,1.6078111415256093,0.16158755475083575,0.0724519813283212,3.0
0.5598736419276953,-0.6925181437355642,-1.4777054136169143,-0.018395200931313305,1.0
0.5435648547583263,-0.9671897351595714,1.3313305691606385,0.08539997403787865,0.0
0.5435648542576311,-0.9671896145990395,1.330952126390114,0.002840975898124737,0.0
0.5435648547469738,-0.9671895686619304,1.3368669620308569,-0.005794745521136573,0.0
0.6271579195381894,1.6078123695360342,0.1562987564703393,0.024643564037363952,3.0
-1.731788181101952,0.054048160709416815,-0.0031170084939679907,-0.003539375628564734,2.0
0.5435648543642956,-0.9671887436935466,1.3345662690126503,0.03475276831526186,0.0
0.627157920184165,1.6078103107647665,0.15810320576823456,0.0006002763724724294,3.0
0.5598736416804778,-0.6925171995280213,-1.4816310133446269,0.005690841285716933,1.0
0.5435648545046889,-0.9671871401185239,1.3277464681917666,0.04197455453668332,0.0
0.5435648548580786,-0.9671905530519691,1.3305811571987085,0.062260583149002666,0.0
-1.731788181774536,0.054049323926822754,-0.01133913371345446,-0.026715013893769478,2.0
0.5435648544471378,-0.9671872932683512,1.3330254292130403,0.024260365945816136,0.0
0.5435648551262293,-0.9671885209547896,1.330995618081289,0.019099713964506663,0.0
-1.7317881807596867,0.0540511039092739,-0.006267897697265862,0.02263217498087387,2.0
0.5435648543193539,-0.967190999897385,1.3348508214044317,0.025666098942988734,0.0
0.5435648540834821,-0.9671913809005499,1.3308244086606573,0.02560866688740506,0.0
0.5435648546509612,-0.9671887862655147,1.3339701212251327,-0.03441682419601091,0.0
0.5598736418867097,-0.6925157914514368,-1.475594407143781,0.031149336304918635,1.0
0.5598736420339776,-0.6925155834077596,-1.4772867856521643,-0.05489173984154499,1.0
0.6271579199879808,1.6078119620672844,0.16575994424378504,0.04510274631577399,3.0
0.6271579192792084,1.6078115509206063,0.16378441315596753,0.03243298344380917,3.0
0.6271579194975127,1.607810000785314,0.16137766414854937,-0.012542086843143013,3.0
0.5435648545459183,-0.9671901316845147,1.3293313696918745,-0.03973802130531497,0.0
-1.7317881821289594,0.05405048822982615,-0.005186891725263877,-0.06414635163516817,2.0
0.5435648543503754,-0.967190157351778,1.326363000422271,-0.006885144724354199,0.0
0.5435648547775135,-0.9671881485690252,1.3336932834879,0.03884994412082958,0.0
0.5598736416572445,-0.6925136832605125,-1.4805488543155036,0.02146793564919596,1.0
0.5598736421338725,-0.6925158894984842,-1.4782808753697476,0.026018740365685605,1.0
0.5435648541250141,-0.9671918437108663,1.3279273287360553,0.014191607084485282,0.0
0.6271579201722257,1.6078129340389384,0.16470580564361664,0.015593220081485342,3.0
-1.7317881817064993,0.05404878731404038,-0.006625314215378756,0.006540064765645149,2.0
0.559873641450128,-0.6925136858868418,-1.4830050755776998,-0.01051019524916957,1.0
0.5598736406893428,-0.6925161866003112,-1.4667098742478972,0.009804492223119833,1.0
0.6271579196074378,1.607809722792076,0.16362950705082022,-0.012597299518544923,3.0
-1.7317881812756424,0.05404982690391387,-0.011756862384528992,0.01130823268489845,2.0
-1.7317881815297322,0.05405145736049026,-0.0037707992024379393,0.0017545494634869192,2.0
0.5598736419984436,-0.6925185206612503,-1.4740306239724816,-0.03464605063580438,1.0
0.5435648544127243,-0.9671890009957874,1.3295426660726868,0.0045783562560766464,0.0
0.5598736419924576,-0.6925154248872829,-1.4865969055493384,-0.0969352004352337,1.0
-1.7317881804237643,0.0540471741152392,-0.0017067696106284913,0.029819242052727492,2.0
0.54356485538079,-0.9671883066458515,1.3373447377360432,-0.0192094054647625,0.0
0.5598736414317134,-0.6925172979794916,-1.4731014724770901,-0.011251222296093875,1.0
0.5435648540565323,-0.9671884360809746,1.3361259955404736,3.4275615980874116e-05,0.0
0.6271579197342204,1.6078134368385109,0.15818224166203773,0.030605546779622756,3.0
0.627157920148061,1.60781285668144,0.15843612317282882,0.01068174522152065,3.0
-1.7317881818257563,0.05405154389335791,-0.009988827004468443,0.031874621286674884,2.0
0.5435648550374489,-0.967189152694732,1.3277824176939839,0.011207047916358868,0.0
0.5435648541655064,-0.9671908541422986,1.3333407137489173,-0.009558065907033748,0.0
0.543564854730217,-0.967191082046117,1.3344658394820557,0.007639638037176461,0.0
-1.7317881814734586,0.054050512805584004,-0.008623170508245492,0.06494134562163988,2.0
0.5435648547883241,-0.9671879610092161,1.3274091320724384,0.0654807531268096,0.0
0.5598736421686255,-0.692514345227753,-1.4815883287710319,-0.022008740344157996,1.0
-1.7317881814886165,0.05405080751036099,0.004106342060181074,0.001019036217384247,2.0
0.5598736413749007,-0.6925169869567168,-1.4738964257789238,-0.0032759557923322047,1.0
0.5598736416694671,-0.6925132215453721,-1.4786456244284902,-0.0049623471757588595,1.0
0.5435648545233112,-0.9671875237945746,1.330950791938057,0.011106612057407948,0.0
0.6271579201424164,1.6078096739540737,0.1591525790928613,0.01003328950692857,3.0
0.5598736414342652,-0.692518688003906,-1.480966816882413,-0.05487347941667655,1.0
0.5435648548044751,-0.9671910589183624,1.3288363410617938,0.034545920265281166,0.0
0.5435648546292327,-0.9671909568971823,1.3375691160995877,-0.021780198631812665,0.0
0.6271579191196059,1.6078098057802457,0.15991889570110726,-0.043672892667183126,3.0
0.5598736409108831,-0.692517349358536,-1.4807799598786204,-0.07198536124636598,1.0
0.6271579197487832,1.607815861558686,0.15603474898201325,0.03293222907436564,3.0
0.6271579198123188,1.607809765678903,0.1619784323877846,-0.0011148370304331747,3.0
-1.7317881810678946,0.05405141184151867,-0.011445774273391713,-0.038648768656133675,2.0
0.6271579197124525,1.6078123575452608,0.15565966795669092,-0.07850066130396927,3.0
0.5598736415650847,-0.6925157241852467,-1.4806744491980102,-0.0007447107437834293,1.0
-1.7317881808904265,0.05404968795674563,-0.007733112651128071,-0.04400340925299399,2.0
0.6271579197266705,1.607813289536246,0.16213062099139708,0.002111034801888518,3.0
0.5435648550392007,-0.9671906085055246,1.3357273099944338,-0.06754873278048068,0.0
0.6271579196888982,1.6078126677297453,0.1706954505942048,-0.007314624622975734,3.0
0.6271579197729019,1.6078123597942637,0.16329671504111043,-0.01292639993572492,3.0
0.5435648553478484,-0.9671897717299034,1.3287804168376334,0.057703256887577936,0.0
0.5598736416973066,-0.6925168687374247,-1.4822022595945366,-0.037983854463280946,1.0
0.5598736412009498,-0.6925168036319583,-1.4772642492990435,0.041570242988180246,1.0
-1.7317881815852811,0.05404725307019797,-0.00861613044060628,-0.04085590956465408,2.0
0.6271579202210774,1.6078118223302935,0.16303208021259571,-0.044467988819553356,3.0
0.5598736415445503,-0.692516875169428,-1.4817787933044044,-0.01521571143857904,1.0
-1.7317881816456713,0.05405083454707838,-0.0032644856177686888,0.021354152499640306,2.0
-1.7317881817394563,0.05405153595699581,-0.005513273488688272,-0.021782578285904897,2.0
0.5435648548016588,-0.9671871257432041,1.330391638966924,-0.07844232519177376,0.0
-1.7317881811508853,0.054052313898235796,0.0035547211196015316,-0.04258713089762647,2.0
-1.7317881815960643,0.054050510552303074,0.0004487838797975778,0.023900903726718922,2.0
0.6271579195822586,1.6078124565689695,0.1559700813176133,0.04358553595423324,3.0
0.6271579194731776,1.607810377590933,0.16413485829399269,0.05588193745903822,3.0
-1.731788181080658,0.05405049386853275,-0.003357665788276893,0.03819738829372752,2.0
0.5598736410271641,-0.6925150527967323,-1.482747112777882,-0.072129979586987,1.0
0.5435648543414809,-0.9671892810226775,1.332271992693462,-0.014757304866793131,0.0
0.6271579192239728,1.6078109110120118,0.16800466476187856,0.03160280614105576,3.0
0.6271579202983516,1.6078145019110532,0.15979605808682917,-0.004134932289433301,3.0
0.559873642159363,-0.6925155354259042,-1.4726084529455117,-0.022568645274585356,1.0
0.5435648554252579,-0.9671884996358887,1.3307618132630425,-0.03237382292487669,0.0
0.5598736417437349,-0.69251550619107,-1.4777724482564205,0.0510788700003243,1.0
0.6271579193793957,1.607810108529918,0.15503232616288148,-0.0050865472875279314,3.0
0.6271579196201864,1.6078130026671436,0.16574209920667013,0.008944552335343942,3.0
0.6271579201337012,1.607812507324179,0.1598155275697563,-0.04757046883244083,3.0
0.5598736412021645,-0.6925134213480962,-1.4817869363066376,-0.027198377823309337,1.0
0.6271579196542639,1.6078110941750818,0.1551270076979979,0.026263166075289564,3.0
0.6271579201528293,1.6078126970141176,0.15476990914526328,-0.016021134845444,3.0
0.627157920010269,1.607810671597195,0.16247954545630539,0.012277423369304201,3.0
0.6271579200509894,1.6078121753379584,0.15891493884216126,0.024795926077095805,3.0
0.5598736415771867,-0.6925156886335146,-1.4737440824791492,-0.041572051570525646,1.0
-1.7317881819279162,0.054047372297273466,-0.010036357727406794,-0.0027818201728905785,2.0
-1.7317881811477878,0.05404902478475658,-0.009380712932593065,0.058906018535236915,2.0
0.5598736413748104,-0.6925175128669154,-1.4745521736962799,0.05788534269092992,1.0
-1.73178818132784,0.054050410237721794,-0.000623055773169531,0.05849921505307569,2.0
0.5435648559177821,-0.9671867638845698,1.3366208249813867,-0.0230548123722966,0.0
0.5598736414043576,-0.6925183989832701,-1.480604315679216,-0.02830961633546705,1.0
-1.7317881813889329,0.054050942938395664,-0.006030757243615152,-0.03351275405770423,2.0
0.5598736408609372,-0.6925170941504981,-1.4785674255845,-0.02294662684618875,1.0
0.6271579186313468,1.6078134000298236,0.15535932305150194,-0.04664522253100875,3.0
-1.7317881819722836,0.054050658407852295,-0.0022628195081491253,0.0730712188243177,2.0
0.5435648538552944,-0.9671910516521635,1.3310187716638762,0.00394713692116361,0.0
-1.7317881815395313,0.054048994347080104,-0.00393643633478605,0.013481939938579685,2.0
-1.7317881814373417,0.054049746038289444,-0.0035022337430243643,-0.07054661342142986,2.0
0.5435648548690638,-0.9671904267511114,1.331186488384564,0.03922600149726077,0.0
0.627157919762924,1.6078118945932243,0.16305012147109532,0.017741466684949834,3.0
-1.7317881812836187,0.05404997674773696,-0.0035728136707649343,0.028024657736958936,2.0
0.5598736413994326,-0.6925171879505932,-1.48497508627898,0.005336899487904394,1.0
-1.7317881819443548,0.054050693165157794,-0.005659048098956053,-0.005453892720443079,2.0
0.6271579202064202,1.607808778330944,0.15863524753733674,0.02377204992566229,3.0
0.6271579195045335,1.6078093704508072,0.16025637658337177,-0.0384410513703407,3.0
0.5435648544509244,-0.9671892621678144,1.3377605440302345,0.033769958251304855,0.0
0.6271579196778501,1.6078097025417502,0.1593999961189727,-0.01459598723710584,3.0
0.627157919423273,1.607811897578132,0.16176802771753168,0.017721015472166465,3.0
0.6271579201816776,1.607806289919092,0.1566665047213734,-0.031217094597795095,3.0
0.5598736418208264,-0.6925148917377562,-1.4762261056492818,0.023607889403648812,1.0
0.5598736411945217,-0.6925130146170697,-1.4747833113888744,-0.008454628871169755,1.0
0.5435648549469214,-0.9671890800051753,1.3383484681044,0.008514469309204577,0.0
-1.7317881812725546,0.05405205322940514,-0.004482781888646195,-0.018880958952638152,2.0
-1.7317881812033031,0.054049902822598576,-0.003865824268095945,0.012602787944761194,2.0
0.6271579196683407,1.6078096533547566,0.16283874297747014,-0.02369522863226572,3.0
0.6271579199384274,1.6078078335285797,0.16618606671404956,-0.06107626518236815,3.0
-1.7317881813606766,0.05404952525822507,-0.007221547006815831,-0.029988265330517457,2.0
0.5598736410623589,-0.6925139299148652,-1.477364573583002,-0.06207357968316363,1.0
0.5598736416129991,-0.6925174357344535,-1.4812727904807477,-0.030149519563965287,1.0
-1.7317881813779348,0.054049554250256246,-0.0019348452184210893,-0.017860439338992805,2.0
-1.731788182059987,0.054050553045218164,-0.002016835182841859,-0.03220443132792561,2.0
0.5598736416567398,-0.6925160864488115,-1.4777615746726154,-0.014888000328665088,1.0
0.5435648546314398,-0.9671910279681062,1.3350985934674084,-0.01151453180860988,0.0
0.5435648548489305,-0.9671898000467207,1.3389952623747683,0.0076550758524465004,0.0
0.5435648545329399,-0.9671886983244505,1.3312811804430122,0.009265746142054774,0.0
-1.7317881822444827,0.054052480052126525,0.0008278738390802988,0.03770636828279769,2.0
0.5598736414421351,-0.6925163755278896,-1.4815676098946584,0.02885371130150277,1.0
-1.7317881813477496,0.054052945966942705,-0.0036674467503276316,-0.05263456995624013,2.0
0.6271579198004882,1.607813471793879,0.15574489908421088,-0.0436123681727617,3.0
0.6271579192127377,1.6078108428879916,0.16742383689207135,0.002438862654293396,3.0
-1.7317881814213174,0.05404902671978206,0.00046214635084052994,-0.00929874399420959,2.0
0.5435648545089646,-0.9671897005698958,1.3327705324446204,0.054999260881803964,0.0
0.5598736415269686,-0.6925181783302121,-1.4805320924948882,-0.0536281856291096,1.0
0.5435648546059576,-0.967187397315723,1.3314626544016794,0.05007890293705156,0.0
0.5435648549410218,-0.9671894686415935,1.332392105415266,0.01809238864965845,0.0
0.627157919934487,1.6078123242639402,0.15912788984946624,-0.04443372775608172,3.0
0.5435648541897716,-0.9671911721461429,1.3341089883243646,0.0649332382188729,0.0
-1.731788181803184,0.05404851890321631,0.0002416872288263507,-0.05124143123734325,2.0
0.5598736407086154,-0.6925140116027982,-1.4844168718146007,-0.05281084816282169,1.0
0.5435648548483392,-0.9671883804570274,1.3291185462776693,0.016085514825054405,0.0
0.6271579201875763,1.6078123346261766,0.16140469653335243,-0.05221110190672237,3.0
0.5598736419838392,-0.6925134113764233,-1.4714143938352333,0.05868799172677346,1.0
0.6271579199815774,1.6078120732546284,0.1594069436597262,-0.03682377147207179,3.0
-1.7317881822634906,0.054049312905773673,-0.0038781833340778274,0.055662977748213036,2.0
0.5598736415696222,-0.6925149810988228,-1.4805561290770288,-0.0291107763030247,1.0
0.6271579202461048,1.6078091510091492,0.15987099604025296,0.10754201067401466,3.0
0.5598736409295519,-0.6925155822165944,-1.4810995710086554,0.03418881918840291,1.0
0.5598736418267534,-0.6925149376052379,-1.4860037823995773,0.04777643513508,1.0
-1.7317881810977096,0.05405234958005405,-0.007110485523518167,0.021947979870782834,2.0
0.5435648550204122,-0.9671916521395245,1.3282114757047698,0.038255961104810866,0.0
0.5435648545182825,-0.9671876805716639,1.3325817014278032,-0.048626894955329326,0.0
-1.7317881813607354,0.054050057849068495,-0.008953920919582067,0.033247903146424326,2.0
-1.7317881811100684,0.054049423263559944,-0.006402993972883647,-0.020533783041883958,2.0
0.6271579193640944,1.607811686565216,0.1613757943675595,0.02217435376017168,3.0
-1.7317881818820013,0.05405023321425504,-0.006537982235802288,-0.05644145280154629,2.0
0.6271579204389583,1.607808113867686,0.15791274962394844,-0.013344737731802924,3.0
0.5435648549067357,-0.967193875334861,1.3318807690265393,0.008051432763911721,0.0
0.6271579197261611,1.6078100935055408,0.16040230519943333,0.033265979556634746,3.0
0.627157919931733,1.6078100270523554,0.16037209504377617,-0.012520089764833065,3.0
0.5598736407413899,-0.6925152713739599,-1.4779925856671352,0.03242964913522813,1.0
0.5598736409514664,-0.6925153597644723,-1.4695573097783816,0.014148813215565123,1.0
0.5598736414756293,-0.6925158872747988,-1.4807180452628323,-0.013889064311648639,1.0
0.5598736416327968,-0.6925160241152087,-1.4833544779846213,-0.018127359108233057,1.0
-1.7317881816917253,0.05405235865528668,-0.006303777801589354,0.03311639560543844,2.0
0.627157919495006,1.6078115768680767,0.16031352060959195,0.035092877479942,3.0
0.6271579201688082,1.6078117826780143,0.1579565538604979,0.0172759254794171,3.0
0.5598736414995432,-0.692515341563608,-1.4810308285867582,-0.04549855547163804,1.0
0.5598736417459821,-0.6925133968996583,-1.4773863560123948,0.0071615751548702086,1.0
0.5435648549462966,-0.9671901708879643,1.3303453255430804,0.0016394176935341476,0.0
0.6271579196920462,1.6078122599022235,0.15636266720787903,-0.0045840218409078605,3.0
0.5435648546199996,-0.9671909548804056,1.3298408290928632,-0.05378607631266303,0.0
0.5435648549751059,-0.9671895118294039,1.3345434604572968,0.03548736704932922,0.0
-1.731788181236429,0.05404810810087527,-0.0019276180377011225,-0.0036961402815065547,2.0
-1.73178818172936,0.05404962489578774,-0.00961140878326269,-0.020556021785521923,2.0
0.6271579201872103,1.6078103284573835,0.16334720524875698,0.03168882579032852,3.0
-1.7317881808822266,0.05404945742036534,-0.005313550919718979,0.06484754252567261,2.0
0.627157920998986,1.6078141413826261,0.16287505076564637,-0.020021008801462084,3.0
0.543564854330864,-0.9671908365142087,1.3271584575952668,-0.023091655676286054,0.0
0.5598736417642585,-0.6925152393540374,-1.4803259500327826,0.007722262955631968,1.0
0.5435648549468405,-0.9671919943726822,1.3309345331831302,-0.004806892527262033,0.0
0.5598736415017987,-0.692515522458773,-1.4796332055730805,-0.07890994572340032,1.0
0.5435648548691562,-0.9671885427739615,1.3356335938346708,0.0007539627416200022,0.0
0.5435648548416857,-0.967192109839716,1.3352743491665835,0.029140387587375815,0.0
-1.7317881815086715,0.05405234849993191,-0.008579809699579994,-0.03039560741021617,2.0
0.5598736419494121,-0.6925152133418928,-1.479985111282931,-0.0457978510066835,1.0
0.6271579195230634,1.6078131347525866,0.16063288403388742,-0.06943314927250789,3.0
-1.7317881813341898,0.054048324966332835,-0.009855386488977472,-0.04031688028180761,2.0
0.5598736414639983,-0.69251572485387,-1.4814418579026754,-0.015531676640055255,1.0
0.5598736418198891,-0.6925177048737657,-1.4778905037812597,-0.03368560641837096,1.0
0.6271579194717535,1.607813634729071,0.16628924460848432,-0.05661867120449134,3.0
0.5598736412790484,-0.6925169621688808,-1.476073902217854,-0.028906021091955583,1.0
0.6271579202110363,1.6078115729858526,0.15434027046180535,-0.011241147894153584,3.0
-1.731788182266157,0.05404796366074998,-0.0038269933690327678,0.012724900601557475,2.0
0.559873640984422,-0.6925173963077281,-1.4857379916585658,-0.06620541021452174,1.0
0.5598736419273981,-0.6925143508762569,-1.4828454503536614,-0.08111487140978263,1.0
-1.7317881817187424,0.054049535857147786,-0.005905923138006179,-0.07469855657145075,2.0
0.5598736419791027,-0.6925186892834257,-1.474671103505367,0.0698151259673923,1.0
-1.7317881817659895,0.05405257796939171,-0.0004811769939429573,-0.002908309147250379,2.0
0.5435648546571253,-0.967189701024476,1.331533586139549,0.028213727484582226,0.0
0.5435648557577264,-0.9671894978570142,1.3290157825328612,0.0027370642169842843,0.0
0.5435648544901226,-0.9671879292724721,1.3313088213812272,0.033460337778332426,0.0
0.5598736411300006,-0.6925136365274405,-1.4774439781745274,0.009448840803482331,1.0
0.5598736411972873,-0.6925145797677943,-1.4797498408510206,0.001375836748771493,1.0
0.6271579197085567,1.6078156484834465,0.15590780793790598,0.04100203628652545,3.0
0.6271579198623703,1.6078087328142479,0.15856977617629264,-0.02986873715725087,3.0
0.5598736412877071,-0.6925171270235145,-1.478829754464267,-0.05304692661654622,1.0
-1.7317881808893956,0.05404834640532306,-0.010189860560925442,-0.06207457143044706,2.0
0.5435648540741708,-0.9671888641929847,1.3401790751260982,0.00652669841936451,0.0
-1.73178818177549,0.05404957622867083,-0.007360575409042097,0.004591158643262472,2.0
0.6271579201660943,1.6078138975490903,0.15637555440572704,-0.03648036888772824,3.0
0.559873641292058,-0.6925145977547391,-1.4765981479973869,-0.005507453050146198,1.0
-1.7317881814464027,0.05405053461539157,-0.0037121994081160967,0.06016861266530549,2.0
0.5598736418493608,-0.6925152025922289,-1.4741923559938783,-0.0020388935949363866,1.0
0.5598736408198894,-0.6925171700303585,-1.470077693505999,-0.039936422465919205,1.0
0.5598736411690518,-0.692515011597429,-1.4777198971647834,-0.060156321245358364,1.0
-1.731788181175908,0.05405012738165174,-0.0016883636904736733,-0.01308915924962577,2.0
-1.7317881813745941,0.05405177820148772,-0.007463157027126224,0.0024213934478512014,2.0
0.543564854522213,-0.9671878207265929,1.3300117822090638,0.011922626324668681,0.0
-1.7317881822051238,0.054051221146373035,-0.007443516367004911,0.05128266099830162,2.0
0.5435648547521553,-0.9671866649361174,1.3351291605721565,0.024912681789216122,0.0
-1.7317881812525515,0.054052909481884924,0.00038864387858189174,0.007988361206261667,2.0
-1.7317881818406622,0.054049186002479356,-0.006537760240732589,-0.020687973463662655,2.0
0.5598736416444311,-0.6925167259489593,-1.4776925795941027,0.037116982648069646,1.0
0.5435648551153995,-0.9671914337240872,1.33053082900484,0.08268943880160956,0.0
0.5435648550461076,-0.9671898011654518,1.3405819417464424,0.026326215174728912,0.0
0.5598736415458351,-0.6925150815045912,-1.4752010067579755,-0.0203380023130848,1.0
0.5435648546651453,-0.9671877589187735,1.3351338745049894,0.051613211025670035,0.0
0.6271579200975363,1.6078098959733498,0.15626156064069294,0.048822367248571134,3.0
0.6271579193117374,1.6078102615006011,0.15767949500668343,-0.026113394145854965,3.0
0.5435648550259504,-0.9671874967865208,1.332345945225036,0.06228238948211051,0.0
0.5435648548722986,-0.9671895140670949,1.3352005003438392,-0.008484605495395517,0.0
0.5435648546968928,-0.9671904478507184,1.3381820525641692,0.012014212313140508,0.0
0.5435648544295478,-0.9671898668036988,1.3402981405351089,0.08246493772212068,0.0
0.5435648548812817,-0.9671883066419436,1.3302936118562894,0.03361229509666257,0.0
0.6271579201812315,1.6078123374569877,0.16137929742380622,-0.0755736152720465,3.0
-1.7317881813328533,0.05405085749239034,-0.010774379181527845,-0.023862908765377753,2.0
-1.7317881814088427,0.054049857979300495,-0.0060012776744793935,-0.004385199212210803,2.0
0.5435648546518784,-0.9671879571957614,1.3353970426533814,0.019482364928191033,0.0
0.5598736417228253,-0.6925186926299032,-1.4699102538617441,0.04634853243001271,1.0
0.5598736414599081,-0.6925197097521676,-1.480387232818357,-0.02005125580482549,1.0
0.5435648548034067,-0.9671892584782472,1.3278432999731105,0.022079857566364415,0.0
0.5435648545548477,-0.9671906394712261,1.3323172974099564,0.03674522326311637,0.0
0.6271579198377565,1.6078141568976418,0.16660377923767675,-0.028285430389582762,3.0
0.5435648547441717,-0.9671891918479686,1.3324359740827632,0.03136037069887851,0.0
0.5598736417252674,-0.6925174342603706,-1.47603347749983,-0.018188065882720893,1.0
0.559873641994849,-0.6925154381091433,-1.487786732561933,-0.006920150480029833,1.0
0.6271579199204804,1.607812930089575,0.16818548933614946,0.06920483544494477,3.0
0.5435648544819018,-0.9671881245037438,1.335527732935162,-0.07329334065348383,0.0
0.6271579200353304,1.6078102183971048,0.17110878362144433,0.025669670361796487,3.0
-1.731788181187597,0.05404824671718764,-0.013945250753060525,-0.028607799717018604,2.0
0.6271579200694433,1.6078092719357728,0.16005235214301566,-0.0034149587377982986,3.0
0.559873641571328,-0.6925143428505746,-1.4745901496911507,0.06176068058527603,1.0
0.5598736415002536,-0.6925152486462975,-1.4722497403466992,-0.05143758516515481,1.0
0.5435648547457397,-0.9671902666788325,1.3381249926395267,0.03773296239247606,0.0
-1.7317881805234043,0.05404705633635771,0.001975177954893195,-0.0210361799174636,2.0
0.5435648543444589,-0.9671886928278347,1.3313985197808194,0.04534117850486322,0.0
0.5598736413506442,-0.6925155763079351,-1.4785218019740305,-0.007041913898270731,1.0
-1.7317881812328269,0.05405358443963983,-0.009033992886486604,-0.012413005428508001,2.0
0.5598736416102281,-0.6925162744877841,-1.4806893417874967,-0.01313688433775315,1.0
-1.7317881809529776,0.054051040371641386,-0.0007383248437670519,0.03636419128506207,2.0
-1.7317881815019016,0.05405196117618745,-0.003662347560021922,-0.04567068403278591,2.0
-1.73178818167036,0.05404845895291078,-0.005414332656201198,0.022834361036741652,2.0
0.6271579201015595,1.6078089899343846,0.15966369373489436,0.014300488152655274,3.0
0.5435648545458005,-0.9671883580710209,1.3274560581920183,-0.008892447098856865,0.0
-1.7317881813419354,0.054048788071477255,3.0750003372690204e-05,-0.04525892561533415,2.0
0.6271579193391144,1.6078148278860218,0.15727072349539734,0.03675575735461136,3.0
0.5435648543771379,-0.9671911858487948,1.333095510648039,0.0224788062421686,0.0
-1.7317881813525282,0.054052915261298295,-0.010430490643808058,-0.012225878432158591,2.0
0.6271579200656465,1.6078127811216534,0.16249687189483875,0.029157608110148562,3.0
-1.731788182264164,0.054052278444714316,-0.007539180962318729,0.021380034005003514,2.0
-1.7317881816990373,0.05404943682731291,-0.009198552858677454,0.0033512467725537345,2.0
0.5598736413934539,-0.6925169308944069,-1.4784942908374858,-0.06497019810976051,1.0
0.5435648548057428,-0.967189664337627,1.330605345217789,0.016227120599306602,0.0
0.5435648545119202,-0.9671897837476326,1.3255488535663775,0.07057395954259968,0.0
0.5598736417634702,-0.6925180924192962,-1.4782670230585035,0.015491793547231143,1.0
0.5435648548357631,-0.967188576369339,1.335706388084814,-0.024718680295343413,0.0
0.5598736411140564,-0.6925132212564424,-1.4768749960650802,-0.011591174607855425,1.0
-1.7317881810061844,0.054049606304958406,-0.0011752707937581013,0.10846374192404748,2.0
0.5435648548346302,-0.9671883817604555,1.33499427671276,0.004518801491200511,0.0
-1.7317881816683076,0.05405017548527672,-0.010021294465865102,0.0030186601989061505,2.0
0.5598736421083983,-0.6925153364231641,-1.4810987231871606,0.05076407650183532,1.0
0.5598736417190004,-0.6925192667342938,-1.4739497188900348,-0.03351876784856176,1.0
0.5435648544021388,-0.9671888554948697,1.3341759897425036,0.012619644239216509,0.0
0.6271579201794569,1.60781083834405,0.15716472387685218,0.036640886377423555,3.0
-1.7317881810157632,0.05405499163072395,8.188246342250828e-05,0.011285168620671917,2.0
-1.731788181577001,0.054050986120719166,-0.003152817137182844,-0.052585272527390134,2.0
0.5435648550395584,-0.9671922757725527,1.327842327868813,0.02492191990363539,0.0
-1.7317881808243267,0.05404801165632747,-0.004131120592209188,0.08505052463169127,2.0
-1.7317881819029577,0.05405019791936451,-0.007564960168362164,-0.009280848541280789,2.0
0.5598736409756866,-0.6925154293047013,-1.4744342883118562,-0.018746339829714975,1.0
0.5435648548258597,-0.9671896600080179,1.3323712166789072,0.012127783998619001,0.0
0.5598736418227741,-0.6925149416499332,-1.4754252998198605,-0.0039096933000347086,1.0
-1.7317881811820028,0.0540479454985508,-0.007987809538396432,0.042480617286512895,2.0
0.6271579206601439,1.6078131467919283,0.1606350278789075,0.017301104834463045,3.0
0.559873641616719,-0.6925160334335994,-1.4802554111626962,-0.004184889871707052,1.0
-1.731788180859151,0.05405121542474238,-5.377074582944218e-05,0.02787614793231843,2.0
-1.7317881813804161,0.054051062346741396,-0.00428605702077212,0.0003285998627383455,2.0
-1.7317881811645712,0.054050189373001815,-0.001305482914986355,-0.06184171338368586,2.0
0.5435648552009235,-0.9671896442202127,1.3270563815929521,-0.03406585705424233,0.0
0.5598736416718942,-0.6925138053429997,-1.4814242951935384,-0.005849075164202434,1.0
0.5435648548585481,-0.9671883152858874,1.3341055301564824,-0.004840424890382732,0.0
0.5598736416414084,-0.6925171425855235,-1.4752694225390224,0.020612462178431865,1.0
0.5598736418384391,-0.6925164969795675,-1.4817037990075999,0.025016188277589432,1.0
0.6271579197656794,1.6078134299699924,0.16059534664944403,-0.031833305135509686,3.0
0.543564855623602,-0.9671922664768227,1.3340777613362722,0.022832334371755754,0.0
0.5435648536993333,-0.9671928751371067,1.3288510234578481,0.0011821503072577991,0.0
-1.7317881816136644,0.0540495282257168,-0.002306899885457352,0.005083440637552702,2.0
0.5435648555590454,-0.9671884899097094,1.3340141876315523,-0.029645756490638435,0.0
-1.7317881811767493,0.05404604324982039,0.00035082903120554134,0.02948410313132157,2.0
0.6271579198146827,1.6078130438441123,0.15913025114125443,0.0014195041866733318,3.0
0.6271579199414093,1.6078115864037048,0.15754818590520733,-0.02198387239631539,3.0
0.6271579198953673,1.6078129339178873,0.16363845565489357,0.03436454890754232,3.0
0.5435648546960433,-0.9671909623164172,1.3297728627202312,-0.011126021141223227,0.0
0.5435648549315043,-0.9671882739501687,1.3241054190339838,0.0761223658466679,0.0
0.543564854469237,-0.9671908665852079,1.330417550816537,0.002892179385224715,0.0
0.5435648542580485,-0.9671884174947751,1.3359173732768244,-0.04654545831996,0.0
0.5598736407699293,-0.6925163227850979,-1.4756498561703997,-0.025475160525372055,1.0
-1.7317881811852032,0.05405192262226645,-0.013180264834482334,0.028043644600435066,2.0
0.6271579195282779,1.6078104296576587,0.16189778637233798,-0.004335083340982205,3.0
0.6271579196514709,1.6078119982761003,0.15426880512323898,0.056621035589473054,3.0
0.5435648541398845,-0.9671877877775282,1.3346442702849086,-0.023630506249813346,0.0
0.5435648541019585,-0.9671902405145802,1.3362277412448194,0.019563024795333183,0.0
0.5598736414964004,-0.6925166462119144,-1.4731499504914876,0.012068061229777311,1.0
0.5435648555528712,-0.9671923482582877,1.3321093399579043,0.006688944707670932,0.0
-1.7317881808167184,0.05404990335237378,-0.004077216682104958,-0.07691829691422233,2.0
0.5435648541277622,-0.9671907371856688,1.3357630088043482,-0.0017230792832919743,0.0
0.5435648544044797,-0.9671914396113677,1.3315830716093424,0.015199265091361021,0.0
0.6271579196390958,1.6078110898370137,0.16496958138931594,0.03773253359419473,3.0
0.543564855089677,-0.9671873887757882,1.3379300664784013,0.019213031242579188,0.0
0.6271579198452493,1.607811630490168,0.16242386357061567,-0.051750300518774675,3.0
0.5598736410587537,-0.6925154743689004,-1.4791899537661262,-0.024757277634970248,1.0
0.6271579196698006,1.607809679519222,0.15730075716187536,-0.008721439061079654,3.0
-1.7317881815361,0.054049070760353576,-0.0035774874111343287,0.08474769486696057,2.0
-1.7317881815740044,0.05405094409849233,-0.005903544678230725,-0.001679404900241179,2.0
0.5598736415430107,-0.6925169167285727,-1.4791417101080853,0.016932811001405663,1.0
0.5435648553346769,-0.9671912359295385,1.3368450667591618,0.014633027961117038,0.0
0.5435648545460158,-0.9671891429571309,1.3302729956396124,-0.028893893135560334,0.0
0.5435648552992598,-0.9671913711466598,1.3269765151146393,-0.008389101781118147,0.0
-1.731788181732894,0.054050776981202794,-0.00030431495023851036,-0.031054811093812227,2.0
-1.7317881814072458,0.05404950096132329,-0.0071066790093943484,-0.04916717975861843,2.0
0.6271579191336486,1.6078090806888743,0.1596563569738529,0.0061741148398062025,3.0
0.5598736415362802,-0.6925163340855575,-1.4795194422466043,-0.0013573930058810976,1.0
0.5598736414660158,-0.6925141050867832,-1.4799064704662048,-0.03467400859683671,1.0
0.543564854663614,-0.9671876572206739,1.3292887356177057,0.014057646245153835,0.0
0.6271579194049836,1.6078130097197894,0.16024295460159296,-0.01374170643649505,3.0
-1.7317881817548308,0.054049209844341445,-0.0014268901516013737,-0.08040451155568389,2.0
0.5598736410079602,-0.6925145477628663,-1.4791727050842431,-0.037818274052096285,1.0
0.5435648543923272,-0.9671864700668247,1.3296468815563682,-0.004986846676690717,0.0
-1.7317881808393958,0.05405199926729213,-0.006602626609465528,-0.0209828182959534,2.0
0.5598736410610821,-0.6925170317578004,-1.4746354411542144,-0.06095717856686499,1.0
0.6271579202516971,1.6078117980737119,0.15883769339154352,-0.03328656644337615,3.0
0.5435648544841364,-0.9671912895163339,1.3300219165120986,-0.06721584492219118,0.0
0.5435648545209832,-0.9671890772615673,1.3304222306894413,-0.021643597984065368,0.0
0.5598736409515994,-0.6925188568851557,-1.4743965109980104,-0.018136168569443143,1.0
0.5435648546086719,-0.9671898807537346,1.3402296492281585,0.0030512985062754977,0.0
0.5435648549397601,-0.9671901243969334,1.3234300621317427,-0.008464357139604533,0.0
0.5435648547898386,-0.9671896180647716,1.3314703651544468,0.039220527124847936,0.0
-1.7317881812719558,0.05404981905877358,-0.003146181721728546,0.0031501097122117543,2.0
0.5435648543871187,-0.967192171099818,1.331879039388682,0.030029531491530218,0.0
-1.731788181729621,0.05405066872262486,-0.006972468471321556,-0.0010542360553868356,2.0
0.5598736412311599,-0.6925131587724397,-1.4819167597866867,-0.016572145265381595,1.0
-1.7317881809782807,0.05405244303883446,-0.0008157046375147257,-0.0866503834278697,2.0
0.6271579197183939,1.6078084464009272,0.1637900167108774,-0.04492104048573758,3.0
0.6271579191801887,1.6078125367629417,0.1600080847938634,0.04069438447424565,3.0
0.55987364174645,-0.6925159918520056,-1.4774691769270718,0.006837961921895659,1.0
0.6271579199059203,1.6078078783041445,0.1630590050754399,0.035251917343480085,3.0
0.6271579198433082,1.6078111631035334,0.16378583448672016,-0.010459777787708645,3.0
-1.7317881815251377,0.05404857857971948,-0.0068281766478664845,0.04785854431458965,2.0
0.5598736416969673,-0.6925150115210962,-1.4795295814955127,-0.0035881138830848973,1.0
0.5598736418916807,-0.6925150972131785,-1.4763604237860792,-0.007047592471291842,1.0
0.543564854386297,-0.9671901414941793,1.338589830569122,0.0446255233265991,0.0
0.5598736415102806,-0.6925156402397407,-1.4774199956600218,-0.015989733328046797,1.0
0.6271579188977736,1.6078106846471376,0.16742225972903618,-0.027868094069784126,3.0
0.6271579197886675,1.6078080287520224,0.16865352283619964,0.053590311011679576,3.0
0.5598736410759081,-0.6925149597923141,-1.4818488276827417,0.005578443366410169,1.0
-1.7317881810361748,0.05404903906825543,-0.005073922887088738,-0.022898758191381405,2.0
0.6271579198264224,1.6078116843364223,0.16124164097542434,0.05727364095965011,3.0
-1.73178818145031,0.05405150017080152,-0.0031328928892945507,0.008498097044821348,2.0
0.543564854683932,-0.9671898766884046,1.3351249121190067,0.01858969988184005,0.0
0.6271579204065825,1.6078117416236168,0.16105345443353614,0.011370541356822136,3.0
-1.7317881813589153,0.05405026755523456,-0.004554151145587562,-0.010014059677472948,2.0
0.5435648541406207,-0.9671918101370409,1.3314255933194015,0.009641980349967709,0.0
0.6271579194566747,1.6078128979476762,0.1617692720110095,-0.01913047148757505,3.0
-1.7317881808276123,0.054048156226019585,-0.008310764588838481,0.0530050020441779,2.0
-1.7317881816344565,0.05405030113620901,-0.005474081655763864,0.010968401440582972,2.0
0.5598736418271211,-0.6925137932111327,-1.4795093705843738,0.01486522019685532,1.0
0.6271579204143158,1.6078122672440163,0.159372518413715,-0.035659202318883705,3.0
0.627157919657261,1.6078093764575718,0.16691005705815806,-0.010574923396139971,3.0
-1.7317881817469576,0.05404962512001937,-0.011536533707332144,-0.007742405735307183,2.0
0.5598736408888859,-0.6925174143859387,-1.4834835771286612,-0.016889153246518834,1.0
0.5598736411382776,-0.6925157653761089,-1.4797318958576524,0.006742826162751058,1.0
-1.7317881804055348,0.05404952157716619,-0.004490557162836997,-0.09330887908194155,2.0
-1.7317881817791119,0.054048161605547915,-0.007532066676232723,0.027762059979284995,2.0
0.6271579206898951,1.6078110180688507,0.16048583173996037,0.01104364030171221,3.0
0.5435648543538766,-0.9671918811968332,1.335036075459286,0.0031363945787487133,0.0
0.559873641072516,-0.6925154649194256,-1.4747212330364292,-0.028987849972428186,1.0
0.5598736400532356,-0.6925164706951822,-1.475416884201379,0.0016974318945702847,1.0
-1.7317881822209793,0.05404920146755137,-0.004714829087049486,-0.049158278608479745,2.0
0.5435648547400498,-0.9671910334291061,1.3355582470739735,-0.023580953120783725,0.0
0.5598736408107071,-0.6925160143038622,-1.4826388889470536,0.014748053916178384,1.0
0.5598736416416721,-0.6925159391474136,-1.4761892638726288,-0.031162786408715757,1.0
0.559873641528428,-0.6925160974023462,-1.4801275380910923,0.01064933020931717,1.0
0.5598736414772485,-0.6925143912994021,-1.4815709475243253,0.03409093247119262,1.0
-1.731788181382987,0.05404841665887758,-0.009097597887676008,-0.07898674186534796,2.0
0.6271579199469781,1.6078128815615202,0.16356469944156482,-0.017113413958953504,3.0
0.5598736414048981,-0.6925161848914555,-1.4838753674685214,-0.02418071365925088,1.0
0.6271579197743918,1.6078109723122884,0.15457002569093675,-0.10321770718233228,3.0
0.559873641285631,-0.6925158505725946,-1.4761213395721717,-0.014852198912544638,1.0
0.6271579195275839,1.6078103263936685,0.15978937098741555,-0.043854745631445716,3.0
0.5598736414244011,-0.6925144352130836,-1.476597838325574,-0.03807818013081013,1.0
0.5598736414579268,-0.6925134478125347,-1.474739627655722,0.024877500479938072,1.0
-1.7317881818412812,0.05405125666532049,-0.0037274286376155195,0.013874278400897761,2.0
-1.731788181677763,0.05404852201279827,-0.013418817805138443,0.05549220302764954,2.0
0.559873641674718,-0.6925150597456802,-1.4803516190682022,0.02095282833255392,1.0
0.5598736414594214,-0.6925157460858202,-1.4859306315246017,-0.009712140696499161,1.0
0.6271579201454387,1.6078135423413304,0.16228093257989723,0.031948698998526495,3.0
-1.7317881813254943,0.05405133663940544,-0.0019504935209884943,-0.03611616492297451,2.0
-1.7317881814329856,0.05404954325849863,-0.002203469232073022,0.03240060719535765,2.0
-1.731788181465109,0.05404940605367233,-0.005107577991890746,-0.05915306256964508,2.0
-1.7317881813388294,0.05404969712344595,-0.0026667518950371704,-0.0613304660078175,2.0
0.5435648544711138,-0.9671892065775083,1.334716759052535,-0.02777111343008917,0.0
0.5598736410938623,-0.6925168348948542,-1.478033958100168,-0.04623495477834876,1.0
0.543564854528873,-0.9671879100620786,1.3304381067569824,0.009591216645767134,0.0
0.5598736413951321,-0.6925180578705502,-1.4767338475160159,-0.013441908203294174,1.0
0.5435648548104896,-0.9671900767906795,1.3270216977707243,0.07976132899184432,0.0
0.5435648551325649,-0.9671844595724944,1.3322278530288747,0.04841743136819949,0.0
0.559873642073405,-0.6925139849364031,-1.4787462973573202,0.04201398173344425,1.0
0.5598736412313811,-0.6925148259908401,-1.4745264120666903,-0.04043301687053081,1.0
0.5598736412592275,-0.692515523287905,-1.476700514389092,-0.04418880493893021,1.0
0.5598736415719744,-0.6925162884511102,-1.4780974152623412,0.006050362297071681,1.0
0.5435648547539119,-0.9671901629281262,1.3293054206296528,0.00972810073287452,0.0
0.5598736414450727,-0.69251707120222,-1.4735232300050265,0.02501093989613802,1.0
0.6271579208399183,1.6078113008869357,0.16006322503628354,0.004022440853776202,3.0
0.5598736414892226,-0.6925167793946989,-1.483707996367506,0.02096428274384976,1.0
-1.7317881807796252,0.05404962488173313,-0.001817188097559022,-0.012845142081807885,2.0
0.5598736415036766,-0.6925169515980732,-1.483110349326545,-0.00804495721960653,1.0
-1.7317881813648905,0.05404776424268627,-0.0032862574439834467,0.0040717545265570735,2.0
0.5598736418306166,-0.6925173022721131,-1.484142227243584,-0.030891789687738806,1.0
0.6271579194089792,1.607813706246699,0.1586601010486731,-0.021920252501291603,3.0
-1.7317881817520295,0.05405102231841269,-0.006647921240810414,0.03655989168047421,2.0
0.6271579194187805,1.6078079737167024,0.15894576599554588,0.031580789930089385,3.0
0.543564854296772,-0.9671894551740967,1.3346604158786792,0.07866117025009903,0.0
0.5598736407133327,-0.6925156553328825,-1.483536487793516,-0.03618275320668932,1.0
-1.7317881809889637,0.05405131447978727,-0.0020685084629500916,0.02989655673028228,2.0
0.5598736419329062,-0.6925160067316267,-1.4806389479494213,-0.04760496067676802,1.0
0.5435648549010201,-0.9671883785608663,1.3380154981895,-0.0030095136588455707,0.0
0.5435648548415413,-0.9671897332613446,1.3353391278895563,-0.001655704620801311,0.0
0.6271579193912672,1.607812596251321,0.16263425871898451,0.007742822793014579,3.0
0.6271579200124322,1.6078093530279585,0.16019009119113095,-0.028179533470289078,3.0
0.5435648548802259,-0.9671896537748965,1.3365377289449711,0.00015060603311873702,0.0
0.6271579199842439,1.6078098469164614,0.15903256518795547,-0.03865765363266715,3.0
0.6271579200647551,1.6078116108595923,0.15848228225813632,0.03252551556795263,3.0
0.6271579204721541,1.6078119593888793,0.15991219646588026,0.02174809446695832,3.0
0.5435648548022253,-0.9671882603778623,1.330895695088836,-0.03869857145953855,0.0
0.5435648547904919,-0.9671904142157768,1.3284272090668134,-0.039744023461050666,0.0
-1.7317881817482215,0.05405065360270492,-0.003175658571084725,-0.03868082781725288,2.0
0.6271579197516399,1.6078111428375144,0.1565082682657259,-0.010769045125409545,3.0
0.6271579197696626,1.6078118348433623,0.16067441841313962,0.03352351252571417,3.0
-1.7317881821558572,0.05405404646672768,-0.0035696722019882866,-0.03403060014009153,2.0
0.6271579198484891,1.6078100201164114,0.1613059683067956,0.0349250301709882,3.0
-1.7317881817709972,0.05404731903084597,-0.008767952462165381,0.016708413171927974,2.0
0.6271579200229063,1.6078083132794863,0.1673886608197728,-0.030348725797592825,3.0
0.6271579192497407,1.6078103397640229,0.16514434225861616,-0.012432526956262896,3.0
0.5598736412545493,-0.6925135196717902,-1.4771362948361038,-0.027128955723929406,1.0
0.627157919502091,1.6078137143375844,0.15981491491793973,0.02802072212780796,3.0
0.5598736417592131,-0.6925158355537196,-1.4790452365017706,0.0332496628860249,1.0
-1.7317881810715017,0.05405058618489165,-0.005557904873331412,0.05832851927737633,2.0
-1.7317881816637593,0.05405140157135012,-0.009405466836475296,-0.0017217004996503836,2.0
-1.7317881815070637,0.05405063564374175,-0.0036535348429406864,0.033423916495788485,2.0
0.6271579207193688,1.6078116458413418,0.15835798524751735,0.023475935704469108,3.0
-1.7317881813048595,0.05405031034895205,-0.001044475227177325,0.02980747938458443,2.0
0.5435648542602678,-0.967188044390551,1.3338247337250846,-0.00845126171089253,0.0
0.5435648545443126,-0.9671889543586814,1.332301349123098,0.059794080166634934,0.0
0.6271579194408338,1.6078127181962454,0.1591578134021844,-0.022449350907699152,3.0
0.5435648548499408,-0.9671873564778907,1.3372697779962626,0.023722926516014757,0.0
-1.7317881814739762,0.05405009726374372,-0.0018247601536396285,-0.02136450405248889,2.0
0.5598736421142213,-0.6925125116803968,-1.486627212717353,-0.0008856981607117887,1.0
0.6271579202992209,1.6078124081075995,0.1590088508833699,0.01348519033645125,3.0
0.627157920286784,1.607814047250837,0.15590566873651873,0.030661952351693878,3.0
-1.7317881819546905,0.054050771771957114,-0.005662893738749516,0.028303508787233173,2.0
-1.731788181859043,0.05404648548894147,-0.004256915869812039,0.01209245633650407,2.0
0.6271579205060936,1.6078096018491006,0.1621204299469435,-0.0028154916990229995,3.0
0.5598736419741146,-0.6925182199432249,-1.4760935036310374,-0.06336038851008448,1.0
-1.7317881816894842,0.05405333369500419,-0.004958078593509493,-0.09054150377034927,2.0
-1.7317881814633533,0.05404990127700944,-0.008909346849375823,0.007477095422428595,2.0
0.6271579197642219,1.6078108453110787,0.15879389521083462,0.0029167465615943596,3.0
0.543564855271219,-0.9671887367764994,1.3394852362615315,0.05091460862200167,0.0
0.5435648552609288,-0.9671927947894204,1.3268320571639165,-0.021631573880713444,0.0
0.5598736413709636,-0.6925174606485253,-1.4835699887165315,-0.04609188648719048,1.0
0.5598736410094035,-0.6925169955820005,-1.479689209956539,-0.011113999262009327,1.0
-1.7317881818359444,0.05405092325910307,-0.005585237623866074,-0.04050532794223228,2.0
0.5598736414901971,-0.6925163911500676,-1.4781316150462565,-0.024633121141935707,1.0
0.6271579196121747,1.6078150245737037,0.1531151507237204,0.00013954470730599897,3.0
-1.7317881820397254,0.05404940942214729,0.0022306842444520456,-0.04949442982669918,2.0
0.6271579201763035,1.6078140172477597,0.16289243553804914,-0.015433157230279566,3.0
0.6271579199046761,1.6078133882974697,0.15053683379689856,-0.017508034198347212,3.0
0.5435648549504023,-0.9671856419951067,1.3361346236153724,0.07649049353460788,0.0
0.5598736408941971,-0.6925177970907211,-1.4771720208738726,0.02022168739796207,1.0
0.5598736417414856,-0.6925183065621331,-1.4786134007027747,-0.01690915861923594,1.0
-1.7317881819361491,0.054052067551096115,-0.012074041650151756,0.05936945293868137,2.0
0.5598736407982791,-0.6925157954680656,-1.4822101259457545,-0.0480018328651634,1.0
-1.7317881811493747,0.05405070822722003,-0.0053602820722757055,0.008297147927179933,2.0
0.5435648550955745,-0.9671887259326531,1.331490217287831,0.01223049645339137,0.0
0.559873641576037,-0.6925154384118988,-1.4793841391688485,-0.037720273542023126,1.0
0.5598736413238605,-0.6925176209680053,-1.473221618613817,-0.0578169158819617,1.0
0.6271579196052282,1.607809956091804,0.16334707409068794,0.030333307224465905,3.0
0.5435648543855842,-0.967192919853641,1.335711671465285,0.04630697655190034,0.0
0.5435648548019376,-0.9671915054780761,1.3313120092052926,-0.028579403744007987,0.0
0.5598736416278484,-0.6925162070591805,-1.479541448606019,-0.005634692397677546,1.0
0.5598736417950848,-0.6925150831554696,-1.4810777403686735,-0.09472627740761437,1.0
-1.731788181633706,0.05405041359468585,-0.007440330025678788,-0.07787347269027774,2.0
0.5598736418154936,-0.692518801284177,-1.4831124271610867,0.005152041702687083,1.0
0.54356485551934,-0.9671890593350677,1.334045871521015,0.003433845347443148,0.0
0.6271579193381835,1.607811745478855,0.15512993232501657,0.005596494833687038,3.0
-1.7317881812022364,0.05405166000222255,-0.005477124227407189,0.02520513543163961,2.0
0.5598736410005416,-0.6925135188893056,-1.4777508563823105,-0.006701787439898325,1.0
0.5598736416319083,-0.6925142737422837,-1.478628497280613,0.01975660618307103,1.0
0.5435648554275233,-0.9671895017381464,1.338053214241401,0.01738204220959232,0.0
-1.7317881812895792,0.054051436026613046,-0.008425914577922715,-0.024618501336056954,2.0
0.543564854616868,-0.9671852755131309,1.3324744357847045,0.006501813053924333,0.0
0.5598736411906581,-0.6925158994874834,-1.478514533072507,-0.026261304579748956,1.0
-1.7317881817121863,0.05405068069535878,-0.0036951213534154974,-0.02808345647463003,2.0
0.62715792029816,1.6078113559216691,0.16162800500781083,-0.037051261577115434,3.0
-1.7317881816588971,0.05404894265561504,-0.00393620293380902,0.0354140286308267,2.0
-1.7317881817436802,0.05405062620387885,0.0004112347947580966,0.12982450795657796,2.0
0.5598736412225296,-0.6925142402816435,-1.4760570407800073,0.02229329387886929,1.0
0.627157920124171,1.6078072924979057,0.16109826893196233,0.05157124329432006,3.0
0.5598736413691994,-0.6925166134624886,-1.4729667821493777,0.008464375739624561,1.0
0.5598736410936123,-0.692514947465386,-1.4749110526346416,-0.024343958389706162,1.0
0.5435648551263708,-0.9671909607431453,1.3374027804724096,-0.003574694391356002,0.0
0.6271579200363878,1.607813411221737,0.1554294434292672,0.035510730946932106,3.0
-1.7317881817389416,0.054050866933521034,7.121657241039037e-05,-0.04194135733459582,2.0
0.5435648543579071,-0.967188443878242,1.330188237935022,0.0008848887726940918,0.0
0.6271579197808643,1.6078114984838066,0.15544973779769952,-0.01076922080618257,3.0
0.6271579197684762,1.60781178638202,0.15695849928263922,0.01751806950022153,3.0
0.5598736411796863,-0.6925170387560998,-1.4791122983334664,0.0393343619678962,1.0
0.6271579196397289,1.6078101764394914,0.16319052925189578,0.05812566231959298,3.0
0.6271579196588626,1.6078143659846253,0.1536981548408816,-0.025891070534612814,3.0
0.5435648551329475,-0.9671875835784195,1.3390552271547025,0.06777980469907603,0.0
0.6271579198293574,1.6078123631634615,0.15668517837037554,-0.004100023652103158,3.0
-1.731788180821864,0.05405216562780847,-0.0028452203053121,0.03149555070484171,2.0
-1.731788181570966,0.054047424332116664,-0.0024896854684973166,-0.0100944024264346,2.0
0.5598736411621724,-0.6925143292522696,-1.4830444642477392,-0.10723533606239294,1.0
-1.73178818174337,0.05404987469480809,-0.003636412373897786,-0.009984448958915131,2.0
0.5598736419186533,-0.6925163564584297,-1.4738946968045465,0.010179717593681704,1.0
-1.7317881820140535,0.05404980179067065,-0.0007019242943244726,-0.027493432236577128,2.0
0.5435648548157768,-0.9671903568345985,1.333457602482878,0.0032468347076560046,0.0
0.5435648551167936,-0.9671879517534548,1.3299301231867116,0.06689702263562128,0.0
0.6271579198103762,1.6078092505728814,0.16846347696342756,0.03353697442640813,3.0
0.5598736410861795,-0.6925147583875257,-1.4789301649075184,-0.045515886324853316,1.0
0.5435648540703774,-0.9671876271394102,1.3332344914456025,-0.03319122399660479,0.0
0.5598736411280277,-0.6925170654719965,-1.4737483216533382,-0.05944875190359083,1.0
-1.7317881813034761,0.05404866466975502,-0.010310236252550151,0.03268365829383532,2.0
0.627157919641304,1.6078082143276962,0.16227921412142682,0.018875986358296213,3.0
-1.7317881808708304,0.05404985019719315,-0.001988645209153338,-0.024739060441744194,2.0
-1.7317881820535794,0.05404928522974703,-0.011870043215379532,0.024293336107281297,2.0
0.5435648551362213,-0.967190928557364,1.3320774361785557,0.030513858510941447,0.0
0.5598736409844022,-0.6925154894763366,-1.4818612524670023,0.003358560238923081,1.0
0.5598736412979781,-0.6925125546369469,-1.4780334215127997,-0.04087254527199304,1.0
-1.7317881815851726,0.05405093488349924,-0.004074182200315374,-0.01389480257508131,2.0
0.5598736413207265,-0.6925157618042136,-1.4751242870457586,-0.06045138648916646,1.0
0.559873641552079,-0.6925154465315124,-1.483215786491354,0.03988840361074522,1.0
0.6271579193424297,1.6078109981660713,0.15530387475449717,0.011013108122156934,3.0
0.6271579203157871,1.6078127244158287,0.16223752012921785,-0.04799583677842727,3.0
0.5598736415193056,-0.6925173106077137,-1.4809850830468543,0.011672717495494948,1.0
0.5435648537281647,-0.9671920580701843,1.335556770833592,0.031057190384181886,0.0
-1.7317881816705116,0.05405132789049409,-0.0033543520565313453,0.005507920195757234,2.0
-1.7317881806489117,0.05404968390230001,-0.007207843170363429,0.005887845214628849,2.0
0.6271579198577711,1.6078124783958456,0.16175051244855967,0.0275413425864969,3.0
0.5598736422268568,-0.6925171622800196,-1.4787505205948115,-0.0735966737411869,1.0
0.6271579205658209,1.6078108970399867,0.153155551628493,0.04589558132473477,3.0
0.543564854476213,-0.9671910089230626,1.3291430351246052,0.04827605110032589,0.0
0.5435648549207955,-0.9671880254653311,1.330630375727932,-0.00911578369431607,0.0
0.5598736413478603,-0.6925144102515565,-1.4810943327372825,-0.005103013418266951,1.0
0.559873641660122,-0.6925153098234145,-1.4717715897208292,0.03327804309175123,1.0
0.559873641939231,-0.6925186512733866,-1.4773612622024541,-0.007104574286446712,1.0
0.5435648553749871,-0.9671905326756203,1.331243740691567,0.04248610100400617,0.0
-1.7317881805232322,0.054051202780764744,-0.008218682392858435,-0.05075046146081081,2.0
0.5435648542896357,-0.9671879027365481,1.3306938097127496,-0.019416804997544036,0.0
0.5435648541417744,-0.9671901027956238,1.3340389113533768,-0.019105829359503845,0.0
0.5598736408553275,-0.6925177339787911,-1.4782461965365683,0.00102906186752633,1.0
0.6271579196665221,1.6078099926145255,0.1622333041885826,-0.0365345744298844,3.0
0.5435648547679557,-0.9671928224721984,1.3259423379678512,-0.013545580878872603,0.0
0.6271579205495136,1.60781197820817,0.16335300898340238,0.01840659828812274,3.0
0.6271579198788125,1.6078140076373442,0.15611417503110592,0.019395057572828153,3.0
0.559873641428174,-0.6925181352951226,-1.4764377556324007,-0.0025250803864255637,1.0
0.5435648544981613,-0.9671890655400696,1.3300285325896455,-0.007836457207512616,0.0
0.5598736411815403,-0.6925161085819378,-1.4834171275582884,-0.07292164328127208,1.0
-1.7317881812219407,0.05404722842364739,-0.01310969002540717,0.05319931706787097,2.0
0.5598736417698004,-0.6925145920547735,-1.4771871047236689,0.02323931901779473,1.0
0.5435648549268752,-0.9671901258569574,1.3288905822562087,-0.04188847518536025,0.0
0.5435648553305468,-0.9671892032774847,1.3302689416971907,0.03736025692292212,0.0
-1.7317881816239953,0.054047526399938484,-0.0046972670958331094,-0.04342913968376114,2.0
-1.7317881817925553,0.05405106916439183,-0.001609142176862194,-0.012990302362612406,2.0
0.6271579194644815,1.6078107937556108,0.15565022351030472,-0.032415725297808035,3.0
0.6271579197752596,1.607812230681742,0.1614957910534549,0.019097476453253,3.0
0.5598736415811317,-0.6925123119468338,-1.4753372988928337,0.024105498868199945,1.0
0.5435648546668616,-0.9671910922328772,1.3313001676428513,0.04227520498847257,0.0
0.627157920377316,1.6078106036225464,0.15788896352934376,0.03429405537572708,3.0
0.5435648546430188,-0.967191358633473,1.3251081886504086,-0.014425357355762499,0.0
0.6271579193891493,1.607813154488582,0.15876029153166685,0.036220412182600914,3.0
-1.7317881809014584,0.054052073210546704,-0.006130650553274568,-0.05085028270903594,2.0
-1.731788181676918,0.054047876189038335,-0.010368326651730772,0.03307041799433165,2.0
0.5435648549053826,-0.9671915430599113,1.3365825428715272,-0.02287418718205637,0.0
0.5435648549656075,-0.967188041512847,1.3328479699857259,0.023623848484191867,0.0
0.5435648550454945,-0.9671917335330102,1.3323431420286018,0.06728275021957858,0.0
0.5435648545829813,-0.96718870999518,1.3338646296481818,0.03498479612847687,0.0
0.6271579190355091,1.6078086375530134,0.15761574806942988,0.03266276024106687,3.0
0.5598736417251993,-0.6925157852830179,-1.483470560699535,-0.021732450489822943,1.0
0.5435648553196938,-0.9671880983007825,1.3302222321700825,0.05457400254717646,0.0
0.5435648542875798,-0.9671905295813632,1.327854336709792,0.033892868742537614,0.0
0.5598736411168138,-0.6925157521960447,-1.4815786027892393,0.009667597632832033,1.0
0.5598736412311196,-0.6925171596418641,-1.4774696226364974,-0.05499004759368337,1.0
0.6271579197258423,1.6078096674554037,0.16480961124819654,0.007839370246678202,3.0
0.5598736418187914,-0.6925139244823796,-1.4744484945388292,-0.04752662961844452,1.0
0.5435648545116784,-0.9671902542547878,1.3423077553740757,0.024305316073302073,0.0
-1.731788182107937,0.05405285415527073,0.0007755551724393795,-0.018031085748702172,2.0
-1.7317881810502296,0.05404612027299854,-0.005608508336528201,-0.03706039332174269,2.0
0.5435648551135182,-0.9671928202753145,1.3377403503765468,-0.00933456884507559,0.0
-1.7317881814579676,0.054051346006784205,-0.00032112336222478514,-0.0012170235471658667,2.0
-1.7317881816541194,0.054049416213594735,0.0021563678300384847,0.005003864659265599,2.0
-1.7317881814488498,0.05404973028226196,-0.007960091194993697,0.046547157732469896,2.0
0.6271579198243973,1.6078100690325992,0.1603484720115468,0.017695819108580643,3.0
0.6271579203083794,1.6078114166194588,0.1610882127323906,0.0220438348743519,3.0
0.5598736407071833,-0.6925173816198916,-1.4756481595574873,-0.013863148960189335,1.0
0.5598736416221721,-0.6925161610805898,-1.4786980908639742,-0.000976861623540428,1.0
0.5598736418533655,-0.6925169757320199,-1.4694214680708182,-0.018102404219253968,1.0
0.5435648548649933,-0.9671876726540373,1.3295715412152733,-0.043557618937212876,0.0
0.5435648549395106,-0.967191158310853,1.330047229132023,0.004649847737163284,0.0
0.6271579196663675,1.6078120290216031,0.1654146835705513,0.013791624369586862,3.0
0.543564855711597,-0.9671897624326041,1.3370656926043054,0.05477854834817112,0.0
0.627157920401527,1.6078125011244742,0.15487968282702777,-0.025869929839156404,3.0
0.6271579193432444,1.6078098370275762,0.1520933623510487,0.06340250238773491,3.0
-1.7317881816487657,0.05404998743302559,-0.008389263983453034,-0.037610008800733646,2.0
0.5435648559051606,-0.9671914091486797,1.3338351233070407,-0.0045410353788668855,0.0
0.6271579198002162,1.607809248440987,0.15874011759351497,0.03398316511490997,3.0
0.5435648549333483,-0.9671896399753299,1.3365140955633679,0.032204640399975504,0.0
-1.7317881810256153,0.054052566245081694,-0.006808781447907331,0.01582126627712114,2.0
0.5598736414928169,-0.6925181584232153,-1.482267777498122,0.014244815242702144,1.0
0.5598736407975288,-0.6925158742266954,-1.4792871398342136,-0.0006453139465614107,1.0
0.5598736411980828,-0.6925166722230212,-1.4854042573565032,0.01138478179498025,1.0
-1.7317881814773615,0.05405025811155233,-0.006907535214590356,-0.027949323387958847,2.0
0.6271579188784101,1.6078111309609908,0.15569134607810767,0.048014140287730635,3.0
0.5435648541703431,-0.9671930369541576,1.3305686172572266,-0.00820552023627878,0.0
0.6271579198180716,1.6078114322642818,0.1595472542873317,-0.003739061948993046,3.0
0.5598736415826857,-0.6925182677742995,-1.4735231673321323,-0.0239554525713421,1.0
0.5435648546266253,-0.9671881063832851,1.329043530500358,0.011919381706292462,0.0
-1.731788181141934,0.05405097990145392,-8.01172976822603e-05,0.054334991155955734,2.0
0.543564854989821,-0.9671899461474334,1.3407380038881054,0.02077985215478406,0.0
0.5435648544829594,-0.9671869775741267,1.3374854763027162,0.022136332204060315,0.0
-1.731788181471872,0.054050447155327155,-0.006369402865305497,-0.0585143753303416,2.0
0.5435648544406075,-0.9671884279172909,1.3285318463530087,-0.0027625249515832394,0.0
0.6271579200310259,1.6078112589497104,0.15760496736502091,0.00014458554370857417,3.0
0.5598736416450755,-0.6925164964973086,-1.4771664522877446,0.04377533733967016,1.0
0.559873641798332,-0.6925154722011453,-1.482151507768866,0.04653569496359178,1.0
0.5435648543342733,-0.9671896204788003,1.3364762101282244,-0.03893220771323081,0.0
0.6271579202774931,1.6078133539740682,0.16216589533623607,-0.04110829248565478,3.0
-1.7317881814944767,0.054054391941270305,-0.010437526018046348,-0.03696345978062594,2.0
-1.7317881815071736,0.05405228310736984,-0.007887482733508571,0.04337085527687118,2.0
0.62715791992116,1.6078116696702685,0.16174138473419028,-0.0028049339863726367,3.0
0.543564854593391,-0.9671905903403588,1.336907768663683,-0.002865435533023411,0.0
0.5598736408678406,-0.6925168439313203,-1.481046586833511,-0.0027347567119673385,1.0
-1.731788181765196,0.05404920913663498,-0.011604878364185821,0.019916442389044168,2.0
0.6271579198843564,1.607810963990431,0.15663076972741619,0.008724019127462772,3.0
0.5598736405770625,-0.6925137603817979,-1.471978639792568,-0.0554798663539694,1.0
0.5435648549324957,-0.967189463719487,1.3362405213513258,-0.005167280126595354,0.0
0.5435648544968716,-0.9671890511927652,1.3370281429364481,-0.03197778886883986,0.0
0.6271579201119004,1.6078125683957996,0.16289389019434333,0.04890683033583347,3.0
0.5435648544247096,-0.9671899110872129,1.328292000710317,-0.0243741505078689,0.0
0.5435648542725219,-0.9671883195453441,1.3339833526520126,0.0164576532171482,0.0
-1.7317881814755594,0.054048003544934935,-0.00012943258893706366,-0.005283454440401652,2.0
-1.731788181757038,0.054050492579781444,-0.006352288074399592,0.011663106759438555,2.0
0.5598736409513841,-0.6925168848390939,-1.477262451777968,0.003039180601376158,1.0
-1.731788181051237,0.05405089044149492,-0.0036115578078423183,-0.02640653750975633,2.0
0.5435648550099376,-0.967189559575473,1.3296908642529752,-0.018076590246626546,0.0
0.5435648550749714,-0.9671901763266221,1.327980199765091,-0.0039919725918787395,0.0
0.5435648552865109,-0.9671913066979556,1.3319474564659826,0.012971761538135217,0.0
0.5435648550102697,-0.967189372309117,1.33373492722846,0.03447308902403898,0.0
-1.7317881820516272,0.05404924989727433,-0.000510739590831601,0.021886578240645695,2.0
0.6271579198207272,1.6078112548256889,0.16665228856983982,0.03280291496321955,3.0
0.5435648552611632,-0.9671900663498907,1.325456279069059,0.016032598150755386,0.0
0.6271579203611238,1.6078121644818117,0.16193114101231862,0.04677244329426932,3.0
-1.7317881817641958,0.054050076224953184,-0.004928092187832318,-0.015232297156953407,2.0
0.6271579200173877,1.6078117337086744,0.16278232718546287,-0.012484876401989583,3.0
0.6271579197675052,1.6078113621862427,0.1557062016725606,0.0609552695984548,3.0
0.5598736417106913,-0.6925163339224751,-1.476650584411286,0.018623218022100613,1.0
-1.7317881823187826,0.05405212747256804,-0.006752020165954831,-0.01248285297998413,2.0
-1.73178818132348,0.05405073665844463,0.0027804299457509056,-0.002301595530977511,2.0
0.5435648544884595,-0.9671903805820595,1.3341275387690834,-0.00855776703970487,0.0
0.5435648548648933,-0.9671873556924633,1.343803424499711,0.048518549494254555,0.0
0.5598736411316134,-0.6925142021181576,-1.472682372506103,0.010287420342731578,1.0
0.627157918748238,1.6078112960766509,0.15735473919460208,0.013122383854280628,3.0
0.6271579196118384,1.6078092052448245,0.15742406563447342,0.0012587538265969745,3.0
0.6271579201026684,1.607813278309766,0.16203858277815283,0.015963041067320945,3.0
0.6271579198574433,1.6078152570963802,0.1519221620370499,-0.02882406403293197,3.0
0.6271579204269482,1.607810838107073,0.1614741232427,0.006864196740207339,3.0
-1.7317881816758436,0.05405067995201852,-0.004900461218079096,0.0697531700782709,2.0
-1.7317881815767375,0.054049320813457556,0.003054237253653012,-0.05851368931122253,2.0
0.6271579200661234,1.607812257423811,0.16351974545390113,-0.031498410500050054,3.0
0.5598736409725132,-0.6925150013395702,-1.474147543832653,0.003286587185489955,1.0
0.5598736416284781,-0.6925145573459809,-1.482296861963489,-0.029636565752814367,1.0
0.6271579198662957,1.6078118862599127,0.16228951420149162,0.002973082940431013,3.0
0.5435648546499459,-0.9671916070059412,1.3327819028378622,-0.029832691710381255,0.0
0.5435648548480844,-0.9671913126972284,1.3228902901290465,0.024137298581141286,0.0
0.5435648544765773,-0.9671871671321359,1.3313936034124787,0.019249906701579972,0.0
0.5435648547271024,-0.9671918305069186,1.3350341714473626,-0.06268976360449888,0.0
0.5598736416332007,-0.6925135992931225,-1.4763267621680345,0.036942537417258774,1.0
0.6271579194127359,1.607813980417398,0.16443502774491656,-0.008160743760807184,3.0
0.5435648551985698,-0.9671894048479593,1.3401162573612575,-0.08179506339756046,0.0
0.5435648541031094,-0.9671908136096415,1.3368474731526292,-0.000950727988299427,0.0
-1.7317881812176694,0.054049835325787776,-0.0016002006893054493,0.007048100956241591,2.0
-1.7317881819298582,0.054051487487516446,-0.004269070906219087,-0.01133576305022925,2.0
0.5598736409338311,-0.6925128306875151,-1.475438743000078,-0.008898508650663356,1.0
-1.7317881809352158,0.05404786048880193,-0.0031442412281770474,0.030202449089448035,2.0
0.5598736421668825,-0.6925147365032087,-1.479586200972043,0.07492849295225479,1.0
0.5435648547189614,-0.9671903845182828,1.3334552726447473,0.024207961061538875,0.0
-1.7317881813204465,0.054050361231682,-0.0077808633513165425,-0.05229231015961,2.0
-1.7317881818214549,0.05405337079427752,-0.008717042677145506,-0.03493269655620447,2.0
-1.7317881815615714,0.05404827559116363,-0.0037553650582565217,0.01993366938248982,2.0
0.5598736408334015,-0.692514547870379,-1.4744591817003911,-0.025664044384149334,1.0
0.5598736418764385,-0.6925162327407413,-1.488129811898473,-0.05535243752414185,1.0
0.5598736416393526,-0.6925154083786702,-1.4794936524930253,0.07901627502665286,1.0
0.6271579192299843,1.6078131078088764,0.15839237824844468,0.002790288292106162,3.0
0.6271579201828436,1.607811849544039,0.16289913511790302,0.004298293363864869,3.0
0.5598736414423877,-0.6925172455300148,-1.4824739762547214,0.09824344294066582,1.0
-1.731788181177072,0.05405080109564654,-0.001610411239410696,-0.053081503260096495,2.0
0.6271579198467322,1.6078078763850994,0.15979412099561371,0.019690591473309576,3.0
-1.7317881817939635,0.0540503932177294,-0.002176091491372828,0.039579685114227665,2.0
0.5435648549391123,-0.9671900109254249,1.332306998775142,0.009451498958682532,0.0
-1.7317881818187335,0.054051721877012376,-0.009387867842077641,-0.005509132322279981,2.0
-1.7317881812947709,0.05405408823738005,-0.0034377682308262296,-0.019226786939231008,2.0
0.6271579197114605,1.6078114483087667,0.160920519683103,0.010627430133651163,3.0
-1.7317881809719329,0.05405162997246075,-0.006350694342942216,-0.030249555578726276,2.0
0.6271579194870637,1.607812168657467,0.1627040231337823,-0.08290231366288733,3.0
0.6271579201386057,1.6078111808249875,0.15719684616531626,0.03326420640460247,3.0
0.5435648548040735,-0.9671884296890064,1.335638904898754,0.016042983815327667,0.0
0.6271579203200405,1.6078122845992862,0.16029410110665057,-0.0616875284931698,3.0
0.5435648545499793,-0.9671872671536613,1.3335883424223365,-0.009270865422447466,0.0
0.5598736413633298,-0.6925150831820305,-1.4782024306059147,-0.057591701819926844,1.0
-1.7317881819624459,0.054050418499105926,0.0010162541438764508,-0.05304640286848821,2.0
0.6271579196785656,1.607811543440666,0.1631655380748788,-0.03587913899698683,3.0
-1.731788181279713,0.05405003833584813,-0.006653174566408905,0.005064374767041159,2.0
0.5435648545960289,-0.9671899403409222,1.3332977422161294,0.03958654385202855,0.0
-1.7317881815777714,0.05404774011638218,-0.012103164351733158,-0.026206556863069438,2.0
0.5435648552016051,-0.9671918584396475,1.3356876963717947,0.008235209166208547,0.0
0.6271579197034001,1.6078104574563798,0.1545493641533045,0.025353294131945144,3.0
0.5598736420111423,-0.6925134309883041,-1.484045184067874,-0.009692090703626125,1.0
0.6271579194305664,1.6078103057201356,0.16005224305716678,0.012345600503142228,3.0
-1.7317881813379328,0.05404633893954944,-0.0016021936319482797,-0.02209782284584573,2.0
0.6271579197804268,1.6078071560580027,0.16338331388109928,0.03131668905274001,3.0
0.5598736412326694,-0.6925214697342809,-1.4793651393033447,-0.03834240445992794,1.0
0.5435648543661997,-0.9671880836883013,1.331401311067145,0.0962299101159282,0.0
-1.7317881808901348,0.05405151890938739,-0.011325961486894886,-0.06466919576197093,2.0
0.5435648546518812,-0.9671894630606568,1.331507004427635,0.03952185702605119,0.0
-1.731788182362611,0.054052617020010026,-0.004771434318933861,-0.006194441128156556,2.0
-1.7317881816000353,0.054048361759315725,-0.003599546130156643,-0.0006809593898566897,2.0
0.5598736403218832,-0.6925162061266608,-1.4764303982821527,0.029949286103417693,1.0
0.6271579201257655,1.6078139377239262,0.15764420719652258,-0.0444689476838813,3.0
0.5598736409469266,-0.692513495212794,-1.4797969192515632,-0.025383896897577536,1.0
0.5435648550156027,-0.9671900877302623,1.3297988851415692,0.010261047417440172,0.0
0.5435648544285656,-0.967189171138684,1.3328837839046634,0.03476805056810806,0.0
0.5435648545360368,-0.9671884048579684,1.3359003299309717,0.011240403893217184,0.0
-1.7317881813828058,0.05404828299566194,-0.0033686379738679423,-0.0038293044925665856,2.0
0.5435648545882237,-0.9671899640184021,1.3412286473835648,-0.03955301166891117,0.0
0.6271579204945836,1.6078102738820534,0.15760019185888888,-0.00040687606211775964,3.0
0.5598736426491395,-0.6925147952959062,-1.480035481737844,-0.017189553870269037,1.0
0.5598736413480795,-0.6925158291258083,-1.479588976110887,0.017405751908455877,1.0
0.5598736417797507,-0.6925139117699239,-1.4790973610816636,0.00729546441266176,1.0
0.5598736416347678,-0.6925170709234841,-1.4738478821990826,-0.0271405377205034,1.0
0.5435648545848727,-0.9671911480239527,1.3286310594632562,0.06310099692130403,0.0
0.5598736413989417,-0.6925107792278786,-1.4790722413890363,0.024942769669429897,1.0
0.5598736418021513,-0.6925158539209387,-1.4787415077928732,0.0027388532224242954,1.0
-1.731788181499138,0.05405079799197424,-0.006227425319640725,0.08704396235479675,2.0
-1.7317881816387133,0.054050173746055016,-0.0023482154013571665,0.0787856803797489,2.0
-1.7317881816015208,0.0540499779326813,-0.0028064256412792684,0.0105208784177052,2.0
0.6271579204642402,1.6078101123222224,0.16811354125228267,0.059876173502886355,3.0
0.6271579204368112,1.6078097228622503,0.16737947556582847,-0.026258249990364687,3.0
-1.7317881808739561,0.05404957607597939,-0.006050019277442256,0.017100526990388394,2.0
-1.7317881809254063,0.05404855944932177,-0.004867645394847916,0.037926852636760315,2.0
-1.7317881817131457,0.05405084037371281,-0.00246972486177943,0.0719020440822021,2.0
-1.7317881812776237,0.05405098977614842,-0.008163572829938126,-0.01858219644239535,2.0
0.5598736411793526,-0.6925141259327078,-1.4819878172972525,0.06387352916561448,1.0
-1.7317881811172655,0.05404972389286123,-0.004882482805787279,-0.0029720242005048417,2.0
-1.7317881811152904,0.054048678545123865,0.0016541302747717927,0.041511403741454046,2.0
0.5598736410313766,-0.6925173473569854,-1.4850084941584112,0.026867003381068833,1.0
-1.7317881819111334,0.05405189030461689,-0.0030297924645596,0.06189545219038644,2.0
-1.7317881819386622,0.05404930959048237,-0.003126673754204166,-0.04510434070122231,2.0
0.5598736418643853,-0.6925144764505022,-1.477980374183296,-0.04088559600093554,1.0
0.5435648547063602,-0.9671907899614248,1.3344075125568426,0.028556094831134807,0.0
-1.731788181442221,0.0540522684021152,-0.008774796527834045,0.012770630721574087,2.0
0.627157920155405,1.607810716445593,0.16330117888919798,-0.055427511157717796,3.0
0.5435648544540238,-0.9671893565817805,1.3227010813463504,0.0146440063841223,0.0
0.5598736418333625,-0.6925190726185997,-1.4703700715282064,0.013192244262372248,1.0
0.6271579195965328,1.6078117732158352,0.15957353079939635,-0.007032231562283972,3.0
0.5598736419434852,-0.6925153750181482,-1.4793758872343188,-0.016389819449569562,1.0
0.5435648549328251,-0.9671900236636838,1.3382527133044528,-0.047092485616437606,0.0
-1.7317881815416798,0.054051109986303664,0.0006767384323730108,0.07347955717735641,2.0
0.627157919577652,1.6078119486221263,0.16563940160087962,0.04950883005218919,3.0
0.5435648544641692,-0.9671912126352338,1.3264141220216752,-0.0014879441845238477,0.0
-1.731788181519858,0.05405140849367102,-0.0008873906978928174,-0.013566661039216518,2.0
0.5435648545956863,-0.9671889902066108,1.327289948633592,-0.018530375303080233,0.0
-1.7317881811490348,0.05405021840547789,-0.007783906776661754,-0.02615125656595538,2.0
0.627157919912213,1.6078140090533242,0.16478190332608741,0.038286842780713794,3.0
0.6271579200375929,1.6078127883449942,0.16537839529193415,-0.01562228486296056,3.0
0.6271579196898368,1.6078106352797117,0.15674476794009926,0.023537213119486367,3.0
0.5435648546221284,-0.9671935931766331,1.3376379046776565,0.00885499674432718,0.0
0.559873641123779,-0.6925160823290151,-1.479000691212336,-0.057608613760273916,1.0
0.6271579199309681,1.6078104929995782,0.15397935506767055,-0.01874764638825416,3.0
0.5435648551808213,-0.9671904791076422,1.3313696403034343,0.040164786908923035,0.0
0.6271579199585091,1.6078114137166286,0.15870166969005936,0.018744049391104523,3.0
-1.7317881812995162,0.054048481251592624,-0.006168467796332385,0.019141222887830562,2.0
0.5598736421057176,-0.6925153173446071,-1.4783178460353392,0.005727156242514577,1.0
0.6271579195246925,1.6078102786030941,0.16241866492448023,0.010428580465184264,3.0
-1.731788181718107,0.05405202263668749,-0.007507359381681077,0.023504312195990334,2.0
-1.7317881816714347,0.054048220106891705,-0.010551228341300668,-0.06849876407576728,2.0
-1.7317881813538512,0.054049952725885184,-0.012365774907271174,0.01353498417781142,2.0
0.5435648546867898,-0.9671877097375399,1.3312703664848728,0.042607449854182876,0.0
-1.7317881815434806,0.05404964907725998,-0.007223489382047854,-0.03363351979104811,2.0
0.5598736413197043,-0.6925196470344741,-1.4770318112437684,-0.051809535016018024,1.0
0.5598736418798422,-0.6925147338921627,-1.4774561515738134,-0.015680436742968346,1.0
-1.73178818143522,0.05404902313693445,-0.008842866316700232,0.04496484980141494,2.0
0.5435648545584518,-0.9671900568865011,1.3312329381629726,-0.014297979450026595,0.0
0.5435648546592002,-0.9671878105059848,1.327814942019617,0.08091285469934754,0.0
0.6271579200198976,1.6078106794931173,0.16241202049542228,-0.029372411249883157,3.0
0.6271579202766544,1.607812014964023,0.1607684936636284,-0.042138449204648536,3.0
0.5598736412594307,-0.6925156946008596,-1.4845310372411014,0.017786399970464394,1.0
0.543564855268862,-0.967187125245237,1.3353646723378205,0.04368788693011842,0.0
0.543564854720608,-0.9671899534208885,1.3349054152820263,0.004454042267692122,0.0
0.5598736409145881,-0.6925142146310451,-1.4729549351075018,0.04860542374865362,1.0
0.6271579195177792,1.6078134828405883,0.16180886965317604,-0.0067260019163212295,3.0
0.627157920200584,1.6078116163045513,0.16410461004835517,0.00783835288391538,3.0
0.5435648553579815,-0.967190126459668,1.325265665582543,0.00151450674155114,0.0
0.6271579193981828,1.6078121484426662,0.15631001931238372,0.07784782885373,3.0
-1.73178818173215,0.05405254733623095,-0.004314254267218235,-0.023509295777551033,2.0
0.6271579202363572,1.6078126358651281,0.1566527179783058,-0.05771979277004585,3.0
0.5598736413355269,-0.6925136621162155,-1.4816227312010406,-0.017982250571343797,1.0
0.6271579199551092,1.6078109534550133,0.1687805857246888,-0.04443748276511491,3.0
0.6271579198970918,1.6078122020501624,0.1604616027946385,-0.026772474790510994,3.0
0.6271579193457191,1.6078099056925863,0.1599541975600249,0.026290994319018306,3.0
0.5598736411204709,-0.6925147456950714,-1.4801391133235342,-0.02135611956435826,1.0
-1.7317881815561071,0.05405006894258727,-0.003453396851008369,0.021926554568001484,2.0
0.6271579200801833,1.60781142175604,0.16486942012403533,-0.01568520027732504,3.0
0.5435648549598342,-0.9671917362639282,1.3263354480388676,0.03820565910117981,0.0
-1.7317881808098863,0.05405257190918883,-0.004248258523078565,-0.005028574907418385,2.0
0.5598736414185786,-0.6925157619684419,-1.4825412218660938,-0.01889783740645051,1.0
0.5435648548995106,-0.9671889865792803,1.3331725547964113,0.049612325716422184,0.0
-1.7317881811590667,0.0540471061595953,-0.0036576707542979175,0.0284108801132557,2.0
0.5435648553069974,-0.9671895368420426,1.332398019305574,0.0420171796493243,0.0
0.5598736413374715,-0.692517741564403,-1.4834597133889325,0.01720318814063496,1.0
-1.7317881821770191,0.05404938148040698,-0.008582789969812682,0.012744784497026802,2.0
-1.7317881814153502,0.05405157270637632,-0.0027065772984760897,0.03567953325731422,2.0
0.6271579202782384,1.6078105727421963,0.15590798459129987,0.034442765213778856,3.0
0.6271579203656198,1.607812703182616,0.1646452451055384,-0.015669631927833678,3.0
0.5598736411233606,-0.6925171256543904,-1.4889244876996839,0.06139338187833056,1.0
0.6271579202296517,1.607811884171515,0.16579749422913517,0.007356929838557681,3.0
0.6271579195892854,1.6078115226548133,0.1579924230645476,0.06543603491583826,3.0
0.5598736411528581,-0.6925169629210415,-1.4772091423195886,-0.013994394451954523,1.0
-1.7317881816953358,0.054051287776247785,-0.007961470146622986,0.015312394578162407,2.0
0.5435648547343447,-0.9671911226072105,1.3326156207496573,0.027920782802345827,0.0
0.5598736421204045,-0.6925150948176345,-1.4694651733497328,-0.0651095944530211,1.0
-1.7317881813807532,0.054048498787888685,-0.002462551693383164,-0.06746220259506631,2.0
0.5435648549641436,-0.967188581186774,1.3304691765561945,0.030465351289124757,0.0
0.5435648542355753,-0.9671870890703029,1.3337040093202233,-0.01730491350033397,0.0
0.6271579205064228,1.6078097133116946,0.15825783350084233,-0.01909154100927497,3.0
0.6271579199527246,1.6078122163332025,0.15171275136794823,-0.004200120236027,3.0
0.5435648546869822,-0.9671873766227309,1.3249133077184845,-0.015502213521406861,0.0
0.5598736415989927,-0.6925142392163822,-1.4816391831834006,0.011003605684406413,1.0
0.5598736418909425,-0.6925154126506196,-1.4763189452678103,-0.04274944253847874,1.0
0.5435648550141978,-0.967190817766221,1.3330546954189209,-0.03015868862590215,0.0
-1.731788180708282,0.05405246006862728,-0.006793859693608534,0.04061133256556711,2.0
0.6271579196333064,1.6078107357696918,0.15886179916057205,0.08259803678875295,3.0
-1.7317881822343708,0.05405031011522502,-0.005839804505676895,0.0155453706144664,2.0
0.543564854535037,-0.9671896657924095,1.3322580366495247,0.0004887370805812633,0.0
-1.7317881812374722,0.05404937879104402,-0.005924523095364477,-0.012674202485454549,2.0
-1.7317881816042264,0.054051475078229674,-0.005983644915975579,-0.012009782722646911,2.0
0.6271579198633714,1.6078149324208835,0.15730663361767008,0.015125254004813973,3.0
0.5435648542608518,-0.9671877537797814,1.3337864474500194,0.0279112429905275,0.0
-1.731788181158824,0.054052190369849325,-0.0040707309523190975,-0.03538954214696642,2.0
-1.7317881816456937,0.054050574244530324,-0.0034871939810641674,0.03538469063318947,2.0
0.6271579196729868,1.6078093692138373,0.16117266138328823,-0.05458405467816778,3.0
0.5598736412117499,-0.6925150250748675,-1.4765044146708701,-0.016044107538139646,1.0
-1.7317881809976816,0.05405031743239145,9.860502593029194e-05,0.013276676203559006,2.0
0.5435648549398714,-0.967189057218275,1.3278103640747578,-0.03293536684512414,0.0
0.6271579192368982,1.6078097216641507,0.16564402227307515,0.0009103687661333031,3.0
-1.7317881813415834,0.054052739867230595,-0.009232433050184357,-0.026940923827261327,2.0
-1.7317881812327676,0.05405032502809217,-0.004475453749300799,0.010737193299451272,2.0
-1.7317881812751308,0.05405117863961971,-0.0032784734677933506,-0.010661760092596808,2.0
0.5435648556266719,-0.9671884302504424,1.3352763850299922,0.0423521540241588,0.0
0.6271579198142004,1.607809304873678,0.16169001336111352,-0.043941401738231384,3.0
-1.7317881822470687,0.05404854915475907,-1.242788584521802e-05,-0.001165040732672307,2.0
0.6271579196685837,1.607810713295457,0.16182695309827272,-0.029215992581553225,3.0
0.5598736405563247,-0.6925143654820005,-1.4793141898777231,-0.010213115330596111,1.0
0.627157920195137,1.6078093321070015,0.1563592072134941,-0.028686025611026143,3.0
0.5598736413044995,-0.6925174731404928,-1.4755393754746604,0.008225473259544277,1.0
0.6271579195064522,1.6078116105600078,0.16260527066869565,0.012216671216840454,3.0
0.5435648543548588,-0.9671884827472482,1.3327110308297143,0.0027356917201394678,0.0
0.5598736418936306,-0.692513804001684,-1.4815338704117955,-0.02172053886237858,1.0
0.6271579200606415,1.6078131497976902,0.1602770952143663,-0.04662461039453167,3.0
-1.7317881814931841,0.05404943179507658,0.0003884339374435938,0.0217289112481936,2.0
0.5435648547554385,-0.9671928722941353,1.3225035281749262,-0.022623437034620504,0.0
0.5598736413872408,-0.692516660853015,-1.4768116226892403,0.0291513873782215,1.0
-1.7317881806653335,0.05405133193983299,-0.006377263293459495,0.01757695550706587,2.0
-1.731788181901398,0.054049282313776724,0.00035075330250188805,-0.006597162183561154,2.0
0.6271579199391144,1.607809148284761,0.16534959677585842,-0.0590081968244124,3.0
0.627157919609845,1.6078139090128607,0.16667280046334504,0.04168969870374782,3.0
0.5598736416900524,-0.6925168773821365,-1.4804408340346114,-0.018759502524686004,1.0
0.5435648543118584,-0.9671899361882518,1.3360738002964907,-0.019915217994322314,0.0
-1.7317881818859946,0.05405175574242325,-0.006003294614000596,0.02377254798543114,2.0
0.5598736411543671,-0.6925167205307307,-1.4814043611485586,-0.055378647375852394,1.0
0.5598736415044031,-0.6925155079844912,-1.4770437471210558,-0.022371726055056933,1.0
0.5598736413921646,-0.692515685105357,-1.4801900746805055,-0.010802274840785818,1.0
-1.731788181311135,0.054049283339762964,-0.0042790677691784875,-0.01817117656364884,2.0
-1.731788181794687,0.054049107008095516,-0.005144917552318612,-0.0033362269998372216,2.0
0.5598736419593277,-0.6925164927047222,-1.4841543540193423,0.038211216259819485,1.0
0.5435648545544991,-0.9671893353160741,1.3315881426986607,0.0037500686169106437,0.0
-1.7317881820966032,0.0540506096870677,-0.0008493513432793628,-0.0401485023241407,2.0
0.5598736415484814,-0.6925165912092021,-1.471739844695846,-0.013984320831044629,1.0
0.5435648554447368,-0.9671893939609232,1.3306133042792474,0.02331095798497198,0.0
0.5435648545996263,-0.9671853088596853,1.3299007078835199,-0.029776596557044267,0.0
0.5598736422101183,-0.6925151118912466,-1.4823242468148479,0.018737645205179437,1.0
0.5435648548700887,-0.9671900097695701,1.327469577503364,-0.041106449188457864,0.0
0.5598736414660339,-0.6925158575467614,-1.4828676488514638,-0.017724850993899574,1.0
0.5435648539307472,-0.9671915561169665,1.327741878458606,-0.019009203522040986,0.0
0.5598736408947715,-0.6925158022223195,-1.4832421293212477,-0.028110751731873846,1.0
-1.7317881815973688,0.05404762011886069,-0.0047388594321325075,0.02109778033577872,2.0
-1.731788181438464,0.054051310323741136,-0.004725718357312408,-0.0605429289292156,2.0
0.5598736410870734,-0.6925164429716409,-1.4800563880261852,0.006101083894311276,1.0
-1.731788181850064,0.05404843601576114,-0.001062434959945504,-0.0006451688376938851,2.0
-1.7317881809814601,0.054049821457464384,-0.005186785795580932,-0.08757346833970066,2.0
0.6271579202362028,1.6078111246153899,0.15828631344797472,0.029857340776982082,3.0
0.559873641379403,-0.6925151792670801,-1.4844597989982282,0.024609962237204026,1.0
-1.7317881818576892,0.05405001960708413,-0.009374067391758983,0.0415536392592095,2.0
-1.7317881821591485,0.05405145543755047,-0.005763343898129259,-0.06605101776681171,2.0
-1.7317881812060971,0.054052998114679424,-0.007408036316548424,-0.009435126958195136,2.0
0.6271579203405269,1.6078156155689813,0.15807585101482566,0.10526300708705337,3.0
-1.7317881815446599,0.054051024381896885,-0.0027486357815261833,0.03708439300602787,2.0
0.5598736410675199,-0.6925149421329859,-1.4703378543749899,-6.482621378602936e-05,1.0
0.5435648544798091,-0.9671893286044035,1.3376459876110667,0.007670987034006018,0.0
0.559873641398722,-0.6925145817316045,-1.479945450186803,0.05357001952172314,1.0
0.5435648547338158,-0.9671906727181864,1.3242710178095898,0.012180914189469162,0.0
0.5435648551388625,-0.9671913342784385,1.3279555380053596,-0.0006804247184188363,0.0
0.6271579200386652,1.6078146433062475,0.16303247283557815,-0.02006419013805669,3.0
0.5435648542780772,-0.9671922548132378,1.3337978550096998,0.030952652833284036,0.0
0.6271579201964418,1.6078124019760034,0.1527105258748032,0.05537831154922034,3.0
0.559873641346045,-0.6925151522054571,-1.4722205105358392,-0.05181974560529795,1.0
0.5435648541926262,-0.9671906243397068,1.3291762611446525,-0.060047566634949395,0.0
0.6271579201508145,1.6078105968657708,0.15457748643737373,0.005500460761843545,3.0
0.6271579191572692,1.6078103179683558,0.16215549661420212,0.033544311402895495,3.0
0.5435648545799138,-0.9671903349153227,1.3302684316168172,0.08555606026160276,0.0
0.5598736412716565,-0.6925158844193013,-1.4658731792280075,0.023819547015182206,1.0
0.6271579199338493,1.6078109992583907,0.1578809730363181,0.011050251782866618,3.0
-1.7317881820860042,0.054050076396431466,-0.0037948249140607603,0.04350646555023891,2.0
-1.7317881823486854,0.0540528312703749,-0.004190586018622068,-0.02127374186409212,2.0
0.5598736409610686,-0.6925175686276452,-1.4816063824959276,-0.13728614986472448,1.0
-1.731788181733315,0.05405333083777642,-0.014209824634160987,-0.005483307181100696,2.0
0.5598736420259836,-0.6925142239748633,-1.4812538303979632,-0.0008915567941832848,1.0
0.6271579195755702,1.6078086134701082,0.16127938223831442,-0.09458307639555803,3.0
-1.7317881820277403,0.05405395352103539,-0.0002474958059076512,0.04601098249665317,2.0
0.6271579199000769,1.607809090069683,0.15726076993139215,0.0458431512891429,3.0
0.5435648547631761,-0.9671895638556357,1.3394596325412054,0.03446893527788111,0.0
0.5598736406930968,-0.6925153386113316,-1.478836538383326,0.025443219087388735,1.0
-1.7317881811713476,0.05405023227017603,0.0008119350312529524,0.015606510974070457,2.0
0.5598736421061481,-0.6925159445392909,-1.4771528031425611,0.0022553567755948956,1.0
0.5435648551065879,-0.9671893778259767,1.3320456137261258,0.006695806882257501,0.0
-1.7317881807747832,0.05404881911664571,-0.009237236358694043,0.031234985871862884,2.0
0.6271579197388458,1.6078098848401612,0.16241034780942712,0.015372122822846852,3.0
-1.731788182051124,0.05405177800420225,-0.00037802341984884277,0.030835927147268696,2.0
0.6271579196577058,1.6078092011554148,0.15471036380844377,0.04875225778491652,3.0
0.5435648538908352,-0.967190216261056,1.3355858974863852,0.02541002144317244,0.0
0.5598736415403527,-0.692518090415017,-1.483700707226508,-0.0311887019112363,1.0
0.5598736421496348,-0.6925155490158037,-1.4736772489892327,-0.016638236273686685,1.0
0.5435648549087816,-0.9671891993665847,1.3378488043928292,-0.002366276033155417,0.0
0.5435648547306595,-0.9671893017706901,1.33599710085398,-0.0024113177204512495,0.0
-1.7317881810042413,0.054049032092767985,0.0038961216276094624,0.0848520933339393,2.0
0.5435648545352219,-0.9671905425974381,1.3257966266859895,-0.04045880724869764,0.0
-1.7317881810036002,0.054053391447091315,-0.0038782010011364308,-0.0781482563665849,2.0
0.6271579194417382,1.6078123078507522,0.16053853608619814,-0.025720549759988925,3.0
0.5435648552480428,-0.9671910741578454,1.3311871262145538,-0.034995027299047535,0.0
0.5435648549124567,-0.9671904263967501,1.3411428833727235,-0.006238052684028711,0.0
0.6271579198904687,1.6078095693392036,0.16126523653764863,0.0019014236854259185,3.0
0.6271579200437227,1.6078113672651657,0.16819614371678385,0.017287121974314375,3.0
-1.7317881814675755,0.054051455270816874,-0.0018974628356124193,-0.044225990002890334,2.0
0.5435648546814557,-0.9671908390614709,1.3354638845898783,0.018544684095732383,0.0
0.5598736416180647,-0.6925175543367709,-1.480538307618363,-0.01905498038359457,1.0
0.627157920303602,1.6078108477421962,0.16061239518298842,0.07877360985091478,3.0
0.5598736410413389,-0.6925168260461141,-1.4759842996585604,-0.07556405538700797,1.0
0.5435648558578532,-0.967190695054525,1.331967320002171,0.059230476885572425,0.0
0.5598736408236683,-0.6925158481069663,-1.4760774453358598,0.005202236760676745,1.0
-1.7317881817124707,0.05405073390180126,-0.006954354104629452,-0.026019345664603063,2.0
-1.7317881809970284,0.05404889799360224,-0.003318806358604746,-0.015408666758932685,2.0
0.559873641458245,-0.6925173128945671,-1.4770295752778966,0.013544065819969083,1.0
-1.731788181051815,0.054050638911847415,-0.0016372338680660098,0.06936244455056143,2.0
0.5598736415958672,-0.6925145515095809,-1.4787898820531744,0.019351923399073125,1.0
0.6271579192993015,1.607812986769815,0.1553002435293146,-0.009671458731185469,3.0
0.5598736414017986,-0.6925151925344665,-1.470802330715794,0.02560764551952557,1.0
0.6271579199847115,1.6078101753425804,0.15858376100377028,0.00474605078204098,3.0
0.5435648547069504,-0.9671890809242065,1.329459720119402,0.060918907454645,0.0
-1.7317881815209082,0.054051477397403354,-0.004380102720174442,0.032926335105850316,2.0
0.5598736412994864,-0.6925144343628297,-1.4791749123979887,0.018516062454851163,1.0
0.5598736416182676,-0.6925161690517604,-1.4787831815377503,-0.06807113925271142,1.0
0.6271579199440495,1.60781259909206,0.1630342664725982,0.004092803306244427,3.0
0.5598736409628439,-0.692516172602957,-1.478597979672291,0.020237375643465564,1.0
-1.7317881812857325,0.05405151533771451,-0.004958817724652583,0.00541990652702136,2.0
0.5435648553710135,-0.9671872696110292,1.3343592196701515,-0.014567231039524621,0.0
-1.7317881817148608,0.05404661596887993,-0.0032274553097650046,-0.01982523326686005,2.0
0.5435648555039956,-0.9671899764916827,1.334293532170377,-0.008266547538486614,0.0
0.6271579191593162,1.6078083889884955,0.16914239135901393,-0.07428644619211501,3.0
0.6271579200350323,1.6078126243930226,0.16073467724165771,-0.00018798865376294728,3.0
0.5435648548525687,-0.9671881888437645,1.3322170546010508,-0.020253193406032176,0.0
0.5435648550427725,-0.9671905329315531,1.3334342891062965,0.004777421870501474,0.0
0.5435648545707934,-0.9671886182459344,1.334317449567425,0.0800184544776984,0.0
0.5435648545702434,-0.9671867560833584,1.3297634367597921,0.0052867343312087344,0.0
0.6271579198414119,1.6078122977131266,0.15860554934203908,-0.026897144917731892,3.0
0.6271579196530147,1.6078108688338622,0.16116845041473524,0.010696982889884143,3.0
0.5598736419528916,-0.6925168036040714,-1.482421789891644,-0.038275266626822645,1.0
0.6271579195103842,1.6078120012666473,0.16311924560857508,0.0008863749963917626,3.0
0.5598736419307181,-0.6925159721434491,-1.4839907704092368,-0.01881258296946683,1.0
0.6271579201323423,1.6078106368354321,0.1619667758318067,-0.0028556445965474066,3.0
-1.7317881812143912,0.05405077415782251,-0.0036181538017238993,0.017218495960725794,2.0
0.6271579192593618,1.6078107486407556,0.15928916934330004,-0.028844271943341146,3.0
0.6271579201272135,1.607811777516959,0.1558835174776123,0.01972553038194682,3.0
0.6271579199042291,1.6078096292396888,0.16157335774963835,0.038528013855131854,3.0
0.5598736419711962,-0.6925141210908604,-1.4852904633308177,0.026511556370982167,1.0
0.5598736415658435,-0.6925170656046347,-1.4794085007713307,0.0005024877002706952,1.0
0.6271579189347726,1.607811064156699,0.15906297974092556,-0.06486768661830977,3.0
0.5435648544346185,-0.9671912031368776,1.3318745806107573,0.03542639389492487,0.0
0.5435648544196489,-0.9671890640631385,1.3378924992185057,0.026167284453270392,0.0
0.6271579198290531,1.6078107789049523,0.15651258161860868,-0.048099919238262207,3.0
0.5598736418308521,-0.6925169801805974,-1.476044605109151,0.006869638734006417,1.0
0.5598736414548173,-0.6925152075777601,-1.4786549474792037,-0.018189011097631533,1.0
0.5598736413353892,-0.6925142897745408,-1.48051548918134,-0.04553683177627685,1.0
0.627157919465749,1.6078120231985946,0.15789674063561693,0.022709041804285585,3.0
0.5435648546245145,-0.967188251895426,1.3291706786392223,-0.014137659365206355,0.0
0.5598736413488553,-0.6925146549613969,-1.4810632955202903,-0.06135410437060058,1.0
-1.731788181687144,0.054052498581404866,0.0019173342963958232,-0.04029438892189349,2.0
-1.7317881811113105,0.054049758938630794,0.0020155314470361387,-0.02226010006254055,2.0
0.5598736421157685,-0.6925175091712795,-1.4755469018784062,0.005382886158631437,1.0
0.6271579197922026,1.607812202741962,0.15999282837679593,-0.044960082691611544,3.0
0.5598736416471022,-0.6925112391367042,-1.4755360153091919,-0.03759708324138814,1.0
0.5435648548336706,-0.9671905516521002,1.3303597319091796,0.04468833875294793,0.0
0.543564854253982,-0.9671857832775491,1.338376571417566,0.01937770475250717,0.0
0.5435648544327145,-0.9671899894343348,1.3346664744412076,0.05613884788918302,0.0
0.6271579199261128,1.6078126936671622,0.15508222349357453,-0.042707046990470246,3.0
0.5435648542693101,-0.967188906634217,1.329165298081792,0.04316742574786372,0.0
0.5598736411249133,-0.6925138895231812,-1.4787924963986583,0.07224821073059251,1.0
0.5435648545765114,-0.967190065060838,1.3325323436357897,-0.06838558901714588,0.0
0.5598736417952598,-0.6925155000531904,-1.4781833328454155,-0.01586966910285537,1.0
0.5598736417022905,-0.692515229358049,-1.476171284914915,0.025398571497553504,1.0
0.5598736418275804,-0.6925171432927765,-1.482509208892705,-0.03415304378136376,1.0
-1.7317881818014103,0.05405293887924852,-0.0038373144594405174,-0.020063021387059614,2.0
0.5435648545809783,-0.967192437788991,1.328821737932904,0.03454480513224632,0.0
0.5598736416190838,-0.6925146985791012,-1.4790675942137024,-0.028647302342134168,1.0
-1.7317881816688427,0.054048702895953205,-0.008228521960970311,-0.033066214201309924,2.0
0.5435648547670375,-0.9671885136471421,1.3321063030401825,0.009156590780687203,0.0
0.5435648543696259,-0.9671872866378848,1.3345155310295143,-0.04424382403088652,0.0
-1.7317881819594207,0.05404991616232291,-0.006088070142826311,-0.02773345393983547,2.0
0.6271579202261611,1.607814372392442,0.15725911483389043,0.016853982524483863,3.0
0.6271579194846071,1.6078125413630764,0.15802093235324138,-0.05798807231601769,3.0
0.6271579202293149,1.6078102535301957,0.16213303480339727,0.0040578529277454515,3.0
0.5435648545270795,-0.9671923588867964,1.331493670413485,0.0509610241907734,0.0
-1.7317881816616623,0.05405030667771544,-0.003494436622608179,-0.05433613036417729,2.0
-1.7317881815170402,0.05405066175384662,-0.0033845938223711933,0.02046594280258672,2.0
0.5435648545325785,-0.9671884912656549,1.3291502056632973,-0.025741301148059663,0.0
0.5435648542914421,-0.9671910665893457,1.3342495509255043,0.008024386963409172,0.0
-1.7317881810885603,0.05404808944330974,-0.00958690830854768,-0.06466898847712517,2.0
0.6271579193620249,1.6078138546466116,0.15733879747244528,0.08163361262652924,3.0
0.6271579193873774,1.607813107316057,0.1676742714984971,-0.04699248435916446,3.0
0.5435648550347669,-0.9671878040711238,1.3374136458938153,-0.004217750077490742,0.0
0.5435648550598101,-0.9671932135118546,1.3350337613129184,0.02248752544770519,0.0
0.6271579198843787,1.6078114769383438,0.1604499277291056,0.008241528387548887,3.0
0.5598736411165519,-0.6925133820194717,-1.4757086678875204,0.04265178970159137,1.0
0.6271579197981619,1.607812691015835,0.16232905060793182,0.003977151938211546,3.0
0.5598736409579701,-0.6925178674183685,-1.4829498531188516,-0.08418304183340874,1.0
0.5435648540500769,-0.9671903778962883,1.3317596653673818,-0.047048939715696445,0.0
0.5435648552694571,-0.9671909046690603,1.334171269413966,0.053528747287160706,0.0
-1.7317881819578744,0.05405099705101964,-0.009078241375676747,0.0775805311321036,2.0
0.5598736418804914,-0.6925175811949458,-1.4835909396610771,-0.03728564178514303,1.0
0.5598736414715917,-0.6925132293816876,-1.4817172828958716,-0.0529697634600097,1.0
0.6271579190374911,1.6078146532566475,0.16357296366876667,-0.02848711412580233,3.0
-1.7317881818906498,0.054050782726519524,-0.006909657307569621,0.005074169300683701,2.0
0.5598736409762747,-0.692514717696457,-1.4814346921638135,-0.09055237478101968,1.0
0.559873641730735,-0.6925160128207437,-1.4823826004386076,-0.018656942354624846,1.0
0.5598736414365327,-0.6925177650212037,-1.4716032884834522,0.06476721623148565,1.0
-1.7317881820058183,0.05404766974635436,-0.001983137047195756,0.006939565153471607,2.0
0.5435648545443944,-0.9671907358094827,1.334063642802339,-0.07666965713102035,0.0
0.6271579197858501,1.6078140691121972,0.1594530762984521,-0.020298776000816823,3.0
-1.731788182219855,0.054046541502394005,-0.00530087944799688,-0.06676796153930474,2.0
-1.731788181516084,0.054053913583454745,-0.0068483792569668835,0.005493837592663468,2.0
0.6271579196670045,1.6078106117067934,0.15986861796511337,0.03547622923366313,3.0
-1.7317881816743417,0.05405198045457626,-0.007907637128600951,0.009180866804135433,2.0
0.5435648542408111,-0.9671903576152232,1.3335759019593512,0.006562745186055353,0.0
-1.7317881814215121,0.05404989369452501,-0.006920553472203617,-0.000741583968462308,2.0
0.5435648550204929,-0.9671887192383078,1.3316625322438729,0.0035525300953160375,0.0
0.5435648548840666,-0.9671884102674229,1.3330171090729728,0.05122215823598401,0.0
-1.731788181666753,0.05404983842328751,-0.007036007831567684,0.010308874941292241,2.0
0.5598736413257926,-0.6925146627807457,-1.4771404001830584,-0.0213594108003691,1.0
-1.7317881810019065,0.054051776743730365,-0.007011107670605041,-0.014829083443279328,2.0
0.6271579202550617,1.6078104801279307,0.16414317365529482,-0.02334993299679631,3.0
-1.7317881821270635,0.05404893392347746,-0.004495480580002984,-0.005066842566469093,2.0
0.5435648551575735,-0.9671916481840135,1.331935254878262,0.007336946737129739,0.0
0.5435648551619909,-0.9671900632050059,1.3313502304814766,0.04623598589703823,0.0
-1.7317881816819418,0.05405122372662552,-0.0031251486170842603,-0.02030178599286426,2.0
-1.7317881814472127,0.05405183944848147,-0.0057939715402444605,-0.0035560066922495394,2.0
0.5598736411730086,-0.6925146513004017,-1.4779703654279737,-0.04764768592846569,1.0
-1.731788181230852,0.05404782448311973,-0.006462700254175091,0.0378470914753034,2.0
0.6271579197416703,1.6078120494001917,0.16454512378950376,-0.05279467068240364,3.0
0.5598736412479446,-0.6925187456366677,-1.4840480138040715,-0.015558164596835986,1.0
0.6271579199448366,1.6078110375868753,0.1574019508740898,0.006760076147129211,3.0
0.6271579199964317,1.6078098789866293,0.16132725949835658,-0.010671535052111757,3.0
-1.7317881811117142,0.05405272135774102,-0.012030939945591188,-0.0012313453792665437,2.0
-1.7317881812144065,0.05404961794404474,-0.004652159426201838,-0.032327155612923444,2.0
0.5435648546548438,-0.9671901685440144,1.3272714156198835,0.044693927831120375,0.0
0.5435648540544209,-0.9671881866937984,1.3344675173189724,-0.053370855959593434,0.0
-1.7317881814984577,0.05405075674750614,-0.0023359316080689267,0.08145619550795284,2.0
0.5435648545007155,-0.9671883022594862,1.325439165078045,-0.010867688217904011,0.0
0.6271579203458311,1.6078098745288472,0.16619984530448786,-0.0133904097200064,3.0
0.5598736418752885,-0.6925149914863457,-1.4845941776224905,0.05014075112564097,1.0
0.5435648548720509,-0.9671874748890371,1.336546238219246,0.008444442643172944,0.0
0.543564854620228,-0.9671887848960427,1.3265216161678677,0.09271067614905257,0.0
-1.7317881813447678,0.05405146033807956,-0.00968263803304111,-0.08016441830503573,2.0
-1.731788181500137,0.054050348012600447,-0.007156756219442973,-0.025557725473609457,2.0
0.5435648550002423,-0.9671867482163532,1.3307156809095368,0.06269805331702287,0.0
0.5435648544348651,-0.9671896850000179,1.3326976245382987,-0.054699403178757815,0.0
0.543564855135543,-0.9671914072178681,1.3266304979326606,-0.020469253815656674,0.0
0.5598736416630845,-0.6925148395304089,-1.4783073238242082,-0.00859022999126616,1.0
0.6271579197232601,1.6078121959411604,0.156857945867238,0.013558638298125685,3.0
0.6271579203554254,1.6078113323276797,0.15618150114353097,0.057515329079618406,3.0
0.543564854813552,-0.9671923557027204,1.3348997217441438,0.03069358785481705,0.0
-1.7317881813755571,0.05404951909757826,-0.000982897826830563,-0.03280492345999667,2.0
0.5598736412605513,-0.692515459330001,-1.4786631855594992,-0.03685772247871446,1.0
-1.7317881812542835,0.054050144915999083,-0.00405442879880462,0.028289308046453514,2.0
0.6271579199767616,1.6078116541151513,0.1618858061646983,0.049142527260097664,3.0
0.5598736412067117,-0.6925111958008799,-1.4798530484817558,-0.0382914822751838,1.0
0.6271579200662166,1.6078100513863427,0.15739195013006968,-0.006106806202307174,3.0
-1.7317881810533822,0.054052190527081254,-0.009079880376374173,-0.04652852318628758,2.0
0.6271579193955336,1.6078088784884244,0.1641586728724257,-0.00729599364134006,3.0
0.5435648551889596,-0.9671880336369257,1.336134125586969,-0.02784969591909171,0.0
0.6271579198945312,1.6078126676136397,0.1611254687374109,0.003251543651224275,3.0
0.5598736415795793,-0.6925185602408085,-1.481338210372403,-0.029824655168017723,1.0
0.5435648543131247,-0.9671872437412271,1.3288617207128883,0.03106454815032,0.0
0.6271579194847092,1.6078109610527036,0.15605293546338217,-0.007866351438328626,3.0
-1.731788181463482,0.05404844259360619,-0.007800621080472512,-0.024048383878117568,2.0
0.5435648552183098,-0.9671886048180545,1.334229773877485,0.029654862167945863,0.0
0.5598736409211921,-0.6925157350780229,-1.4815625461690778,-0.04942312443642078,1.0
0.5598736407976606,-0.6925152706998045,-1.4756839509143833,0.04382613918091943,1.0
0.5598736415569635,-0.6925169897396111,-1.4819516155055434,-0.06919098524654713,1.0
0.5435648549612251,-0.9671917923701988,1.3352483964800208,0.05282681574417365,0.0
0.627157920213375,1.6078114490296216,0.157247398776213,-0.010048591292769228,3.0
-1.7317881813220197,0.0540497044940998,0.00012098362991910931,0.02123436492409372,2.0
-1.731788181449631,0.05405137933710045,-0.004715817232364011,0.027198897388904998,2.0
0.5598736412051595,-0.692518001743138,-1.4811384206057627,0.01950165206157833,1.0
0.6271579205279386,1.607813220256027,0.15659970700963521,-0.010163061725907148,3.0
-1.7317881809975046,0.054050695472052594,6.744096732582173e-05,0.05774311898589803,2.0
0.5598736416326179,-0.6925149398453602,-1.482460077942523,-0.007955695728668872,1.0
0.5598736408586137,-0.6925154546764427,-1.4810958422297185,0.022981364245449446,1.0
-1.7317881814663874,0.054048969277837935,0.0010499667278767969,0.020222900723025024,2.0
0.6271579203686574,1.6078113028721235,0.1581945461411784,-0.033359495275188174,3.0
-1.7317881808998297,0.05405152783233678,-0.007970963490686742,0.03290413505875192,2.0
0.5598736422251532,-0.692520575140565,-1.4778393301382606,-0.046878836142074394,1.0
-1.7317881815765013,0.054049689843812004,-0.005797507993063985,0.047248617806544685,2.0
0.6271579200579073,1.6078128196047232,0.16219961854740192,0.05448769894078445,3.0
0.5435648542530815,-0.9671915442135325,1.333482306943892,-0.008964464585305662,0.0
0.543564854894365,-0.9671892696977348,1.3364597620297562,0.0023965245337537015,0.0
0.6271579197809102,1.6078096224486547,0.1597977810918897,0.024301384604129398,3.0
0.6271579201238687,1.607809317349125,0.16441032311786252,-0.03798884189022798,3.0
0.5435648542235288,-0.9671893924891934,1.3374972159935348,0.07408551918409731,0.0
-1.731788182393454,0.054053200762545245,0.0006581721899225611,-0.0022769087972736657,2.0
0.6271579199716021,1.6078120690346076,0.16047449607099482,0.018916785121662786,3.0
-1.731788181386022,0.05404988687893846,0.005045269121775736,-0.002995530310838876,2.0
0.6271579198042199,1.607812989973114,0.1648154205300708,-0.008324371950668253,3.0
0.6271579199376655,1.6078121276844786,0.16449496434289415,0.008754578281883132,3.0
0.5435648546127037,-0.967189782952041,1.3336773644956368,0.004726235890848992,0.0
-1.7317881818088685,0.05404970167308815,-0.002442177393221978,0.0701691070053238,2.0
0.5435648549267843,-0.9671867151110111,1.3302372612135425,0.00275304505688209,0.0
0.5435648549718656,-0.9671895994602351,1.3302387247232186,0.001047744736203757,0.0
-1.731788181125784,0.05405045079520585,-0.0053828251000812,-0.036569774166970694,2.0
0.5435648553391814,-0.9671885827116367,1.3366369952711623,-0.04184595013286517,0.0
-1.7317881816462688,0.054049604754879806,-0.002932382958617543,0.040363079954181535,2.0
-1.731788181124521,0.05404908594255845,-0.0011136308089561523,0.01892046077262095,2.0
0.5598736415558407,-0.6925157708302285,-1.4781705108370158,-0.05705510196305333,1.0
0.5435648547324895,-0.9671892895694801,1.3317963622909004,-0.0004609504653015917,0.0
-1.7317881813601785,0.054050209275840456,4.661168743471309e-05,0.04690754554764108,2.0
0.5598736409413169,-0.6925160473985076,-1.4776466027691815,-0.027932279954936756,1.0
0.5435648548008061,-0.9671908885245701,1.3343313940717805,-0.02374164344704466,0.0
0.6271579194792531,1.6078125705874338,0.1617991466356965,-0.017610971088450753,3.0
0.5598736410701965,-0.6925169077289062,-1.4770288041827782,0.02829991837733979,1.0
0.5598736412501912,-0.6925148281528617,-1.4787129198856293,-0.015460730624006241,1.0
0.6271579198422168,1.6078114825428425,0.156388645534272,0.06407047479441798,3.0
0.5598736414623925,-0.6925167837245103,-1.4796888259212728,-0.017079106523340888,1.0
0.6271579191364722,1.6078120944223098,0.15743689839094288,-0.00565796816829395,3.0
0.5435648545384378,-0.9671898095653088,1.3308189455477237,0.041233350945140315,0.0
0.6271579201302865,1.60781200513201,0.16668796588274454,-0.035378942046762576,3.0
0.5598736414051055,-0.6925165137783498,-1.4749991871009178,-0.008042539850382627,1.0
-1.731788181750103,0.0540492599237438,0.002025244181850351,0.0042530918190948125,2.0
0.627157919995556,1.6078115838068352,0.16234323516112362,0.05000378153529729,3.0
0.6271579207035961,1.6078099140559263,0.15926025963268192,0.003964992019590838,3.0
0.6271579196513016,1.607810309454784,0.1650979964165029,-0.0061682963481559825,3.0
0.5435648540661044,-0.967187523070486,1.3286348882936923,-0.007460171100361827,0.0
0.5435648541101376,-0.9671890222529123,1.327572032038061,-0.032397658121758724,0.0
0.5435648546478107,-0.9671912837022615,1.3301876668973485,0.04407289402651902,0.0
0.6271579194801931,1.6078127975484742,0.16195235179363165,0.027605246625553047,3.0
0.6271579196224758,1.6078089884209985,0.16199543517267023,0.032377404686270324,3.0
-1.7317881820044159,0.0540518457943512,-0.0006946001968433377,-0.0007397105267110499,2.0
0.5598736421771107,-0.6925159156835595,-1.4752882052041718,-0.07408494257029283,1.0
0.5598736410209,-0.6925146978133385,-1.4767372603310474,0.006673564760256261,1.0
-1.7317881817768406,0.05405138759079985,-0.0029156128525224013,0.007169243969211725,2.0
0.5598736420402253,-0.6925190870701992,-1.4817088350945202,-0.05802169346401077,1.0
0.5598736423136814,-0.6925147694182295,-1.481322435368641,-0.017333730378014587,1.0
-1.731788181070813,0.05405059339771401,-0.011471102989833613,0.0059775643725873675,2.0
-1.7317881817088083,0.0540499339262376,-0.0022353469865973147,-0.009060787051431051,2.0
0.5598736415715462,-0.6925142496621701,-1.480407496046651,-0.04598341726525044,1.0
0.5435648544476699,-0.9671906798431533,1.3326897114912584,0.02564283082618312,0.0
0.5435648541187492,-0.9671905055917254,1.3307786960679833,-0.002140042913749599,0.0
0.5598736418442057,-0.6925141202479742,-1.4769030528324936,0.02315840387746566,1.0
0.5598736414333428,-0.6925137495479128,-1.4762793398082237,0.00417585196421541,1.0
-1.731788181177296,0.054051437420179704,0.0021210426825191415,-0.030185352094418135,2.0
0.5435648552337206,-0.9671922341553707,1.333229736199678,-0.006925283077811108,0.0
-1.7317881815518792,0.05405140458375866,-0.0038847897971604306,-0.0006379577828744684,2.0
0.6271579201394054,1.607810863206338,0.15791087150852978,-0.015252814904919983,3.0
0.5598736411731319,-0.6925165461444031,-1.4770721465427503,-0.011585630285230939,1.0
0.6271579195713652,1.6078103432209512,0.1446955406360885,0.07972641728982514,3.0
-1.7317881817571308,0.054053094771602556,-0.008197798007506758,0.04039588640862863,2.0
0.6271579198281074,1.607810615766023,0.1574665164463721,-0.006051298169893756,3.0
0.6271579197569315,1.6078135354108314,0.15869296076745246,0.000726868146788367,3.0
0.5598736418950989,-0.6925161336485351,-1.4761401816087973,0.022882508998736083,1.0
0.6271579196535628,1.607811390730885,0.1685683293143868,-0.05840385196820982,3.0
-1.731788181155805,0.054046378013204374,-0.002068515552226638,0.01748422054441292,2.0
0.5598736411134926,-0.6925153557424859,-1.4776418895410612,-0.005712239983262438,1.0
0.6271579200214076,1.6078102361060431,0.15821321368870048,0.08439105230176233,3.0
0.5598736414050937,-0.6925163939802053,-1.4831003901021413,-0.024736018853134787,1.0
0.5435648544927388,-0.9671878261188677,1.3274788329954967,0.01750883913341916,0.0
0.6271579202751711,1.6078137950388,0.16026543823504347,-0.05655998609784213,3.0
0.6271579200199737,1.6078130735218699,0.15820258705350113,0.046318908379233886,3.0
0.5435648540685099,-0.9671908609243578,1.334357171634531,0.0028156153467571816,0.0
0.5435648542679603,-0.9671904219626812,1.340892230442996,-0.02163658593736789,0.0
-1.7317881816424667,0.054051320596667896,-0.0073526794792189,0.0579558054290922,2.0
-1.731788181139361,0.054052891046186546,-0.004084643241760648,0.05112738850814657,2.0
0.5598736417164817,-0.6925173857521312,-1.4788431961420325,-0.044946066313359546,1.0
0.5435648552705807,-0.9671920600845737,1.3364243798067887,-0.0012296126217108691,0.0
0.5598736418553619,-0.6925165092198143,-1.4796845586774658,-0.0971228034396864,1.0
0.5435648544490068,-0.9671890243467935,1.3308791423221777,0.047981461690099036,0.0
-1.7317881818201328,0.054048619341786015,-0.005463221478762876,0.010987801587225246,2.0
0.5598736410711931,-0.692516695450545,-1.486007494249055,0.026831592581565988,1.0
0.6271579194520048,1.6078155160244831,0.16035421886110945,-0.004538452541866938,3.0
0.6271579202168631,1.6078116766846822,0.16253121174473847,0.020667019506480793,3.0
0.5598736422481463,-0.6925137796607875,-1.4789384262961742,-0.004703726736372109,1.0
0.627157919251488,1.6078118744520957,0.16028420367523818,-0.019881369779078718,3.0
0.5598736417328033,-0.6925139007924231,-1.4741118517620115,0.01429540212170438,1.0
0.6271579205843991,1.6078131106782243,0.15840624074303572,-0.034806088832469204,3.0
0.5435648546539857,-0.9671887221929115,1.33063054664641,-0.00960345052197867,0.0
0.5598736414723188,-0.6925151540661375,-1.4807355250588774,-0.05044400135391239,1.0
0.5598736412110832,-0.6925151191847039,-1.4778485877680434,0.017593882975331064,1.0
0.6271579199405306,1.6078115637833903,0.15776904184264112,0.00019480133491371366,3.0
0.559873641092574,-0.6925153766811614,-1.4815512408226628,-0.041350964551961855,1.0
0.5598736406951447,-0.6925164687161354,-1.473266908447339,0.04010168808285832,1.0
0.5435648543172953,-0.9671881625658001,1.3261758124971796,-0.029853590348974734,0.0
0.5435648545660104,-0.9671924358268867,1.333473673665183,0.09504955391038095,0.0
0.5435648547789073,-0.9671920283147848,1.3339280004530127,0.04316620992021389,0.0
0.5435648544004974,-0.9671893941712632,1.3257863738580407,0.05655099933272283,0.0
0.6271579202916863,1.6078124790447412,0.16076229529144512,-0.012434452008596539,3.0
0.5435648548039386,-0.9671886968807146,1.3269465407571508,-0.004499054085023511,0.0
-1.7317881801588442,0.05405056712521575,-0.004644562973917053,0.014473267356275783,2.0
-1.7317881814410068,0.05404847846162584,-0.0074191578048627095,-0.03586077551122751,2.0
0.6271579198707944,1.6078140315321603,0.15353582825028297,0.010409209085708483,3.0
0.5435648547495817,-0.9671877545491837,1.3358602701395226,-0.04217154042226125,0.0
-1.7317881819128709,0.05405242049843315,0.0002177001209241698,0.03823741708314798,2.0
-1.7317881823014372,0.05404859459708405,-0.004881806915510118,-0.020042299918107517,2.0
0.5598736427473511,-0.6925126100047149,-1.479987265409325,0.021547733309980256,1.0
-1.7317881814064564,0.05404809093257354,-0.006367467578185195,-0.01375109773965756,2.0
0.6271579205037655,1.6078089606102717,0.15808822344436885,0.02198233004045766,3.0
-1.7317881815148666,0.054051525238565955,-8.135015836831283e-05,-0.023768144286918782,2.0
0.559873640636224,-0.6925160949662555,-1.478481869067258,0.022573894366336597,1.0
0.6271579197537758,1.6078081044792703,0.16306609579315756,0.031160063160982528,3.0
-1.731788181494464,0.054050279513163914,-0.007220739487355691,0.07692403700054695,2.0
0.543564854612484,-0.9671865690267404,1.3318699808579504,-0.030951275931319404,0.0
0.6271579195258802,1.6078101321862814,0.1594720853564885,0.01832258856168012,3.0
0.6271579193057812,1.6078119194186609,0.16265313011592664,0.051623078274086485,3.0
0.5598736417088146,-0.6925150660519303,-1.4821177184205934,-0.1022160599390685,1.0
0.5598736413196644,-0.6925184140365226,-1.470767099088137,-0.06339724945809516,1.0
-1.7317881818369267,0.054049465291186906,-0.00029316276183563567,-0.02188751757181831,2.0
0.5598736416209728,-0.6925161228634533,-1.486251040642793,-0.024540831020058437,1.0
0.5598736417336155,-0.6925146166913752,-1.479187302855465,-0.06595674652383596,1.0
0.5598736411817277,-0.692517245222545,-1.474267495275913,0.05066970631596406,1.0
0.627157919943848,1.607809482003178,0.163515599942775,-0.04057716899925616,3.0
-1.7317881818385286,0.05404828796999352,-0.00662052644834223,-0.013469510650377523,2.0
0.559873641052556,-0.6925130498592943,-1.4778769146722543,-0.019244164941773594,1.0
0.6271579198323032,1.6078131928750432,0.16355898386910508,-0.016373594448139777,3.0
0.5598736411153565,-0.6925158336365022,-1.4809991279603774,-0.028823042703566896,1.0
0.5435648547763597,-0.9671889136226015,1.333336126172992,0.021190870101502293,0.0
0.5435648555307954,-0.9671930166919627,1.335038594597419,0.08357711731197708,0.0
0.6271579200420102,1.6078117128291276,0.15770862796149523,-0.012738455186495143,3.0
-1.731788181658223,0.05405029537871114,-0.004405184460336147,-0.04246134022221993,2.0
0.5435648549748716,-0.9671899766297246,1.3358043697242494,-0.013984161780688233,0.0
0.6271579199524957,1.6078139658611543,0.1608026383735554,0.012166645334850276,3.0
0.6271579194513296,1.6078105392474846,0.16703435189655574,-0.03232611495407682,3.0
0.5435648541493449,-0.967187934789515,1.3335830654328,0.08401579467668277,0.0
0.559873641799239,-0.6925139029778843,-1.4810520873236916,-0.00991085892681172,1.0
0.6271579200730107,1.6078133301141564,0.15644563894794336,-0.013398947048568623,3.0
0.5435648544258238,-0.9671911037964532,1.3332894404906772,0.03810927832500419,0.0
0.627157919348718,1.6078119650737739,0.16136051768785256,-0.012930436982102143,3.0
0.6271579203275731,1.6078121042138918,0.1638973381710165,-0.0014924969488923825,3.0
0.5598736408315621,-0.6925165784894184,-1.4735450313135525,-0.08182918581253486,1.0
-1.7317881819426397,0.054048495486818254,-0.0016738632877376818,0.008814668475079187,2.0
0.543564854977917,-0.9671941972164572,1.3325043688210174,0.012385266525555619,0.0
0.5435648550048422,-0.9671876608322063,1.3283392082278938,0.013973439246624085,0.0
0.543564855513333,-0.9671887741371287,1.3340310326738032,0.09158162727659735,0.0
0.5435648540736797,-0.9671872976542524,1.3301642216083236,-0.010799455400739668,0.0
0.5435648549471932,-0.967193351486246,1.3334180865114975,0.02065861067441066,0.0
-1.7317881816982246,0.05405055703886388,-0.010235994327768514,0.05287652471086984,2.0
0.5598736407842217,-0.6925176611381892,-1.4786599778472977,0.025580324944580266,1.0
0.5598736418969701,-0.6925167107662319,-1.4756045435582343,-0.035180883567235754,1.0
0.6271579194026313,1.6078097515873335,0.15822410999633998,0.021008595328228567,3.0
0.6271579196170048,1.607809723817152,0.1587858751614348,0.022511044305412002,3.0
-1.7317881815843426,0.054052236454770905,-0.007031127687891158,-0.0406355052918231,2.0
0.5598736421477782,-0.6925166492164537,-1.4777307336453303,0.0012450411600926448,1.0
-1.7317881812409373,0.054047925515761555,-0.0021363198275197747,0.06303296506113289,2.0
0.6271579194724315,1.607808750293539,0.16483803461589974,0.048209553236057474,3.0
0.5435648547348023,-0.9671862435922254,1.3284757955542912,0.010426393087151781,0.0
0.5598736412514776,-0.6925163704946596,-1.4802773047212558,0.007342699692657415,1.0
0.543564854901639,-0.9671886045695445,1.3295641238164746,0.046021613393163754,0.0
0.5435648551378842,-0.9671899662932841,1.3280196209935802,-0.012335425403008898,0.0
0.5435648549380586,-0.9671898592191894,1.327942209606626,-0.0009114848466176799,0.0
0.5598736411437092,-0.6925159220740263,-1.4728689133538446,0.046402873442991203,1.0
0.5435648543761796,-0.967188677689518,1.3314839409619101,-0.013391822887974423,0.0
-1.7317881810583202,0.05405149599674134,-0.00802407859363986,0.021714201289541518,2.0
0.5598736410944236,-0.6925177569324545,-1.478668496163759,0.019277512744098512,1.0
0.5598736408797452,-0.692515579165503,-1.4846794634778038,0.0035277585625731376,1.0
0.5598736412429807,-0.6925174433729879,-1.4816567466110981,0.03179037223352309,1.0
-1.7317881813446958,0.05405022052152542,-0.007454002588671255,-0.033018047342543995,2.0
0.5598736409822792,-0.6925129819173895,-1.485478587383714,-0.036371381742733126,1.0
0.6271579197191344,1.607813897364007,0.15353321398060835,0.005225888841448389,3.0
-1.7317881812468618,0.05405125465900452,-0.004158848402306231,0.007770084372772575,2.0
0.5598736409711471,-0.6925171883701364,-1.47209476443012,-0.06839774725979152,1.0
0.6271579198748626,1.6078143494398927,0.15937752745284958,-0.044256557378782174,3.0
0.6271579197008353,1.6078070610170576,0.15937095712552413,0.02644483967432562,3.0
0.5435648550042048,-0.9671891830609538,1.3340013522896224,-0.0021253966933186003,0.0
-1.7317881814067788,0.05405172507856406,-0.0027736047917972144,0.05405010117464258,2.0
0.5598736415465918,-0.6925162911576621,-1.471020334545851,-0.030746720282743164,1.0
0.5435648545924971,-0.9671885325853261,1.3309220674260438,0.011110537758996598,0.0
0.5598736418075971,-0.6925159462113674,-1.4799450812472672,-0.02560216063674574,1.0
0.5598736416828135,-0.6925182295317922,-1.4815218222538007,0.02037263660446298,1.0
0.5435648539939374,-0.967189608424046,1.3353163574532378,0.04425574625520004,0.0
0.6271579190909873,1.6078107765409608,0.15607233483433522,-0.0308492701760519,3.0
0.6271579202659561,1.6078120138591625,0.1634771044075298,-0.025152698303751695,3.0
-1.7317881816352723,0.054053437656351004,-0.004598562894443745,-0.050221291396097406,2.0
0.5435648542789784,-0.9671913049767293,1.3318655985546302,-0.03264351846774296,0.0
0.54356485495129,-0.9671879999339111,1.327568387525614,0.023437117838362248,0.0
-1.7317881812161287,0.05405041883944756,-0.0034479247978271544,0.0033310543352453093,2.0
-1.7317881812102636,0.054052093166192146,-0.00450283208481534,0.02837560812512738,2.0
-1.7317881819394716,0.054049808912385866,0.002072390148423918,-0.0217171059250647,2.0
0.559873641049672,-0.6925155700768268,-1.4800554688667982,-0.029687270646085225,1.0
0.54356485463573,-0.967190656689396,1.3330777400715064,0.04499604125031315,0.0
-1.731788181250398,0.054049236038118086,-0.00597351548978814,0.03695146099697406,2.0
0.5598736413753367,-0.6925159731508023,-1.481214789790371,-0.04167990492388096,1.0
0.5598736417558784,-0.6925164464584745,-1.4757816362228318,-0.04197228290530372,1.0
0.5598736413426132,-0.6925177162674885,-1.484575100578925,-0.0028013355506949678,1.0
0.6271579199313123,1.607811071271892,0.15820314692017612,-0.029263613697251233,3.0
0.5435648554359919,-0.9671931190159498,1.325862954744191,0.049831888753173084,0.0
-1.7317881820177743,0.054050712325455226,-0.004731747308016836,0.01791544942623005,2.0
0.6271579199351328,1.6078104390154868,0.15523850365913322,0.018494734650635117,3.0
0.5435648548713495,-0.9671898358464786,1.3324712390310383,-0.005326148086925239,0.0
0.5598736410884174,-0.6925160166079715,-1.4805441478030454,-0.011490207437248778,1.0
0.5435648549067617,-0.9671926947668222,1.3352189244366857,-0.030805895779536397,0.0
0.6271579198435299,1.6078124958551716,0.1542202709408541,-0.05991042098999601,3.0
0.6271579199868793,1.6078123248012353,0.15977992777582303,0.018535287068097914,3.0
0.5598736415184596,-0.6925157496846821,-1.4736371405002655,-0.00029401498434563267,1.0
0.6271579198904764,1.6078112518362608,0.16344468726110087,0.018115194512102438,3.0
0.5598736417490974,-0.6925156941918705,-1.4776594552706843,0.02309326395897533,1.0
0.62715792055293,1.6078092206004535,0.1604714307850999,0.0431241400249136,3.0
0.6271579201395597,1.6078075720147382,0.16096142044968714,0.019384709907166748,3.0
0.5435648543544146,-0.9671889406913345,1.3391187894672347,-0.051082256341742495,0.0
0.55987364174461,-0.6925159690557144,-1.4807668836613077,-0.03835980833289192,1.0
-1.7317881813079252,0.05404969076313015,-0.003122185542230566,-0.001718764309748803,2.0
-1.7317881813336948,0.054051107734517566,-0.01114427388369838,-0.006690133474429221,2.0
0.5598736417477942,-0.6925158057540711,-1.478781845890809,-0.00366286302230445,1.0
0.5598736418025615,-0.6925165413173034,-1.4832413557542152,-0.040918108835533325,1.0
0.6271579196503796,1.6078120035562928,0.1578086835988342,0.013176898275759002,3.0
-1.731788181532513,0.054051941268891575,-0.007981875463863674,0.007768301107823132,2.0
0.5598736421395332,-0.6925164419790311,-1.4774230745248762,-0.015068412952764317,1.0
-1.7317881809314741,0.054052745626834126,-0.008593645210890847,0.011068496891415954,2.0
0.5435648549326124,-0.9671875020271411,1.3372246751715429,0.008659337063788207,0.0
0.6271579196024166,1.60781051009802,0.16036796689748278,0.010548937558700735,3.0
-1.731788181387691,0.0540492535335043,-0.0038767108887657483,-0.018472512861738007,2.0
0.6271579203128256,1.6078127921537897,0.16626342304310973,0.006340840610425582,3.0
0.559873641184313,-0.6925147513098602,-1.4811498581224636,-0.011238144797575404,1.0
0.5435648546019252,-0.9671897320380854,1.3338124128263442,0.00733560546780387,0.0
0.6271579201145588,1.6078107012758014,0.16138985183338575,0.023848407075782438,3.0
0.5435648551155021,-0.9671883249091625,1.3238458103456185,0.014351681389885382,0.0
0.543564855110247,-0.967185721992449,1.3346568692827114,0.021116653341722497,0.0
0.627157919556727,1.6078105073136288,0.1601734999790338,0.0434778550165977,3.0
0.6271579203506663,1.6078131867258327,0.16194414415506117,-0.026809251060438313,3.0
-1.7317881813113696,0.054050566315811586,0.0003789287392568366,0.0026592341839721837,2.0
0.543564854634431,-0.9671898025691695,1.3255909549503957,0.03604048954889969,0.0
0.5435648544310254,-0.9671885744612286,1.3291493452243879,0.005716741693605739,0.0
0.5598736413792986,-0.692515368228609,-1.4774410598264716,0.006507351565923954,1.0
-1.7317881815956524,0.05404983223056346,-0.011077392700355529,-0.014707542083061706,2.0
-1.731788181613831,0.05405239870494192,-0.007086548579305384,0.013121740579383428,2.0
0.5598736414566161,-0.6925190720304738,-1.4740806933135142,-0.011622501569227974,1.0
0.5598736417135783,-0.6925143273665167,-1.4743787803023976,-0.037524196332165284,1.0
0.5435648548152403,-0.9671902040134495,1.3345878847218346,0.005128627169626314,0.0
-1.7317881808100286,0.05404972818501415,-0.006878911497071947,-0.05404905118870973,2.0
0.5598736408584601,-0.6925179164222112,-1.4710254347494012,-0.021337472495289188,1.0
0.5598736411182108,-0.692517408226254,-1.475014614626498,-0.047312586367372095,1.0
-1.7317881812747338,0.0540486807343306,-0.0016826850771744287,0.021922688199530138,2.0
0.5598736409746788,-0.6925160391671905,-1.4740920915316713,-0.016915241997047914,1.0
-1.7317881820091627,0.05404958306322784,-0.005056954096146203,0.03863983699697096,2.0
0.543564855238512,-0.9671909832225133,1.3301118942839154,-0.009204396878429624,0.0
0.6271579195831064,1.6078098048660534,0.16088276875686372,-0.033224837319869624,3.0
0.6271579207164837,1.6078123284002501,0.1598357876679926,0.02473775569405647,3.0
0.5598736411626074,-0.6925155163660601,-1.4758950169239793,0.01330369818321976,1.0
0.543564854607504,-0.9671881120196586,1.3335357854151806,-0.002482880700417296,0.0
0.5598736414657289,-0.6925156232677331,-1.4787415078552735,-0.021499722709844987,1.0
0.5598736411401485,-0.6925150650036465,-1.4716207485886434,-0.010081120656436116,1.0
-1.7317881812066318,0.05404837438207219,-0.004066841527202776,0.034438884300155244,2.0
0.6271579196408402,1.6078140637729978,0.1563172217734105,-0.02342025060733398,3.0
0.6271579201268302,1.6078128777728806,0.15911248773891407,0.012689293512892984,3.0
0.5598736416708187,-0.6925150145697693,-1.477657777884179,-0.03155901826880009,1.0
0.6271579194371159,1.607812032499539,0.1566914049686969,-0.07854228102750803,3.0
0.5598736415643593,-0.6925182088587061,-1.4779653110469213,0.016089540355180464,1.0
0.5435648546145856,-0.9671889713140466,1.3276217558010708,-0.05173316416770764,0.0
0.6271579200193559,1.6078135190790255,0.1663100976060159,0.05736019406755564,3.0
0.5598736422461971,-0.6925149367429203,-1.4784573548009892,-0.025409113625102356,1.0
0.5435648551000398,-0.9671895741335953,1.3254396675110192,-0.019969572218395598,0.0
0.6271579199285083,1.6078113147368367,0.16366591739081005,0.05159805223173417,3.0
0.5435648547754359,-0.9671867970828342,1.333895261474539,0.05922389711859502,0.0
0.6271579196261866,1.607812789566393,0.1642340509845582,0.05301593535117291,3.0
0.5598736412018076,-0.6925150063455175,-1.4804161307992774,-0.004046216040981061,1.0
0.559873641518606,-0.6925140268454014,-1.4807910112936724,-0.007262801267234245,1.0
0.6271579198124182,1.6078139676158643,0.16249091856522765,-0.029385850235086216,3.0
0.5598736418228294,-0.692515678423921,-1.4805509909136891,-0.029807871020769344,1.0
-1.7317881820865042,0.05405050790386507,-0.007554355482803035,-0.034514036355062006,2.0
0.543564854637836,-0.9671904035808312,1.3354141349614868,0.03601566929888451,0.0
0.559873640733796,-0.6925149715532786,-1.4865832971202262,-0.049398189356633544,1.0
0.5435648552489862,-0.9671904450112425,1.3329566626769576,-0.0005615436006468341,0.0
0.543564855438455,-0.9671891540016242,1.3387813494642975,0.015860557347148026,0.0
0.5598736418582284,-0.692515308362437,-1.4792266431650916,0.01011552796738566,1.0
0.5598736412780773,-0.6925144543855848,-1.468393070836316,0.004415013789862384,1.0
0.55987364069592,-0.6925167057997793,-1.4791010653638257,0.00800729244048432,1.0
0.5598736415751935,-0.6925137653698942,-1.4833910309230225,-0.00602634811842127,1.0
0.5598736415301798,-0.692515511013362,-1.479959255026438,-0.021222182024980555,1.0
0.5435648558128884,-0.9671925121637462,1.3362466003462106,0.025713426970861163,0.0
0.5435648542496179,-0.96718771449657,1.3289668395730385,0.012921368432281087,0.0
0.5598736415736149,-0.6925159513361144,-1.4823366839797756,-0.033326055676157276,1.0
0.5435648549259323,-0.9671869187821085,1.3326967052495309,-0.05716581868332916,0.0
-1.7317881812611964,0.05405184144172369,-0.004689041218789094,0.0493134414474413,2.0
0.5435648546263434,-0.9671890418439004,1.3340396770874399,-0.04454381087209811,0.0
0.6271579190524625,1.6078121411081259,0.1603586593583089,0.003652824383876922,3.0
-1.731788181270389,0.054048876027247186,-0.0019283419967459576,0.06336328570164085,2.0
-1.7317881819899839,0.054050737458982534,-0.0023855981320609837,-0.00695104129009332,2.0
0.5435648553971734,-0.9671920854751399,1.3322407911916905,0.053213100931637926,0.0
0.5435648545912048,-0.9671890812908197,1.3313426559515948,-0.017281459859150892,0.0
0.5598736407826862,-0.6925163652708863,-1.482878598731595,-0.04938179233852365,1.0
0.6271579195052224,1.6078136200031143,0.15592871860414562,-0.02438013817370149,3.0
0.6271579203691796,1.607812834356082,0.1670127671534328,-0.021429497293899404,3.0
0.627157920474948,1.6078110853379812,0.16460443546283746,0.03401014178868725,3.0
0.6271579200278005,1.6078104588452033,0.16312939340613272,-0.014672005260565148,3.0
-1.7317881819175496,0.054050172901177904,0.0017409890301319133,0.042971822976204437,2.0
0.6271579201795989,1.6078134703359235,0.1624517059202641,-0.020664326575358202,3.0
-1.731788181636985,0.054049441671027175,-0.001716759883469425,0.03349358314895188,2.0
0.5598736417505408,-0.6925128351085992,-1.4752565758234828,-0.07381994319254329,1.0
0.5435648544200494,-0.9671893454364461,1.3309279066598594,-0.06469102379387484,0.0
0.6271579202933248,1.6078099611179544,0.1596292863097818,0.08061715271398404,3.0
0.5435648554252321,-0.9671888438228534,1.3305961325203428,-0.015351957380427677,0.0
0.6271579197770624,1.6078118978804985,0.16219291416316936,0.014368627908085277,3.0
0.5435648552023805,-0.9671935823889328,1.3365600500980366,0.08465656565930754,0.0
-1.7317881810451576,0.054049013407798614,-0.006033451981862851,0.020468211784428668,2.0
0.559873641597929,-0.6925162080972947,-1.4800051692019989,0.05524496693846582,1.0
-1.731788181254767,0.05404596363837761,-0.004516506683048931,0.03248407114147907,2.0
0.6271579195032108,1.6078144874248914,0.1635896992890121,0.003982487679664296,3.0
0.5598736414473386,-0.692516113113624,-1.4736909548768578,-0.0012827235017160655,1.0
0.6271579200022194,1.6078103408911035,0.15790975330295942,0.01417309136263329,3.0
0.6271579197580499,1.6078125720210423,0.16017235457758158,-0.00508098086671082,3.0
0.5435648541792618,-0.9671908261591202,1.329749158812582,-0.025297074655490682,0.0
0.5435648546571029,-0.9671905580816974,1.3353278044999366,0.06642007100938686,0.0
0.6271579201554744,1.6078113202922755,0.16125317323657448,-0.010288448735100804,3.0
-1.7317881818286756,0.05404848583011095,-0.0026432657884020204,0.026419113313197257,2.0
0.5598736417201453,-0.6925141778610927,-1.476816109187063,0.017373026074809013,1.0
0.5435648540656737,-0.9671900279116481,1.3314973437169795,0.043493355678986025,0.0
0.5435648553178525,-0.9671937428018441,1.3386997414958934,0.03548377387116944,0.0
0.5598736419524727,-0.6925195508689554,-1.4791833087379203,-0.01564961403435381,1.0
0.5598736409862393,-0.692518235963525,-1.478030608407974,-0.0032463344722510907,1.0
0.5435648544835903,-0.9671888434957455,1.3308531689693224,-0.02026701324353705,0.0
0.543564854644508,-0.9671880362277852,1.3356717504010736,0.009347359760773536,0.0
0.5435648553001181,-0.9671915572448718,1.3310809638259105,-0.05697793377698494,0.0
-1.7317881815288252,0.05404970984515647,-0.002078809359540495,-0.011909284731654413,2.0
0.6271579197510304,1.6078110575400004,0.15658216338053016,0.0533140533116326,3.0
0.559873642161303,-0.6925170193679001,-1.4750030739990836,-0.017991738825988837,1.0
0.5598736415834791,-0.6925151991416079,-1.4765217006459914,0.009224811787911505,1.0
-1.731788181873139,0.054048375410717886,-0.003495423929898678,0.038324223956782484,2.0
0.5598736418945328,-0.692516443321412,-1.477858260231307,0.011015256947342612,1.0
-1.7317881810147513,0.054049438175022314,-0.0010193509177726591,0.027316623008318632,2.0
-1.7317881817199592,0.05404969802385852,-0.004208113054607051,0.009679833280263622,2.0
0.55987364084519,-0.6925169543882561,-1.4812784761379203,0.04636089826298646,1.0
-1.7317881813915095,0.05405096729547647,-0.006243786775630967,-0.004180589121216906,2.0
0.5435648549190036,-0.9671909048420345,1.3317269964481984,0.017981027229322787,0.0
0.627157919996907,1.607812482854382,0.15931467924988843,0.02521559226045615,3.0
0.5435648545221922,-0.967190441413735,1.3301376546157586,0.0397792689816344,0.0
0.5435648548968445,-0.9671908945540741,1.3357762120886936,-0.02385182978026473,0.0
0.6271579204513088,1.6078136782807526,0.1698353680778549,0.037380470464257166,3.0
0.5435648547388349,-0.9671923440960013,1.3324905928660444,0.0669634236053844,0.0
0.5598736418731083,-0.6925164233836101,-1.4765435807304759,0.0005668500620513892,1.0
0.5435648549620764,-0.9671898839177899,1.3274598090420486,-0.043585566880045536,0.0
0.5598736420480324,-0.6925149552616683,-1.4810439050518407,-0.005315218277064006,1.0
0.559873641664615,-0.6925156866310743,-1.4778268833376498,0.009143550122427683,1.0
-1.731788181922495,0.05405038018419397,-0.00369609283044942,0.04565909877939574,2.0
0.5598736419758199,-0.6925174567822023,-1.4763221099703598,0.006265033791513266,1.0
0.5598736414257304,-0.6925160270874231,-1.4817092341914309,-0.028787601367172903,1.0
-1.7317881808807483,0.054051072467522505,-0.0113788258067035,0.008063630329077552,2.0
0.5435648548078567,-0.9671894859194083,1.3315381499631962,0.04738125469389183,0.0
0.6271579198407378,1.6078116774686952,0.16179390510093336,0.013158419650856432,3.0
0.5435648540782879,-0.9671889172927935,1.3413409758227668,-0.0278505616105133,0.0
0.5435648546896836,-0.9671899631026206,1.3286244761570019,0.04072806863525273,0.0
0.6271579198255545,1.6078094485590992,0.16206415631848026,0.09259219071413662,3.0
0.5598736414899808,-0.6925189368718416,-1.48046165093443,0.019425919574483117,1.0
-1.7317881817577456,0.0540505472195265,-0.007577753020800147,0.05928003450731893,2.0
0.5598736413944312,-0.6925163355335234,-1.477308519990774,-0.0646149014294453,1.0
0.5435648553608446,-0.9671917793680748,1.3293349052088035,-0.04454996069043546,0.0
0.5598736415084489,-0.692514601955642,-1.4748273486005323,-0.009059919479870084,1.0
-1.7317881815856218,0.05404938222056095,-0.006724025607347204,-0.041844310538959886,2.0
0.5435648543813446,-0.9671868641443079,1.3336190956568301,0.008430111243612102,0.0
0.6271579201599501,1.6078119837838944,0.1604433724852101,-0.015753839697816952,3.0
-1.731788181180694,0.054052021672877336,-0.004019560446904063,0.024780538512088404,2.0
-1.7317881810822253,0.05405084679031161,-0.0004976389976780982,0.055124631140623784,2.0
0.6271579202039259,1.6078114881314227,0.16005784249933275,-0.016183945670608543,3.0
-1.7317881812745732,0.05405092018571055,-0.003555454108302419,-0.02486827860277395,2.0
-1.7317881811599445,0.05404739242138829,-0.0035312991241024695,0.007402798587952237,2.0
0.5598736415976849,-0.692515587942595,-1.4787776320444008,-0.0012062633251084677,1.0
-1.731788182161127,0.054049553090846685,-0.0017114107262150098,-0.01768009665995056,2.0
0.6271579196075586,1.6078116767318196,0.15859754492125516,-0.0183143393275495,3.0
-1.731788182018854,0.054048216746662395,-0.005564885988772541,-0.011250002135952475,2.0
0.5598736412965402,-0.6925148946795651,-1.483180632394243,-0.0481288194462172,1.0
0.5435648553625936,-0.9671884069785582,1.3235156502674479,-0.020220624465619973,0.0
0.5435648549409599,-0.9671895036022795,1.331748075293954,0.0008672633976243508,0.0
0.6271579194952926,1.6078119782834477,0.16250371624071683,-0.022841704552699016,3.0
0.6271579198669205,1.6078127956491153,0.15655239284983877,-0.021196885416082226,3.0
0.5435648552428416,-0.9671889164262554,1.3308616382263863,-0.06419194907468,0.0
-1.7317881817925393,0.0540520556404655,-0.0049359331301060735,-0.011829969875843832,2.0
-1.7317881815919443,0.05404764902737396,0.0016625895984486837,-0.051871414981644895,2.0
0.6271579199375835,1.6078135281318913,0.16832460145682815,-0.038405026691745524,3.0
0.5435648550078728,-0.9671890871311134,1.330387287945621,0.04927818166416097,0.0
0.559873640772487,-0.6925158341709411,-1.483199711386615,-0.044224014473795425,1.0
0.5598736414839626,-0.6925154129016136,-1.4808474197468282,-0.004599877074952656,1.0
0.5435648543520264,-0.9671904351793723,1.3378306999919123,0.02073243630044454,0.0
0.6271579196129204,1.607808887005839,0.15771337357183454,0.05785907225476044,3.0
0.5435648544162897,-0.9671889653131588,1.328434985708746,0.01937806948904116,0.0
-1.7317881821244245,0.05405132487830231,-0.01036229192537557,0.007896425860003015,2.0
0.543564854950145,-0.9671891007305041,1.3385610703922937,0.021997235842879923,0.0
0.5435648544604276,-0.9671897979364273,1.3331742035673848,-0.024070171787801832,0.0
-1.7317881811195694,0.054050024823502,-0.007433148668112932,-0.009803112686855263,2.0
0.5598736408444838,-0.6925161044240707,-1.4811383316079298,-0.038973656104063635,1.0
0.5598736409613201,-0.6925155488505097,-1.486811957092665,0.02137791829454805,1.0
0.6271579200868297,1.6078116602631076,0.16174313815851168,0.017259829726169303,3.0
0.6271579199048747,1.6078118745068017,0.1579794056539672,0.012948236969140553,3.0
-1.7317881815078753,0.05405266362112727,-0.0076999113011047525,-0.00296150425417468,2.0
0.5598736415962258,-0.6925168398119215,-1.482236136443633,0.022930125566469728,1.0
-1.7317881813634277,0.05404916688310383,-0.006180552969724466,-0.07444150965977536,2.0
-1.7317881813777884,0.05404787220522163,-0.0007474540003665428,0.0178048909619108,2.0
0.5598736408152253,-0.6925155399470826,-1.4814146420874004,0.01795489044310531,1.0
0.559873641880123,-0.6925188275163242,-1.4734822018234413,0.03107198955483853,1.0
-1.7317881816843672,0.05404747795400592,-0.005138514762162436,0.08798151237756027,2.0
0.5435648548732137,-0.9671854595118095,1.335738611701872,-0.03953039869670667,0.0
0.5598736421174375,-0.6925164770616237,-1.476927274269044,0.0022912144446307005,1.0
0.6271579196248027,1.6078141363100071,0.16695822713086322,-0.03352785403696335,3.0
0.5598736412623987,-0.6925156547621049,-1.4706489289593907,0.03276650969927104,1.0
0.6271579198172068,1.6078111581479175,0.16629002938475382,-0.011523370188977027,3.0
-1.7317881809910132,0.054045229701823606,-0.0029810144032422297,-0.023901381840439745,2.0
0.5435648544873485,-0.9671913711732212,1.3377346343368601,-0.035042575056529364,0.0
0.5598736410075804,-0.692517570958967,-1.4780335373446467,0.013692933814622625,1.0
0.6271579197189131,1.6078085412563345,0.16674394559848643,0.02450014343319596,3.0
0.627157919825418,1.6078088892755522,0.16567677960248647,-0.025814453421869894,3.0
0.5598736414719663,-0.6925185673913182,-1.4778604597365934,-0.008982423217487268,1.0
0.6271579197937297,1.607812611566374,0.1571408092327189,0.03674926000480419,3.0
0.6271579194528906,1.6078137846866276,0.1654788829966322,-0.017647248827034917,3.0
0.5598736420482274,-0.6925168851519873,-1.476994070520422,0.0047439130908657505,1.0
0.5598736404129445,-0.6925190926027218,-1.4742624462804206,0.016379976749414465,1.0
0.6271579203986354,1.6078110680727493,0.15868134812815252,0.0317384323984235,3.0
-1.73178818173069,0.05404925903401765,-0.006625243117874321,-0.0007785818322999631,2.0
-1.7317881814825895,0.05405057647588847,-0.00015259624258825535,0.021358444378676695,2.0
0.5435648547705745,-0.9671873230239745,1.342678912846065,0.050440009274379013,0.0
0.5598736413005065,-0.6925143606955064,-1.4762425189288002,-0.04192755231286817,1.0
0.55987364123117,-0.692513781254409,-1.474513004144,0.018384610161159217,1.0
0.6271579193921484,1.6078096601302005,0.16151353032861457,-0.058280405508562685,3.0
0.543564854421166,-0.9671901881241496,1.340438303923516,-0.02990609021953648,0.0
-1.7317881810505933,0.054050185039978174,0.00012461700326393498,-0.06611968240898161,2.0
-1.7317881813193647,0.05405027736983325,-0.01080821230226703,-0.005202246974443461,2.0
0.5598736413958374,-0.6925168796519428,-1.4814445707449522,-0.0412751470974434,1.0
0.5435648557537047,-0.9671898978487772,1.3337330409333625,0.04127081291367194,0.0
-1.731788181089565,0.05405237658318736,-0.0035865038410592917,-0.03036272049704899,2.0
0.6271579198508959,1.6078113622989127,0.16321824692851455,0.05533975227605306,3.0
0.5435648546147128,-0.9671867906776673,1.3270519400155438,0.060139605478917384,0.0
0.5598736409781233,-0.6925154895306741,-1.4831740223708185,-0.027928231429270343,1.0
0.6271579208492454,1.6078122446943321,0.1588099476241539,0.011555039949972378,3.0
0.6271579201248414,1.6078106624743473,0.16323269442934996,-0.010550458571162009,3.0
0.5598736418642928,-0.6925149871147208,-1.4737863611044277,-0.04112333997321836,1.0
0.5435648554621854,-0.9671893714685711,1.3294722076584313,0.021064378285941043,0.0
0.559873641423387,-0.6925170328802303,-1.4813133950640405,-0.07621386956583469,1.0
-1.7317881808428628,0.054051902319322845,-0.007427005957727379,-0.027151439327877794,2.0
0.5598736412679661,-0.6925172106030552,-1.4790708504320833,-0.021622728951609656,1.0
0.6271579193644895,1.6078086961117546,0.1646998467896142,-0.03560748810039906,3.0
0.6271579201456917,1.607810432897886,0.16153339803039948,0.03598835880503225,3.0
0.6271579200525488,1.6078146465839713,0.16310850486870002,-0.048691166037755716,3.0
0.559873641779232,-0.6925141847886502,-1.4829099234408771,0.02397640894189648,1.0
0.559873640841207,-0.6925164356455007,-1.4773177495663379,-0.058468844767574156,1.0
-1.7317881814396803,0.054048964293834156,-0.0031801553063155654,0.007156812176899944,2.0
0.559873641194471,-0.6925179670678776,-1.480471915832411,0.017445098465317662,1.0
0.5598736420250338,-0.6925136335238719,-1.473902332042858,-0.0754347243491155,1.0
0.5598736412302994,-0.6925159288268404,-1.4806294712323569,-0.02379988378458861,1.0
0.5435648544140611,-0.9671890542808198,1.3246131617929036,-0.028664659399036937,0.0
-1.7317881811108304,0.05405079669320554,-0.007989395099114675,0.03268011110733739,2.0
0.543564854661535,-0.9671920466619589,1.33187293741084,0.04988866523923214,0.0
-1.7317881818381637,0.05404739587464249,-0.009175277663978165,-0.00394982080348742,2.0
0.543564855507021,-0.9671906899331811,1.326486709412407,0.010874131545224045,0.0
0.6271579200355761,1.6078132541660484,0.16235883821430364,-0.02568857931274499,3.0
0.5435648551140677,-0.9671897051015852,1.321951507751269,-0.04427606434769599,0.0
0.5598736418036289,-0.6925151540333259,-1.4737595474163203,-0.042746778864859,1.0
0.5598736415002141,-0.6925153134212473,-1.4754676890157814,0.04167938279092375,1.0
-1.7317881811652391,0.05404709553865227,-0.0030463551283937467,-0.025359301682589073,2.0
0.6271579203100032,1.6078102739343378,0.1700336027889316,-0.04233184588636208,3.0
-1.731788181528204,0.05405322005326544,-0.0032429952850657013,-0.02145035559921243,2.0
0.5435648547784185,-0.9671881701484804,1.3326564236991598,0.030859880846092844,0.0
0.6271579194673417,1.6078109663043743,0.15333527090853036,0.01416075236891614,3.0
-1.7317881818102518,0.0540508391208114,0.0012482267950517764,0.03527632939430115,2.0
-1.7317881807909128,0.05404993908772679,-0.0004978937245197991,-0.00865636239929023,2.0
0.627157920348935,1.6078124394139333,0.15731437848440916,0.05606875564555423,3.0
-1.731788181447845,0.054050698463759414,-0.010064730689763263,0.05462760705879026,2.0
0.5598736411260669,-0.6925156390900011,-1.481747749862336,-0.015874891903948272,1.0
0.5598736413355254,-0.6925136731675856,-1.475404415007041,-0.06733264186766705,1.0
-1.7317881814642342,0.05404994036557593,-0.005536661164030574,0.006176044298269085,2.0
-1.731788181708233,0.05404937390294276,-0.004655116768758964,0.01790659542949675,2.0
0.6271579193297601,1.607813041488381,0.1555027539720617,0.019566386826347853,3.0
-1.7317881816889542,0.054048593025218514,0.0014352986527248345,-0.030398226161443054,2.0
0.6271579199679927,1.6078104226529002,0.15890477525071883,-0.020954501034519842,3.0
-1.731788181070726,0.054047969849168216,-0.00474766401670895,0.04618930683856488,2.0
0.5435648546765723,-0.96719069430954,1.331667625689511,0.02504270489988998,0.0
0.5598736412763738,-0.6925111186847405,-1.4834615935477726,-0.030641935270766887,1.0
0.6271579203673778,1.6078132136388417,0.1628711615887358,-0.00855810919204472,3.0
0.6271579201953091,1.6078142581760893,0.15919642279731885,0.00289959390199568,3.0
-1.7317881813422487,0.05404841494308166,-0.002749964260008591,0.04780317539830168,2.0
0.6271579201916267,1.6078088637293637,0.1568924177327191,-0.06931801527326392,3.0
-1.7317881812298577,0.05405089021592017,-0.007582918935010763,-0.022303192894039432,2.0
-1.7317881808704096,0.05404881671046282,-0.0052764545272101435,0.009112946756276915,2.0
0.6271579193070964,1.607814397171914,0.15971365729323345,0.01869174077248008,3.0
0.543564854562155,-0.9671910984038746,1.3323714812131384,-0.013736878110891167,0.0
-1.7317881814143272,0.05405114631010228,-0.007263065062266282,-0.030796542306932677,2.0
0.5598736416271528,-0.6925174536342547,-1.4849442180455872,-0.06137825070826312,1.0
0.6271579200114584,1.6078121634659388,0.1633525310084865,-0.035099238284758964,3.0
-1.731788181919385,0.05404817435317666,-0.003148024882836576,-0.010399828764750178,2.0
-1.7317881818547411,0.05404896873478844,0.004592690157722366,0.0294548401484837,2.0
0.6271579206644058,1.6078119898791134,0.159766226249135,-0.03860576152945764,3.0
0.5435648548301828,-0.9671883845271674,1.3344306337827427,-0.03326870548160744,0.0
0.5435648545658351,-0.9671884510177917,1.332595634525541,0.06265825043246294,0.0
0.5435648547523289,-0.9671906310370874,1.3287541060520465,0.032135506387459226,0.0
0.5435648549938836,-0.9671891221308752,1.331905697825908,-0.02204530499185629,0.0
0.627157919918748,1.6078114144753075,0.15758604939275794,-0.041752136736589986,3.0
0.6271579196590085,1.607813612718681,0.15963218101881863,-0.058356014619518046,3.0
-1.731788181227283,0.05404962163838252,-0.0033106657997033218,0.04534641830351576,2.0
-1.731788181945595,0.05404805053886174,0.0006836033587777395,-0.005462115063705572,2.0
-1.7317881807713147,0.05405048815258295,-0.009641778378590697,0.015577516338451811,2.0
-1.7317881814814713,0.054049940255990185,-0.0025161285288328953,0.0013760226932244067,2.0
-1.731788181572262,0.054047628625613776,-0.0049011302620712485,-0.030690019846243,2.0
0.559873641726078,-0.6925151797227812,-1.47459998766118,-0.03246639415499205,1.0
0.627157919747716,1.6078149326055917,0.16269989698627746,-0.0016801855944392485,3.0
0.5435648547346902,-0.9671922782499225,1.3240248545110973,-0.05093167022648984,0.0
0.5598736415143158,-0.692513113277513,-1.4843512432522006,-0.02448236589027228,1.0
0.5435648551040978,-0.9671920113293544,1.331374280916438,0.004445512899724668,0.0
-1.7317881811799052,0.054051724208844326,-0.006767188969907097,-0.017903361036809246,2.0
0.6271579201975569,1.6078131239232125,0.16427143183415244,0.06973431480205751,3.0
0.5435648548608044,-0.9671888032062163,1.3263913610909772,-0.05833604106947387,0.0
0.6271579201351355,1.6078088277655433,0.15583345807769503,0.015699288214939055,3.0
-1.7317881819389014,0.054048009841711896,0.0016685735252353194,-0.029592527120426395,2.0
0.627157920570099,1.6078105838056589,0.16125248066878375,0.04203894891573125,3.0
0.5435648551987454,-0.9671892416374088,1.332951838159581,-0.029467396807716012,0.0
0.5435648548047435,-0.9671886394434397,1.330139070747615,0.03595647094800104,0.0
-1.7317881811484366,0.05404843071576728,0.0011022244720409503,0.027190102654292492,2.0
0.6271579197427734,1.6078119231960255,0.16540273418585724,-0.02003408910592907,3.0
0.5598736418526999,-0.6925158345400618,-1.4776712685757045,-0.018687151440840172,1.0
0.6271579199502239,1.6078091503417127,0.16809559577214844,-0.006239703685980999,3.0
-1.7317881817930092,0.05404790693176417,0.001984134557191681,1.326463737001375e-05,2.0
-1.7317881813924865,0.05405037098074564,-0.009034440558029475,-0.02986444974382763,2.0
-1.7317881810648617,0.05405040823046028,-0.003177707684522443,0.0016319304407115837,2.0
-1.7317881813805818,0.05404898686977813,-0.00375941135527023,0.09757207269168035,2.0
0.6271579202275039,1.6078115172665113,0.16131854328843137,0.011257686537262487,3.0
0.5435648538936956,-0.9671893406360351,1.3333929418502426,-0.04496197230505128,0.0
0.5598736416157336,-0.6925174018509977,-1.4756396675504873,-0.011231330207740751,1.0
0.5435648550339902,-0.967186917267525,1.3223025916286408,0.04825262893669546,0.0
0.6271579201826046,1.60781363384025,0.16360814112775932,0.02058111168469146,3.0
0.6271579201570214,1.6078105484234249,0.1613828897016429,0.015555134249641202,3.0
0.543564854610324,-0.9671906224238598,1.334452061668678,-0.007847298209633254,0.0
-1.7317881817353737,0.05404887924610989,-0.005991964690320504,0.017042059247800313,2.0
0.5598736412505684,-0.6925167070668294,-1.474110398588043,-0.05207587283497352,1.0
0.627157920427753,1.6078134754480888,0.15895874185874626,0.061682431683086195,3.0
0.5598736416230651,-0.6925139209359192,-1.4737600818797048,-0.014577204166125797,1.0
0.5598736414854707,-0.6925166924024261,-1.4809185192507648,0.08111493144851287,1.0
0.6271579199079974,1.6078115378713922,0.16625579017841002,-0.004300044418458336,3.0
0.5435648550580625,-0.967190749127732,1.333011917824197,-0.007193304037742104,0.0
0.5598736413513595,-0.6925169429829288,-1.4760504516250277,0.009605356887257976,1.0
-1.7317881813916474,0.05404748474507542,0.0028834630394625293,0.013732534773524284,2.0
0.5598736414700507,-0.6925140030487318,-1.4796358212729137,-0.04222459269075423,1.0
-1.7317881816768907,0.05405044659215166,-0.003913593750457959,-0.0013176599378784371,2.0
-1.7317881813847271,0.054051333176264336,-0.006605810958099368,0.011620475650033345,2.0
0.5435648546932446,-0.9671901025146579,1.3311571954999777,0.01648084320949916,0.0
-1.7317881812161775,0.05404975452673981,-0.005318006977518651,-0.014358977563332664,2.0
0.5598736418567194,-0.6925168075383399,-1.4789743492757745,0.009412499935749843,1.0
0.5598736416602883,-0.692513412387964,-1.4822543814392148,-0.01223605883825283,1.0
-1.7317881808662619,0.05404990900794549,-0.0018467368690389368,-0.06395861505329152,2.0
-1.7317881816706846,0.05404950444905622,-0.0013230853875443982,-0.032311239238326156,2.0
0.6271579200150198,1.6078095931294285,0.15106525401963444,-0.04866506358507523,3.0
0.6271579199023429,1.6078121730927863,0.1550976197849003,0.06187999877781018,3.0
0.5435648551215797,-0.9671902782032289,1.3273985076415817,0.05929697071636205,0.0
0.5598736413760073,-0.6925148424811478,-1.4795678562772123,0.034561424168619265,1.0
-1.7317881815163398,0.05405240495496583,-0.00036104241518156676,0.008221587789889788,2.0
0.6271579205494507,1.6078095731498905,0.16724238495330737,0.022128946350949568,3.0
0.6271579200499388,1.6078111542031375,0.165711780996698,0.011752368484653913,3.0
0.6271579195108465,1.6078136053458427,0.16486149435867956,0.00030162168044321806,3.0
-1.731788181864732,0.054052508472395754,-0.0066878203756485545,-0.03581513595707088,2.0
0.6271579197972481,1.6078134390208991,0.156099829203869,0.04826199026064201,3.0
0.543564854389681,-0.9671927923450299,1.3331676203809473,0.051368055908265486,0.0
0.5598736410067656,-0.6925184056099185,-1.4789380403100172,-0.028686634952097587,1.0
0.5598736412784923,-0.6925169151951989,-1.4855009208393286,0.04283069787629835,1.0
-1.7317881819614813,0.05404865459976694,-0.0010620850640166222,-0.057428975233981466,2.0
0.5435648548504081,-0.9671877666711033,1.33819533878994,0.020708234130079713,0.0
0.5598736406281865,-0.6925159726721969,-1.4789173789926253,-0.009196156277797452,1.0
0.6271579194961053,1.6078105435135077,0.1603096046036865,-0.020512563651331854,3.0
0.6271579203855395,1.6078115481084725,0.16244028483156533,-0.006754671528846842,3.0
0.6271579199607975,1.6078080865952098,0.1587346960829376,-0.011516893685861056,3.0
-1.7317881816438945,0.054050214733315394,-0.004888018001890751,-0.00023387716226999804,2.0
-1.731788180778326,0.05405224907033653,0.0005147640854947327,0.016054006243464074,2.0
0.5598736413131948,-0.6925152375215688,-1.4780860410698498,-0.01176513179848464,1.0
0.6271579201080612,1.6078091277402984,0.1598663011450381,-0.004191676927569042,3.0
0.5598736414924211,-0.692513538695148,-1.474577231861204,-0.012395177327207331,1.0
0.5435648544087317,-0.967189227462872,1.333504485066899,-0.02262640288082211,0.0
0.5435648548372192,-0.9671899195389821,1.3312001139117078,0.012798154601826817,0.0
0.5435648547986408,-0.9671908594624848,1.333784086354887,0.040215266193265604,0.0
0.6271579199183078,1.607812747719044,0.16186371932196564,0.04393614005559288,3.0
-1.7317881813953344,0.05404981173038802,-0.0011198622806894226,-0.017915724191717785,2.0
-1.7317881814324934,0.054053104544666754,-0.0034104086536796067,-0.04482042732695137,2.0
0.6271579196649341,1.6078110990744177,0.1594397009237613,0.0031157134928302384,3.0
0.6271579195618306,1.6078114281180909,0.15992380830943115,-0.02596011583545935,3.0
0.627157920622162,1.607813496469507,0.1626565658476444,0.024428476084264746,3.0
0.5435648540543093,-0.9671902158162988,1.3280963842892963,-0.027743490846030217,0.0
-1.7317881811328395,0.054050215313957824,-0.003425286065352988,0.016554025426545424,2.0
0.5435648550107848,-0.9671883886639606,1.3345879516623407,0.025086573917513223,0.0
0.543564854767247,-0.9671894090372753,1.3323339663301093,-0.010964324321919882,0.0
0.5435648542902711,-0.9671872061487953,1.3349245210025196,-0.006722722074920545,0.0
0.6271579203453689,1.6078122906412513,0.1614774928612877,0.011479198491993657,3.0
-1.731788181357347,0.054051884710581,-0.008273846964829619,0.0182621315900728,2.0
-1.731788181303561,0.054049499164414434,-0.005205173203663454,-0.028790908344005484,2.0
0.559873642043742,-0.6925159052050884,-1.4789700586528043,-0.02812466107867056,1.0
0.6271579197550937,1.6078089696764755,0.1529701827559526,-0.024737336184376044,3.0
0.5598736419153377,-0.6925150034722463,-1.4745789302212364,-0.02147679654236847,1.0
0.5435648545238324,-0.9671892935324554,1.3403984089156569,-0.022832796243497717,0.0
0.5435648546990974,-0.9671896941848697,1.3280161286530128,0.03600471623362213,0.0
0.6271579200820907,1.6078108581298998,0.16028333249542503,-0.02267696201357389,3.0
0.627157919599625,1.6078119283557741,0.1599574133875148,0.001604402733163239,3.0
0.5435648550610958,-0.9671884694744914,1.3300446915778157,0.007984292782716467,0.0
-1.7317881808357691,0.05404791330288385,-0.00913110552960734,-0.00039686981204116353,2.0
0.627157919835363,1.6078106285404463,0.15956295810948914,0.0009934643206670481,3.0
0.5598736412214309,-0.6925161197858071,-1.4799923263370471,-0.045799466111328596,1.0
0.627157920046138,1.607809344764527,0.16049824179776262,0.0671504184847637,3.0
0.5435648544653977,-0.9671901001787371,1.3266210862940175,-0.0480161460741356,0.0
0.5435648550561454,-0.9671892776280602,1.3301729142016532,0.06461843624605465,0.0
0.543564854349278,-0.9671899315595786,1.3354879312980423,0.007695763039460189,0.0
0.6271579200352045,1.607812863470968,0.16349873472541776,-0.019508384177605833,3.0
0.559873641301931,-0.6925132087561655,-1.477697060907694,-0.032439863655377536,1.0
0.5598736415258415,-0.692520826662655,-1.4768134563303004,0.0038828793915288602,1.0
0.6271579200580363,1.6078133803951615,0.16408915352764536,0.015246042327873188,3.0
0.5598736411969493,-0.6925153350152984,-1.4696461282214595,0.04374630967160279,1.0
-1.7317881811156615,0.05404937104374121,-0.0036100624801817323,-0.0014948904328208328,2.0
-1.7317881810537112,0.054049015920024486,-0.004572058380914187,0.013067019387257206,2.0
-1.7317881812459903,0.054049334634238874,-0.006951582217927538,-0.0024937831453645406,2.0
0.5435648547214353,-0.9671916477128105,1.3358017696217221,-0.020400819033943127,0.0
-1.7317881820163052,0.054046800879084984,-0.00865098636200189,0.027935151799509655,2.0
0.5598736414512071,-0.6925150424939975,-1.4729799015057374,0.0051257563746262185,1.0
-1.7317881812699667,0.054047190605648124,-0.003156786286169697,0.026436648663541566,2.0
-1.731788180788743,0.0540507148191131,-0.006067218710123259,0.009679417123458458,2.0
0.543564854494967,-0.9671876868287592,1.3407242226382086,-0.009748421461312726,0.0
-1.7317881823195593,0.05404898139693668,-0.011428743921109595,0.015581145120950156,2.0
0.5598736407751052,-0.6925128891646487,-1.4748776482586206,0.054189261841660306,1.0
-1.7317881815938114,0.05405092285466621,-0.004132156218405407,0.00863822651043337,2.0
0.6271579203070818,1.6078119397309396,0.15942457458697762,0.05930102446956372,3.0
0.6271579196700604,1.607809211229119,0.16149678530677028,0.07193737481242977,3.0
0.6271579199667932,1.607811924551091,0.16320055852270132,-0.021606335295729213,3.0
-1.7317881813511158,0.05404871359496084,-0.0047019360789333125,0.006632766802479556,2.0
-1.7317881817457157,0.05405069979406514,-0.0019236979528041715,0.00896393690348228,2.0
0.6271579194667465,1.6078101144842243,0.1575819881494731,0.005275369146134954,3.0
-1.7317881811202411,0.054050741768235995,-0.0065224712499032,0.003757535420248564,2.0
0.6271579195411418,1.6078133218708097,0.15720011925549818,-0.04776937070467717,3.0
0.5598736416115725,-0.6925147790531446,-1.478615599100707,-0.015166974113102681,1.0
-1.7317881808921025,0.0540509651510823,-0.003902658865169383,-0.05155702777771763,2.0
0.543564855219356,-0.9671877738520845,1.3412298872242643,0.022374926343738645,0.0
0.5435648547042837,-0.9671866284115986,1.333404697255754,-0.02085873781978733,0.0
0.5598736412649046,-0.6925143075490253,-1.480192446811475,0.00801316240316594,1.0
0.5598736423070466,-0.6925181777507602,-1.4723257487151071,0.002291234261033836,1.0
0.6271579201888491,1.6078122334454374,0.1539120091537884,0.027120331853703723,3.0
0.543564854728534,-0.9671891225375865,1.3367368584905872,0.005316110796312454,0.0
-1.731788181715748,0.05405068905809792,-0.0044151804724801395,0.0021242604018025077,2.0
0.5435648546427838,-0.9671879404127518,1.3319775191621643,0.003788556047564994,0.0
0.6271579198416274,1.607813711858918,0.15823495267568552,-0.06062503232903775,3.0
-1.7317881814938538,0.05405029011451108,-0.006503274328693299,-0.03298818705823121,2.0
0.6271579202807668,1.607813446840862,0.15590902548837593,-0.024617457591328107,3.0
0.6271579199353535,1.6078135896226995,0.1617242346986843,0.018568296772763053,3.0
0.543564854877374,-0.9671897211735955,1.3358541084647209,0.05731677122764785,0.0
-1.7317881816483067,0.05405160172873537,-0.004548681369686727,-0.02089973876259645,2.0
-1.7317881812037,0.05404726660007527,-0.00878041446589018,0.05137728746967622,2.0
0.5598736410738033,-0.6925180851392245,-1.4786927474129217,-0.05274757801822419,1.0
0.5598736417036252,-0.6925210155017251,-1.479537155482605,0.04694837204333572,1.0
0.5435648550222293,-0.9671910593903231,1.3265228923108718,-0.08150983133051148,0.0
0.6271579200274437,1.6078131961254525,0.16322443642788362,-0.025847364554647596,3.0
-1.7317881811855222,0.05404939947920624,-0.005898583521001053,-0.03267655753370622,2.0
0.6271579200348061,1.607810107449106,0.16555595294597208,0.023399518886213357,3.0
0.5598736416054447,-0.6925153112860885,-1.4852147919355325,0.016807950622817546,1.0
0.5435648547405294,-0.9671900305308334,1.3302482033418053,0.02975189228754378,0.0
-1.7317881818411895,0.05405075137671053,-0.004020777162194276,0.011941920522240223,2.0
0.5435648546962184,-0.9671900263988854,1.3327803507517226,-0.008641800447820595,0.0
0.5435648547461872,-0.9671894734730843,1.331507233258155,0.006469889422547476,0.0
-1.731788181907275,0.05405073852873696,-0.003860495170807082,-0.018672325987331772,2.0
-1.7317881816442215,0.0540509519178809,0.0018407104224648675,-0.030933025569403215,2.0
-1.7317881813324638,0.05405055208239714,0.0009207593273519882,-0.011009399804130628,2.0
0.6271579196418582,1.6078123166797802,0.16155191791137055,-0.022005111832877032,3.0
0.5435648541946432,-0.9671894685906479,1.3402044701428049,0.06767537128567137,0.0
0.6271579195561613,1.6078131008951342,0.16181888853655468,-0.05729193158775568,3.0
-1.731788180641066,0.05405343790565157,-0.00964250417922803,-0.02946546082599204,2.0
0.559873641730698,-0.6925144111325506,-1.4775000394611746,0.010076857235268695,1.0
0.5598736413424406,-0.6925177788111263,-1.4837660557437595,-0.01956348415681495,1.0
-1.7317881814140497,0.05404955425016483,-0.0032676413993507503,0.05001788867877285,2.0
0.5598736409181135,-0.6925160097284414,-1.488760791549892,0.028771103916102197,1.0
-1.7317881813324296,0.05405056478060752,-0.0013808665048212956,0.007622457420774341,2.0
0.6271579199540045,1.6078110255914468,0.16215886351461542,-0.03218802010527021,3.0
-1.7317881808651965,0.05404801107947011,-0.008568974979288683,0.03511258629796029,2.0
0.5435648550888326,-0.9671903226898978,1.3383204198038112,0.006827902800893799,0.0
0.5435648547632976,-0.967186935956604,1.3313578837420443,0.041913131955514,0.0
-1.731788181202289,0.05404694471177762,-0.006081715008155399,-0.002181833364627186,2.0
0.5435648549700088,-0.9671905580752242,1.3297633959545836,0.030408080487036023,0.0
-1.7317881814059277,0.054050471664913016,-0.0012981903252031208,0.05071572641609253,2.0
0.559873642028087,-0.6925170607270504,-1.4720492492832637,0.02436252922819004,1.0
0.559873641727452,-0.6925141395405563,-1.4771475160497032,-0.04401209960081808,1.0
0.5598736423354843,-0.6925165846104419,-1.4775629016482736,0.010380954079873553,1.0
-1.7317881816100675,0.05405180036589966,-0.012255397635014117,0.011239116571892138,2.0
-1.7317881821609808,0.05405051548274845,-0.0009064906131106575,0.021035485931728555,2.0
-1.7317881810787052,0.054050563562848736,0.002308083184357044,-0.0011593908908728969,2.0
0.5598736409252333,-0.6925175650453831,-1.4752532387910207,0.003916600846934668,1.0
0.5598736420295343,-0.6925169396239036,-1.4766411298768545,0.0048136447441319416,1.0
-1.7317881817536003,0.054051680835071676,-0.002356647402666229,-0.03694018658382577,2.0
-1.731788181132795,0.054050426717918536,-0.009278171377327879,-0.03978637175814301,2.0
0.5598736417442282,-0.6925159536912487,-1.4762842804935028,-0.03778239506616584,1.0
0.5435648548309496,-0.9671900528705857,1.3347257042765655,-0.006728886514934683,0.0
-1.731788181867212,0.054049154488133334,-0.008112372072879358,0.005473916547627134,2.0
0.5435648542125919,-0.9671912225980246,1.3332453064903234,0.006300264787408477,0.0
0.5435648546659585,-0.9671879702005474,1.3374044964912577,-0.039679776032736126,0.0
0.5435648550895483,-0.9671910602390327,1.3356098731969848,0.04023986447212575,0.0
0.6271579198053904,1.607811794729776,0.1590782371390674,-0.00382035801537602,3.0
-1.7317881814597256,0.054049542723388445,-0.00571726281191015,-0.03498083212519691,2.0
-1.7317881819781344,0.0540481619745243,-0.0112032015503968,0.03376137261540288,2.0
0.559873641384705,-0.6925139327203398,-1.4784152093564498,0.021075697599273576,1.0
0.6271579199962538,1.6078115837578832,0.16036602851196682,-0.05551036745804124,3.0
-1.7317881813377072,0.05404817771740066,-0.006096250957340968,0.016722562740995227,2.0
0.5435648544640734,-0.9671893066240825,1.3364745220570684,0.014639560311604814,0.0
-1.7317881816777263,0.05405002674059225,-0.0010038963333933843,-0.042453488472861824,2.0
0.5435648549925527,-0.9671878222130933,1.3259755087958727,-0.038316668138446516,0.0
-1.7317881814216685,0.05405139795603493,-0.003403328826071551,0.0007043368942503295,2.0
0.5435648545690991,-0.967189112528689,1.3323999242623346,0.0075260583555172384,0.0
-1.7317881812942904,0.054050937911014695,-0.003511318736276782,0.11569862170873911,2.0
-1.731788181681264,0.05405208740991129,-0.006354764754034986,-0.01566262072420965,2.0
-1.7317881811172682,0.054048657998954946,-0.005787720987461236,0.02097117471665029,2.0
0.5435648545055214,-0.9671922900552297,1.3358047315637063,-0.0341488588604407,0.0
0.6271579202256484,1.6078115985671095,0.15682933124132964,0.03786886106406549,3.0
-1.7317881819374028,0.05405176231067764,-0.00039027047352235676,0.022596904968043723,2.0
0.5435648553693476,-0.9671915143502543,1.3324547245972154,0.011328704148459007,0.0
0.6271579191288857,1.6078124857498324,0.161685516275512,-0.05037476218173888,3.0
0.6271579197402969,1.607812173095506,0.16664189901291446,-0.04347098468279061,3.0
-1.7317881815190845,0.05405154503043589,-0.015515678442827465,0.03160494832031561,2.0
0.6271579206818467,1.6078124056644463,0.1614317032618513,-0.006136286220310214,3.0
0.5598736412594227,-0.6925164057446449,-1.4774432604864363,-0.01877993495908318,1.0
0.5435648541175818,-0.9671885656337034,1.333580625316037,0.016324825827955837,0.0
0.5435648551162875,-0.967188865549213,1.329360874490235,-0.014286283324425058,0.0
0.5598736413403995,-0.692514568298783,-1.4745050012785745,-0.01398749991463095,1.0
0.5435648547710169,-0.9671911020748398,1.3357526888538003,0.06325005482559902,0.0
0.5435648545196671,-0.9671884945708784,1.3313094984230418,-0.031970412076710676,0.0
0.6271579201064654,1.6078125180745957,0.16160432839152022,-0.015823108208629626,3.0
0.559873641273618,-0.6925149029710487,-1.478867197716665,0.03905810697502464,1.0
0.5435648545145269,-0.9671886599712822,1.329566948778502,-0.027421036310108397,0.0
-1.731788181938163,0.054051345398442495,0.0003023786892773582,0.0036347312960647105,2.0
0.5598736411309083,-0.6925146647498794,-1.483917093339339,-0.02503169882905719,1.0
0.6271579199003546,1.607808957022953,0.1588254467848854,0.0092448012674604,3.0
0.6271579197477435,1.6078083942512544,0.1559929209661997,0.0015477278218755254,3.0
-1.7317881816765957,0.05404961680880654,-0.00645871694547146,0.058597867911148654,2.0
0.5435648549836528,-0.9671893667291855,1.3322911707509284,0.022746107501056986,0.0
0.6271579203190898,1.6078118677094946,0.1612455543662526,0.04514225381945258,3.0
-1.7317881819172591,0.05405000861569655,-0.002380641601358033,0.017129577603498085,2.0
-1.7317881811176492,0.054050380369349255,-0.0007016473198294841,-0.020773929131065783,2.0
0.5435648550028211,-0.9671902359323846,1.3261210603909666,-0.0037893383830839527,0.0
0.5435648546908423,-0.96719148810337,1.3275703212850416,-0.015382889788834921,0.0
0.559873641305698,-0.692515718222755,-1.474059570365494,-0.04246822890758863,1.0
-1.7317881810026357,0.05404744668714437,-0.003224493367506197,0.022806787228879157,2.0
-1.731788181295152,0.054051157177815695,-0.014950086002020635,0.056834323627238253,2.0
-1.731788181446509,0.05405165599063881,-0.010010457986992401,0.00340838304231771,2.0
-1.7317881810946267,0.05405014680973009,0.0003206039605882845,-0.043048232809073536,2.0
0.5435648542948098,-0.9671929772445557,1.3292835523080442,0.03466386535086594,0.0
0.5435648541595808,-0.9671908660214857,1.3381909628100854,0.03068524802143123,0.0
0.5598736418790013,-0.6925168526658078,-1.472756621112218,-0.012457627485607633,1.0
0.5435648554666357,-0.967188844527403,1.3271886818383967,0.015670915013070743,0.0
0.6271579198910612,1.6078106928646398,0.1634043472603457,-0.028294157557360627,3.0
0.5435648550318506,-0.9671892887431798,1.33340521534801,-0.00028365946676160676,0.0
0.6271579196664325,1.607814499278605,0.1579437925894418,-0.018164488086251932,3.0
0.5435648547279673,-0.9671886240533357,1.3330855308344762,0.04385798656241151,0.0
0.5598736413559308,-0.692515783316461,-1.481517340639261,-0.044601821532890405,1.0
0.5435648548196634,-0.9671890179097614,1.3305632287032931,0.02234935621153952,0.0
0.5598736414495648,-0.6925182001564696,-1.4753021383821634,0.04108695770188355,1.0
0.5598736413485232,-0.6925155129235501,-1.4796820396490094,0.008155072510990766,1.0
0.6271579196906303,1.607810749593746,0.1621139145187097,-0.0095415413723287,3.0
-1.7317881810030613,0.054052649720736104,-0.00509034915188686,0.010263924197618882,2.0
0.5598736417683474,-0.6925125124998045,-1.4821776580054324,-0.016120928785835025,1.0
0.6271579192669012,1.6078114011527596,0.164349064556881,-0.05745048927536607,3.0
0.6271579201066133,1.607811875642039,0.16624893408681313,-0.00963352347506249,3.0
0.5598736412994716,-0.6925145107236315,-1.4762197723016512,-0.011944214086179468,1.0
0.5435648543405687,-0.9671911172990181,1.3312071645393702,0.005296469845447015,0.0
0.5435648553198842,-0.9671934973695951,1.3401351786990408,0.08858737676248697,0.0
0.6271579196752534,1.6078126299700448,0.15890135129443675,0.0332412494254915,3.0
0.6271579205960413,1.6078118500591154,0.16397179649402752,-0.013979080142903466,3.0
0.5598736416084664,-0.69251341524085,-1.4791824183024262,-0.009095309865310095,1.0
0.5598736421493273,-0.6925150941744234,-1.4816106856095241,0.06548372480167113,1.0
0.5435648538061238,-0.9671902458356157,1.3268647802478588,0.041786925274284015,0.0
-1.7317881811604325,0.05404800769772631,-0.0024964402533059478,-0.029883193059092754,2.0
0.6271579195167524,1.6078119679920384,0.16102716379928103,0.034258368391034105,3.0
0.5598736413510275,-0.69251651824417,-1.4773748398465714,-0.003885759460347455,1.0
0.559873640924029,-0.6925160583720644,-1.4766444760137913,-0.03757449077748998,1.0
0.5435648547003611,-0.9671875820391274,1.3319165436540665,-0.00019943311327434455,0.0
0.5598736410685563,-0.692514766481782,-1.4814210818195441,0.0254929649815707,1.0
0.5435648544813564,-0.9671906903190367,1.3298412321005944,0.03182867036748238,0.0
0.5435648545715586,-0.9671879406952347,1.3334811681299015,0.051143636192936735,0.0
0.5435648549928812,-0.9671905840649112,1.3339158339595971,-0.03510189819690601,0.0
0.6271579193031931,1.6078103056282145,0.16227135780605448,-0.0181123140091999,3.0
0.5435648546759311,-0.9671909177443211,1.339032359643871,-0.012903133135555044,0.0
0.62715792025166,1.6078105590992917,0.1585148505189733,0.041898954162603474,3.0
0.6271579195962526,1.6078125274191635,0.16064698721113185,-0.07667394979838639,3.0
-1.7317881821142556,0.054048647975972045,-0.0032918207796974507,-0.03350382825808666,2.0
0.5435648542334689,-0.96718887808818,1.3317247412352593,-0.0547377309529212,0.0
0.5598736413441137,-0.6925179504856089,-1.4844992691375982,-0.00429806626303108,1.0
0.5598736416059529,-0.6925143686123659,-1.4792181125568407,0.040565261075823,1.0
0.5435648540370887,-0.9671876496983781,1.3359144171649588,0.037337771600512465,0.0
0.5598736408469495,-0.6925155913219001,-1.4725874837504727,-0.0353802376881524,1.0
0.5598736410468488,-0.6925174399790109,-1.4737958832061246,0.008680700687466824,1.0
0.5598736418157934,-0.692512140873815,-1.481268236260408,-0.0057964853199620366,1.0
0.5435648548137862,-0.9671900794686398,1.338166320328386,-0.015879945292710904,0.0
-1.7317881811101916,0.05405039651456826,-0.007533688157699786,0.030507318072180382,2.0
0.5598736413823115,-0.69251412946347,-1.473561148533088,-0.03215521463756685,1.0
0.5598736408516146,-0.6925153171431678,-1.4776181501283634,-0.06208838725197104,1.0
0.5435648546110589,-0.9671902494848112,1.3332195031408536,0.04061722118027381,0.0
0.6271579195691772,1.6078124022833264,0.170172736519187,0.04506063278891569,3.0
0.5435648547348381,-0.9671899427371128,1.3369483670048639,0.03568976625926922,0.0
0.5598736411819686,-0.6925108293896733,-1.4863067146874258,-0.04778964559199024,1.0
-1.7317881816902707,0.05404941167873723,-0.002942125858402311,-0.02368656380383653,2.0
0.5435648546583739,-0.9671903109988829,1.325105863854304,0.0017828327956774179,0.0
0.5435648545964719,-0.9671879177239519,1.3320731040120515,-0.008204142213270624,0.0
0.5435648545075525,-0.9671900287847132,1.3351218026474834,0.0517606699023761,0.0
0.6271579199293784,1.6078097317607938,0.16023360163253805,0.051267154051441784,3.0
0.559873640460354,-0.6925162553289215,-1.4820804816340554,-0.05715967560024978,1.0
0.5598736415678699,-0.6925188519013553,-1.4857291966871669,0.01107643072494748,1.0
0.5598736413041265,-0.6925175346451226,-1.4797875237545424,-0.02349046049192703,1.0
0.5435648545694194,-0.9671863343137733,1.3337549953974108,-0.0645711931226082,0.0
-1.7317881812463198,0.054048746139661825,-0.008155428478175958,0.029526995694812073,2.0
0.5598736416126325,-0.6925155601096747,-1.4741694801553438,-0.04138098423716979,1.0
-1.731788181475271,0.054050949120416976,0.0021601074777547065,0.013311503782643124,2.0
0.6271579203349561,1.6078115739238883,0.16049706977967332,-0.017676885613133866,3.0
0.6271579189440114,1.6078127673935172,0.16047865497453428,0.01817140054475412,3.0
-1.7317881817619925,0.05404989351297269,-0.0031730007128086277,0.0006192220345937718,2.0
0.5435648545224055,-0.9671885082897322,1.3255315457338208,0.06884983400374817,0.0
0.5598736415158208,-0.6925133206399293,-1.4846281708364564,-0.029570596022575293,1.0
0.5598736413741962,-0.6925151863210861,-1.4750821426706797,0.036002667626099126,1.0
-1.7317881807653286,0.054052313980656984,-0.002189086549250106,-0.04811845806400019,2.0
0.5598736411628872,-0.6925158346639578,-1.480394679544505,0.0053719652172587624,1.0
0.5435648544748978,-0.9671908130887571,1.333658568769734,0.00037675118522219493,0.0
-1.7317881817820833,0.0540501891354065,-0.005655277386831083,0.003306619262186026,2.0
-1.73178818164891,0.05404899149785477,-0.004829416212565456,-0.006866207006924271,2.0
-1.731788180978547,0.05404927144638001,-0.0023739108958565082,-0.00678607007608174,2.0
-1.7317881815373026,0.05404897643740845,7.064786556172958e-05,0.030806068489273503,2.0
0.5598736409029311,-0.6925137421007932,-1.4774989730855212,0.014910168466815739,1.0
0.5598736419564755,-0.6925163188264826,-1.4793300804517733,-0.0651422188783374,1.0
0.5598736408999201,-0.6925137000838474,-1.4735562613124014,-0.037687920078123875,1.0
0.5598736417867773,-0.6925139011155586,-1.476206345357536,0.02043762012592577,1.0
-1.731788181422565,0.05405023754823239,-0.002448015297245921,0.03686923225839768,2.0
0.6271579200163234,1.6078133477948708,0.1595059295609988,-0.052764200992991686,3.0
-1.7317881808820057,0.05404850115300695,-0.0034101063418465263,0.023203118054017518,2.0
-1.731788181586866,0.054049017317632946,-0.0050107109325786625,-0.015441386302166297,2.0
0.5435648545756981,-0.9671907402863529,1.3359343452154202,-0.04318112297716222,0.0
-1.731788181047802,0.05405075003095468,-0.009044341510325526,0.02581095013678281,2.0
0.5435648541801104,-0.967186443068087,1.3341871912535375,0.003356508425572967,0.0
-1.7317881817348162,0.05404967067883091,-0.0017079996144564703,-0.015849897526523098,2.0
0.5598736419280493,-0.6925177958358821,-1.4746428829225506,0.047986171447151386,1.0
0.543564854572253,-0.9671904326426886,1.3310932001368383,0.024292434547724874,0.0
0.5598736411516905,-0.6925141369370823,-1.4752031190562704,0.009610929702356908,1.0
-1.7317881816244574,0.05404867227922914,-0.007403901652365343,0.0004158332070524953,2.0
0.5435648554459446,-0.9671891251799869,1.3308509056816449,0.01538482629070645,0.0
0.6271579194980298,1.607811753044895,0.15997169818124496,0.00983837328865783,3.0
0.5598736411192874,-0.6925147541105258,-1.4829349777832568,-0.002415936790358085,1.0
0.543564855165803,-0.9671923199979628,1.332541927932099,-0.03398119753739344,0.0
-1.7317881816744192,0.054048787841961154,-0.011332227303164973,-0.05553843647805771,2.0
-1.7317881812627598,0.054048600454107885,-0.000972710007309477,0.024719206570766608,2.0
0.6271579197259042,1.6078123990249136,0.15883437031640021,0.026348565615052534,3.0
0.5435648546405064,-0.9671875542654909,1.3358278850819472,0.0018820468314924713,0.0
0.5435648544827324,-0.9671878705450337,1.3321397518808442,0.051457146333556074,0.0
-1.7317881814240943,0.05404909170666362,-0.0077772646367978635,0.019454828801974695,2.0
0.5435648543454519,-0.9671869549085914,1.3365950531680957,-0.012215057647887873,0.0
-1.731788181625123,0.05404609824258996,-0.008980173074162507,-0.038340835339744875,2.0
-1.731788181154018,0.05405087958171194,0.00027141992258316856,0.021073381872429443,2.0
0.5598736412919623,-0.6925158514886851,-1.4756897412398198,-0.013225722668270894,1.0
0.5598736409070261,-0.6925135518046853,-1.4764845574337193,0.03597430604053328,1.0
0.5598736425910614,-0.692517716559909,-1.4773342140743722,0.018636877150463024,1.0
-1.7317881814839848,0.05405082721188442,-0.0013408548133187882,0.03742384932545367,2.0
0.6271579195283152,1.6078114852248855,0.1598134397219305,0.008890264867069151,3.0
-1.731788181207998,0.05405151093738145,-0.004064034778302592,-0.005452463477117306,2.0
0.5435648546465114,-0.9671916235455086,1.335154856547847,0.004594839543537041,0.0
0.5435648547202786,-0.9671902276767127,1.3294085462229592,-0.004321313013108226,0.0
-1.731788181440338,0.054048470769229494,-0.006154523990136874,0.03760914733964107,2.0
0.5598736414495237,-0.692517273360853,-1.484520821286612,-0.07516905235960808,1.0
0.5598736415639106,-0.6925141838630194,-1.4807564370784219,0.008717343066596384,1.0
0.5435648545678299,-0.9671893563986139,1.3310074460624306,-0.02176095343914918,0.0
0.5598736410792656,-0.6925158498778196,-1.483548604128865,-0.07225775186884663,1.0
0.5435648542378572,-0.9671900004999161,1.3374830493566263,0.04951133997776434,0.0
0.543564855051527,-0.9671892280920001,1.3322880445607566,0.013889800901949455,0.0
0.6271579195785955,1.607812773781747,0.15866453249868862,-0.007191363565715363,3.0
0.627157919894163,1.6078113720061282,0.16271696043240802,0.05661016822888053,3.0
0.5435648551723495,-0.9671870542075908,1.3317640610622767,0.006392328023232068,0.0
0.559873642170206,-0.6925144017914292,-1.4769863634719937,0.0658122014821097,1.0
0.5598736413446894,-0.6925184141749975,-1.4802445368829829,0.00020799964462758688,1.0
-1.7317881814210743,0.05405340650484869,-0.00687805009697539,0.027131308693554665,2.0
0.5598736414039907,-0.6925153822060819,-1.4850484874109622,-0.04344884067779046,1.0
0.6271579196844524,1.6078124585963525,0.1635306133427264,0.007671610953376634,3.0
0.5598736411818066,-0.69251733674698,-1.4779742767239055,-0.014525099357019775,1.0
0.5435648554045456,-0.9671901600164221,1.3357396674699866,0.01342120487917802,0.0
0.6271579196368751,1.6078134353156537,0.16008944372802889,-0.02890675725181125,3.0
0.6271579206000919,1.607813976668342,0.15590391537763118,0.03205397316817014,3.0
0.5435648547534805,-0.9671919646186474,1.3293525684513676,0.006751406377331642,0.0
0.6271579200567093,1.6078102759140973,0.15208061300305384,0.03061706732959982,3.0
0.6271579197940773,1.6078119822625219,0.1624393870831484,-0.024227369472874523,3.0
0.5435648548508795,-0.9671900201965296,1.335245430545058,0.038687722864129484,0.0
0.62715791985559,1.6078133062470772,0.16048384627398365,-0.024649970501578532,3.0
-1.7317881820897891,0.054052475409192884,-0.006089775540342548,-0.01162590085793249,2.0
0.6271579198637446,1.6078121498118911,0.16252132651244738,-0.008464761507762203,3.0
0.6271579202408466,1.6078111789282559,0.1638564717495876,0.06269915813553154,3.0
-1.7317881817960266,0.05405142743889727,-0.0021903922488806416,-0.02856464482803286,2.0
0.559873641187951,-0.692517884029435,-1.475586851125807,-0.02458873449336491,1.0
-1.7317881807317215,0.054049516739965206,-0.0034915577405254077,0.006466683866050634,2.0
0.6271579197033722,1.6078084386549154,0.16239420766049736,-0.09408163170210793,3.0
0.5598736412759859,-0.6925192210293077,-1.4797295080729307,0.03991761730191123,1.0
0.5598736423241353,-0.6925140739516878,-1.4732860120595916,0.01262537769402816,1.0
0.5598736417392393,-0.6925163782983347,-1.476201409801641,-0.01021720191210595,1.0
0.5435648551881515,-0.9671889968537996,1.3276136836989427,0.016344804684508326,0.0
0.6271579196748781,1.607812368232704,0.16010234860997868,-0.022588991884851455,3.0
0.6271579195417447,1.6078120837585144,0.16132284364811245,0.03238751725477794,3.0
0.6271579200876404,1.6078131551936814,0.16765478759025607,-0.010218992782292182,3.0
-1.731788181399428,0.05404969575887191,0.001708173350943381,-0.0704145467307707,2.0
0.6271579194388367,1.6078133956535003,0.16110789428576355,0.047351885504482244,3.0
0.6271579201863973,1.6078107266022197,0.15453218263438964,-0.04384184573588111,3.0
-1.7317881812019205,0.05404996488201543,-0.005475533735627356,0.0488784332103653,2.0
0.5598736413397054,-0.6925158507404411,-1.4835868999450257,0.009983336684661365,1.0
0.6271579201368078,1.60781236346029,0.1675014142464102,0.0239532700348213,3.0
-1.7317881812366864,0.05405188945314312,-0.0005163293899595524,0.030701165689203398,2.0
-1.7317881809330493,0.05405159249852336,-0.013719478379620701,-0.035230362136568334,2.0
0.5435648547286179,-0.96719060429012,1.3286432830399304,0.004926258406721014,0.0
0.5435648552156874,-0.9671883064650334,1.3313897309899465,0.09019329250165477,0.0
0.5435648551673081,-0.9671891050202295,1.3289671984248626,-0.036984746352768834,0.0
0.5598736414005605,-0.6925168469688321,-1.4798482309159828,-0.01516678685195492,1.0
0.5598736416990875,-0.6925177394030534,-1.476440312594071,-0.030217933463324565,1.0
0.6271579200996693,1.6078128535982958,0.1565777450353767,0.0026736222854737827,3.0
0.5598736424168653,-0.6925158629673716,-1.4759226401935979,-0.025520620362358432,1.0
0.5435648546274814,-0.9671920545738878,1.3347184627740314,0.056751285401039235,0.0
0.6271579193767465,1.6078113211522065,0.17005831588521736,0.004351068383633508,3.0
0.5598736418783747,-0.6925167222948106,-1.4750253438363143,-0.0022026418284685936,1.0
0.5435648545009563,-0.967189375852609,1.3322980236169375,-0.01924935050475756,0.0
-1.7317881805960043,0.054050185343268574,-0.0022075565368806353,-0.03184230634319192,2.0
-1.7317881813336278,0.054050848791742954,-0.0014058485895163562,-0.0711756654650148,2.0
-1.7317881812713327,0.05405117049952779,-0.0019126438443478712,0.01480842354542028,2.0
-1.7317881816415654,0.054049294647960516,-0.005478518965368147,0.06837604608301612,2.0
0.5598736417638895,-0.6925167501015296,-1.4762601166352318,-0.018312285154509434,1.0
0.5598736409488709,-0.6925168232909495,-1.4751459979388206,0.01598726313121496,1.0
-1.7317881807385191,0.05404860435434047,-0.009069540027071017,-0.04885175865957761,2.0
0.5435648546320906,-0.9671873681139017,1.3402571191901471,-0.04205624536212705,0.0
0.627157919499908,1.6078081266941306,0.162098323411508,0.043703702484314946,3.0
0.6271579198050143,1.6078131878210014,0.15820407219393987,-0.005845744584674347,3.0
0.5598736412910376,-0.6925172067502405,-1.4754424648985776,0.053805967979273506,1.0
0.5435648544675887,-0.9671905425501154,1.33408543348752,0.04014382808839663,0.0
-1.7317881815975473,0.05405179699715575,-0.008742317804837455,-0.008277140868674872,2.0
0.5598736413683266,-0.6925162718374375,-1.4796632260074434,-0.024181422240298525,1.0
0.6271579200207964,1.6078094546693735,0.16145979809429942,-0.0335788273749138,3.0
0.55987364088375,-0.6925171247664317,-1.4830705620932527,-0.07615750113804343,1.0
-1.731788181446449,0.05404902913518421,-0.0071416021300448424,0.025031417669986258,2.0
-1.7317881816404448,0.054049001707357845,-0.0033246681492072887,0.0512468942318137,2.0
0.5435648549566955,-0.9671890777780368,1.3259307686102533,-0.01818260272641553,0.0
-1.7317881822794967,0.054051308279081306,-0.0005043698836603172,0.03917007934016371,2.0
0.5598736419304091,-0.6925159663926884,-1.474529175274559,-0.011561856528724905,1.0
0.5435648548785309,-0.967189340207553,1.3344019909804363,0.02702276506705255,0.0
0.5598736412615504,-0.6925152677850428,-1.476768022599878,-0.0013598514751476292,1.0
0.6271579193922922,1.6078119248464446,0.1644521282582059,-0.039404756454080994,3.0
0.5598736407992129,-0.6925141637065065,-1.4812858359699832,-0.026676604752504846,1.0
-1.73178818127478,0.05404713797022094,-0.002927988681926062,0.050388457487094196,2.0
0.6271579194439455,1.6078115923453413,0.16566491904727287,-0.0029130958786742107,3.0
-1.7317881819671905,0.05404862308459148,-0.00917198663304296,-0.02820617450489567,2.0
0.6271579193500397,1.6078090739247224,0.15871556642611773,-0.06473902225597467,3.0
0.5435648540988737,-0.9671891453027474,1.3347725534126302,0.05341955417348181,0.0
-1.7317881811106914,0.05405173949498728,-0.003203808147933636,-0.010731525902574816,2.0
0.6271579200249487,1.6078080396448142,0.15382717362312628,-0.02437843532686921,3.0
-1.73178818116614,0.05405118993298736,-0.006354457031019377,-0.03759933431772497,2.0
0.5598736419611337,-0.6925179004703675,-1.475329408095356,0.00023589315151708817,1.0
0.5598736414094284,-0.6925188791765877,-1.478813012878676,0.03579145327379053,1.0
0.6271579194550836,1.607810343075061,0.15808505434829498,-0.0916330630336854,3.0
0.5435648545494777,-0.9671893940569207,1.3375544034309355,0.05555957235898075,0.0
0.5435648549424775,-0.967188698414403,1.3353902050429978,-0.0202879807640228,0.0
0.6271579196326669,1.6078107362316418,0.1567882684528653,-0.006505223908965136,3.0
0.5598736417433964,-0.6925170998908484,-1.4741317443129844,-0.07825254580228096,1.0
-1.731788180583915,0.05404968592366583,-0.00680766489709335,0.019021253206579995,2.0
0.5598736413112663,-0.69251403172792,-1.4829077996551092,-0.026102768528651416,1.0
-1.7317881823131536,0.05404827998909687,-0.006254303829126569,0.003504656011474124,2.0
0.55987364119473,-0.6925115973441655,-1.481732155688155,-0.04750201045894709,1.0
0.5435648546339383,-0.967188366140768,1.3329424813483242,0.0001593012140876537,0.0
-1.7317881816759122,0.05405063675512344,-0.007300303494186121,0.021779932217127387,2.0
0.6271579198114302,1.6078126883134307,0.15982734337276508,0.04731477161973023,3.0
0.6271579200261191,1.6078109535783545,0.15909594015941383,-0.03236646181275289,3.0
0.559873641200702,-0.6925155056050407,-1.4790762250228335,0.01919569669397351,1.0
-1.7317881808230415,0.05404904244582938,-0.004771880863762668,0.07627153724139667,2.0
0.5598736411777727,-0.6925159717680222,-1.4842708197983467,-0.01051772894108179,1.0
0.6271579199431924,1.6078117141089843,0.16227756081459235,0.0023385394992317078,3.0
-1.731788181211123,0.054050480245998046,-0.0002505100538213632,0.01796369955378747,2.0
0.5598736416913949,-0.6925178272166481,-1.4835692562866414,0.00980036903482206,1.0
0.6271579196451756,1.6078084760604292,0.163366436857715,0.003149135338319262,3.0
-1.7317881811764309,0.0540537838560952,-0.008082885784071417,-0.008403755931486219,2.0
-1.7317881809979496,0.05405285828321884,-0.005479064165101165,0.004772837883427571,2.0
0.6271579203428681,1.6078102220540456,0.16400170404152023,0.010226277749154732,3.0
0.62715792036695,1.6078130125687415,0.15766170070089028,-0.01996771431933667,3.0
0.627157920197053,1.607809842548918,0.1611715984364702,0.05182112445312688,3.0
0.5435648539498309,-0.9671902783178434,1.336231182400073,0.0784760948510694,0.0
0.5435648544678019,-0.9671908417940536,1.3371134680333787,-0.043885276875953984,0.0
0.5598736405685195,-0.6925152297393996,-1.4834340148434275,-0.08975106929225972,1.0
0.5435648543528261,-0.967188650350102,1.3324924466253907,0.011230105978205243,0.0
0.5598736415643603,-0.6925181601059539,-1.480594654533369,-0.018527249494376712,1.0
0.559873641657248,-0.6925140812113431,-1.4796882468611927,-0.051918822548220535,1.0
-1.7317881817995,0.05405100729489004,-0.0033485713527280692,-0.05136331701999849,2.0
-1.7317881805207997,0.05404829440051784,0.0011969541928335977,-0.06283818813237319,2.0
0.6271579200393349,1.6078111714283856,0.1671543206010114,-0.029017298590281678,3.0
0.543564854638622,-0.9671904776492569,1.3280429574338009,0.004978524945968373,0.0
0.5598736411919777,-0.6925144274135173,-1.4822203425065983,0.02061642337108573,1.0
-1.7317881817573588,0.054051863313457585,-0.0016765702449527977,-0.0353422791476096,2.0
0.5435648545156028,-0.9671887237594692,1.3339537246008968,0.006998860772225834,0.0
0.5598736418294947,-0.692517025131889,-1.4700590880075808,-0.006139914298956194,1.0
0.6271579205749434,1.6078106124100298,0.16215034039083615,0.04852530809113103,3.0
0.5435648546778714,-0.9671911543772589,1.3251931268900157,0.0780950797459186,0.0
0.5435648542896597,-0.9671877436538676,1.3330367893905655,0.055747018687556577,0.0
0.6271579201653756,1.6078103086146995,0.16366183065293624,0.014660958784242374,3.0
-1.7317881816670722,0.05405241133301605,0.0023367386983363394,0.0727056767054222,2.0
-1.7317881815781235,0.05404880832087117,-0.006651132087149626,0.015500160242551403,2.0
0.5598736412236416,-0.6925171061712707,-1.4807681050992447,-0.03821969247760188,1.0
0.6271579196166411,1.6078136471156521,0.1650423396468225,0.02949205019633882,3.0
-1.7317881819360343,0.054050591785899924,-0.0037912846524189438,-0.031863264230769094,2.0
-1.7317881813871066,0.05405259568013989,7.734753278815881e-05,-0.042562089824944374,2.0
0.5435648547057204,-0.9671883435341894,1.336954472841027,0.09399173377278912,0.0
0.6271579202491218,1.6078138839342682,0.16193288737303332,-0.04364997039163357,3.0
0.5435648540710857,-0.9671901525207613,1.3308033555068908,0.053820144242592974,0.0
0.6271579195208443,1.6078108868670453,0.1615578463876243,-0.02095148425694031,3.0
-1.7317881821758896,0.05404827355276847,-0.0013229369264963079,0.015108535420267999,2.0
0.6271579200613766,1.607810245097105,0.15933842463706807,0.07890750478263756,3.0
0.5598736414526836,-0.6925162372178388,-1.4816583527861193,0.0325979312451847,1.0
0.5435648543387464,-0.9671880883805731,1.3417756720865395,0.04089385373391973,0.0
0.5435648546710843,-0.9671886033136253,1.333156825085688,-0.03459185306536209,0.0
0.5435648543368664,-0.9671900903618983,1.3301444479477116,-0.06730769674715908,0.0
-1.7317881813610871,0.054049064061913864,-0.0010594220994130776,0.013476719390577067,2.0
0.5435648544985767,-0.9671903373499255,1.3387183996276792,-0.027750289408084702,0.0
-1.7317881808784592,0.05405222599130452,-0.004369263116196812,-0.005868926789460429,2.0
0.5435648544326549,-0.9671882883315217,1.3301135643579154,0.011528242808173014,0.0
0.6271579195450964,1.607810708873179,0.1630976913845283,-0.007244042537894077,3.0
0.5435648548960281,-0.967190552942144,1.335910774450918,-0.012293854317149324,0.0
-1.7317881817331418,0.0540513170785318,-0.006637730332684302,-0.07567885600103297,2.0
0.5598736413892419,-0.6925148718483991,-1.47855968173215,-0.10100883852101952,1.0
0.6271579200614756,1.6078131262946471,0.1576605684662906,0.012714037025302882,3.0
-1.731788182164846,0.05404908451573314,-0.005713974528901835,0.0005114848649325525,2.0
0.5598736408756165,-0.6925140293782402,-1.4761727621841985,-0.0076143776344698945,1.0
0.5598736410510905,-0.6925155562484561,-1.476744152671148,-0.07794479260939391,1.0
-1.7317881812957823,0.05405059306020249,-0.0009261678901543215,-0.050270832371318915,2.0
0.6271579198204291,1.6078133521825435,0.16150304344565442,-0.007575138855244558,3.0
0.6271579200004972,1.6078117581665787,0.1605003966953141,0.015422345092881984,3.0
0.6271579203483202,1.6078114601645885,0.16475054535859104,-0.04053654518911445,3.0
0.5435648543043016,-0.9671893044194109,1.3284124596676599,0.04141071544439458,0.0
-1.7317881806629858,0.054050193265889765,-0.003315151841832427,0.042101572970767026,2.0
-1.73178818094938,0.05404934721636409,-0.011907803009937701,-0.025896729035519858,2.0
0.6271579195729342,1.6078109206924658,0.16019913268253072,0.016640897344272668,3.0
-1.7317881817552574,0.054049674651411576,-0.012293141131217837,0.01909758507543567,2.0
-1.7317881813485192,0.05404899810863931,-0.011645122903679573,-0.02363357512821128,2.0
0.6271579198914505,1.607812637140761,0.16137174868006957,0.07791654131178523,3.0
0.6271579194876655,1.6078104276679603,0.1546049428173096,-0.004581504859878809,3.0
0.6271579196286766,1.6078105936195213,0.15749693815142507,0.005449998633298789,3.0
-1.7317881812554996,0.05405054628106278,-0.0025729899579761254,-0.026986993009107275,2.0
-1.7317881811249451,0.05405283257062554,-0.006996141006352286,-0.05200127725323379,2.0
-1.731788181409253,0.05405043166077177,-0.005009608337270901,-0.02284676829069738,2.0
0.6271579197582823,1.6078108854795632,0.15935949613915243,0.0743462557378145,3.0
0.6271579193121317,1.60781188362371,0.15882479134473185,-0.02216023915346067,3.0
0.5598736418939364,-0.692517861659825,-1.482767605962695,-0.035021468581711006,1.0
0.5435648549856521,-0.9671889134132697,1.3335414101983807,-0.030764578926974616,0.0
-1.7317881813114426,0.05404905442987138,-0.008196739510219805,0.019566707580868883,2.0
0.55987364151148,-0.6925160508366073,-1.4762987294117838,-0.06452683590879367,1.0
0.5435648553639997,-0.9671868228363815,1.3305062993130603,0.050164727013423345,0.0
0.6271579192021839,1.6078100046258905,0.1584094522466513,0.009358931838926183,3.0
0.5435648545096403,-0.9671895294836049,1.3323082142995881,0.022480654078272218,0.0
0.5598736417920074,-0.6925136908320214,-1.474181806318513,-0.026469204913470868,1.0
-1.7317881817343739,0.05405246973359441,-0.002608550368239044,-0.01717460256199822,2.0
0.5598736418364969,-0.6925163002973557,-1.4753611294561544,-0.00869444087164209,1.0
0.5435648552254403,-0.967188435967142,1.3281509896247512,0.06424031649378932,0.0
0.6271579198689925,1.6078086329696881,0.16400110353153838,0.04165733078494803,3.0
0.5435648553141413,-0.9671896886154779,1.3296321611209472,0.038044681273778025,0.0
-1.7317881814560603,0.05405406830313179,-0.00382784838888672,-0.01641477441601292,2.0
0.5598736411692266,-0.6925157051505646,-1.4757742636984423,-0.03371267517802926,1.0
-1.7317881816840326,0.054049007573149545,-0.0001164124367770667,0.006817030050278621,2.0
0.627157919982133,1.6078153798498345,0.15511174466447356,0.0273605907372252,3.0
0.5598736415024248,-0.6925185458868773,-1.482329227464902,-0.012254348604142908,1.0
0.5598736420017415,-0.6925135837475005,-1.4748386689484896,-0.04615447810584819,1.0
0.5598736415505199,-0.692515902582667,-1.4797599785639637,0.07584309687067173,1.0
0.5598736408329261,-0.692514372261614,-1.4723055560721534,-0.004284753428536872,1.0
-1.7317881808811069,0.05404991345189322,-0.007378701296939595,-0.0280761378040087,2.0
0.5435648548332568,-0.9671872802660416,1.336241668625617,0.04295703909178789,0.0
0.6271579200891376,1.6078120772872746,0.16301814802642894,0.027543772001867122,3.0
0.5435648547233206,-0.9671905615138523,1.3298001049219992,0.016765266163456857,0.0
0.5435648545939816,-0.9671928478397784,1.324692657236912,0.024730633650987377,0.0
-1.7317881815561735,0.05404945945451621,-0.006866230420512583,0.011275084310297853,2.0
0.5435648550601196,-0.9671921080133136,1.3314802825773702,0.07810600666806682,0.0
-1.7317881817417295,0.054050691210594366,-0.005140723102328407,-0.002650017836920844,2.0
0.559873640771881,-0.6925186580066471,-1.478554969027834,-0.029900951590575847,1.0
0.6271579196354605,1.6078126253087948,0.15832217815551175,-0.007893486487127746,3.0
0.6271579201270294,1.607810526087171,0.16147657750043343,-0.020231901173004753,3.0
0.5598736417468563,-0.6925155624054687,-1.4773435778951516,0.03205322917513922,1.0
0.5598736412643168,-0.69251865784397,-1.4818883174736843,-0.0354055502712826,1.0
-1.7317881812162315,0.05404885200680188,-0.004863237911541981,0.01362159408744481,2.0
0.5435648554728946,-0.9671902279176794,1.3361426351730592,0.030235315460707433,0.0
-1.7317881810657851,0.05405045400752682,-0.0020437603866268386,-0.012599712228104396,2.0
0.5435648550292929,-0.9671879952125599,1.334242418197092,0.01800290933854134,0.0
0.6271579200246478,1.6078132632731248,0.16293352480000917,-0.04902450327331638,3.0
-1.7317881811387517,0.0540515935206835,0.0010210261739390665,-0.06146113574897266,2.0
0.6271579198523017,1.6078113403784315,0.15556089543260004,-0.0815409219073663,3.0
-1.731788181397179,0.05404578960672946,-0.0018181343176655717,-0.02779004287559524,2.0
0.5598736413966224,-0.6925153711878631,-1.4761306735203066,0.03804096972075278,1.0
0.6271579204471154,1.6078128730237298,0.16046835074591953,-0.0018426742747615324,3.0
0.627157919355335,1.6078136127959761,0.1590228565220481,0.06940830716349591,3.0
-1.7317881812833518,0.0540493536992005,-0.003115298393464404,-0.02341274852228478,2.0
-1.7317881811390845,0.05404858705476143,-0.0024267462827851386,-0.013600109641104498,2.0
0.6271579198668872,1.6078101819949395,0.16488994381173153,-0.034832293389658736,3.0
0.559873641533066,-0.6925145745799387,-1.4800216688234333,0.004213115590987317,1.0
0.6271579202421319,1.6078112033388987,0.16184426452365444,0.021910983942626725,3.0
-1.7317881813484424,0.05405027134172112,0.001028608471156967,-0.03766711448332647,2.0
0.6271579198291191,1.6078108928958297,0.16098847830412272,0.037965775657531335,3.0
0.6271579195968543,1.607813457394709,0.1633599850960653,0.016112793249539216,3.0
0.5435648551439449,-0.9671888408639542,1.333652515585901,0.09492934498710791,0.0
0.5598736416261323,-0.6925159425645447,-1.4816853882912784,-0.017409213608713635,1.0
0.5598736407243219,-0.6925179343919576,-1.478709509584985,0.01415892836994848,1.0
0.5598736418002974,-0.6925171965689939,-1.475254899036765,-0.09415402484304897,1.0
0.6271579200212518,1.607810545409065,0.15791672721008623,0.007098998789196609,3.0
0.6271579199983466,1.6078119676354787,0.16067885642435673,0.009644936923015603,3.0
-1.731788181957847,0.05404884461916822,0.004560111314780992,-0.0013444613900349459,2.0
-1.7317881820269794,0.05404821521864851,-0.0028163145258977835,-0.007348257932453371,2.0
-1.7317881815074587,0.054049703843124415,-0.010809777058697182,0.014822032113604585,2.0
0.6271579197785627,1.6078120329546648,0.1507265480638079,-0.05432352531921969,3.0
0.5598736416612783,-0.692514936550542,-1.4774935988158218,0.0098822697298168,1.0
0.5435648545488547,-0.9671892962854777,1.3341014701499876,0.024506204845712875,0.0
0.5598736411443481,-0.692517108159607,-1.4850929950825058,-0.02422628922614975,1.0
0.5598736414489245,-0.6925155179515234,-1.48050278216808,-0.043925686566131106,1.0
-1.7317881817022327,0.05405069078902542,-0.0031711132346118774,0.01675194697844885,2.0
0.5598736416844392,-0.6925134849499629,-1.4755322597492144,-0.03669989285915615,1.0
-1.7317881810011126,0.054049411836186306,-0.002825748725485963,0.05124391387518715,2.0
0.6271579195930556,1.6078127527724193,0.15916199944863438,0.006361818652299576,3.0
-1.7317881811715774,0.054048772323261975,-0.003653396849251371,-0.04531250747241858,2.0
0.6271579193933858,1.6078109346630476,0.16289412902397607,0.02283077041341686,3.0
-1.7317881814500242,0.05404973968463728,0.00015812495054293906,0.014982517467081598,2.0
0.6271579194514163,1.6078119787466496,0.15973234294748545,0.019896624421257815,3.0
0.627157919641434,1.607811481040009,0.16289649825955763,-0.015994370762528413,3.0
0.5598736416373212,-0.6925166977910228,-1.4797315126122024,0.05102868752694123,1.0
0.5435648546965791,-0.9671918405676726,1.330582615564005,0.028665798488654637,0.0
0.5435648547646672,-0.9671884701355953,1.3275432605830642,0.004427502125311427,0.0
0.6271579197305482,1.6078108023448918,0.1619110083538543,0.02217251243725439,3.0
0.543564855019578,-0.9671885007392999,1.3275555021112866,-0.024804205304927517,0.0
0.5598736417637702,-0.6925145390583443,-1.4809106635625042,-0.03327717675001414,1.0
0.543564854139112,-0.9671904070425204,1.3334810788135207,-0.03658839619413674,0.0
0.6271579197127264,1.6078092604275787,0.16232478456513894,0.01095776115898679,3.0
0.6271579201717694,1.607814398001595,0.16022095986702806,-0.09362041878524924,3.0
0.6271579205467553,1.6078135216897893,0.15710633618720926,-0.02977764970841177,3.0
0.559873641141935,-0.692516839891547,-1.4819533179484958,-0.01588267191190224,1.0
0.6271579198171189,1.6078092459331443,0.16058373521752922,-0.007534793649338282,3.0
-1.7317881810969322,0.05404968715920772,-0.004784232969838362,-0.05840183352969434,2.0
-1.7317881810937976,0.054050195298471625,-0.0033434078983156324,0.011304286999444782,2.0
0.5435648539967405,-0.9671910548363922,1.3300798860611256,0.012162323705990867,0.0
0.5598736410546331,-0.6925153229516297,-1.484506929646024,0.027279910385526275,1.0
0.5598736407406887,-0.6925156469138133,-1.4707469531626753,0.01831658940610231,1.0
-1.731788180369047,0.05405123442162681,0.005660107703345583,0.023157222460275215,2.0
-1.7317881817076086,0.05404978850059081,-0.007507894479079339,0.0029993462713252496,2.0
0.5435648552316175,-0.9671900020640906,1.3284276082130675,0.027180003478739573,0.0
-1.7317881815265785,0.05404941948751504,-0.010004900588799732,-0.04459746725667611,2.0
-1.7317881809926288,0.054050024758929206,-0.004804798423408424,-0.011189216698092967,2.0
0.5598736418328967,-0.6925166465927918,-1.474973626416948,0.06118204192538917,1.0
0.5435648544466066,-0.9671892295764724,1.3309836677922342,0.02399014784520287,0.0
0.5598736416324707,-0.6925159900701494,-1.47804397748235,0.02838148209712173,1.0
-1.7317881814776641,0.054050502917041846,0.000823535043263352,0.044886092902489336,2.0
-1.7317881810617872,0.05404974588895155,-0.00767999052641064,0.01223376045457809,2.0
-1.7317881815831389,0.0540497115299074,0.0007891457883734993,-0.01487082270975205,2.0
-1.7317881820412926,0.05404713445002782,-0.0025462505832499,0.03241392661572667,2.0
-1.7317881815369869,0.054050996384760824,-0.0028178678473697798,-0.02650351491425159,2.0
-1.731788181268924,0.05404800418387976,-0.010349201493298509,-0.026792809275541684,2.0
0.5435648543504878,-0.967187159863481,1.3357923957270252,0.034454165564129606,0.0
0.5598736413423729,-0.6925147520176737,-1.4869938704650372,-0.024000159444149606,1.0
0.6271579205468698,1.6078095905921634,0.16310649241569597,0.013171300336470555,3.0
-1.7317881811168796,0.05405187587389746,-0.009108237423043836,-0.011259962321665588,2.0
0.6271579199415447,1.607810260222649,0.15810521718884996,0.004206102127744645,3.0
-1.7317881812373535,0.054048075414186166,-0.010051535289741013,0.007631508383821219,2.0
-1.7317881818395904,0.05405287317802428,-0.006817880614415274,-0.002273121622014714,2.0
-1.7317881820428445,0.05404902937724504,0.0003493357003246683,0.02942178179668301,2.0
-1.7317881815574154,0.054050676908399146,-0.0015070292834218194,0.003986659209112709,2.0
0.6271579205128047,1.6078102813734878,0.159973692883582,0.011274864318645782,3.0
0.5435648549005885,-0.967191226303856,1.3369190479848851,-0.06714732402994614,0.0
0.6271579199679801,1.6078118388724634,0.1591463918354088,-0.0066955657327123375,3.0
0.5435648540058478,-0.967190419063028,1.3269849593513046,0.08454730467319918,0.0
-1.7317881804950936,0.05405154050842297,-0.002395612088700254,-0.004974648065773428,2.0
-1.731788182066205,0.05404781836888169,-0.001993870431071843,0.004849070230575198,2.0
0.5598736417396878,-0.692515353236143,-1.4824310463736898,-0.03004223094337698,1.0
-1.731788181453766,0.05405331282209275,0.0024992243386588314,-0.044343150662796205,2.0
0.5435648554312513,-0.9671903299319307,1.3344421705160046,0.04111395471286132,0.0
0.6271579195162434,1.6078121135230066,0.16139320368064036,-0.013529990930586816,3.0
0.5598736421433663,-0.6925128888996708,-1.481795415948218,0.005102915661202646,1.0
-1.7317881811646034,0.0540525392694719,-0.008152742554736227,-0.010657176594506056,2.0
0.5435648551607142,-0.9671910154780134,1.335859167418058,0.02676584200812282,0.0
0.5598736411479595,-0.6925149264989052,-1.480179835862243,-0.043418385766191225,1.0
-1.7317881813979845,0.054047898179440924,-0.004925166117531582,0.01769323639421185,2.0
0.5435648554527902,-0.9671893518595339,1.3322297002375374,-0.0025777615051673507,0.0
0.5435648547656251,-0.9671894458654652,1.3381804404579525,-0.01253973577558336,0.0
0.5435648546482732,-0.9671895269942989,1.3441449981688676,-0.035751663311795016,0.0
0.5435648550308362,-0.9671900640274401,1.33398024909923,0.09534070549943988,0.0
0.6271579197448542,1.6078126860772133,0.1606226296643245,-0.06532833046017184,3.0
0.5598736412379708,-0.6925133318179548,-1.4794137419254567,0.022728404007096102,1.0
0.543564854504305,-0.9671884847749609,1.3338512661160642,-0.013802701995854707,0.0
0.6271579196620773,1.6078126584546417,0.1603226034550993,-0.011541651576260603,3.0
0.6271579200797427,1.607811864622529,0.16015599185597865,0.0003833749439763165,3.0
-1.7317881811771423,0.05404916440907229,-0.004419785863172403,-0.04780757056254007,2.0
0.5435648545694411,-0.9671902908185149,1.3347977327368266,0.020119272467130397,0.0
0.5435648549084335,-0.9671909654313118,1.3392645231343978,0.037251698223083315,0.0
0.5435648551978326,-0.9671920335969699,1.3330265046421705,0.004270489330612026,0.0
0.6271579198828449,1.6078104256525403,0.16042870638476397,-0.020114768693703138,3.0
0.5435648546631289,-0.9671889581883953,1.33510449059299,0.009039938069762016,0.0
0.5598736415474113,-0.6925148317389468,-1.4754433659470223,-0.05227739389482431,1.0
0.5435648548152933,-0.967187019997489,1.3347292352986309,0.014460972100969608,0.0
0.5435648542110985,-0.9671889707133615,1.331170755254666,0.009670461543682422,0.0
0.5435648550130202,-0.9671890938413092,1.3290555498905579,0.06708604266268094,0.0
0.5435648551672315,-0.967189289693609,1.3267281699470554,-0.019666362678931654,0.0
-1.7317881811218276,0.05405092338405443,-0.0030956074099087114,0.01110943158197227,2.0
0.5598736415079618,-0.6925136271822465,-1.4806231333619626,0.025371417903524946,1.0
0.6271579199689219,1.607810087960603,0.16581173802220722,0.055421593841794174,3.0
0.5435648548168173,-0.9671919771130889,1.3290550525704854,0.006577916533287884,0.0
-1.7317881815590208,0.05404870986863087,-0.004654953088561238,0.02703456632783696,2.0
0.6271579205740305,1.6078113817477917,0.1574417992936999,-0.04335052146862032,3.0
0.5435648548110878,-0.9671904702862932,1.3336546043958535,-0.000804746733489076,0.0
0.6271579198419822,1.607814045373224,0.1560720886759611,-0.0010087399449009154,3.0
0.559873640648794,-0.6925134466385711,-1.4739963624950465,-0.05070751984164628,1.0
0.6271579201632526,1.6078120784280232,0.16670063176589406,0.009944449991908806,3.0
0.5435648548960187,-0.9671884313608953,1.3310007918446178,-0.0034791859603223894,0.0
-1.7317881812402593,0.05405212085230357,-0.0037274555568197927,-0.00842983599739088,2.0
0.5598736410870292,-0.692516177617557,-1.4813737080652474,-0.04481148831334686,1.0
0.6271579191352974,1.607809934580261,0.16384960323317307,0.018817950963890176,3.0
0.6271579201947204,1.607811786815452,0.16974509220172918,0.05104896679693999,3.0
0.543564854630529,-0.9671886906970433,1.3300678155655634,0.02515361859359115,0.0
0.5435648546636601,-0.9671863801251248,1.3331593218373703,-0.007872257477390836,0.0
-1.731788181085869,0.0540508579295032,-0.003855782647459955,0.020975782775994288,2.0
0.5598736414619606,-0.6925160683433863,-1.4798113043477206,0.024439512338451774,1.0
-1.7317881816230132,0.05404933897646803,-0.004981519168473053,0.008564581121409983,2.0
0.5598736409615972,-0.6925183884752566,-1.4805717343905536,-0.0053601286442389465,1.0
0.543564855024853,-0.9671891908171335,1.3301920614751477,0.05186453583830874,0.0
0.5598736415155745,-0.6925182985134253,-1.474963575114404,-0.016462724757397736,1.0
0.6271579193321746,1.607811811124071,0.1620148140350718,0.0047131190366746945,3.0
0.6271579200476823,1.607812783463582,0.16375202070714232,0.01832999922210111,3.0
0.5598736414482628,-0.692515998549853,-1.4807617535689772,0.04227852313323172,1.0
0.5435648545577451,-0.9671886156005183,1.3300337547732726,0.01943364431533499,0.0
-1.7317881814314,0.054050128269857875,-0.008492345551967626,0.04223193795432223,2.0
-1.7317881818823826,0.05404777235774048,0.00017901589370497377,-0.030001992705644163,2.0
-1.7317881813089637,0.054049182560486256,-0.007296858579466857,0.0443449913024373,2.0
0.5435648543094195,-0.967189161490408,1.3352048062344046,-0.02998015813844806,0.0
-1.7317881816021738,0.05405188143519709,-0.0065387903460661775,0.06057751250759425,2.0
0.5435648545707062,-0.9671904269039066,1.3384419982650615,0.005059589673167718,0.0
0.6271579199898348,1.6078141018169285,0.1613659544696505,0.009257053097898156,3.0
-1.7317881810569393,0.054049455973771594,-0.005077415545995243,0.0556305400244697,2.0
0.5598736411609034,-0.6925164837252237,-1.4815741858976406,-0.03886155999993563,1.0
0.5598736416723219,-0.6925139069673506,-1.4799651380471073,-0.030934890700753604,1.0
0.6271579201741839,1.6078125277189423,0.15694974451086832,-0.025459219970223563,3.0
0.5435648551312358,-0.9671905693151424,1.335443737914701,0.08097038457938695,0.0
-1.7317881816762666,0.05405145732161084,-0.008600864762818019,0.07946975412027354,2.0
0.5598736419686138,-0.6925150899609406,-1.4811035888355537,0.041883293741015286,1.0
0.6271579198450877,1.6078130288699415,0.1633801545198596,-0.02845390027071348,3.0
0.6271579203605447,1.6078094278860395,0.16280563385110278,-0.028318020945570878,3.0
0.5598736414863217,-0.6925183244487665,-1.4769892409762237,-0.023788402094347804,1.0
0.627157920427698,1.6078122494676719,0.1632763631698231,0.004500237713113961,3.0
0.627157919777586,1.6078096160650648,0.1629136536525793,-0.002886702676487866,3.0
0.5598736408771614,-0.692514893840894,-1.478595286687624,-0.05869243637363066,1.0
0.5598736419122524,-0.6925164242445814,-1.4770438701795607,0.020344693222175067,1.0
0.6271579191552014,1.6078128511049288,0.15983147855933513,0.015497152456449568,3.0
-1.7317881816451306,0.05404879991529412,-0.005607404304404933,0.0004878096994137449,2.0
0.5598736418253031,-0.6925157137412471,-1.4770872696935515,-0.0329196202044757,1.0
0.5598736411429368,-0.6925173663742534,-1.474346735966167,0.013142918624238912,1.0
0.6271579196662963,1.6078098558563738,0.1628290704440447,-0.03660676139951536,3.0
-1.7317881811197768,0.05405148132402383,-0.004941042813626397,0.11576795639076906,2.0
-1.7317881810665643,0.05404747071463323,-0.002048469994379131,-0.01770851319848136,2.0
0.543564854606539,-0.9671870772845658,1.3226958039817123,0.007179473449638143,0.0
0.6271579199580165,1.6078106231070521,0.1624868174162121,0.01671206495926624,3.0
0.543564854246094,-0.9671909809068339,1.3338938011909187,0.051726972210318675,0.0
0.5598736421069628,-0.6925165902879006,-1.482841762274019,0.01071156614712747,1.0
0.5598736416252816,-0.6925164185466323,-1.48146809039651,0.002856043861451116,1.0
0.5598736412394363,-0.6925165929441345,-1.4789523910645923,-0.0002941544544002772,1.0
-1.731788180989724,0.05405406615875854,-0.007645325372470348,0.003278111077312813,2.0
0.543564854692967,-0.9671896296579997,1.3415961202067093,-0.07340945181033866,0.0
0.6271579197443921,1.6078119539397437,0.16250255882728706,0.01611251631767015,3.0
0.627157920418927,1.60780993895532,0.15610756702863363,0.036740535613278696,3.0
0.5598736413189758,-0.6925156054187084,-1.4810074936532405,-0.03045448218630705,1.0
0.5435648544220633,-0.9671905319189945,1.3263755598389801,0.05693668096135019,0.0
-1.7317881817343024,0.05405287347796698,-0.010077369223128402,-0.02048581860942277,2.0
0.559873641329774,-0.6925164952578361,-1.4773149318935255,-0.02391062871553903,1.0
0.5435648551521549,-0.9671886727044634,1.3376578171387539,0.03519335008117074,0.0
0.5598736414917413,-0.6925143934873108,-1.4784065122236472,0.06899157311686016,1.0
0.5598736416996138,-0.6925175580905618,-1.4806093973587835,-0.010484643823996456,1.0
-1.7317881819978342,0.054052767638233135,-0.004647696344985109,-0.01667020527515429,2.0
0.6271579197588075,1.6078101459346517,0.16291556182169223,0.021338592656677053,3.0
0.5598736417855268,-0.6925166425816309,-1.4799504106125734,-0.062293529792112605,1.0
0.5435648549475222,-0.9671903340557262,1.3268280482573571,0.011322787826301771,0.0
-1.731788181879647,0.054052973861459366,-0.004297843437284011,-0.025250856679006166,2.0
-1.731788181905997,0.05405111547726989,0.0021329472204464485,0.004029495010534035,2.0
0.6271579203564077,1.6078140497123974,0.1624158769174228,0.05621084749437957,3.0
0.5598736410398634,-0.6925157037957087,-1.4844816015049616,-0.07268696011240494,1.0
0.5598736408580731,-0.6925153223088548,-1.476565962671998,-0.02532922550313413,1.0
0.5598736410384757,-0.6925146144317624,-1.480107161145474,-0.004802187696817944,1.0
0.5435648537036248,-0.9671879835401888,1.3310576603953448,-0.07490664841323968,0.0
0.627157919779473,1.60781330579861,0.1627148792752659,-0.019066553774620913,3.0
0.5435648548257921,-0.967187535472788,1.336227923091033,0.008429635494336124,0.0
0.5435648545416251,-0.9671892562759149,1.3341121377709144,0.0287802329004674,0.0
0.5598736417917884,-0.6925152719286323,-1.480628522259265,-0.04304442030233586,1.0
0.559873641815407,-0.6925141033412763,-1.4818945809267567,-0.005289814859086802,1.0
0.5598736407713326,-0.6925168280430334,-1.4700538835284158,0.005168607848735808,1.0
-1.7317881811030391,0.054053476973654396,-0.006497254022909524,0.048891879693177744,2.0
0.559873642005928,-0.6925137491766997,-1.4820065456756104,0.050299411498412196,1.0
0.5598736414632468,-0.6925141312519231,-1.477732694611167,-0.0218291522270086,1.0
-1.7317881813292428,0.05405187074710814,0.001807111421847425,0.02456920903872587,2.0
0.5598736413671238,-0.6925161445059687,-1.4770991761121026,0.011387147758433202,1.0
0.6271579196981304,1.6078122401893582,0.16108392474839123,-0.030330412535081487,3.0
0.543564854808924,-0.9671924400536479,1.3309789532705447,-0.009463988767884441,0.0
-1.7317881819298113,0.05405023315483908,-0.004501637151817119,-0.020068786962512332,2.0
-1.731788181717779,0.054051101924902784,-0.003993518222682521,0.0042037967454871756,2.0
-1.7317881819771415,0.054047528921138774,-0.008161588484884923,-0.0528962197923132,2.0
0.6271579193587624,1.6078131023135325,0.16269915664257764,-0.00420266360952462,3.0
0.5598736419077082,-0.6925160205858675,-1.4822682499584034,-0.002092991974878033,1.0
0.5598736415736235,-0.6925175454929408,-1.479413411758893,-0.032164009782443576,1.0
-1.7317881811054772,0.05404834038104671,-0.008422139485917106,0.023582465879745333,2.0
0.559873641452592,-0.6925169640963756,-1.4749559921171698,0.006739920670438241,1.0
0.5598736411068002,-0.6925165914934783,-1.486270307766391,-0.01732607508520894,1.0
0.5435648549137573,-0.9671872622764442,1.3341493310778343,0.01669908541722082,0.0
0.6271579194029161,1.6078088238152517,0.16109707100507611,0.007944607107202791,3.0
0.5435648539848664,-0.9671899177757102,1.334839045167668,0.015871584267589025,0.0
-1.7317881813662273,0.0540506469724792,-0.006860511099093091,-0.024512538939054192,2.0
0.559873641898385,-0.692513605388773,-1.4741691249417224,0.03779971351249425,1.0
-1.7317881810208982,0.05405171227369157,-0.002673172038258378,0.03226601655895343,2.0
0.6271579196862135,1.6078114586347212,0.15770507240385528,0.006746645221738465,3.0
0.559873641379971,-0.6925145317424841,-1.4858702372847117,-0.044601184924638354,1.0
0.6271579199559647,1.6078103985061156,0.1613799856883734,0.03922121690032573,3.0
-1.7317881814412213,0.05404988908877447,-0.0005094501618252344,-0.02019747096342569,2.0
0.6271579202265284,1.607810730864993,0.1683154320490775,-0.02178501149528557,3.0
-1.731788181364511,0.054050625110689726,0.0018945838331471969,0.045129845274277866,2.0
0.6271579204125547,1.607810704302423,0.1594273028541467,-0.011055948270386105,3.0
-1.7317881813051648,0.05404946913920235,-0.0049119307586768515,0.015163970286040785,2.0
0.6271579190761992,1.6078133461607786,0.16572587293566626,-0.0013870107309268435,3.0
0.559873641361555,-0.6925140350652133,-1.4786193379786785,0.012336864229928319,1.0
-1.7317881810681195,0.05404936635201882,-0.0005317805477562414,0.02775742280809198,2.0
-1.7317881815216234,0.0540512214638689,-0.002747342855339637,0.003788966551262207,2.0
0.5598736417705695,-0.6925169302104998,-1.4743234459820778,-0.11687899479789171,1.0
0.5435648545138606,-0.9671881024163992,1.3251405190792904,0.01534840182946457,0.0
0.559873642210096,-0.6925166574100745,-1.4756628852445801,-0.024227503709294263,1.0
0.627157920178129,1.607810037116662,0.16737066821957208,-0.018402362132601074,3.0
0.6271579196998857,1.6078116887388383,0.1620204431309619,-0.015909030203411053,3.0
-1.7317881821607148,0.05404958971563575,-0.007307071287023976,0.05131070618426782,2.0
-1.7317881814994005,0.054050136746061316,-0.00515448025107811,0.05226434662878172,2.0
0.559873641309559,-0.6925151002927169,-1.474033156412213,-0.02235535243492203,1.0
0.5435648548407458,-0.967189380788056,1.341316905148105,-0.005466694267165047,0.0
0.5598736416314178,-0.6925158475171326,-1.4786955173900183,4.828700891564112e-05,1.0
-1.7317881814069265,0.054052364956811955,-0.0013708988253334552,-0.06002197542020349,2.0
0.6271579194680464,1.6078096934625348,0.16273733779557809,0.025264973773669295,3.0
-1.7317881814079583,0.054051283620844985,-0.008740703773995058,0.01629246693146994,2.0
0.6271579202474178,1.607815662422111,0.16123797360216427,-0.03265313094776206,3.0
0.6271579199041776,1.6078134809228293,0.15963184631149027,-0.04882871686925546,3.0
0.6271579201258833,1.6078106375845016,0.1607417183340134,0.024852197386294343,3.0
0.5598736415452266,-0.6925167494190633,-1.4777223017804175,-0.009497314977717133,1.0
0.5435648545347512,-0.9671922380718667,1.3313948342753474,-0.02778681650763405,0.0
-1.7317881818961398,0.05405066921025204,-0.004038920303107912,-0.057379530871904,2.0
0.6271579202419768,1.6078126774626198,0.15632837356377655,-0.02684210320404321,3.0
0.5435648546759664,-0.9671912217821342,1.332417422010208,-0.070037587384035,0.0
-1.731788181374521,0.05405031943889101,-0.0011420315355095503,-0.028345421977709482,2.0
0.543564854706739,-0.96718931464191,1.3318207676026663,-0.00942068809933234,0.0
0.6271579196780513,1.6078129767182392,0.1575393235195957,-0.019435578095033487,3.0
-1.7317881823517807,0.05404873522119097,-0.006571298906579404,0.02285047933386335,2.0
0.6271579202678083,1.6078094024866623,0.16441203351759134,-0.02362053810073352,3.0
-1.7317881813544043,0.05404813377083403,-0.005531735164934066,0.021722396291304732,2.0
0.559873641674645,-0.6925163557928911,-1.479148960232465,-0.008448953431205683,1.0
0.5435648542527535,-0.9671882790837505,1.3374239817106468,0.04548964348159333,0.0
-1.731788181863303,0.05405093136698561,-0.008057571820636059,-0.031897697926326816,2.0
0.5435648549161173,-0.9671898843967666,1.335437899172911,-0.03013131419587847,0.0
0.5435648543798696,-0.9671911847465725,1.3324185292829884,0.04370462274854773,0.0
0.6271579192925486,1.6078093408517904,0.1668828393012035,-0.004202836909963276,3.0
-1.7317881807367261,0.054046301924710445,-0.005145295510666753,-0.057849251525067875,2.0
-1.7317881812941363,0.054050443032180734,-0.005286343999928098,0.047928706875908486,2.0
-1.7317881822660943,0.05404974250137559,-0.0024364748797340886,-0.013548619638880816,2.0
0.6271579194048357,1.6078107274885662,0.15787988812192835,0.03882469315500705,3.0
-1.7317881816221106,0.05404685469678204,-0.006306251119503172,-0.01722819782017176,2.0
0.5435648544563645,-0.9671936193721825,1.3329272136810195,-0.007702326239927574,0.0
0.6271579204522946,1.6078118340684135,0.15712888370261896,0.024279976774118167,3.0
-1.7317881814053921,0.05404877726768979,-0.004849575197785292,0.0035345399898930306,2.0
0.6271579195598584,1.6078100687438326,0.16190572099816228,-0.010841967234935388,3.0
-1.7317881818276992,0.05404857580561064,-0.005354776269339531,-0.030141160522825214,2.0
-1.7317881809752658,0.0540507693901157,0.00047613690149347486,0.009021321196450667,2.0
-1.731788181364137,0.05405013238612032,0.00023500522984492404,-0.002036157649402658,2.0
0.5598736416040775,-0.6925152254324987,-1.4741713572175337,-0.041218929930217404,1.0
0.6271579199630948,1.6078116908904443,0.16525529782185203,-0.04121502591990349,3.0
0.5598736414850103,-0.6925147751224037,-1.4763602722333902,-0.07428260291305827,1.0
0.5598736418353216,-0.692515361066093,-1.4772608170570165,-0.07926965024814665,1.0
-1.731788181392273,0.054051123774786575,-0.007129741149626832,-0.0020948452663833903,2.0
0.5435648542874655,-0.9671884382630386,1.3257632793971772,-0.0026474940876982573,0.0
0.627157919509036,1.6078102145616382,0.15566180502344293,0.022973409929068756,3.0
-1.7317881808986613,0.05405071126533302,-0.002544940227957078,-0.0034132876438483697,2.0
0.5435648549720546,-0.9671899577446942,1.334671935230352,0.030243855494759678,0.0
0.5598736412006938,-0.6925149729421275,-1.4744892890814667,0.003812971384184395,1.0
-1.7317881814676097,0.05404976453838614,-0.006436233754072422,-0.038022822258981855,2.0
0.5598736406827687,-0.6925204743544955,-1.4813038127837272,0.0035773555276067273,1.0
0.627157919469834,1.6078097051940297,0.15814682846080053,0.01671817076403923,3.0
-1.7317881821877115,0.054050770650135575,-0.003919704404370045,0.03539534241188066,2.0
0.6271579194768109,1.6078103136386848,0.1617391825932117,0.004120827205838059,3.0
-1.7317881808201123,0.05404889510646683,-0.007612129783787582,-0.021280661619073285,2.0
0.5435648550057554,-0.9671893207178788,1.3339562831274163,0.03358034238133364,0.0
0.5435648546727591,-0.9671891039051767,1.3313109088936892,-0.014258359342654466,0.0
0.5598736417626129,-0.6925181612819297,-1.4794250007535692,0.017961563272698718,1.0
0.627157919821637,1.607809408541254,0.16007975045601916,0.028550273024604188,3.0
0.543564854790345,-0.9671906771760787,1.341700062564963,0.013619347524227367,0.0
-1.7317881814977376,0.05404761620454382,-0.013910228932125793,0.0010100933485056123,2.0
0.5598736412490137,-0.6925135944703527,-1.4723127903422237,-0.020455825102889194,1.0
0.5435648545742187,-0.9671891227800654,1.3334570018639804,-0.02353139731514543,0.0
0.5435648550580511,-0.9671910582346582,1.3285107848548983,0.03619131788002571,0.0
0.6271579200152825,1.6078103939073125,0.15977355732582457,-0.07458786691391028,3.0
0.6271579194224421,1.6078099694728072,0.1622542422480122,-0.010981642171579159,3.0
0.5435648549771754,-0.96718891111011,1.3331330848581504,-0.00970525471702633,0.0
-1.7317881811091889,0.054051053464268396,-0.0005417425406026561,-0.018028067658915303,2.0
0.5598736413160896,-0.6925143075146883,-1.4786182407568282,0.04444193757648786,1.0
-1.7317881816871288,0.054053902776113334,0.0011628702711599997,-0.006153445145746437,2.0
0.5435648543906252,-0.9671882481207109,1.3341990661142835,0.06491766337645782,0.0
0.6271579198553747,1.6078145850322236,0.16300757802646518,-0.0006511435768413998,3.0
0.5435648543561283,-0.9671893401389586,1.3296608991613335,0.01176519861986586,0.0
0.5435648544046662,-0.9671898379717006,1.3287965151668493,0.064396596135918,0.0
0.5435648544911056,-0.9671901885288489,1.3337124021492346,-0.017939761402969736,0.0
0.627157919778685,1.607813438865065,0.1532837321586829,0.016076309061783197,3.0
0.5435648543963235,-0.9671878998362036,1.33387381515219,-0.017540676077511426,0.0
0.5435648539572716,-0.96718879099541,1.331895798730877,0.05374356086094238,0.0
0.6271579203760191,1.6078093470748578,0.15538576093069567,0.037560595055430496,3.0
0.5435648546408287,-0.9671910549657189,1.330103694617413,0.0016642508612747528,0.0
0.6271579193944055,1.6078096191922113,0.15709918523568742,-0.052423034829521535,3.0
0.5435648549367644,-0.967187395662058,1.33494722315677,0.027541193546062118,0.0
0.6271579205792521,1.6078093070405621,0.159271104786794,0.0005307786089548593,3.0
0.627157919677578,1.6078122237893717,0.16264971021706018,0.02483552310862858,3.0
0.6271579196713087,1.6078079398639835,0.160486952475299,0.008741318524622186,3.0
-1.7317881816264293,0.054049348876401566,0.0039028312602483973,0.019732818825079258,2.0
0.6271579201992549,1.6078107457634108,0.15519923100978478,0.022961330542369134,3.0
0.5435648547671035,-0.9671908991978471,1.3311086132024335,-0.02009694221356014,0.0
0.5435648550053582,-0.9671911401191584,1.3322586214880208,-0.022501765361674763,0.0
0.543564854894958,-0.9671913036277243,1.3325510951454678,0.06759979511703462,0.0
-1.7317881814782388,0.05405363712171321,-0.0021447296056873563,0.07224260538052282,2.0
-1.7317881808639215,0.054049704033733374,0.001372156266664007,-0.009050682081260463,2.0
-1.7317881820332173,0.054050951430450696,-0.005359116828786045,-0.009009501681480585,2.0
0.5598736415713886,-0.692515369265586,-1.478206657053229,0.0007571914107950059,1.0
-1.731788181564458,0.05404858257906839,-0.0006223065214397323,0.024204948867978606,2.0
0.6271579201197928,1.607812080458772,0.15849797944926836,0.01346384693856447,3.0
-1.731788181675526,0.05404840718475618,-0.004884031636525194,0.007591966862923254,2.0
0.559873640777382,-0.6925157574965003,-1.4785773792268466,-0.01400132321765121,1.0
0.5598736421884178,-0.6925151701536926,-1.4767184219184142,-0.00282913902159571,1.0
0.6271579190151554,1.607812732477569,0.16213909132835194,0.05097220030264352,3.0
-1.731788181095489,0.054052216092020135,-0.004597678996554064,0.04876226673731025,2.0
0.559873641411537,-0.6925174562021236,-1.4783840712834824,0.020565170881484525,1.0
0.6271579201246932,1.6078102875947886,0.15823916261397547,-0.0855141381765464,3.0
0.5435648548921922,-0.9671885796248639,1.3351717875532072,0.07721032991192472,0.0
0.5598736414388222,-0.6925169844018371,-1.4808232216050532,0.03128272608693908,1.0
-1.7317881816258751,0.05405032958075641,-0.009251232475449653,-0.004587058060539978,2.0
-1.7317881814173008,0.05405089289425602,-0.010165213163520332,-0.01572734988717347,2.0
0.5598736418464508,-0.6925157077597023,-1.477109082734818,0.006511552834494387,1.0
-1.7317881816400789,0.05404866173982037,-0.0024903503522497156,0.03469099519998379,2.0
0.5598736418854184,-0.6925153095173198,-1.482291606986541,0.06989854891302627,1.0
0.5598736411757198,-0.6925159569889424,-1.4811908944728644,-0.10551089315587996,1.0
0.6271579202955534,1.6078120726997418,0.15699151931761346,-0.02408161415296996,3.0
0.5435648547997172,-0.9671888561567092,1.3360042830217342,-0.01836059286848123,0.0
-1.7317881817061043,0.05405107145977574,-0.0060171813163501075,0.045595869667199126,2.0
-1.731788181039532,0.05405328479149528,-0.0075437152861149255,-0.018175525341131215,2.0
0.5598736419495453,-0.6925137114219777,-1.47625897175506,0.044144889300754844,1.0
0.5598736413174727,-0.6925165610151586,-1.475682424932127,-0.04153853444848934,1.0
0.5435648548257702,-0.9671884669706069,1.3331044335775324,0.054420381162305576,0.0
0.5598736411541769,-0.6925136005815926,-1.4730074965261868,0.051636794400473654,1.0
-1.7317881811114868,0.054052695350267625,-0.008614423146704,-0.03348511282227106,2.0
0.627157920473286,1.6078115221526579,0.16201721397783703,0.027123385144087003,3.0
0.5598736411709297,-0.6925148288678311,-1.4810948954666703,-0.031939550389068073,1.0
0.6271579191301546,1.607812087315977,0.1668203161546667,-0.027580275225054282,3.0
0.5435648545503534,-0.9671880840785758,1.3296977139144306,-0.011113614687605357,0.0
-1.731788181253124,0.05405113735342652,-0.006933953200038797,0.007003835619660706,2.0
-1.7317881814216673,0.05404851058365217,-0.0045220733269254005,0.03740526610746147,2.0
0.6271579199096844,1.6078115217214313,0.16116424576710545,-0.0153118107226741,3.0
0.5598736415285877,-0.6925140590562265,-1.4774019534251148,0.01632705668788818,1.0
0.6271579200591147,1.6078109383377825,0.15943219043128645,0.06213799169898207,3.0
-1.7317881815168172,0.05404915327634208,-0.010844778514218879,0.03409054628930671,2.0
-1.7317881811456817,0.054049104655331685,-0.00456317091193492,0.009139785560976364,2.0
0.5598736416482902,-0.6925193858894619,-1.4665189207559128,0.01886900891480588,1.0
0.5598736418773212,-0.6925141497438964,-1.47465231174738,1.6793117401150406e-05,1.0
0.5435648544918988,-0.9671920934863193,1.3299866878230926,0.0359462230581807,0.0
0.5598736413851443,-0.6925153018616524,-1.4764840895714026,0.019914322990966293,1.0
-1.7317881811020708,0.05404766449180298,-0.005265643222832825,-0.0007122537366984652,2.0
0.543564854609508,-0.9671892548618466,1.334122943058304,-0.004685037413734734,0.0
0.5598736417014366,-0.692515629063272,-1.4799448951299596,-0.06090524066882517,1.0
0.5435648543755933,-0.9671909165352677,1.3258668533626647,0.0469098091767476,0.0
-1.7317881810333786,0.05405077518851332,-0.005543070983592715,-0.009585391366651411,2.0
-1.7317881816145677,0.05405018869656688,-0.002881362053364446,-0.030532893684709815,2.0
-1.7317881821277366,0.05404985670302576,-0.0063532330106219285,-0.03383398980646361,2.0
-1.731788181452333,0.054050708245473714,-0.010942521829167618,-0.00858780521109932,2.0
0.5598736414036105,-0.6925137999339218,-1.474182619883498,-0.021985724545296296,1.0
0.5598736410927205,-0.6925170087016715,-1.482460727500937,-0.022935589402232327,1.0
-1.7317881811813645,0.054049903230422136,-0.0028094000356703127,-0.0213666690791188,2.0
-1.731788182366858,0.05404873556308795,-0.004317406919940078,-0.04036155394947728,2.0
-1.7317881818901273,0.054049460696960545,-0.006372359845713205,0.016216984589823274,2.0
0.5598736414410432,-0.6925172722633434,-1.4834281252261394,0.027685353370722577,1.0
0.5598736409154438,-0.692518388564384,-1.4733196672786089,-0.03485545617155923,1.0
0.6271579198656245,1.6078092628693144,0.16241912693113528,0.004927826974908894,3.0
0.6271579199818643,1.607811181040535,0.15905142603540817,0.008631229704657378,3.0
0.627157919967184,1.6078130244804332,0.15539004636100717,-0.00517764474715745,3.0
0.6271579206927179,1.6078114557351268,0.15224494391541785,-0.010190900775876246,3.0
0.559873641263327,-0.6925130418361465,-1.4802009013157944,-0.004797463504361395,1.0
0.6271579192254951,1.6078120549428319,0.1609597121961678,0.004239690723996263,3.0
0.5435648543770091,-0.9671894502525074,1.3343910717651064,0.0023882324469349536,0.0
0.5435648544852025,-0.9671904133614774,1.3340986935418926,0.016111057806719974,0.0
-1.7317881813361247,0.054049639735503065,-0.007352716697231012,-0.042437453348380186,2.0
0.559873641714508,-0.6925178609026027,-1.4815676977260046,-0.004890551327183135,1.0
-1.7317881811349936,0.054050287048635785,0.00125328799908134,-0.03739244903083853,2.0
0.5435648543175551,-0.9671884047190761,1.332449886829031,0.07167014454023737,0.0
0.5598736413288748,-0.69251727177102,-1.4816843840203855,-0.013572938270095791,1.0
0.5435648539185571,-0.9671908587789061,1.3295897701887973,-0.003409394060343688,0.0
-1.731788181515978,0.05404700694761285,-0.008888613389244704,0.0327025607946035,2.0
-1.7317881817428507,0.05405091588933226,-0.0007832347514331111,-0.001319059301812124,2.0
-1.7317881815738458,0.05405174754849654,-0.00615358180045084,-0.0011157131588394441,2.0
0.5435648545125696,-0.9671861783206631,1.3343164492655781,-0.026541164605998334,0.0
0.5598736413437599,-0.6925157973324879,-1.4778755941651425,-0.00512826168782121,1.0
0.6271579197669014,1.6078127736116823,0.1660970578134458,-0.04540095451566043,3.0
0.559873641643344,-0.6925167936265246,-1.4817157475894949,-0.010458048198236617,1.0
0.5435648546754374,-0.9671921721431421,1.327788103176473,0.008678153076551157,0.0
0.5598736419442151,-0.6925157846054384,-1.4798923935645025,-0.024575037333233057,1.0
0.6271579201702335,1.6078114747521077,0.15796333241922597,-0.0062057325461969265,3.0
0.5598736414853791,-0.6925157813612229,-1.4725376156249725,-0.020281159067957535,1.0
0.6271579199823294,1.607811905041387,0.16018083351303403,0.03679183454347938,3.0
-1.7317881811180014,0.05405088269822109,-0.005225866020715058,0.03655010645582467,2.0
0.6271579205342371,1.6078083862287458,0.16338732558245306,0.027336025184721675,3.0
-1.7317881810711637,0.05404821359064896,-0.0009649517806948067,0.04124101649257188,2.0
0.5435648548007364,-0.9671880404833098,1.3308753118294003,0.03599704944747246,0.0
0.5598736413719638,-0.692516084717326,-1.478950307623458,0.0008597978735440299,1.0
0.5598736408882953,-0.692515665557262,-1.4755639660331266,-0.030444919586324493,1.0
0.5598736412002997,-0.6925166390289154,-1.4851078155901414,0.003342712724657991,1.0
0.5598736411817915,-0.6925170105710408,-1.4779996341981003,-0.03816883381950831,1.0
0.627157919643101,1.6078123228982009,0.1602974146060288,0.02902917325917283,3.0
0.5598736421660417,-0.6925169516287873,-1.479212794935018,0.004557667369852091,1.0
-1.7317881820781926,0.054049048653162075,-0.006229908149069932,0.0343874083354322,2.0
0.55987364099471,-0.6925200086034312,-1.4825562970128445,-0.034803714703269824,1.0
0.627157920132318,1.607810863917999,0.1525549066306212,0.031817905689807004,3.0
0.627157920123849,1.6078112322564941,0.155996084345369,0.013552549049187781,3.0
0.5435648545684135,-0.9671918937575565,1.3357299783537275,0.06391730136258407,0.0
-1.731788181535977,0.05405292639626787,0.000645716807488296,-0.02543990829568124,2.0
0.5598736412986327,-0.6925181510776113,-1.4726739537084366,-0.032225404514626216,1.0
0.6271579194033564,1.6078111467454228,0.1633936904794755,0.0006690302168802997,3.0
0.5435648561235036,-0.9671899791215317,1.3352872660367459,-0.027713463791675646,0.0
-1.7317881814729124,0.054051725701145324,-0.004321353595833222,-0.054543026983187325,2.0
0.5598736411703755,-0.6925133567389598,-1.477528138550731,0.03133451222820974,1.0
0.6271579193272452,1.6078095926174885,0.16183406373222683,0.008087611733657775,3.0
0.5598736418247288,-0.6925165322467044,-1.4822875477577764,-0.015373936697895363,1.0
0.6271579200657292,1.6078112900378774,0.15480336482077048,-0.07491337733740838,3.0
0.5435648542960471,-0.9671902206550175,1.33205783789144,0.07524120747292826,0.0
0.5435648552287305,-0.9671911121058545,1.3349801328041804,0.04314676306079709,0.0
0.5435648545578152,-0.9671907915412605,1.3342920494380197,-0.03050255338805491,0.0
0.5435648555689503,-0.9671896330450513,1.3336235232586584,-0.01786900647691925,0.0
0.5435648545528136,-0.9671904693595933,1.3260314737540988,0.025995127078162945,0.0
-1.7317881809232285,0.054050463694637105,-0.004403570541588265,-0.0313377434335312,2.0
0.6271579201585962,1.607813775084505,0.1628918427011201,-0.03777767567461201,3.0
0.5435648547156755,-0.9671890576910489,1.3338261502635715,0.016793955397413626,0.0
0.6271579196265807,1.6078135218248908,0.1535829473907577,0.01861968940253888,3.0
0.5598736414758619,-0.6925168997121303,-1.4784887570170777,-0.02774275267801902,1.0
0.5435648539468825,-0.9671877640400105,1.3334021601461596,-0.021056500247648182,0.0
0.5598736416064738,-0.6925153891332483,-1.4794373291626797,-0.07934458121538071,1.0
0.5598736410861855,-0.6925177454589226,-1.4788109666131128,-0.005158998015378982,1.0
0.6271579200910473,1.607811846473679,0.14962287058810814,0.04082773272907171,3.0
0.6271579198138174,1.60781085497666,0.1655861213695575,0.021083824220888572,3.0
0.559873641414125,-0.6925164088808781,-1.483603843704156,-0.027927846341259645,1.0
0.5435648548887938,-0.9671881196168163,1.3279703773973017,0.03391168770454146,0.0
0.5598736414847038,-0.6925152519172063,-1.4818145679863142,0.027906612292177925,1.0
0.6271579198687035,1.6078107721875206,0.16034999269727157,0.07564005615503543,3.0
0.5435648548348244,-0.9671904974006107,1.3357561193117484,-0.018162123712365225,0.0
0.5435648547106092,-0.9671905193427018,1.3348385961958333,0.023578673461364465,0.0
0.5435648552884341,-0.9671891182999971,1.3324586341564673,-0.03215672670067963,0.0
0.5435648544864217,-0.9671900193329794,1.3360851913088938,0.001965709496971583,0.0
0.5598736413668204,-0.6925167455013596,-1.4831478691058508,-0.06483639788204631,1.0
0.5435648550325857,-0.9671889500769314,1.3268815778155771,0.01938742711370834,0.0
0.5598736412231228,-0.6925135850875916,-1.4819639500144015,-0.025522473088466724,1.0
-1.7317881813834886,0.054053467616069995,-0.007271588348638352,0.02298604232805272,2.0
0.5598736414050423,-0.6925173424093534,-1.4844796540053025,0.02138647783353044,1.0
-1.7317881818101288,0.05404905102755811,-0.014279995945736576,0.00774292910240463,2.0
0.5435648546577256,-0.9671901998437596,1.3336145577916987,-0.007144394576042314,0.0
0.5435648547962458,-0.9671892855638388,1.3281221916643664,-0.034677333458604555,0.0
0.5598736419865133,-0.6925146915203378,-1.4728569050600855,-0.09120890452834561,1.0
0.5435648546182161,-0.9671871594072772,1.3307289524779837,0.030232129338160375,0.0
0.6271579196351356,1.6078137624933466,0.16036346639001461,0.03455601509702584,3.0
0.5435648545397351,-0.9671910717735924,1.3291984142268283,0.01865766664591159,0.0
0.5598736406323463,-0.6925147789716957,-1.480918791362224,-0.03414182910062782,1.0
0.6271579203367246,1.6078113050776086,0.16338820794194467,0.02387329355309759,3.0
-1.731788181138706,0.054051602975420866,-0.008427438319770539,-0.00204518574132482,2.0
0.5598736414308668,-0.6925166717392064,-1.486272282809009,-0.0575268104035268,1.0
0.5598736413144928,-0.6925158649339236,-1.4725683119613846,0.008957814104071525,1.0
0.6271579200863562,1.6078101594106884,0.1569348663487682,-0.042077699282000225,3.0
0.5435648549661312,-0.9671879332708216,1.332119675381789,0.017512130226066874,0.0
-1.7317881816936822,0.054050266829697796,-0.007731612607929731,0.033071990964761405,2.0
0.6271579200366492,1.6078107525333856,0.1576919793745127,0.0051829239762060065,3.0
0.5598736422329275,-0.6925174930420401,-1.4759461077085216,-0.07454941444680115,1.0
-1.7317881815112899,0.054051171102997134,-0.005675658460435562,0.01882286388403483,2.0
-1.7317881816421137,0.05404991302998216,-0.005779038743688517,0.02209594998908899,2.0
-1.7317881813274476,0.05404887455562375,-0.002880403235447998,0.008469192771887383,2.0
0.6271579202344573,1.6078112605711432,0.15651130577718625,0.035091289355952945,3.0
0.5435648542356835,-0.9671896817501886,1.3349532749081399,0.011818093376507258,0.0
0.5598736416357475,-0.692516445509511,-1.4776988575650278,0.04541860551424288,1.0
0.5598736411785327,-0.692514261989276,-1.4708989043097196,-0.0006798439251907626,1.0
-1.7317881809851523,0.05405140358151659,-0.00651513649232812,0.01492151555937214,2.0
0.5435648544054896,-0.9671913617832735,1.334814276220802,-0.009605449887387279,0.0
-1.7317881812736098,0.0540506739361656,-0.005873292572357885,-0.05277904803186375,2.0
0.5598736417056843,-0.6925158412106718,-1.4783688920572582,-0.04404928903701859,1.0
0.6271579201139573,1.6078108583272699,0.16369913779767148,0.017736441569179685,3.0
-1.7317881813862281,0.054051330117648,-0.00872585442993751,-0.013993147840196746,2.0
0.5435648545066472,-0.967189628812523,1.33574030126614,-0.010826111584984604,0.0
-1.7317881817328655,0.054048897822045,-0.0032606001034929254,0.06003469478316689,2.0
0.5435648549783718,-0.9671915978016035,1.3340430947209214,-0.045769686066529966,0.0
0.6271579199736902,1.6078122217740287,0.15772965320287463,-0.05085757029403355,3.0
0.5598736414294665,-0.6925179094280555,-1.48178343393765,-0.009572246984347796,1.0
-1.7317881812908122,0.05404952804987262,-0.005246956914282407,0.0384226848574446,2.0
-1.7317881818314744,0.05405050710763936,-0.0054412139036294485,-0.009861472928021893,2.0
0.5435648545982593,-0.9671905173234107,1.3379306078917144,0.010488555421003957,0.0
0.559873641569099,-0.6925159800650736,-1.476587222305391,0.014034912692100814,1.0
0.6271579194184774,1.607812346607525,0.16314679282274047,0.014944655215048199,3.0
0.5598736419156436,-0.6925161295935689,-1.47905614959101,-0.04129251618216661,1.0
0.6271579202609637,1.6078095117711115,0.1620764187632209,-0.0367133408329066,3.0
0.5598736419964153,-0.6925151467111128,-1.4747294028496643,0.001732103452301246,1.0
0.5598736408040348,-0.6925179170819132,-1.4764361156516106,0.009513423681680002,1.0
0.6271579192079461,1.607809025211969,0.16579668889846172,0.010175495329034768,3.0
0.5598736417448957,-0.692519887634727,-1.477338633877997,-0.013620574521260316,1.0
-1.7317881815905276,0.05405131221535094,-0.004311847528570803,-0.02268376354112641,2.0
0.5598736412402548,-0.6925146549924082,-1.4828448566631258,0.04673082573052779,1.0
0.6271579203640689,1.607810327221305,0.1611123611173278,-0.01777520047149143,3.0
-1.7317881814359377,0.05405039406364958,0.0005515653324523003,0.012833739729325774,2.0
0.543564854886282,-0.9671868365234945,1.3366533610981783,-0.008857457053870145,0.0
-1.731788180862691,0.054052857721577204,-0.003474398663720043,0.046179912449946535,2.0
0.5435648555610877,-0.96718686951679,1.3365658499048563,0.03582787344488743,0.0
0.5435648546263032,-0.9671912172243669,1.3356370694355075,0.017961932330010606,0.0
0.5435648547661462,-0.9671898465693449,1.3315637060827177,0.024440559538503392,0.0
-1.7317881814074194,0.05405022934041465,-0.0031487707962305584,-0.0001395095031468233,2.0
-1.7317881815376976,0.05404964138069704,-0.006391735198280591,-0.04080113727616305,2.0
0.5598736413990649,-0.6925146576829245,-1.486906835325088,-0.07769444667009777,1.0
0.5435648550711947,-0.9671899529938689,1.3263389882104681,0.021041850677126286,0.0
0.543564854522791,-0.96718997998516,1.3254094037081916,-0.028743851218158048,0.0
0.5598736409768953,-0.6925159935402536,-1.474501665375194,-0.03292106178263381,1.0
0.54356485526432,-0.9671916395546553,1.3433542943421384,0.03432704847473606,0.0
0.543564854942349,-0.9671893155984976,1.3273906217534295,0.011028491404865724,0.0
-1.7317881813731333,0.054050592507439585,-5.59155153910075e-05,0.04396864365239533,2.0
0.5598736416962629,-0.6925151245916293,-1.4827787456112822,0.0007549981665528042,1.0
0.5435648546951465,-0.967191107942459,1.335175799271608,-0.030297194282650958,0.0
0.5435648547312293,-0.9671858888386059,1.3267318079592536,0.07813420524110573,0.0
0.5435648543640308,-0.9671889338804013,1.333915699140689,0.05966002388315151,0.0
0.5598736415148486,-0.6925137371548779,-1.4817566831902738,-0.02821450218282754,1.0
0.5598736417781885,-0.6925169653217467,-1.4740319603698355,-0.02576459154548706,1.0
0.5435648551266523,-0.9671885761186767,1.3209402822320133,-0.043069563640550694,0.0
0.5598736412795748,-0.6925163418416485,-1.4769983346388713,0.034710756885065475,1.0
0.5598736416465374,-0.6925136991096282,-1.480561263734245,0.01894937256129912,1.0
0.559873641575192,-0.6925156308035932,-1.483604067247881,-0.012937604035399269,1.0
0.6271579195115673,1.6078136379156298,0.15723816359980652,-0.06994468860771,3.0
0.5598736416751089,-0.6925145269736169,-1.4776140343083266,-0.018475125667903127,1.0
0.6271579194282002,1.6078112058268632,0.16395357853242176,-0.008577706674017903,3.0
0.5435648551459282,-0.9671921733233249,1.3327772386734142,-0.036901089085175705,0.0
-1.7317881817175296,0.05404959155317082,-0.005574862853480132,-0.009976044910381402,2.0
0.5598736414885774,-0.6925177618863603,-1.4857247002879848,0.02375041957076545,1.0
-1.731788181678732,0.054046324316770214,-0.002144099408405165,0.060119166883430324,2.0
0.5435648548231631,-0.9671926161393525,1.3272710885050902,0.03600321663073711,0.0
-1.7317881815433733,0.0540502278459325,-0.00762413745895271,0.01918625655773737,2.0
-1.7317881812299962,0.05404855092113141,-0.004433640635115,-0.034979945147431815,2.0
-1.7317881816821241,0.054050540381102664,-0.0028042903020217723,0.006399633799815157,2.0
-1.7317881810319362,0.05404977433630716,-0.007759179715717323,0.08566212931102272,2.0
0.6271579198094321,1.6078093340502542,0.16424656642872199,0.05760657225642216,3.0
0.5435648535316259,-0.9671862699978115,1.3306772880880378,0.044854130493210166,0.0
-1.7317881812738785,0.05405026073710339,-0.010386528464037174,-0.006027712284054712,2.0
-1.731788181728102,0.05405232076118661,-0.006418912008321011,0.04086689495321364,2.0
0.6271579192271031,1.6078110355326887,0.15773478170267338,0.001876264468353726,3.0
0.5435648546942227,-0.9671884549756384,1.330262020118023,0.07727936890318834,0.0
0.6271579195259686,1.6078149890388322,0.16356086026004332,-0.022793657179952992,3.0
0.6271579193271803,1.6078122950494103,0.15784173529225515,-0.06558674139024281,3.0
0.6271579198354079,1.6078093048985804,0.15871094800409324,0.0113011648315633,3.0
0.6271579198108815,1.6078114563834118,0.16150552722892614,-0.042061579765786485,3.0
-1.7317881818067817,0.05405144750697454,-0.0032131914678855565,0.02174861668529485,2.0
0.6271579199607836,1.6078142590615445,0.16150403857523082,-0.04595312417642662,3.0
0.6271579202840741,1.6078143229542623,0.1622055460776384,-0.006202076417708876,3.0
0.6271579193927608,1.6078125579957985,0.1665005275999105,0.05167732463449015,3.0
0.627157919889306,1.6078113255595223,0.1667837867463507,-0.017149033748015435,3.0
-1.7317881808478368,0.054052118486929354,-0.0071637708160370225,-0.04283771116933577,2.0
-1.7317881816399168,0.05404907560292182,-0.003142088953030198,0.09728772440307248,2.0
-1.7317881812879485,0.05404956623893736,-0.00722498257890279,-0.025062134644750246,2.0
0.6271579197673667,1.6078079670288021,0.15819599657567512,0.02685995058171285,3.0
0.6271579197469265,1.6078103708354194,0.16224683206391005,-0.06796991065964335,3.0
0.559873641728668,-0.692516507183428,-1.4753977513283063,-0.05505045583103146,1.0
0.6271579197422031,1.6078128350994607,0.15801687337394965,-0.0392629363215677,3.0
-1.7317881819352576,0.05405052081403837,-0.006463550330397688,-0.02603912933296205,2.0
0.6271579206966081,1.6078129759113418,0.16762443832325405,0.0212193497511708,3.0
-1.7317881812310971,0.05405038895565381,-0.002848615304821014,0.03933934137426714,2.0
0.6271579199301927,1.6078125691097072,0.1583170356507076,0.019101813324889014,3.0
0.559873641671237,-0.6925150847150081,-1.4689015269082188,0.00455945748151531,1.0
0.6271579195772294,1.6078097596804493,0.1524390423337252,0.03398338053140311,3.0
0.5598736413690023,-0.6925151514936081,-1.4875195539394657,-0.027691374824757354,1.0
0.5435648545952685,-0.9671909561757606,1.3314118919463276,-0.0196117607636574,0.0
0.5598736410849106,-0.6925186920877505,-1.4734187825609324,0.00076006979355957,1.0
0.5435648555355298,-0.9671904573199441,1.3356195315201418,-0.0281699386483435,0.0
-1.7317881813611424,0.054048810839098654,-0.00833068866935981,-0.04345999522153266,2.0
0.5598736410015721,-0.6925163024832158,-1.4758526009474615,0.011427117733170651,1.0
-1.7317881814806098,0.0540488650483024,-0.0022006361902167887,-0.033523335684488224,2.0
0.627157919715223,1.6078128938054796,0.16520680380010258,-0.05702867701475575,3.0
0.559873640954961,-0.692514684634177,-1.4787032062306886,-0.01709505273440525,1.0
-1.7317881819275236,0.0540500300453016,-0.003914438394887602,-0.04656587762902409,2.0
-1.7317881810363929,0.05404645449498919,-0.008130240271642514,-0.009563223106576178,2.0
0.5598736411925496,-0.6925158538940446,-1.4755501141280833,0.023143169097302067,1.0
-1.731788180855085,0.05405113370556225,-0.0034791639464663996,-0.04463309175341946,2.0
0.5598736410800456,-0.6925149212834896,-1.4798096536619416,0.013971554651255401,1.0
0.6271579203218034,1.607812431489802,0.15615501215934663,-0.028514266593851402,3.0
0.6271579201096161,1.607812904300088,0.15417988612933298,-0.00958066998897557,3.0
-1.7317881818581997,0.05405090143238656,-0.00417782844305483,0.04386730123912325,2.0
0.5598736409358614,-0.692516306439703,-1.4789807835269766,0.011941242403158912,1.0
0.6271579202435004,1.6078132157820217,0.15935349747493865,-0.053647573829820584,3.0
0.6271579198854467,1.6078103079142776,0.16073974149505696,-0.007464812794050168,3.0
0.6271579197783208,1.6078129042678901,0.16127203348978028,-0.07370385708558631,3.0
0.6271579197275472,1.6078132077805534,0.15904825209827256,0.02413440869258778,3.0
0.5435648548036494,-0.9671881122783592,1.3321289048576304,-0.007358570700240842,0.0
-1.7317881806301076,0.05404944166143955,0.00011566432918455931,-0.030790269397201954,2.0
0.5598736413384429,-0.6925131887869894,-1.4817360790834564,0.03380013219202604,1.0
0.543564854421481,-0.9671893596665161,1.3348528666899138,-0.03487551060496919,0.0
0.5435648548824522,-0.9671876056018537,1.333859639100345,0.010042783386550753,0.0
0.543564854665466,-0.9671885460751802,1.3355226618930194,-0.03188675544278177,0.0
0.5598736416694944,-0.6925172801313266,-1.4768273669178558,-0.008267817484344627,1.0
0.6271579204450046,1.60781062260707,0.15489792154121657,0.049430181667082025,3.0
0.5598736418247697,-0.6925144936377629,-1.4677915934335175,0.032271338227600206,1.0
0.5435648551099456,-0.9671908805802576,1.336532874903048,0.008848305454199953,0.0
0.5598736412914783,-0.6925168556254151,-1.4781268081086327,0.00513122218744323,1.0
-1.7317881813128404,0.05405006090526492,-0.0068008610758213215,0.06123501753537971,2.0
0.5598736409664175,-0.6925164544544449,-1.4801799872859789,0.011691930040761293,1.0
0.5435648545521752,-0.967187386836617,1.336839935640849,0.011148379373274623,0.0
0.5435648542071518,-0.967187417920716,1.3365300252369843,0.04580665024595783,0.0
-1.7317881817294523,0.05405096346855569,-0.005291593102413581,0.008598991676202436,2.0
0.5598736411748858,-0.6925163558022429,-1.4797788963493548,0.03412172454933169,1.0
-1.7317881810739917,0.0540523031246436,-0.005053982672241689,-0.006516421409844181,2.0
0.5435648554153062,-0.9671913955777655,1.3361365442091528,1.58935668195639e-05,0.0
0.5598736421839534,-0.6925180446311885,-1.4735177021338122,0.05678932769470015,1.0
0.5435648541755241,-0.9671878086770519,1.3387309631575128,0.0902260357068961,0.0
0.5598736412321607,-0.6925126027859462,-1.4773600526868833,-0.03971991881181956,1.0
0.5435648551399674,-0.9671910657628117,1.3245263466823947,0.06759950790753995,0.0
0.5598736412953238,-0.6925176182446231,-1.4703631176767538,-0.009177678611071985,1.0
0.5435648548351306,-0.9671890929787129,1.3287283341350677,-0.02337859902707445,0.0
0.6271579195742747,1.6078113449568086,0.15585732161217827,0.0028786668813652844,3.0
0.5435648554556534,-0.9671907037847148,1.3366843329214255,-0.032197059028422216,0.0
-1.7317881811621831,0.05404854320525102,-0.003455369252377716,0.04234902308922743,2.0
0.5598736418511862,-0.692515175166824,-1.4789578358073878,-0.00916017150259425,1.0
0.5598736412114078,-0.6925179173062511,-1.4769885108811065,-0.012970962359729653,1.0
0.559873641509714,-0.6925186212003459,-1.4778725936002037,-0.06669305739903912,1.0
0.6271579196391102,1.6078102595382602,0.1635842223712055,-0.010234931040667595,3.0
0.5598736422050493,-0.6925213158463166,-1.486243627681072,-0.039180068995143515,1.0
0.6271579200866041,1.6078128774697198,0.16175789916668534,0.02274005426935636,3.0
-1.731788181823555,0.054047767637526896,-0.00728653377863859,-0.0006300247476376503,2.0
0.5435648547548823,-0.9671932388637369,1.3362405165046236,-0.04794080301085036,0.0
0.5598736421508234,-0.6925155889674693,-1.4867490531563083,-0.019466386872138204,1.0
0.5435648546984626,-0.9671908448795962,1.3341640230980905,0.025197042370381808,0.0
0.5598736415339124,-0.6925176241438592,-1.4779548418014077,-0.04978617520838255,1.0
-1.7317881813778189,0.05404775223356267,-0.0010996737372883443,-0.0327372559614792,2.0
0.6271579193484665,1.6078097720855935,0.16356088187270051,0.0724765598945672,3.0
0.6271579199895984,1.6078118954979623,0.1558761924020643,0.03204023873204894,3.0
-1.7317881808690012,0.054048034462756876,-0.011407711473958703,-0.024492852500140466,2.0
0.543564854595114,-0.9671885710087519,1.33808066067115,-0.057857512695877085,0.0
-1.7317881813668314,0.05405033736065605,-0.011905503985623586,-0.0461351046462939,2.0
0.5598736415235013,-0.6925154872949368,-1.4814876953805602,-0.0619267375309169,1.0
0.6271579198467044,1.6078105558514928,0.15778413896903185,0.046178648474210576,3.0
0.5598736416267777,-0.6925167225037161,-1.4804898065226197,-0.015075406109935565,1.0
-1.7317881809303926,0.054049046425435836,-0.0027825883780913086,-0.03184240502506543,2.0
-1.7317881815792744,0.054049465147637206,-0.004372123544459277,-0.03195615882732543,2.0
0.6271579193300246,1.607810707115995,0.161134101332913,-0.01858769546068995,3.0
0.6271579208840357,1.607811062427299,0.1654643828979925,-0.004593024024376645,3.0
0.6271579200647507,1.6078144001947223,0.1599214681393765,0.07982949678851678,3.0
0.5598736410992784,-0.6925187085355117,-1.4804141220939382,0.06939098917963249,1.0
0.6271579199541432,1.6078110524062545,0.15788817723567644,-0.027448066256465835,3.0
0.5435648546343717,-0.967192102759522,1.3328154485582189,0.03168960152572095,0.0
0.5598736413504676,-0.6925156428708005,-1.4781260734460255,-0.013344970071291961,1.0
0.5598736412130028,-0.6925164555400285,-1.4809314879309334,-0.060702742436536006,1.0
0.6271579202435661,1.607810614910784,0.1619235255137872,0.009907687922268472,3.0
0.5435648540428057,-0.9671892443193264,1.333233259025312,-0.018971621452592107,0.0
0.5598736411881297,-0.6925176740098802,-1.4760069847107933,0.013897386570002333,1.0
0.6271579200958016,1.6078115856162123,0.15663859820999212,-0.018735968752766827,3.0
-1.7317881818424974,0.054050688166674514,-0.003926664071510378,0.01093896371244837,2.0
0.627157919359621,1.6078120243237444,0.16176335297644118,0.028655991296516897,3.0
0.5598736413825426,-0.6925148250394827,-1.4779996025627082,0.08196352096699612,1.0
0.6271579203017061,1.6078107033416762,0.15956471492897226,-0.04914527078165381,3.0
0.5435648552167005,-0.9671913219726892,1.3385278187189114,0.01573969465126581,0.0
-1.731788181787082,0.05405146320513853,-0.00408389569659852,-0.023282600183493887,2.0
0.5598736417930447,-0.6925191649995831,-1.4799996215681348,-0.0537546048772598,1.0
0.5598736414762083,-0.6925183683299215,-1.4715924249252879,0.003107035169845528,1.0
0.559873641424404,-0.6925167079331779,-1.47711285598419,-0.01973514753312104,1.0
0.5598736418612036,-0.6925148073588988,-1.4840060933082733,-0.007299329677652241,1.0
-1.7317881816080014,0.05405201124685283,0.0019243108618867194,0.004574006669056519,2.0
0.5598736404635096,-0.6925140282710154,-1.4717347204282962,-0.07150186821059835,1.0
0.5598736410227194,-0.6925139126907249,-1.4765694522003656,-0.0491374324854582,1.0
0.5598736416699548,-0.6925187972915547,-1.4786725603017117,-0.06664600867849545,1.0
0.5435648550757122,-0.9671908075569589,1.3324725576606573,-0.03791397344317504,0.0
-1.7317881811695564,0.054048248606522346,-0.0023074017912954946,-0.02283949211925384,2.0
-1.7317881815810416,0.054048830552450265,-0.0055016205280960335,0.010331393866707774,2.0
0.5435648545979397,-0.9671891543100287,1.3307028787130086,0.0384403443392287,0.0
0.5435648544542342,-0.9671876747351391,1.3293318826378362,0.056158009942689255,0.0
-1.7317881814765792,0.054050608106457405,-0.00256575720516549,0.02544133500404918,2.0
0.5435648550680822,-0.9671913530762067,1.3310202518877872,-0.02572602290083247,0.0
0.6271579204919238,1.607809829235849,0.161496703133807,-0.030225530378204996,3.0
0.6271579198958039,1.6078100016332004,0.15477000108930475,0.0566067021960474,3.0
0.5435648550877361,-0.9671902169257364,1.3373211081584597,0.02868997433837832,0.0
-1.7317881808662157,0.05405051654497186,-0.004820414746176298,-0.007406375465707494,2.0
0.5435648548556149,-0.9671879318083089,1.3300837470747726,-0.02680690032710411,0.0
0.5435648546175944,-0.9671882863823078,1.3270916341917793,0.050890994707722584,0.0
0.6271579193680683,1.6078133014152107,0.15930018059951787,0.004456625039065491,3.0
0.5435648547166244,-0.9671857147598849,1.3345672931912727,-0.024406124991022696,0.0
-1.7317881821264893,0.054050431317418615,0.000941477382902851,-0.003279169073431256,2.0
0.6271579199429569,1.6078123707907022,0.15929330219374652,0.059574822082349606,3.0
-1.7317881812027813,0.0540512592178957,-0.005510545691626509,-0.02292709435665021,2.0
0.5435648547436345,-0.9671881831514901,1.3374365145825726,-0.012610095537657793,0.0
0.5598736416036431,-0.692517992180111,-1.4787068879509588,-0.05286345103871344,1.0
0.5435648548583972,-0.9671890075793298,1.3349769835809728,0.011481497126998782,0.0
0.5598736414414645,-0.6925141690767709,-1.4751770764033085,-0.032842019027074135,1.0
0.627157920076211,1.6078113826194371,0.1585749430877731,-0.08553235530440373,3.0
0.5598736412871604,-0.6925141117287893,-1.4781225197692007,-0.0077255840944000665,1.0
-1.731788181235285,0.05404977123121914,-0.009420850902454234,0.05617235407952363,2.0
0.5435648557950369,-0.9671916839425726,1.3280707598960515,-0.026646899308834904,0.0
0.5435648542581482,-0.9671891103834191,1.332804961757841,0.03569844302527277,0.0
0.5598736416401286,-0.6925155696785891,-1.4826720961041173,0.008730887136414693,1.0
0.6271579193519462,1.6078116197183963,0.15834454517448562,0.04651882677454221,3.0
0.6271579207413353,1.6078110539536161,0.15863061109603338,0.006290947191334221,3.0
0.543564854273538,-0.9671881310255163,1.3357940632418606,0.005446747061702583,0.0
0.5435648541433872,-0.967190685264605,1.3331288619144657,-0.048068515971922465,0.0
0.6271579198134482,1.607810215561508,0.15407844806562637,-0.027784260603516655,3.0
0.5435648548497145,-0.967189544076218,1.330981482018334,0.009476633548004544,0.0
0.5435648544976244,-0.967192283404734,1.3317414099436409,0.0017043959791783149,0.0
0.543564854933678,-0.9671885875542928,1.3313873793690378,0.07737498469428715,0.0
-1.7317881812880167,0.054050891577724865,-0.0072586148008850805,0.010229742762805225,2.0
-1.731788181166335,0.05404886793334611,-0.0059185073641329095,0.04081715073907836,2.0
0.5598736409361569,-0.6925161745483615,-1.4798069457204377,-0.03430559698761185,1.0
0.5598736415849342,-0.6925179721738431,-1.478836112646183,-0.016389088211618538,1.0
0.6271579191514618,1.6078127115884833,0.16140083723586818,-0.01924679656957433,3.0
0.5598736410380013,-0.6925171517095313,-1.4805214272458853,-0.01844315060761078,1.0
0.5435648541983074,-0.9671874539484789,1.3320025832597557,0.0020205344093224124,0.0
0.6271579197253088,1.607815844088123,0.1610261026472935,-0.018504049027967213,3.0
0.6271579201217198,1.6078113986061335,0.16382088832557448,0.02204366873734668,3.0
0.543564854439985,-0.9671888283868041,1.3397876278220802,0.021716205881986507,0.0
-1.7317881812402234,0.05404882097543018,-0.0021109129893430506,-0.013590563895889755,2.0
0.6271579199206615,1.6078135776772926,0.15822011992804075,-0.04100962311525493,3.0
0.6271579201697897,1.6078128938536316,0.16422051808176877,-0.02376349576553848,3.0
0.5598736414724967,-0.6925168456334414,-1.4845769674423783,-0.018046040763262376,1.0
0.5598736418483065,-0.6925185102996044,-1.4754885198466774,-0.06573464422373901,1.0
0.5435648542269896,-0.9671904430343217,1.3214588934742284,-0.06353481323148442,0.0
0.6271579197000988,1.607813438843834,0.1542082183135198,0.0305304103566688,3.0
0.6271579188033587,1.6078097088562562,0.15500603566165447,-0.022023132563464047,3.0
-1.731788181425102,0.05404984685504049,-0.005016073423972511,0.015649676595129513,2.0
0.5598736416248524,-0.6925159324562172,-1.4814546034201903,0.018462571910741573,1.0
0.559873641615008,-0.6925169763190123,-1.484513220474922,0.0005468278583513982,1.0
0.6271579199645433,1.6078080758755213,0.15490937529139728,-0.0021801039399007623,3.0
0.5598736418917605,-0.6925174711381913,-1.4773631829397498,-0.04128723724302739,1.0
0.5598736414803438,-0.6925176324897958,-1.4775090684971495,0.02861713952566203,1.0
0.5435648545394612,-0.9671925962034525,1.3243740900957612,0.01957681537007017,0.0
-1.7317881813692704,0.054049679231783096,-0.005641024564897472,0.04334687174475498,2.0
-1.7317881815420813,0.054047972166058174,-0.009241706201107838,-0.020611421736682012,2.0
0.6271579188767674,1.6078133851361192,0.1591417058012415,-0.04217857970798804,3.0
-1.7317881813215774,0.054050866350918804,-0.008161388116856624,0.06145114107582264,2.0
0.5598736413372419,-0.6925163347732884,-1.482157911532421,0.005878836143327019,1.0
-1.7317881817479943,0.0540529203558542,-0.003969287162086492,0.023912577898513875,2.0
-1.731788181583838,0.054052908194570995,-0.0019356775125881542,0.028271770749832146,2.0
-1.7317881811544809,0.054050004273772906,-0.007138264836597209,0.024488502735757152,2.0
0.5598736414910791,-0.692513994579546,-1.4725241464697383,-0.07218129347899849,1.0
0.5435648543132535,-0.9671909302880113,1.3348554662472085,0.027923197696897606,0.0
0.5435648550796945,-0.9671879845683464,1.3305745378638962,-0.017795705301592427,0.0
0.5435648543135233,-0.9671897123533273,1.3253423087638438,0.014075157924263573,0.0
-1.7317881814795628,0.0540532511484791,-0.008121052258673227,-0.009090799206156831,2.0
0.6271579194686654,1.6078098700624808,0.1623558251705539,-0.03353527985898212,3.0
0.5435648551884706,-0.9671890916872204,1.3359160594598458,-0.019620502073084353,0.0
-1.731788181697841,0.05405234122330222,-0.01237742101824858,0.03331487703806759,2.0
0.6271579197325843,1.6078145955882033,0.1598389828806658,-0.016016374573235043,3.0
-1.7317881813945295,0.054047655042654075,-0.00570276810741884,-0.07057452960344597,2.0
0.5598736411729213,-0.69251881045657,-1.4727404477481763,-0.031422750485623686,1.0
0.6271579201476859,1.6078124103182945,0.15923121080826522,0.022483712800548682,3.0
0.543564854202079,-0.967187777065479,1.33236582424995,0.025410993169084715,0.0
0.5598736416180377,-0.6925177649981897,-1.4826530254508716,-0.07580048985755071,1.0
-1.7317881810084284,0.05404972400211903,-0.0073284422353415875,0.025197681691098057,2.0
0.543564855079446,-0.9671897434328751,1.3340679851614299,-0.0437450050705068,0.0
0.6271579199855655,1.6078109252604715,0.1614328499393804,0.01331083229730923,3.0
0.5598736414322913,-0.6925177686931849,-1.4828593579890061,-0.03933727408923374,1.0
0.5598736415959977,-0.6925158630139672,-1.4808819529520039,0.02750352727338555,1.0
0.5598736411329668,-0.6925174739427215,-1.476541921440662,0.030840353066879614,1.0
-1.7317881811462128,0.054048996827818996,-0.006541003572596487,0.002121801738952289,2.0
0.6271579200874626,1.607810614732223,0.1643453947913126,0.00040019953671743217,3.0
-1.7317881806128859,0.05405024508624615,-0.004089519209715429,0.02614200520969865,2.0
0.627157920205937,1.6078116935585618,0.15388614377597565,0.04053026495039629,3.0
0.5435648548656236,-0.9671893250746717,1.3309173405448307,0.023165792582094853,0.0
0.5435648544006371,-0.9671876048848004,1.3330735174486799,0.003932414140903182,0.0
-1.7317881809625613,0.054052544363153564,-0.004161312039072663,0.015337273130329517,2.0
0.6271579197392525,1.6078096243444668,0.15913683860013558,-0.04103596342422301,3.0
0.5435648553341362,-0.967189374198979,1.3275285915057655,0.0794156616304374,0.0
0.6271579198248155,1.6078126813361024,0.15723898777298612,-0.024117378155697335,3.0
-1.7317881812288416,0.054052159751397696,-0.002314107629373182,0.04953930758054243,2.0
0.6271579203421769,1.6078111017306598,0.16158746747304342,0.011539778459258453,3.0
-1.7317881816791627,0.054049898789915084,-0.007634062391754706,0.0645261399855828,2.0
-1.7317881821037708,0.05405160682501286,-0.0018113313665445209,-0.03489871276794556,2.0
0.6271579205291504,1.6078101155156101,0.1615329053798519,-0.023985674261257403,3.0
0.6271579197115575,1.6078126216005941,0.16744212130477373,-0.04251745584485353,3.0
0.5435648552379387,-0.9671905309787738,1.3332363748463072,0.036752017856742175,0.0
0.6271579202339446,1.6078105131904767,0.15963931306189133,-0.04261378932670403,3.0
0.627157919808826,1.6078096976478646,0.1653305193207657,0.022727744660977364,3.0
0.543564854823067,-0.9671917265480308,1.3406225165332912,0.050655568908740005,0.0
0.5598736413381934,-0.6925173319714939,-1.4776150684449978,-0.0240233238540147,1.0
0.5435648548567105,-0.9671912441662248,1.3296389952237928,0.019816447153113693,0.0
0.559873641879779,-0.6925147507512971,-1.4830150004189735,-0.039565747319978625,1.0
0.6271579194392081,1.6078091787192073,0.16049997167432806,0.013237809107731304,3.0
0.559873641588655,-0.6925160740515597,-1.483322305666468,-0.0586239944188887,1.0
0.6271579205258195,1.6078107894122384,0.1610424286824374,0.010342728156931425,3.0
-1.7317881819208265,0.05405042839083119,-0.00018251540325835773,0.034318176975901366,2.0
0.543564855176729,-0.9671921692054531,1.3314674755032638,0.05146209775734952,0.0
0.6271579201418488,1.6078107557042833,0.1579140555938941,-0.000383184599883352,3.0
-1.7317881812948386,0.05404986582431432,-0.0025102350636040517,0.030925692637693902,2.0
-1.7317881812046256,0.05405111880242727,-0.008992043582989532,-0.0026766727747094877,2.0
0.559873641956595,-0.6925179468482776,-1.4773955809485744,-0.005590037959383925,1.0
0.5435648543093623,-0.9671885097704191,1.3337392068797351,-0.004307697298785353,0.0
0.5598736420692152,-0.6925169758024133,-1.4796447944310693,0.0014183560331608492,1.0
0.5598736415958739,-0.6925152202297654,-1.483545256108712,-0.015288643358886873,1.0
0.5435648548100921,-0.9671874375238564,1.330667922513468,-0.03284483466322949,0.0
-1.731788182075375,0.054048809793371774,-0.008888919903663332,0.037779011987568334,2.0
0.543564854301841,-0.9671885930747796,1.3303606938337467,0.06608303985914256,0.0
0.5435648550582775,-0.9671910868129416,1.3274590997694653,0.011054795605409324,0.0
0.5598736411689114,-0.6925143094739173,-1.4776083013240011,-0.047292071289098354,1.0
0.5435648550785895,-0.9671875249156947,1.338175853165108,0.0067073919500455405,0.0
0.5435648544327463,-0.9671921413746312,1.3336886834676223,-0.0244626761415976,0.0
0.6271579197664082,1.607810776410837,0.15513970530706317,-0.0008506162471425145,3.0
-1.7317881817654197,0.05405159116914753,-0.009707870570004544,0.025440199224053918,2.0
0.5598736414631149,-0.6925191619289246,-1.474337925948878,0.021425546101444107,1.0
-1.7317881809620783,0.05405056775792033,-0.007800058110099953,0.07130312568915384,2.0
0.5435648547326166,-0.9671877516111875,1.3284403101359927,-0.051459948365801735,0.0
0.5435648543214913,-0.967190019894439,1.3358996199704207,0.03443390449945406,0.0
0.5598736416474746,-0.6925158203038533,-1.4703974515725486,0.01537093126470343,1.0
0.5435648546439497,-0.9671888222594338,1.3363190738249517,-0.08639362678036323,0.0
0.6271579206187258,1.6078121283088003,0.16399792161862561,0.011279457599982024,3.0
0.5435648550236226,-0.9671877810999897,1.3297300315868323,-0.03991460037357789,0.0
0.5435648551475107,-0.9671900945664533,1.3248988454755737,0.03832259443238213,0.0
-1.7317881804658568,0.05404756653794504,-0.008379210587877089,0.001115527059387854,2.0
0.5598736420119026,-0.6925188551364387,-1.4807307913378107,0.017404390499618665,1.0
-1.731788181552412,0.054050728273261704,-0.007876733387044067,0.013299770216758535,2.0
0.5435648548253184,-0.9671877173493697,1.3377861693581043,0.002495990238442853,0.0
-1.7317881810436693,0.05405138368646356,-0.005238133661544307,-0.006575973457593963,2.0
0.6271579197010744,1.6078103610261185,0.16307537554124907,0.0003205029842750828,3.0
0.5598736411604813,-0.6925141735507506,-1.4807788375172655,-0.011166550013854788,1.0
0.5598736411142246,-0.6925157282384888,-1.4772466337405683,0.029466495236905144,1.0
-1.7317881806694047,0.05405158117159848,-0.00539607950908231,-0.021332055539632303,2.0
0.5598736411564641,-0.6925163513908207,-1.4811248990849384,-0.0032613697604833396,1.0
0.5598736412527854,-0.6925193598607815,-1.4805897729219837,0.05879630755476154,1.0
0.5598736410459972,-0.6925175212083186,-1.4776357809966087,0.00304515761020203,1.0
0.6271579203021764,1.6078089634638748,0.16029428523811,-0.029087066976295057,3.0
0.5598736418183341,-0.6925189155618283,-1.4790140583854197,-0.035412144047981375,1.0
0.5435648549722902,-0.9671911220778008,1.3334863984904513,0.01355882677909501,0.0
0.627157919825802,1.6078120293102867,0.1669688513488726,0.03839219125810895,3.0
0.543564855044204,-0.9671860180002604,1.3244923074979658,-0.016822564651736593,0.0
0.5598736417959291,-0.6925179302219032,-1.4718988659017163,0.017558871374783715,1.0
0.5435648556371785,-0.9671936707154464,1.3380744332398913,0.01024151549122524,0.0
-1.7317881814528047,0.05405026137546558,-0.005109878495068988,-0.0076622531217717385,2.0
-1.731788181829422,0.054049606582952214,-0.002965610264055583,0.013239059355483083,2.0
-1.731788180716245,0.05405147347116853,-0.006183494174327259,0.011807359184000053,2.0
0.5598736409209693,-0.692515845092317,-1.4867399361619134,-0.049850056144218044,1.0
0.6271579202786913,1.6078137295587585,0.1621190572735206,-0.02651393092775153,3.0
-1.7317881810095528,0.054047486897528474,-0.0012706216674876817,0.061608484146351276,2.0
-1.7317881807989688,0.05405127228860506,-0.006085240213377202,-0.0037638815823024903,2.0
0.5598736407341265,-0.6925141164259204,-1.4791804444029786,-0.02229615637062407,1.0
0.5598736412346191,-0.6925152430081969,-1.473167732162084,0.03133810371067962,1.0
0.5435648544965468,-0.9671875521091274,1.3306211518382463,0.02811927018005779,0.0
0.5435648544527102,-0.9671945430308293,1.343904589995098,0.015028656325495285,0.0
0.627157920357713,1.6078117009820276,0.15639599631845136,-0.05079076759771549,3.0
-1.7317881817631005,0.05405025520386763,-0.001209981653024887,0.007973693013243755,2.0
0.543564854987745,-0.9671879261903293,1.3306338523203098,0.007999104485791294,0.0
0.5598736414681302,-0.6925160157661365,-1.4852622518233716,-0.08519100436256037,1.0
-1.7317881809626783,0.0540503861641985,-0.006996985456574469,0.012782331332849261,2.0
-1.7317881812870048,0.05405078135612775,-0.007077116123234327,-0.009411233073847707,2.0
0.5598736413435057,-0.692514513904698,-1.4717004232620519,-0.0664320068957638,1.0
-1.7317881810882252,0.05405067479959242,-0.005323230930685668,-0.014309474665680926,2.0
0.5598736418119274,-0.6925170676049598,-1.4834770505116381,0.004037437671188362,1.0
0.5435648543729038,-0.9671929849894053,1.3418478970325622,-0.016312998615029373,0.0
0.6271579206645385,1.6078139850364839,0.15853634837093764,-0.01898419903373386,3.0
0.559873641273858,-0.6925155936230261,-1.4769482585597953,0.04048971394638141,1.0
0.5598736415727535,-0.6925158198860858,-1.4753093586133117,0.05358599311654491,1.0
0.5598736417794691,-0.6925170185989415,-1.4806035888840403,-0.030314936512031456,1.0
-1.7317881809696951,0.0540489403533133,-0.004930449076933232,0.01502422672571329,2.0
0.5435648545162971,-0.9671885114938761,1.3354965249881596,-0.001227890229107789,0.0
0.6271579198482703,1.6078127416158703,0.1576978310135585,0.019638636449428294,3.0
-1.7317881812422795,0.05404933356649326,-0.004329100252894339,0.033572588477334714,2.0
0.6271579196592749,1.6078121698901335,0.15670513145201556,0.05319152868186175,3.0
0.5598736414751299,-0.6925154092492176,-1.4724641195259967,-0.014793033040968654,1.0
-1.7317881816748117,0.05404980155410214,-0.007517615143810158,-0.0055979543522277405,2.0
-1.731788182169245,0.05404811239807289,-0.007406942084347998,-0.020294751084042616,2.0
0.6271579195582738,1.6078126963920463,0.1613410368239731,-0.010375657521005242,3.0
0.5435648542809455,-0.9671905993641865,1.3333987611842815,0.006975261755850618,0.0
0.6271579196841047,1.6078104485551543,0.15619072931582292,-0.05006598930560946,3.0
0.6271579199408565,1.6078107840341413,0.16053119675625663,0.027550718174611848,3.0
-1.7317881813338414,0.05404968522281414,0.001979148241450616,0.0679395137200313,2.0
0.5435648547534762,-0.967190417601444,1.3371039457775238,0.028395929156063548,0.0
0.5435648545962386,-0.9671877962252386,1.3302126493956155,-0.0045184658378801534,0.0
-1.7317881813052285,0.05404745482231736,-0.001659979973887023,-0.022666521357472203,2.0
0.6271579202661746,1.6078118197986024,0.1590539683749323,0.03097186746401886,3.0
0.6271579202494137,1.6078127857200366,0.1537799921493551,0.014831099497861648,3.0
0.5435648542867263,-0.9671929161029694,1.3358570670160754,0.0010135026582187186,0.0
0.5598736420484164,-0.6925194654283232,-1.4829698128333944,0.021412228018291575,1.0
0.6271579196895553,1.60780977727955,0.15776038058686373,0.03487080017484548,3.0
-1.7317881816907872,0.054049231578375705,-0.005139154068443608,0.011223337094810328,2.0
0.5598736413998993,-0.6925172801465405,-1.4831837415796842,-0.08615067232953726,1.0
0.5598736420199154,-0.6925172953153745,-1.4807495879105779,0.008093828494822937,1.0
0.5598736417622239,-0.6925149477222201,-1.478720974571845,-0.023517956054932555,1.0
-1.731788182267881,0.054051165147038976,-0.010098092253765054,-0.04995548114361706,2.0
-1.7317881814877794,0.05404952273812818,-0.009504277207466766,0.01857183472373122,2.0
0.6271579202836602,1.6078104815472656,0.15722067976716889,0.03417853470390081,3.0
-1.7317881807824322,0.05405161122094655,-0.005909849408199721,0.06994456524389181,2.0
0.6271579202178664,1.6078116692646958,0.1613962328233491,-0.006320865036458856,3.0
-1.7317881816878022,0.054047682058693924,-0.00393714959895593,0.04403595273202339,2.0
0.5435648546355176,-0.967188749315916,1.332123192871409,-0.007456713445456677,0.0
0.5435648551372082,-0.9671898490505734,1.3291638762197242,-0.029759664828406238,0.0
0.5435648549445289,-0.9671909475579265,1.3257930863827088,0.017644171669863973,0.0
0.6271579195839433,1.607812358428908,0.15560613656927103,-0.04809482047778595,3.0
0.6271579195064734,1.6078109183818565,0.158126296187389,0.011932274875270758,3.0
0.6271579204594254,1.607809052718317,0.15769908299590651,-0.046250757727199214,3.0
0.5598736414125325,-0.6925116500769618,-1.4800777188922347,-0.008762632261102531,1.0
0.5435648545636314,-0.9671913008934641,1.3396400105933102,0.00621703096749562,0.0
0.5598736415485788,-0.6925168862799316,-1.4778651691049451,0.02435077232839902,1.0
-1.7317881817617045,0.05405318849310422,-0.0005797096750461602,-0.02949043891991139,2.0
0.5598736418243062,-0.6925186385208055,-1.4776717595276416,0.006114903497275115,1.0
-1.7317881810338633,0.05405064931974081,-0.0008963521315020032,0.08286521430444488,2.0
0.5598736412746639,-0.6925170751866648,-1.4786058192119778,0.03606917693577475,1.0
-1.7317881804945514,0.05405113725967737,-0.011312833043577906,-0.016397423566002264,2.0
0.5598736418231747,-0.6925127562949445,-1.4776548136386873,0.002088220722598141,1.0
0.5435648548016178,-0.9671907725242858,1.3297908985291924,0.01734906780937863,0.0
-1.7317881812421623,0.05405329148459129,-0.00721482789490613,0.04299467831847208,2.0
0.5435648545442995,-0.9671884578341571,1.334376347845401,-0.046711479172719936,0.0
0.5598736410917176,-0.6925159465549477,-1.4791009913456563,0.03533634751352055,1.0
0.6271579197315359,1.6078112365767374,0.15901051517654322,0.001376324005549937,3.0
-1.731788181524764,0.05405195496059431,-0.0056078410725485155,-0.03356011865947469,2.0
0.5435648548051528,-0.9671929941422912,1.3295672802743734,0.04409475069840795,0.0
0.5435648548475215,-0.9671909409859174,1.3280050402508583,-0.020533031311467585,0.0
-1.731788180875323,0.05405131664835888,0.0003350020659644582,-0.004571372547384202,2.0
-1.7317881820770606,0.0540507621224355,-0.0029426923887968573,0.028658894440154487,2.0
0.5598736409160353,-0.6925168859831182,-1.4767055816567347,-0.012962561373310063,1.0
0.5598736414693427,-0.6925188747257948,-1.478622223651098,-0.013682439167299214,1.0
0.6271579201833675,1.6078135030112541,0.16136099040366958,-0.023230846439452425,3.0
0.5435648553829828,-0.9671927319571271,1.3324050362657476,0.009512798055069367,0.0
0.6271579196137478,1.6078083288641474,0.15470543966980987,-0.003928299734367007,3.0
0.5435648541823145,-0.9671887606216657,1.331503901498792,0.01018036450845663,0.0
-1.7317881819286127,0.0540501923623423,-0.008638953176030873,-0.004519141618445354,2.0
0.5435648551347579,-0.9671880911338131,1.3320451456424838,0.002506997644555998,0.0
-1.7317881803443733,0.05405200391183562,0.0010533402790518893,0.061723743602583515,2.0
0.5598736411946333,-0.6925173583071589,-1.479852670373017,0.014148313045923878,1.0
0.55987364167566,-0.6925164996539225,-1.4788851122445472,-0.006927903027530021,1.0
0.6271579196152405,1.6078145590918833,0.16074710266023964,0.023164493549028307,3.0
0.5435648555071517,-0.9671916643470847,1.3361148770128468,0.019098482473069858,0.0
0.5598736413223216,-0.6925166817174561,-1.4795573851119825,0.011279820672355034,1.0
0.5598736409151266,-0.6925165233252725,-1.4748399747300391,-0.020166656636836332,1.0
0.543564854866443,-0.9671917546095223,1.3294919970212065,-0.005738686767752579,0.0
-1.7317881822808028,0.05405155009702475,0.0012866006364434528,-0.014795331350117466,2.0
-1.7317881818569598,0.054052892195726475,-0.0034575066314667543,0.02901648102918513,2.0
-1.7317881812443934,0.05405015298612068,0.001179634768688154,0.05225886847400496,2.0
0.5435648547531775,-0.9671905632602263,1.3349800884645038,0.005115980846328709,0.0
0.6271579202475581,1.6078128707952373,0.1605016368535035,-0.012504785657769073,3.0
0.5598736414948032,-0.6925161430547261,-1.4809275585741775,-0.12456935450967688,1.0
0.5598736414181821,-0.6925147758157166,-1.4838101186704329,-0.008753986895935068,1.0
0.5598736413139834,-0.6925165094884147,-1.4817819097978002,-0.016302594873592893,1.0
0.559873640497167,-0.692515156953811,-1.4821998667729124,-0.02669041702203794,1.0
-1.7317881817131864,0.05405222080481502,-0.007619694762215549,-0.021686573768245804,2.0
0.6271579190753639,1.6078100403644988,0.16095486659988,-0.08185049138068952,3.0
0.5435648552297501,-0.9671909841913338,1.331654762524986,0.05830194882001675,0.0
-1.7317881815744474,0.054048676022454924,-0.011814624649718065,-0.047177462325694045,2.0
-1.73178818147587,0.05405117883024811,-0.012022574534948167,-0.069942397429927,2.0
0.5598736415416135,-0.6925166596891299,-1.4762700806449258,-0.059948435890899966,1.0
0.6271579191763916,1.6078088913784259,0.16810214690093453,0.04456555065958389,3.0
-1.7317881814261633,0.05405060033203552,0.0029834417782390486,0.03590972680425453,2.0
0.5598736415018949,-0.6925155860354637,-1.4780050006734984,-0.045289632761636736,1.0
-1.7317881811750226,0.054049604226691556,-0.018938011748191465,-0.00691053518122713,2.0
0.5598736413694354,-0.6925145567143547,-1.4793853588983716,-0.0016795388678709099,1.0
0.627157919393408,1.6078118561467378,0.16190729808539595,-0.011478822258059301,3.0
0.6271579202400911,1.6078109483740528,0.15923734326110411,0.039066404635166314,3.0
-1.7317881809199707,0.0540497015718308,-0.008138018163695155,-0.005929007090979033,2.0
0.5435648544476824,-0.967189603934571,1.331929514155437,-0.04678417145259995,0.0
0.6271579202154813,1.6078108849475923,0.15768368034569713,0.03494861006677157,3.0
0.5435648553042144,-0.9671893847850223,1.3396414050320877,-0.018739536418491805,0.0
-1.7317881813430769,0.05404566036327274,-0.0028903634564373315,0.00787615203524574,2.0
0.627157919761129,1.6078090949370023,0.15871325920013815,-0.004825200626702788,3.0
0.6271579199850698,1.6078088250838007,0.1619137541600986,-0.06792757376253411,3.0
-1.7317881815450917,0.05405127299910409,-0.0035722130406902314,0.06734736989616766,2.0
0.5435648545104421,-0.9671891821858882,1.3256455287990445,0.015006442487724777,0.0
-1.7317881815133165,0.05405020850218883,-0.00682512659264431,-0.023867989161354696,2.0
0.5598736414847871,-0.6925149132135134,-1.477068810207912,-0.038120363843297936,1.0
-1.7317881812356026,0.054047176406897636,-0.004608016869678169,-0.00924788971252144,2.0
0.5598736410901499,-0.6925150748445743,-1.4796187002842132,-0.00920809870959555,1.0
0.6271579202941334,1.6078099909560035,0.16550221742353544,0.05397415053881503,3.0
0.5598736421489324,-0.692515874088657,-1.4827541561155133,0.027845962164755905,1.0
0.5598736408291562,-0.6925160874803121,-1.4752741531559694,0.01976511016619107,1.0
0.6271579201970452,1.6078127757119889,0.15516055526088035,0.016822428417612934,3.0
0.5598736407127529,-0.6925168193983244,-1.4732004070655884,-0.05083894834609426,1.0
0.5435648545834129,-0.9671907059902405,1.3300032337505205,-0.05680271227559207,0.0
-1.731788181712169,0.0540469959775518,-0.0002831306549390653,0.08497680637930764,2.0
0.5598736416385701,-0.6925159603743132,-1.4765743227623047,-0.015164191216603593,1.0
0.5598736415279133,-0.6925121317229967,-1.4872152381294834,-0.0037762434904252727,1.0
0.5435648547774378,-0.967189308726195,1.3328959821630673,0.08448601278339868,0.0
0.5598736414278953,-0.6925175102541166,-1.478667152372035,-0.030585949353262313,1.0
0.5435648538174693,-0.9671882998136929,1.3310784909411748,0.02441363375088451,0.0
0.627157919818113,1.6078128172029285,0.16648063470921798,0.01395139802245948,3.0
-1.7317881817194571,0.05404947016289942,-0.003501502399035644,0.10133612918808127,2.0
0.5598736413951932,-0.6925138426272224,-1.4811423657849931,0.02290722714169629,1.0
0.6271579199624056,1.6078123532494242,0.15896243280383915,-0.029852940940928684,3.0
0.5598736417067373,-0.692516494873629,-1.471372422059754,0.008490226304809865,1.0
0.5435648553228265,-0.9671881146017406,1.3342433864620031,0.0693039861143288,0.0
0.5435648544501782,-0.9671896044559853,1.330810712327224,-0.019371529229757663,0.0
-1.7317881810346956,0.05405080617296836,-0.0008575039019752219,0.06118857294059052,2.0
0.6271579201840817,1.6078098622276256,0.15958849905062664,-0.021210433445040987,3.0
0.5435648543742515,-0.967188300445807,1.3321012212042034,0.018635542635468284,0.0
0.5598736422081062,-0.6925146594864853,-1.4806454186816207,-0.07347584253607034,1.0
0.5435648550510687,-0.9671889345508093,1.3367364235888703,0.009414026828423508,0.0
0.5598736417533361,-0.6925151659030139,-1.4825049134452666,-0.06215031639251734,1.0
0.559873642253514,-0.6925140205469941,-1.48278701995921,-0.07695399354223657,1.0
-1.7317881810372027,0.05405175447436644,0.006702800225287097,0.014893081979442188,2.0
0.5435648547358242,-0.9671898634153626,1.3383069574326203,-0.0025381575847512237,0.0
0.627157919904892,1.6078110743053984,0.15615383716042266,0.0099050466887472,3.0
0.5598736415537106,-0.6925177478466255,-1.4805350728374431,0.005617288848429822,1.0
0.5435648547179752,-0.9671892994258913,1.3358418326070627,0.017849085447816607,0.0
0.6271579202578313,1.6078124126193427,0.15608827821973006,-0.08298913308288451,3.0
0.5435648548292878,-0.9671905324092569,1.3282471328253218,0.09809098734024849,0.0
0.6271579199039613,1.6078129279672102,0.16849640503340083,-0.012787040482960955,3.0
0.5598736412601056,-0.6925172242220612,-1.4787775219224193,0.006066476708527815,1.0
0.6271579190274879,1.6078112191442793,0.1644394955876387,0.03956809605842292,3.0
-1.731788181386377,0.054049192275404355,-0.006779557556108327,0.08016608664160098,2.0
0.6271579201131527,1.6078101153884043,0.15807171888463856,0.010232825427087653,3.0
0.5435648552058543,-0.9671885810429505,1.326695421148737,0.010320436973729264,0.0
0.6271579191525968,1.6078118560996553,0.15695404112401407,0.00016115079467062915,3.0
0.627157920549805,1.6078130574512144,0.1620477849952484,0.013495245281297493,3.0
0.6271579200038918,1.6078105201476633,0.16274891222211949,0.004578425224096586,3.0
0.5435648549065609,-0.9671898072483831,1.3311338096878815,-0.04106187457505398,0.0
0.5598736408508176,-0.6925113677003542,-1.4835341506071273,-0.04003021188189681,1.0
0.6271579201930185,1.6078094367644347,0.15954742743932288,-0.03082239570027481,3.0
0.5598736414689865,-0.6925162270098114,-1.4796401328049271,0.02850517573663187,1.0
0.5598736414255152,-0.6925174276547879,-1.4811800723288404,-0.03150601717213303,1.0
0.5598736411434196,-0.6925150096454761,-1.4728220513752148,-0.01846005368473264,1.0
0.5435648550594879,-0.9671869452650523,1.3284051769376772,0.0016218417883427168,0.0
0.5598736418064614,-0.6925169353558616,-1.4799092804912823,-0.046276795357468425,1.0
0.6271579199790422,1.6078116493202648,0.16135511612060557,0.012132694761508273,3.0
0.6271579194875188,1.6078082909394065,0.1646825430173342,-0.021107602884428898,3.0
-1.7317881813834357,0.054049166698485,0.0021179714115220766,0.06354724756829151,2.0
0.5435648543060346,-0.9671906982124864,1.337165965379549,-0.004895376537173071,0.0
-1.731788181882675,0.054051315468206414,-0.0003814150837637098,-0.014775121142531511,2.0
0.6271579193769236,1.60781008443832,0.16391730817926564,0.021182938666226322,3.0
0.6271579193923605,1.6078089706699048,0.15661143816324008,-0.030146174403711232,3.0
-1.7317881809885713,0.05405222778970105,-0.007014025105668383,0.003766366011216473,2.0
0.5598736415314369,-0.6925147396878842,-1.4816793697826152,-0.0563611319247988,1.0
0.5435648550378578,-0.9671888161882605,1.3374467805751353,-0.04275759019159927,0.0
-1.7317881816288119,0.05405079912243114,-0.006408951120558625,0.004091201628475243,2.0
-1.7317881813007934,0.0540510392681966,-0.0046736327513276985,0.017160185250804212,2.0
0.6271579196902303,1.6078093316418032,0.1605435966300989,-0.012405372272850969,3.0
0.6271579198211963,1.6078103953079645,0.15823099066318025,0.013504156416823208,3.0
0.5435648547245155,-0.9671906052271451,1.3312853680286825,-0.005614454007666155,0.0
-1.7317881817826164,0.054048489364086315,-0.002123121072630253,-0.025439680841220568,2.0
0.5598736415118203,-0.6925144470430842,-1.481387365782866,0.013473484682496302,1.0
-1.731788181193474,0.05405032783514978,-0.008521199188123954,-0.03131449752769862,2.0
0.54356485501483,-0.9671886410771844,1.3334982704993488,-0.02928357802264065,0.0
-1.731788181557733,0.054050178854140166,-0.0010113790492637291,-0.025147958139422586,2.0
-1.7317881815396627,0.05404939067469892,0.0002940690558375182,-0.0007023533161422715,2.0
-1.7317881816223115,0.05405122306170838,-0.006701285571697947,-0.018426003863582265,2.0
0.5598736412465085,-0.6925149198859525,-1.4797474662721033,-0.010556666245571234,1.0
0.6271579195991561,1.6078122179840413,0.15986607696171068,0.04530150911359372,3.0
-1.7317881818238157,0.05404820125920518,-0.004560358991636499,-0.04792328731779551,2.0
0.6271579199924697,1.6078127838816836,0.15694611395148528,0.046752269868335625,3.0
0.5598736412732543,-0.6925179965877294,-1.47657163917235,-0.019903665236030547,1.0
-1.731788182018996,0.054053341960980196,-0.002808496066407681,0.017276390073240687,2.0
0.6271579194380991,1.6078084910348065,0.159643379483171,-0.036768840706205515,3.0
-1.731788181936147,0.05405070460220672,-0.008608751385551212,0.016062070724148243,2.0
0.6271579200262167,1.6078139898611947,0.17075390764384482,-0.003572025546339701,3.0
0.5435648546447813,-0.9671865530281833,1.32965708453586,0.021478503368990248,0.0
0.559873641094135,-0.6925131810013463,-1.479715186877097,-0.01852123235749878,1.0
-1.731788181280075,0.054051510385028395,-0.007393855378813993,0.04584868720806897,2.0
0.5598736417244368,-0.6925174977782299,-1.4775894871336435,0.03258454973281335,1.0
0.6271579194692749,1.6078153291646804,0.162649219559441,-0.007020893081981282,3.0
-1.7317881811300044,0.05405328487145364,-0.005162406811670444,0.07467547647597861,2.0
-1.7317881817402656,0.05405485542975935,-0.008210426208735019,-0.013846173466622501,2.0
-1.7317881819184109,0.05404783391332763,-0.0033772240236759846,-0.010030500523795767,2.0
0.5435648545941961,-0.9671918225767063,1.3295621113656404,0.014187599449461945,0.0
0.5598736413826595,-0.6925184952714819,-1.4846332455068771,0.004953856811688249,1.0
0.5435648547172285,-0.9671894846938254,1.3306118172165933,-0.002195562402814774,0.0
0.6271579203191818,1.6078130876368508,0.15675102361341972,-0.030432356708820368,3.0
0.5598736416601374,-0.6925148353672402,-1.480091903369307,0.03852477066898755,1.0
0.5598736414781418,-0.6925154477972394,-1.4826552671900668,0.016054408792260493,1.0
0.5435648550713257,-0.9671925195784251,1.3288435608067244,0.05507718742630814,0.0
0.6271579197824204,1.6078128068922226,0.16182031073728653,0.0058012049437926,3.0
0.543564854508891,-0.9671886716037469,1.331364604907938,0.00025463298287330913,0.0
0.5435648544601258,-0.9671915505683759,1.3331088227201562,0.0243107911810254,0.0
0.5435648552816776,-0.9671919259794903,1.3315184180986699,-0.00229739360413163,0.0
-1.7317881814894416,0.054050174419766665,-0.008658625999308927,-0.05767649054081196,2.0
-1.7317881817635021,0.054049267570919046,-0.001926584571913753,-0.008744532070339242,2.0
0.6271579206611066,1.6078102645906551,0.15768863884369153,0.010893595261101296,3.0
0.5435648541327077,-0.9671873317372948,1.3395292491527138,-0.04975816445094792,0.0
-1.7317881812873637,0.054051390172570685,-0.007547009656838141,-0.008179446336057295,2.0
0.6271579200008458,1.6078090012751487,0.16180266624190986,-0.0030566966867985605,3.0
0.5598736416067146,-0.6925123585238692,-1.4822310176006737,-0.0615294346167945,1.0
0.6271579202199525,1.6078117412870785,0.16549843072923603,-0.018545686146202132,3.0
0.627157919865292,1.6078098223152704,0.1631849443200992,0.019294240802945332,3.0
0.5598736415592899,-0.6925171947607452,-1.4766002379370096,-0.05012054674413353,1.0
0.5435648541178432,-0.9671909263255217,1.3343348609849843,-0.04398067008390308,0.0
0.5598736409490539,-0.6925186566607529,-1.4743299658541653,-0.055919055623014774,1.0
0.6271579204678017,1.6078094429609993,0.1626635739228934,-0.005427721580056748,3.0
-1.731788181153538,0.05405151988708821,-0.01126237993858971,0.023412662802283064,2.0
0.5435648548494629,-0.967190109470107,1.3308851774545345,0.045297529082541046,0.0
-1.7317881811867253,0.0540539362391133,-0.011491116877103594,0.02307498384807953,2.0
-1.7317881815453675,0.05404853833957662,-0.002254572740737156,-0.018118926041557768,2.0
0.5598736414988266,-0.6925150668520037,-1.4849201824211922,-0.03139572287227714,1.0
0.6271579200752234,1.6078114845604596,0.1576005670571126,-0.0336239585279941,3.0
0.5435648554612836,-0.9671911338627633,1.3310121253221698,-0.015788743231569285,0.0
-1.731788182068576,0.05405070584937432,0.0003925745301460502,0.0396909669663466,2.0
0.5435648551727397,-0.9671889676865626,1.3396319615166523,0.004764592981482319,0.0
0.6271579199518343,1.6078111450460089,0.16564018851523843,-0.025821847234694866,3.0
0.5598736411784142,-0.6925153763122661,-1.4754579727989998,-0.05915299393961653,1.0
0.5435648544109821,-0.9671904085689765,1.336530413242278,-0.016554407745334263,0.0
0.6271579201374525,1.6078096646464195,0.16084853716541495,-0.005065244359073483,3.0
0.6271579199551964,1.6078113120187805,0.15601336613075398,-0.013557241874197356,3.0
-1.7317881820071468,0.05405128268142897,-0.002988563175252992,0.0120328119369667,2.0
0.5435648551956951,-0.967187760115739,1.3340965393359974,0.057990926633307086,0.0
0.5598736407304414,-0.6925155139334749,-1.4792167819038815,0.023826866666902393,1.0
0.5598736410274349,-0.692513175829809,-1.4813951341031244,-0.07857913691986369,1.0
-1.7317881813114995,0.05405246995798801,0.00016063929277824175,-0.025411400058403432,2.0
-1.7317881816720653,0.05404918285551788,0.00043407945041889487,0.008587679470466104,2.0
0.5435648545541353,-0.9671868035829839,1.3323068983286206,0.03176531679086455,0.0
0.5435648545885584,-0.9671906159084201,1.3373568187135558,0.07049404334249397,0.0
0.559873641587781,-0.6925146701615538,-1.4698987049724554,-0.07505655685188488,1.0
0.5435648538609076,-0.9671912226332516,1.3284650418820148,0.0029289543389758167,0.0
-1.7317881817861767,0.054049613276141314,-0.004961336838624215,0.057468122077851756,2.0
-1.7317881817879568,0.05405349032183147,-0.012873655421527167,-0.03268995866596311,2.0
0.543564854559341,-0.9671886404777819,1.3376738001951807,-0.021555835790834962,0.0
0.6271579200131788,1.6078133021064973,0.15742080401988384,-0.035641127432435304,3.0
0.5598736408568173,-0.6925148701363271,-1.4764783882477823,0.008384731691553479,1.0
0.5598736418175831,-0.6925126672864759,-1.4763048957995486,-0.04225254219831217,1.0
0.6271579195700505,1.6078138438405085,0.16423925679577203,-0.04317185065362842,3.0
-1.7317881814134175,0.054049642817039195,-0.004224852352602961,-0.02397693246216091,2.0
0.5435648550053369,-0.967187827582938,1.3329833324223297,-0.033934933696318746,0.0
0.6271579198310727,1.6078092900662335,0.16291474039410178,-0.05450441519068717,3.0
0.6271579190598732,1.6078109324653629,0.15981010199713486,0.018113620624117997,3.0
0.5435648556197712,-0.9671878717116819,1.3252380577549814,-0.03988877011236627,0.0
0.559873641564386,-0.6925173228612614,-1.477791824287821,0.03823621973450257,1.0
0.5598736413990835,-0.6925172005618986,-1.4731332657361917,0.0059387585493367555,1.0
-1.7317881810084892,0.05404934597666602,-0.0037407038669048675,-0.02126556614266454,2.0
0.6271579205000423,1.60781090339443,0.16649242257291602,-0.015433136431364068,3.0
-1.7317881806881492,0.05404832837253443,-0.0031718413592991316,-0.0377641967240942,2.0
0.5435648551379112,-0.9671900683793608,1.3315196066309722,0.018268020456440118,0.0
0.5435648549873724,-0.9671909097822269,1.3297697566630835,0.07409018627923247,0.0
0.5598736420369147,-0.6925143508378158,-1.479960524743892,0.026898731337703582,1.0
0.5435648549482011,-0.9671891999680611,1.3265028328740032,-0.012145576187916776,0.0
-1.7317881812266485,0.054047736985790525,-0.009480092085498947,-0.03153870848347693,2.0
0.5598736413851217,-0.6925159318423193,-1.478939815693852,0.011907596473981402,1.0
-1.7317881813435267,0.05405078013650988,-0.00150213586136504,-0.038877957574429925,2.0
0.6271579195428663,1.607813710076145,0.16122124168296711,0.09378607827176254,3.0
0.5435648547635581,-0.9671917257950456,1.331221224427545,-0.030554182343280258,0.0
0.543564855104639,-0.9671892113126849,1.3322533492179534,-0.01792165666161524,0.0
-1.7317881818697414,0.0540508779948198,-0.00026707247419052347,0.022427426756549358,2.0
0.5598736408057094,-0.6925151608973678,-1.4782935486935795,-0.025263198044811804,1.0
0.6271579196856176,1.6078099318684798,0.15684625581845488,-0.020077447971013296,3.0
0.6271579203872313,1.6078103211443007,0.15469419975742593,-0.06578829523410314,3.0
0.6271579195394379,1.6078119631599401,0.16011138944566672,-0.049142110497274696,3.0
0.6271579200182354,1.6078119764510448,0.15830792943058705,0.0712711345570432,3.0
0.6271579202151514,1.6078093835574745,0.1687436824923582,0.052894701932083614,3.0
-1.7317881808259963,0.05405158502475987,-0.0026628076346976175,0.02579427241568162,2.0
-1.7317881809453741,0.0540486472903395,-0.0013995076600401217,0.026816611935224673,2.0
0.6271579195937693,1.6078127562795623,0.1603910187776045,0.0441138160528755,3.0
-1.7317881810701008,0.05405052395010909,-0.0032905717893240215,0.06230998057912749,2.0
0.5435648540729012,-0.9671900534227575,1.3342546080098985,0.04278011720326452,0.0
-1.7317881813018694,0.054050093111627305,-0.0010072406718664778,0.0471614995747952,2.0
0.5435648551826652,-0.9671900050508581,1.3319627142459858,0.033500300847489735,0.0
0.5598736418008067,-0.6925162579936107,-1.4801666763546766,-0.01064261348778344,1.0
0.5598736418380413,-0.6925152706841194,-1.473558877776371,-0.004387559875869376,1.0
0.5598736413044308,-0.6925181621674356,-1.4803218093647874,-0.01732378556349635,1.0
0.6271579199382699,1.6078098104660987,0.16429296987357025,0.08032707624029321,3.0
0.5598736410463371,-0.6925152583649715,-1.4809205447746778,0.02556587102424135,1.0
0.627157920359528,1.607815014362359,0.16202336789149888,-0.0305137271250857,3.0
0.6271579197516444,1.6078088946459366,0.15359876483329676,-0.03935120145466074,3.0
0.6271579201804782,1.607810882720285,0.16218434244902083,-0.026768979111021992,3.0
0.5598736420482732,-0.69251589941669,-1.4729913432467847,-0.02598297989482786,1.0
0.6271579191682924,1.6078112238937787,0.16639177611731884,-0.059094415781121436,3.0
0.543564854664136,-0.9671871661503825,1.3299148918982913,0.055200604904072144,0.0
0.5435648550214123,-0.9671931636121457,1.3313936707299843,0.04275071232718879,0.0
-1.731788180683797,0.054049665568251574,-0.005266974327521682,-0.026042750341942637,2.0
0.5598736413220643,-0.6925145051561751,-1.4772714576893873,-0.01824349258765229,1.0
-1.7317881814978517,0.0540470747210414,-0.0023499119134265715,-0.0006782284058737269,2.0
0.5435648549413444,-0.9671880834645226,1.3400649472234636,0.0010134731939440117,0.0
0.543564853969428,-0.9671879921566038,1.3317516366419742,-0.0009482652880265833,0.0
0.543564854277762,-0.967190385791948,1.3288718404267854,0.037442105018167575,0.0
0.5435648540773486,-0.9671900873440614,1.3349353137136282,-0.039744823891331806,0.0
-1.7317881819604561,0.05405354715685205,-0.004016738465973548,0.008405356726087184,2.0
0.5598736414106479,-0.6925147064226839,-1.4768618843071517,-0.03696343546310891,1.0
0.559873640731738,-0.6925162319029736,-1.4777093131351335,0.008152172891701621,1.0
0.5598736418867761,-0.6925171456396143,-1.474264584947479,-0.021532552261943557,1.0
0.5435648537624362,-0.9671904104166685,1.335350565680012,-0.025956329528461643,0.0
0.5435648545935762,-0.9671929325874872,1.3280542347448556,-0.023720519577718282,0.0
0.5435648550632142,-0.9671901945821598,1.3332068574392135,0.019115118951615804,0.0
-1.7317881808194526,0.05404751161975956,-0.007079650704127795,0.01932025099910851,2.0
0.5598736409771049,-0.6925134579910612,-1.4836391447269046,-0.0431124526799233,1.0
0.6271579208085231,1.6078129972070836,0.162697754157711,0.041558493508194794,3.0
0.5598736413533993,-0.6925169190377637,-1.4771720333103038,-0.03067381926248629,1.0
0.5598736406005826,-0.6925139568417105,-1.4815095356885997,-0.004226818139119112,1.0
0.5598736407431834,-0.6925191554693477,-1.4765868742709998,-0.023125428131381288,1.0
-1.7317881813206646,0.05405202505686731,-0.000372597978131606,-0.0021720763394916577,2.0
0.5598736414406194,-0.6925153723929743,-1.478087396731426,-0.030624635084758156,1.0
0.543564854886034,-0.967187218007869,1.3286326498868708,-0.01182681655206984,0.0
-1.7317881812004103,0.05404866502569321,0.0005180719979191595,-0.025915864698415968,2.0
0.543564854290673,-0.967190695461246,1.3232704469008203,-0.06828551330005102,0.0
0.5598736418798402,-0.692515282556501,-1.4825638461800157,0.017520603977152185,1.0
0.5598736407369801,-0.6925177208274995,-1.4807910944295468,-0.015988670015459415,1.0
-1.7317881807633109,0.054052118235987476,-0.001331638861689433,-0.008438034741187914,2.0
0.5598736412597767,-0.6925171338012993,-1.478781450567438,0.006337723468759809,1.0
-1.7317881812098772,0.05404902570301199,-0.0040080367555813436,-0.01809139252601927,2.0
-1.7317881819401073,0.054047988944010424,-0.005887230407980236,0.004256967941038284,2.0
0.5598736420038046,-0.6925130777274454,-1.4827824318732798,-0.013186111346882237,1.0
0.5435648547689521,-0.9671897654331074,1.3316930944769911,0.0543935885483201,0.0
-1.7317881815828366,0.054051224122205005,-0.009246264962712717,0.03399696357203245,2.0
-1.731788181303886,0.05404995773197914,-0.004802069509501829,-0.003336101494248871,2.0
0.5598736411434677,-0.6925176878583799,-1.4804438766639347,0.026093377150667778,1.0
0.6271579197427218,1.607811991817417,0.16084184882669833,-0.015947702259808953,3.0
-1.7317881816568932,0.05405043703378689,-0.0025868055025903385,0.009042340057654833,2.0
0.543564855027925,-0.9671894880496907,1.3273077124312571,-0.04046725034097646,0.0
0.5598736408559158,-0.6925134886094746,-1.4785946734401194,0.00712159340046911,1.0
0.5435648546554204,-0.9671877706403607,1.3276825570254949,-0.03408636347041909,0.0
0.5435648553951018,-0.9671927050137097,1.338887187337442,-0.06703303644986636,0.0
0.5435648550694089,-0.9671888334703768,1.3325813179236246,0.055127193888148296,0.0
-1.7317881806673683,0.05405175201617909,-0.001151589502224204,-0.011128681799724701,2.0
0.5598736416413106,-0.6925158492252322,-1.4842115924546821,-0.021134848092695693,1.0
-1.7317881819896657,0.05405303976795064,-0.0032634868727421454,0.015476759959260874,2.0
-1.7317881810898264,0.054047066135451335,-0.005520004314593721,-0.016081741192238895,2.0
-1.731788181738043,0.054048634876203476,0.00043030445453284816,0.013182719117077251,2.0
0.5598736416617616,-0.6925161233174908,-1.4772058127513574,-0.003055804125830222,1.0
0.6271579198328582,1.6078120353273013,0.1620901495534406,-0.00897202028447017,3.0
-1.7317881811601874,0.054051221030203454,-0.0021093322302517567,-0.0201230854938203,2.0
0.5435648544322764,-0.9671896736105287,1.3331887274202363,-0.041723515576447025,0.0
-1.7317881811058897,0.05405213878017646,-0.0023136363193613126,-0.01412692501420089,2.0
-1.7317881810813704,0.05404822500097396,-0.010629038848543515,-0.01693874829661197,2.0
0.6271579197766494,1.6078093134227385,0.15792618209498735,0.05847368394482985,3.0
0.543564854577186,-0.9671916930632991,1.3353368378732997,-0.0767827267098095,0.0
0.5598736418203235,-0.6925168509036179,-1.4768797486676981,-0.025180273627918637,1.0
-1.7317881811443088,0.054050105708036054,-0.008736147055410358,-0.01584383252605501,2.0
0.5435648541854989,-0.9671902584718104,1.3268814104874196,-0.006644684763911984,0.0
0.5435648547263054,-0.9671921708569011,1.335197358041384,0.023369063097353666,0.0
0.5598736408653581,-0.6925178757634489,-1.4842889784269155,0.01428438976999355,1.0
-1.7317881814307836,0.05405203599287522,0.0018054735069974067,0.00496884606642454,2.0
-1.7317881815755796,0.054050141399766195,-0.003923025615783228,0.01610736898704848,2.0
0.543564854388131,-0.9671851025079428,1.3294944098463792,-0.02290048690792343,0.0
0.5435648539615328,-0.9671876145255877,1.3335608790576177,-0.019481482362313222,0.0
-1.7317881817392542,0.054050730569380055,-0.006855189404429461,-0.11705208399190564,2.0
0.5598736414072979,-0.692515384608989,-1.4789912606766658,-0.023189482815943737,1.0
-1.7317881818894538,0.05405290909928941,-0.003407594598948541,-0.017300282832072085,2.0
0.5435648545490024,-0.9671888010337832,1.3231654851149668,0.09847031300450593,0.0
0.5435648550558433,-0.967189222373197,1.3296153832863133,-0.021867589106027673,0.0
0.6271579200075539,1.6078099812529523,0.16676132194330465,0.012944533603999914,3.0
0.5598736414911905,-0.6925166782892533,-1.4783818659856103,-0.07778477828721464,1.0
0.5435648544311099,-0.9671913857530028,1.3313302766506467,0.0579987390597866,0.0
0.5435648551256886,-0.9671904041621178,1.3325174214256361,-0.044084479954989514,0.0
0.559873641549955,-0.6925182143874573,-1.4819359704536958,-0.0007927174919535678,1.0
-1.7317881817439977,0.05404908199446562,-0.007262749059184723,0.11198950834086449,2.0
-1.7317881813764684,0.05405352363499325,-0.009359758288017325,0.03326421367662306,2.0
0.5435648546993396,-0.967189781709372,1.33377679585478,0.0544120666205742,0.0
0.5598736414992797,-0.6925140801790888,-1.4771541070800214,0.015433462504792703,1.0
0.5435648547764119,-0.9671883992475651,1.3297605747715933,-0.03335477963250971,0.0
0.5598736413287134,-0.6925179033555933,-1.4793100258900742,-0.0033741357768187633,1.0
0.54356485543523,-0.9671901896230092,1.329942470185823,0.006434914467375835,0.0
0.6271579199641256,1.6078119288903507,0.16951998851503666,0.03794477191828499,3.0
0.5598736415158652,-0.6925149326949579,-1.4769061939645487,-0.03622580564176385,1.0
0.5598736418289415,-0.6925171432969394,-1.4833603342365866,-0.03358422496178605,1.0
-1.7317881812788718,0.05404947330522058,0.0017407068215548745,-0.01235899249120683,2.0
-1.7317881817308736,0.054049800725822876,-0.003764634348320029,0.02812970099609903,2.0
0.5598736413944876,-0.6925159919560298,-1.4827162598656813,0.009043862234414621,1.0
-1.731788181768339,0.05404965173266886,-0.0018507334229664035,-0.051312166915652935,2.0
0.5435648546747456,-0.9671884713179717,1.3398060198347026,0.037580799684401915,0.0
0.6271579209106803,1.6078147645223864,0.1629853629107062,0.009483661369982084,3.0
0.6271579195818331,1.6078107152159031,0.16063545909570986,0.02080806577574771,3.0
0.5435648545717763,-0.9671871559471426,1.3289889152954812,-0.010926221051969597,0.0
0.5598736417983802,-0.6925141702203317,-1.482578720004476,0.03085954821915677,1.0
0.62715791983145,1.6078116412982757,0.16821703978642394,-0.05538021955257687,3.0
0.5598736413582813,-0.6925162983410098,-1.476171344591123,0.017023237726835973,1.0
0.6271579199287426,1.6078090443945106,0.1565809184326246,0.015490362401554837,3.0
0.5435648541020498,-0.9671905411953815,1.3304750346086895,0.040580483582065764,0.0
0.5598736419657221,-0.6925171570553682,-1.4746573185456122,-0.03577104251796368,1.0
0.5598736415649744,-0.6925177824456256,-1.4815462483380344,-0.0640693065916253,1.0
0.5598736415778306,-0.6925153719980851,-1.4823858958216574,0.01049828135526303,1.0
0.5435648551564548,-0.9671882780985256,1.3372935350876336,-0.005879205190454484,0.0
-1.7317881811178757,0.05404877740733399,-0.008487540913683282,0.02017302967925799,2.0
0.5598736416694216,-0.6925143434610334,-1.4841953968882406,0.041055866321514284,1.0
0.5598736415689476,-0.6925185818659312,-1.4746970607024,-0.013082183127634225,1.0
0.5598736415894143,-0.6925169856022967,-1.478611409679642,-0.004737436691334494,1.0
0.5598736416068668,-0.6925167734128033,-1.4844643231064774,0.011456427805300826,1.0
-1.7317881814486047,0.05405177108177964,-0.0015892544228120968,-0.0331087421146694,2.0
-1.7317881813343352,0.05405081725876509,-0.00856280294221082,-0.0002496232457739538,2.0
0.54356485487766,-0.967189622986165,1.333524384740877,0.07978539641486174,0.0
0.6271579203120885,1.6078131950137406,0.1608998719479425,-0.0491084483299293,3.0
0.6271579205693283,1.6078119334105914,0.1640524649615533,0.0010215049814388461,3.0
0.6271579191677336,1.607811996860777,0.15823688252178902,0.04810417069467792,3.0
0.5598736411300598,-0.6925141042974782,-1.4719443874201115,0.05393551533133192,1.0
-1.7317881814003213,0.054053050083405295,0.005032392316441191,-0.018598551599888394,2.0
-1.7317881826965833,0.054048365947246664,-0.007058407919793931,0.03800612973633312,2.0
-1.7317881810992843,0.05404977319648073,-0.00022621616698837165,0.017305771228514618,2.0
0.627157919509442,1.6078107748128723,0.16048726914264602,-0.060444279688136794,3.0
0.5435648548785607,-0.9671876237398824,1.3329543921608558,-0.007102176697269207,0.0
0.6271579198136337,1.607813933682413,0.15524925945896167,0.005367003723876663,3.0
0.55987364107654,-0.6925159396808852,-1.4766759552965565,-0.057816432448826074,1.0
0.5435648548018948,-0.9671898309193661,1.3287272974132256,-0.03328917287533302,0.0
0.5435648544350261,-0.9671908903212024,1.3356184733950165,0.035487131979856534,0.0
-1.7317881816797966,0.0540504481978807,-6.819102374864765e-05,0.02560015248742951,2.0
-1.7317881810745264,0.054050095317564155,-0.002706065022922697,-0.012642376310037118,2.0
0.559873641335765,-0.6925161118836278,-1.4791052527575397,-0.026588458052303775,1.0
0.5598736418146532,-0.6925168277502909,-1.4853395488454268,0.011022755450971894,1.0
0.5598736411539214,-0.6925189086727038,-1.4773499326278239,-0.009196147694910837,1.0
0.5435648541285251,-0.9671884807771784,1.3297841489666684,-0.008129110582890882,0.0
0.5435648556732415,-0.9671907999579191,1.3319443984415316,-0.024634173432633397,0.0
0.5598736421738428,-0.6925152810993999,-1.4810121985998974,-0.0287750402164014,1.0
-1.7317881814632168,0.05404929760912527,-0.0022525494140195473,0.048168811620648504,2.0
-1.7317881814713385,0.05405007646166317,0.002056447793063332,-0.006871278657297452,2.0
-1.7317881812872884,0.0540505215321091,-0.0018530770323656573,0.009615801847765322,2.0
0.6271579199412038,1.6078100599719052,0.15609707119113525,-0.04286197038068477,3.0
-1.7317881817600609,0.054050200026562085,-0.00374540689133661,-0.037554807702581856,2.0
-1.731788181475344,0.054049929423875105,-0.005720413626475057,-0.004141212729981184,2.0
0.5598736417786889,-0.6925151570090984,-1.479013503048948,0.008373202004120967,1.0
-1.7317881821205017,0.05404955960198867,-0.008275675471206648,-0.03149830638809644,2.0
0.5435648547814708,-0.9671900183476098,1.3388778107878292,-0.0007447279247892256,0.0
0.5598736415643968,-0.6925162981897883,-1.4772772306014488,0.004951863378503479,1.0
0.5598736415082934,-0.6925155068705143,-1.4862483745957273,-0.042148576579228006,1.0
0.5435648551602575,-0.9671875140922372,1.3241165120790366,-0.023176969515969183,0.0
-1.7317881818985597,0.05405134424309063,-0.005159208834988349,-0.07208122596271037,2.0
0.6271579194879311,1.6078092480807353,0.15918874608105654,0.016240049833711984,3.0
0.5435648555707658,-0.9671897870801819,1.3353804251131955,-0.02759152641452937,0.0
-1.7317881815187597,0.054047784276708595,-0.008257356564765297,-0.018361197113309007,2.0
0.5435648551403469,-0.9671900455348892,1.3326847584654842,-0.006270400042807712,0.0
0.5598736418044736,-0.6925148311946685,-1.4791641522029748,-0.039389451598803985,1.0
0.6271579193457961,1.6078133497601108,0.15882162592796362,-0.05657819166904529,3.0
0.5598736415781899,-0.6925141169154164,-1.4772071385368901,0.009082279746139243,1.0
0.5598736420013888,-0.69251725285669,-1.4822559778752324,-0.023385298286274652,1.0
-1.7317881818395442,0.05405136344060426,-0.004929535084214628,-0.006815845003513859,2.0
-1.7317881810989808,0.05405063064394706,-0.012016952538520784,0.013952035144954928,2.0
0.5435648547852298,-0.967190035279604,1.3287836222057685,-0.002251074648263086,0.0
-1.7317881817962004,0.05405146895359685,-0.011600364583842216,-0.035277783019124126,2.0
0.5598736415897464,-0.6925167347407766,-1.4747578719058574,-0.0772302186342495,1.0
0.5435648542702446,-0.967188731461505,1.3304634172632945,0.007280627074733077,0.0
0.6271579203035521,1.6078120661035373,0.1613176505676762,0.040965858888089214,3.0
0.5598736421772268,-0.6925173049174568,-1.4768436431315057,-0.020800930730076127,1.0
-1.7317881817105227,0.05404907356069289,-0.007614811859120663,0.015471587552546386,2.0
0.6271579193724495,1.607812848874855,0.15844960662504992,-0.01930441551069726,3.0
0.543564854807664,-0.9671934462936588,1.3407015431732459,-0.018401313191764735,0.0
0.5435648542719381,-0.9671921042892808,1.3317457564470117,0.12469706891331678,0.0
0.5435648549998838,-0.9671910738485807,1.33133774627727,-0.023022626704190693,0.0
0.543564854664384,-0.9671870658783855,1.3285057146376476,0.0491905397412631,0.0
0.5435648550110337,-0.9671896175049481,1.332493093550996,0.044391057336721,0.0
0.6271579184307187,1.6078108845593568,0.15973660329996403,-0.06699659955427467,3.0
-1.731788181901233,0.05404944958316536,-0.0008589799640112823,-0.0882524987829948,2.0
-1.7317881812261513,0.05405014674631135,-0.0003731151661871608,-0.036507265989156656,2.0
-1.7317881811698745,0.05405213675343558,0.004385493421600481,-0.006909228854224924,2.0
0.5435648545298726,-0.9671928452131634,1.3225658255763149,-0.009587121712579826,0.0
0.5598736417228267,-0.6925170221050201,-1.4803980222569142,-0.09157658676284333,1.0
0.5598736419704661,-0.6925166015105632,-1.4799391363848962,-0.04848363931574341,1.0
0.5598736414163604,-0.6925140232621966,-1.479288751687334,0.02679381513582076,1.0
0.5598736414507414,-0.6925187548168633,-1.4809760721213485,-0.034429036347344344,1.0
0.6271579201305806,1.6078109868433064,0.15854360147663238,0.016894197458542603,3.0
-1.7317881816392253,0.0540507563124827,-0.005557013916606385,-0.01692370473569825,2.0
0.6271579202687088,1.6078118110928548,0.15919028274429614,0.021341428474486692,3.0
0.5435648546710443,-0.9671905066001176,1.3253308601347071,-0.006430397365524336,0.0
0.6271579191942163,1.6078086071019926,0.16126782038020493,0.05297847455118647,3.0
0.5435648547557748,-0.9671921831523532,1.3279604661755369,0.04910523239062457,0.0
0.559873641876375,-0.6925172929964543,-1.4777205991214928,-0.03935513445339336,1.0
0.6271579192013624,1.6078135455115612,0.15506938442376778,-0.07313606286729357,3.0
0.6271579201343883,1.6078091872824367,0.1621913902410727,-0.022114470399815497,3.0
0.54356485579486,-0.9671881985065512,1.3344006164208189,-0.021715196195774687,0.0
0.5598736417164273,-0.6925142158700697,-1.4783628051320845,-0.02445987802925062,1.0
0.627157920359626,1.6078138493600014,0.16368242086742613,-0.05628963398863656,3.0
0.5598736415167621,-0.6925147361435683,-1.478391300467416,-0.03349464501120875,1.0
0.62715791972824,1.607813536782127,0.16756538885091343,0.01602281319402574,3.0
-1.7317881818013197,0.05405080266062911,-0.004016096603250907,0.0032190003679469312,2.0
0.5598736409642061,-0.6925159534752119,-1.4778199110498376,0.019970797498702137,1.0
0.5598736413559132,-0.6925175254882349,-1.4840555549947603,-0.023547913261377076,1.0
0.5435648542478491,-0.9671896281770322,1.3377761458548063,-0.041412634519971216,0.0
-1.7317881811244062,0.05405219558330804,-0.005501894467505966,0.05016674318272245,2.0
-1.7317881819411378,0.054051429406066935,-0.005176429213379605,0.006322438290572075,2.0
0.559873641529079,-0.6925183123024129,-1.4842635208307295,-0.03649677859642186,1.0
0.5435648548177936,-0.9671900153292408,1.3279183528220708,0.02193675955640475,0.0
-1.731788181601429,0.054048974436335245,-0.0028813590208622386,0.012222804641841365,2.0
0.5435648540225453,-0.9671918304210304,1.3283734083077,0.019609319836281617,0.0
0.5598736411059148,-0.6925178419109785,-1.4801242809337802,0.0015097811011883663,1.0
-1.7317881820180114,0.05405166718272862,-0.0042389127826213905,0.050915020501122794,2.0
-1.7317881812309965,0.05405160168665149,-0.00480864543432743,-0.043287431696278814,2.0
0.5598736418098933,-0.6925175288595664,-1.4755602103202,0.02920374698656396,1.0
0.6271579198168019,1.6078104743464627,0.15512841733965574,2.6297393772009224e-05,3.0
0.559873641260613,-0.6925147530412714,-1.4856670818121758,-0.00877575432139773,1.0
0.5435648543416053,-0.967188177733071,1.3338425778859322,0.0476288343173798,0.0
0.5598736414954175,-0.6925143469041478,-1.4791229692178365,-0.011504652902726025,1.0
0.5435648543753429,-0.9671914235344463,1.3304891656748135,0.050857583296273816,0.0
-1.7317881816366762,0.054049447062032,-0.006840274318383213,-0.040190371075686376,2.0
0.543564854749121,-0.9671856576841935,1.3312084619314322,-0.02266984683310843,0.0
0.6271579196333877,1.6078107867616993,0.16421543136084488,0.04208566126422083,3.0
0.6271579196637592,1.6078091580963831,0.1603099810708265,-0.042200659570855024,3.0
-1.7317881822156722,0.054047869725829346,-0.011625589192285055,0.05473203589621158,2.0
0.5598736414684359,-0.6925147723707104,-1.4796902167638497,0.005780519392041239,1.0
0.5435648555476994,-0.9671907215592336,1.3371489091136723,-0.07874199081126444,0.0
-1.7317881812204798,0.054049426843591486,0.004171418391640276,0.04824676461980305,2.0
0.5435648552904924,-0.9671874382643378,1.3327831425927166,0.04058759643325297,0.0
0.5598736410133087,-0.692517372249452,-1.47648774538842,-0.04559136775426718,1.0
-1.731788180762629,0.05405139014051403,-0.0009317970522751967,0.06066315373191135,2.0
-1.7317881819908385,0.054050868136055905,0.002669849423866489,-0.0022277450830394214,2.0
0.62715792014444,1.6078101179105335,0.16607267437072404,-0.015424480957574059,3.0
0.5598736413914158,-0.6925157520027599,-1.4798537932753766,-0.003971787394956855,1.0
-1.7317881816575724,0.05405205370272509,-0.005606244399787349,0.008352388899102368,2.0
-1.731788181342409,0.05405236929255333,-0.009575504842486357,0.03255357257911757,2.0
0.6271579204704665,1.6078111025178885,0.15828440813992348,0.06456542293652964,3.0
0.6271579203593173,1.607811821990822,0.16458246912782604,-0.031002488389284464,3.0
0.6271579195398622,1.6078118512453707,0.16191531060912756,-0.020538087963730606,3.0
0.5435648544153745,-0.9671885780362616,1.3288544318212503,-0.049661057469372105,0.0
0.5598736410819063,-0.6925142553319676,-1.4821649236765133,-0.058956034427429235,1.0
0.5435648544350208,-0.9671881030980831,1.3347346998298844,0.029549713717207233,0.0
0.5435648547260542,-0.9671892099644595,1.3322591814025446,0.011870724597915666,0.0
-1.7317881808831315,0.054048686617361494,-0.003217206024651922,-0.064943886149659,2.0
-1.7317881818593697,0.05405097933866418,-0.006931203551493372,-0.009361581848879795,2.0
0.5598736420000471,-0.6925163714674958,-1.4827766094698214,-0.023408997056007224,1.0
0.5598736416337756,-0.6925159990138842,-1.478015245038335,-0.035555156885749485,1.0
0.5598736422773376,-0.6925166346476319,-1.4777922977383429,-0.037300008249744304,1.0
-1.7317881812722864,0.05405073170662903,-0.013149843231315444,0.018281267944155105,2.0
0.6271579197245739,1.6078118558758716,0.1568406253209431,-0.022741792829445738,3.0
0.6271579194600018,1.6078124076014568,0.16612513080463595,-0.013437448815392775,3.0
0.5435648544196914,-0.9671900062640756,1.3291747044954025,0.060507299668974446,0.0
0.5435648539634084,-0.967188460860001,1.325200873933671,-0.0035418355783632324,0.0
0.6271579199151185,1.6078106986894296,0.1613348518260056,0.03400489471739276,3.0
-1.7317881812401936,0.0540502228227804,0.0012517904274214375,0.016828715429218353,2.0
-1.7317881812628504,0.05405053447114009,-0.005816805475778855,0.0011314997009777305,2.0
0.5435648545154207,-0.967191446906102,1.3384322390113605,0.04870862062265807,0.0
0.5435648544403547,-0.9671873164442008,1.3343029353763434,-0.07212684013479181,0.0
0.5598736412732609,-0.6925177284344046,-1.4728006646922847,-0.02227867877951394,1.0
0.5598736414733312,-0.692516987702495,-1.4781465197828703,0.05722517035268975,1.0
-1.731788181490995,0.054049286047065735,0.0013483894131668065,0.021856463080172618,2.0
-1.7317881818852425,0.05404890073621764,-0.003847515614282402,0.02700252345710789,2.0
-1.7317881813359648,0.05404956854569125,-0.004582065593732813,-0.021469537036573796,2.0
0.6271579206346024,1.6078117583326366,0.16773127093608542,-0.017007338964680534,3.0
-1.7317881813285783,0.05405035200793703,-0.0036502826198584505,0.034104188384033285,2.0
-1.7317881816020695,0.05405317066499203,-0.004087685347647584,-0.014925154108063941,2.0
0.5435648555121012,-0.9671911566772826,1.332829377388232,0.013184641734804907,0.0
0.5435648548403565,-0.9671899019509144,1.334303204187597,-0.021916619071746656,0.0
-1.7317881823449772,0.054051729252537754,0.002333291886062787,0.027080617953458952,2.0
-1.731788182030419,0.05404962668638619,0.0004826893604548258,-0.0231799026205362,2.0
0.5598736412468902,-0.6925161822653785,-1.4842021658565567,0.03021615302595799,1.0
0.5598736411085946,-0.6925183532614375,-1.4818836582721167,0.007251447312540101,1.0
0.5435648539538959,-0.9671909838142875,1.3318643124144776,-0.03592731964684302,0.0
-1.7317881821288317,0.05404836219499761,-0.005590190772981402,0.017016611185000457,2.0
0.5598736422149243,-0.6925140928180077,-1.4742575537324916,0.009002899495263192,1.0
0.6271579196913977,1.6078137985403342,0.15557474609537258,-0.006702169257407155,3.0
0.5435648553244762,-0.967188103936855,1.3341962339825044,0.06331456149264317,0.0
0.5598736411698464,-0.6925169763794924,-1.47731608309614,0.008367285688961999,1.0
0.5598736411333847,-0.6925171369137175,-1.473910026748105,-0.008569852518084363,1.0
0.6271579207503309,1.607814178295752,0.15608358158775087,0.005451453265137688,3.0
-1.7317881813356795,0.05405095568130157,-0.001703494416427678,-0.048975476967128714,2.0
0.5435648554153796,-0.9671895875113066,1.3326067475221763,-0.007424243325941417,0.0
0.5435648546849808,-0.967189975454109,1.3294712265315258,0.00013808709774419732,0.0
0.5435648549364083,-0.9671902843189099,1.3326032511795758,0.049869096048628506,0.0
0.5435648552421983,-0.9671917861902573,1.3333965917392245,0.04719263712306197,0.0
0.627157919887534,1.6078142417611005,0.16616866325562402,0.06493960411233034,3.0
0.5435648550621387,-0.9671916874100237,1.3349178400938284,-0.06402928161773946,0.0
0.5598736418103839,-0.6925164337056159,-1.4826612192326836,-0.01713042346147359,1.0
0.5435648547066091,-0.9671898412107874,1.3293591094156822,0.031133878608466815,0.0
-1.731788182176649,0.054050502697720514,0.00013272323632183144,-0.013615388104204163,2.0
0.559873641612682,-0.6925160970219748,-1.4824332744581932,-0.0077749538224598375,1.0
0.5598736419797239,-0.6925158871337426,-1.4810999892607286,-0.035826966294123457,1.0
-1.7317881814178837,0.05405052122082132,-0.0075833639678328565,-0.01515246419113203,2.0
0.5598736411993845,-0.6925192552100293,-1.478596392268847,-0.030328215799155796,1.0
0.55987364202506,-0.692515021021656,-1.4748185986037172,-0.0556172233226258,1.0
-1.7317881818456462,0.05405310365333917,-0.0055386247610261915,0.026121865686742633,2.0
0.5598736415540454,-0.6925198621026197,-1.4749962178356413,-0.00974627283610935,1.0
0.5435648546964456,-0.9671920172939795,1.3322643957636955,-0.012558000511842481,0.0
0.5598736418724791,-0.6925182813204857,-1.4735761978131499,-0.04894436047075712,1.0
0.6271579204053933,1.6078116400271418,0.1504030702877122,-0.015787616172704407,3.0
0.5435648549373936,-0.9671904161956829,1.3284389359280584,-0.034510777793297066,0.0
0.5435648549633872,-0.9671850187071043,1.3367305236865237,0.08272299542000368,0.0
0.6271579197605224,1.6078114462330682,0.15893048125239714,-0.028713450803746196,3.0
-1.7317881819399688,0.054049305722781354,-0.004402149812310111,0.00397274981688573,2.0
0.543564854646873,-0.9671929257776634,1.335481061343993,-0.025743760601106797,0.0
0.5435648549067559,-0.9671933573964845,1.3344859673797833,0.009267028627887834,0.0
0.5435648549369712,-0.9671896701763177,1.3296264844111203,-0.010833775578996608,0.0
0.5435648552208229,-0.9671883332412367,1.3394076714458027,-0.028652304427216255,0.0
0.5435648548157384,-0.9671876971134338,1.3307279293464653,0.022808895018523973,0.0
0.6271579197797686,1.6078083014428493,0.15912427041796592,-0.03863609367984183,3.0
0.6271579196967967,1.6078129913458143,0.1624084828556607,-0.020794415284479287,3.0
0.5435648547769518,-0.9671886721973479,1.3320174332512227,0.004849162377116642,0.0
0.5598736411131058,-0.6925150900107044,-1.4743328966216842,0.022831620210795357,1.0
0.5598736424917751,-0.6925159755207557,-1.4770708826787955,0.09871712396925222,1.0
0.6271579203094749,1.6078105773848568,0.15749569330973806,0.01728069081473908,3.0
0.627157920131699,1.6078123786734246,0.1604535252733675,-0.018400462944103756,3.0
0.6271579200395427,1.607809398714282,0.16960388157125583,0.04926432616551261,3.0
0.6271579208554192,1.6078136625656572,0.15401968262649388,-0.06073833611440371,3.0
0.5435648545047016,-0.9671898519487346,1.331596678355804,-0.021258539341138628,0.0
-1.7317881812485132,0.05405041137801723,-0.003348969363137233,0.09282763137023992,2.0
-1.7317881813436549,0.05404909772822524,-0.004757690360889979,-0.008242424732927744,2.0
0.6271579201116085,1.6078138556282053,0.15292361473479274,-0.00012161919988531456,3.0
0.5435648558981023,-0.967189576581622,1.3262997981930364,-0.07317057157714701,0.0
0.6271579203441,1.6078084492884195,0.15688220884098106,0.013283748670401349,3.0
0.5435648543202724,-0.9671929869000008,1.3279616656565385,-0.01959035426532603,0.0
0.559873641629553,-0.6925159192987264,-1.4797833084047065,0.03852141155144049,1.0
0.5598736409205105,-0.6925136476409691,-1.481840693390018,-0.014756690380856566,1.0
0.6271579197133815,1.6078117965059324,0.15727999963081624,0.037879030543887623,3.0
0.5598736416093569,-0.6925180950603191,-1.487930173638305,0.04122013397499313,1.0
0.5435648551502362,-0.9671872399714274,1.3415267145498129,-0.011781467619725865,0.0
0.5435648541397062,-0.967190655725956,1.3326414857802706,0.03447514353158436,0.0
-1.731788181230284,0.054048439007162837,-0.00517634728466066,0.057375318261928036,2.0
0.5598736415755993,-0.6925159406610073,-1.476700889982526,0.041024316051998314,1.0
0.559873640978614,-0.6925167115993526,-1.4795785770233887,-0.02666278032820745,1.0
0.5435648550579987,-0.9671890215170006,1.3384085655540148,-0.010957382899249905,0.0
-1.731788181190112,0.054051997162797155,-0.00113651877274852,-0.016622593959446166,2.0
0.559873641972456,-0.6925167717355454,-1.4714140932514275,0.045359222137960675,1.0
-1.7317881813218767,0.054048661997462784,-0.008394167056019235,0.005844227682906396,2.0
0.5598736415018608,-0.6925157838061043,-1.4837531889534574,0.0008250843554487703,1.0
0.5435648544580263,-0.9671872893884418,1.3342945630621403,-0.01826894750657916,0.0
-1.731788181564124,0.054050539255043425,0.003061234201630133,-0.04399259764638589,2.0
0.5435648549121708,-0.9671855263384056,1.3245953006491864,-0.0008107859872477989,0.0
0.6271579206457369,1.607811935491738,0.16115397486367392,-0.02147799270021932,3.0
0.6271579195154857,1.607811191178195,0.16793914646746208,-0.008973885159922597,3.0
0.55987364144363,-0.6925157791084564,-1.4727598940087983,-0.025672476671019007,1.0
0.5598736413447387,-0.6925130617748331,-1.4797643769660365,-0.050319474410680194,1.0
0.6271579193717836,1.607813056927109,0.16310262725308833,0.03702082858350661,3.0
0.5435648542520269,-0.9671887193714441,1.3223409665612458,0.020380233250651532,0.0
0.5598736412423694,-0.6925159781920521,-1.486247928620407,0.030389467905657642,1.0
0.5598736415167542,-0.6925195276210532,-1.486363777899626,-0.04866838610985692,1.0
0.6271579192565815,1.6078104171615861,0.15631744657750224,0.005948395906679312,3.0
0.5598736416334374,-0.692512252455428,-1.47915590320553,0.014226651093128921,1.0
-1.7317881815504912,0.05405084986372008,-0.006558329817114499,-0.022031164212454633,2.0
0.5598736416407334,-0.6925161141666109,-1.480558097188917,0.07868180816022655,1.0
-1.7317881809191964,0.05405114527183841,-0.007639976762522661,0.0003332970780483998,2.0
0.6271579193936664,1.6078104592447415,0.1556144216784569,0.032722946251303814,3.0
0.5435648539318769,-0.9671914578034136,1.3358185515767678,0.02809736777222923,0.0
0.6271579201996673,1.6078104917408393,0.1533480826484213,0.004874571467211891,3.0
0.6271579191685412,1.6078137721264367,0.1601834473604751,0.011775166805196653,3.0
-1.7317881818338832,0.05404903051155837,-0.008390468703030602,-0.03680999197857629,2.0
0.5598736416988649,-0.6925172213975588,-1.4787592995628775,0.029812691859766587,1.0
0.6271579193263718,1.607811702128529,0.1552431679662862,0.024074755892101302,3.0
-1.7317881811146105,0.05404910550726975,-0.004632834396481104,-0.01610800634537512,2.0
0.5598736413338582,-0.6925112871771854,-1.481355223911033,-0.0334057763467644,1.0
0.6271579202651152,1.6078129452761407,0.15476483948620418,0.05432900264707175,3.0
-1.7317881817619571,0.05405218385811808,0.00046256594376511723,-0.010646128162131065,2.0
0.5435648545827235,-0.9671898451626902,1.3332983317804201,-0.010299620695414038,0.0
-1.7317881818269578,0.05404789112708668,-0.0013953661472558292,0.037441439488903334,2.0
0.6271579200249483,1.6078084788733977,0.16617543258985648,-0.07220436995344182,3.0
-1.7317881819978285,0.05405279878597915,-0.010993458235025661,-0.016756255791280122,2.0
-1.7317881812930371,0.054051352888965884,-0.0072258764436848675,-0.02838981767699141,2.0
0.5435648546313177,-0.9671903175367033,1.3359949945497425,0.011828462125694593,0.0
0.5598736420271382,-0.6925182285933005,-1.4760316871338617,-0.015299560313165868,1.0
0.5598736416570562,-0.6925169739991662,-1.4825149858324695,-0.016353980952540585,1.0
0.5598736417988428,-0.6925145636582438,-1.4808551553172613,-0.017188151486751124,1.0
-1.7317881811027342,0.05405181394209293,-0.004354690442887074,-0.010133151436357724,2.0
0.6271579204561181,1.6078138235424715,0.16048431510012334,-0.005558620509699743,3.0
-1.7317881817981038,0.05405256788997769,-0.01000604008208996,-0.02605012006435745,2.0
0.6271579193843208,1.6078107539545474,0.1602813234717977,0.02133023515154498,3.0
-1.731788181230338,0.054050690625049955,-0.004062640849638456,0.0019420849824652417,2.0
-1.7317881811654658,0.054048965615981534,-0.00332688742854724,-0.02415431763565233,2.0
0.6271579202142906,1.607809934153022,0.14960972356878044,-0.06654513021625201,3.0
-1.7317881817876235,0.05405212497257559,-0.008015030985312603,0.04579480124007585,2.0
0.5598736413214006,-0.692512587092705,-1.472973176234644,-0.03920042158114207,1.0
0.5435648557500401,-0.9671900126780725,1.3381468568645576,0.01075750672233576,0.0
0.62715791979905,1.6078111473471377,0.16252226896556402,0.025002522596683452,3.0
0.6271579196054886,1.607809697324672,0.15789741540393534,0.028247135360856736,3.0
0.5435648549880165,-0.9671913269699317,1.3332193906149425,-0.003014857787712116,0.0
0.6271579198558338,1.6078144908144842,0.1608608397243588,-0.019114505510802723,3.0
0.5435648550151729,-0.967186423037499,1.3371490388899852,0.07340008661655027,0.0
0.54356485466398,-0.9671901250004263,1.3411236857392685,0.026943350537689002,0.0
0.627157919924139,1.607809780355597,0.15517755342459022,0.06572807094072096,3.0
0.5598736413126311,-0.6925166229846625,-1.477470973433972,-0.005473891163836362,1.0
0.6271579198630225,1.6078108899318544,0.15720403146644732,-0.04471488603919156,3.0
0.6271579201403831,1.6078124235468596,0.1611517306491827,-0.05323616781800419,3.0
0.5435648546678338,-0.9671880197243102,1.3320968174046233,-0.04812311349483889,0.0
0.6271579198350161,1.6078116980754495,0.1649822456880908,0.008100661315268107,3.0
0.543564855208802,-0.9671905776538853,1.3303605048871097,0.0076262952547957235,0.0
0.6271579195501329,1.6078122241993762,0.157395858504004,-0.014748603920103721,3.0
-1.731788181747779,0.05405041764895039,-0.006419545428025366,-0.0071563903229411785,2.0
0.5598736422622045,-0.6925150967023537,-1.4799582670130564,0.009841788736807468,1.0
0.5435648545764434,-0.9671877465842785,1.3283606941064794,-0.0010580262163354286,0.0
0.6271579194989343,1.6078110374000019,0.15823973941386443,0.00850712680376974,3.0
0.5435648545332088,-0.9671898283742447,1.3328359483721994,-0.022094680418769497,0.0
0.6271579198776189,1.6078117139903914,0.15907837586597864,-0.009098724429708745,3.0
0.5435648548476261,-0.9671919210101612,1.3325539505649298,-0.0267808155469719,0.0
0.5435648546519565,-0.9671905738355032,1.3347827860272774,-0.016909708544310183,0.0
0.6271579195380244,1.607808809372384,0.16339012282834336,0.05375597273528749,3.0
0.6271579193623369,1.6078116271831042,0.15830759911155218,0.039172732694839174,3.0
0.5435648549311627,-0.9671891828530289,1.332687473608796,-0.0004174411581324524,0.0
-1.7317881810691451,0.05404745238757905,-0.007887535175794009,0.018794073343762454,2.0
0.6271579196280472,1.6078103835504967,0.1628044669232052,-0.0078416286177261,3.0
0.559873641174303,-0.6925178375406745,-1.4782657134472488,-0.008772183874386394,1.0
0.6271579200080204,1.6078117801663945,0.16176823659415004,-0.021552247861461725,3.0
-1.731788181567329,0.05404938849614149,-0.00037412139758518785,0.03265205683045761,2.0
-1.7317881812198537,0.0540524243906993,-0.007372214575255407,-0.0064043605470403935,2.0
0.6271579196845145,1.6078115780448707,0.16177403766187634,-0.03425464141894097,3.0
0.6271579195160009,1.607809053783681,0.16542518195059816,-0.010791520728159457,3.0
0.6271579197282942,1.6078150775149487,0.15776523182523752,0.0634241454999335,3.0
0.5598736414996239,-0.6925184297551037,-1.4783817122939833,0.0013598705477798788,1.0
-1.7317881812648006,0.05405357151729101,0.0036623982890310034,-0.017174415613220268,2.0
0.5598736415976672,-0.6925151204007906,-1.4763632714689932,-0.00822999001443044,1.0
0.6271579194301624,1.6078096689546229,0.15715116381555952,-0.032801947563754354,3.0
0.5598736420015293,-0.6925158383966707,-1.479528274784524,0.03658017597638863,1.0
0.5435648539140207,-0.967192432328209,1.332810892603593,-0.011772118550851822,0.0
-1.7317881814130565,0.05405139067347648,0.0024707466242127347,-0.039516466097803696,2.0
0.62715791966353,1.6078097593064573,0.1634135427865796,-0.055710087278703656,3.0
0.54356485521517,-0.9671926834608069,1.3266497419239662,0.0549737878654673,0.0
-1.7317881818378082,0.05405166259629865,8.243198519432454e-05,-0.0012976173737601119,2.0
0.5435648543555615,-0.9671918914055427,1.3341172816664828,0.04628097044257586,0.0
-1.731788181679952,0.05405092665696027,-0.008624286857100235,-0.05475854169039167,2.0
0.5598736409289915,-0.6925155766202625,-1.4764051653872416,0.01728948465325611,1.0
0.627157920165467,1.607810771887135,0.1669012723421837,-0.008978360611675304,3.0
0.5598736409439616,-0.692515770091772,-1.476384440798907,-0.04191802080701971,1.0
0.5598736412073403,-0.6925158967893542,-1.4757978713759632,0.035253061134050086,1.0
0.5598736413495138,-0.6925152234004227,-1.4731969685700537,-0.011163375203908855,1.0
0.6271579199094234,1.6078120969689882,0.1587189638063304,0.06426324548185719,3.0
-1.7317881820444332,0.05405001812065718,-0.006623647429439751,0.04098215458306884,2.0
0.5598736418682365,-0.6925154094733547,-1.476700205030424,-0.045538909314390336,1.0
0.6271579196442839,1.6078113486915244,0.1639724642123659,-0.012911883667987978,3.0
0.5598736413012512,-0.6925157565681125,-1.4731415172942675,-0.027181349242246435,1.0
0.5598736416487475,-0.6925148870759997,-1.471446683089091,-0.03575043709309068,1.0
-1.73178818195605,0.054048939884301546,-0.010427038689750633,0.06414681112252127,2.0
0.627157919892723,1.6078101891712375,0.16304686371240187,-0.059920194400591986,3.0
0.6271579196705083,1.6078131567655451,0.1586443246468551,0.016358125122802172,3.0
0.5598736414341837,-0.6925170517551409,-1.4770496510568505,-0.1005353882841627,1.0
0.5435648552208028,-0.9671904824675656,1.3366174783716864,0.06262179682786863,0.0
0.5435648543140256,-0.9671924783172555,1.338004544751302,0.030998974168551584,0.0
0.6271579200801195,1.6078127318728122,0.15956571044512394,0.024677172858989814,3.0
-1.7317881809445408,0.054047160274179766,0.0028710428546208,-0.035251513863950805,2.0
0.5598736416776693,-0.6925149431771146,-1.4761535124039875,0.04028105525612282,1.0
0.5598736410651172,-0.6925136715728172,-1.4771240742185652,0.01963568090513247,1.0
0.627157919999808,1.6078120548112071,0.166913689092279,0.040914217311006584,3.0
0.5435648547712589,-0.9671911192384953,1.3323572740243077,-0.01502769550893338,0.0
0.5435648546819701,-0.9671900824650347,1.340259004196249,0.02143648310900826,0.0
0.6271579196156238,1.6078115318848722,0.1632091312559845,0.034164656338289814,3.0
0.6271579203104309,1.60781078820165,0.16574000729191218,0.024199110918930095,3.0
0.5598736417101984,-0.6925168533748425,-1.4849966383675206,-0.018319658810411827,1.0
0.5598736410754366,-0.6925161868259114,-1.4817868609075402,-0.01102533309984106,1.0
0.6271579199173744,1.6078118123638632,0.15404423210215173,-0.023721339827629376,3.0
-1.731788181531505,0.05405017387607129,-0.008694144828434522,-0.02781581163363883,2.0
0.5435648552533826,-0.967190177815061,1.3347043388228235,-0.05383247218230853,0.0
0.6271579198058898,1.607812578567859,0.16017152250854758,0.039835954825769744,3.0
0.6271579200326658,1.6078101538146343,0.16344545654152148,0.07274088091491297,3.0
0.5435648550903422,-0.9671906594690741,1.3277556399734551,-0.00018164916123747713,0.0
0.5435648546305208,-0.9671885597380545,1.3336291912339566,-0.05531094719736091,0.0
-1.7317881822442418,0.054048596051574666,-0.007209944168727418,0.004891425628808787,2.0
-1.7317881816458776,0.054052603746172,-0.00303077146324906,0.01890356062285014,2.0
0.5598736409737222,-0.6925126881555181,-1.4778702674519866,-0.009862042397565012,1.0
0.543564854370525,-0.9671905951033961,1.3355319456960306,0.046429598267809395,0.0
0.6271579200804823,1.6078120030746776,0.16207698113105787,-0.014194926061098312,3.0
0.6271579194328537,1.6078100788238867,0.16199645417337033,0.007026142662856886,3.0
0.5435648545378959,-0.9671872407863178,1.330795892941983,0.028502917340372774,0.0
-1.7317881817940912,0.054051369450948815,-0.0037934816077414167,-0.015657602778762342,2.0
0.5435648545458426,-0.9671888556145729,1.3348500077502543,0.02246204160321783,0.0
-1.7317881816075256,0.05405026301131466,-0.0030971895865288483,-0.019603569607189536,2.0
-1.731788181251355,0.05405009924320098,-0.008050431283024875,0.016489364437592132,2.0
-1.7317881814438876,0.05405255128876037,-0.0051673117285944425,-0.03883204666751414,2.0
0.6271579192982565,1.607811276420627,0.15869121259545338,-0.014874654643741247,3.0
0.5598736410777486,-0.6925148972945216,-1.4774586146809587,-0.07363187841664327,1.0
0.6271579193800528,1.607810364297215,0.15778675704450446,-0.028183129707403047,3.0
0.5435648556620345,-0.9671923346874803,1.3331249178534141,0.020569089932972885,0.0
0.5435648548897692,-0.9671927328915287,1.332747651233147,0.030257757467696402,0.0
0.5598736415153739,-0.6925179043851568,-1.482505936523667,0.02316893399916033,1.0
0.5435648544138724,-0.9671871680298398,1.3276011409738957,-0.02066033881190535,0.0
0.559873641771473,-0.692514593904913,-1.4747152039178526,0.015994557016205203,1.0
0.5435648541373039,-0.9671901462323693,1.3333636513264258,-0.015233598890366412,0.0
0.6271579199127633,1.6078116641894422,0.15862191518999025,0.012584781198217895,3.0
0.5598736409471629,-0.6925174605994933,-1.4759423507663745,-0.05607004187470743,1.0
0.5598736419771428,-0.6925142028077307,-1.4776755591413362,-0.029663751854160092,1.0
0.6271579195680994,1.607810422126453,0.16788412453328083,0.045012942471001065,3.0
0.5435648539838565,-0.967188457779146,1.3273343586319777,-0.011827121680153539,0.0
0.5598736414846914,-0.6925177359909888,-1.483648474327427,-0.024531246748969147,1.0
0.543564854556923,-0.9671890172470599,1.3311585592172543,-0.02027344998268182,0.0
0.5598736412138584,-0.6925186283981966,-1.479638433316443,-0.03538839640292511,1.0
-1.7317881814068645,0.054050285127650616,-0.015488089196267932,-0.04435361001908696,2.0
-1.7317881813536078,0.054051114258750664,-0.007822024532361867,0.022836899355280514,2.0
0.5435648549206017,-0.9671906874972536,1.3366055979157911,0.05711059894294334,0.0
0.5598736411649872,-0.6925130278644481,-1.4765814109999083,0.011492997895687928,1.0
0.5598736422382833,-0.6925153839214808,-1.48376894349086,-0.05291810079946246,1.0
0.6271579200734695,1.607811880647677,0.16309679964911172,0.04733668953187423,3.0
0.5598736411517156,-0.6925159645090482,-1.4815552024710315,0.05149602831627764,1.0
-1.7317881813208753,0.05405287328305177,-0.0011125709821827219,-0.029092748657659834,2.0
0.5435648549564097,-0.9671888810437957,1.3306976418766734,-0.016913439770531523,0.0
0.6271579201020339,1.607813425492584,0.16422071163441845,-0.06763341108311442,3.0
0.6271579197369107,1.6078120866123264,0.16133584474391977,0.01562441469927344,3.0
0.5435648558310744,-0.9671931316525813,1.3285106784417315,-0.01790956993057313,0.0
-1.731788182009851,0.05404916281579535,-0.00463380033886902,-0.009593965884214635,2.0
0.559873641397386,-0.6925180297524093,-1.4819118647901113,0.0043564455479494935,1.0
-1.7317881814394667,0.054048508252754514,-0.0016265188786881253,0.036000292386480656,2.0
-1.7317881814032927,0.05405105584143258,-0.005311783626417398,0.05014149309437734,2.0
-1.731788181530492,0.05405073937924913,-0.005668735990806242,0.016163768174207893,2.0
0.5598736417855043,-0.6925173737630161,-1.4820771184086472,-0.05588620133867893,1.0
0.6271579198706346,1.6078095105237962,0.16593940583942987,0.044830542423816774,3.0
0.559873640869619,-0.6925178192815679,-1.4824813250661224,-0.009641270506187979,1.0
0.5435648543186914,-0.9671911757814414,1.339336720742486,0.008738740664539823,0.0
0.6271579195313338,1.6078115742459114,0.16405595320895447,0.011308248391515337,3.0
0.5598736412477604,-0.6925141589123408,-1.4828300081935446,-0.019247053583610296,1.0
0.5598736417463603,-0.6925153567134918,-1.4802549076482554,-0.04214548042456026,1.0
-1.731788181718682,0.054051542696528385,-0.0015778575634384714,-0.025936556066111553,2.0
0.6271579200327525,1.6078111149795018,0.15696638092445697,-0.025175563435978494,3.0
0.559873642362843,-0.6925159707451282,-1.4786883573436012,-0.041391230816140295,1.0
0.6271579201312388,1.607811288359059,0.16133548022184835,-0.04204217032291203,3.0
-1.7317881808731586,0.05404856925534298,0.00044544684042217847,0.0005336083597202226,2.0
0.5435648553883758,-0.9671906493665857,1.32723439533652,0.0631256683977996,0.0
-1.7317881811575144,0.054049927363861466,-0.005371001487911115,0.001922672174580251,2.0
0.5598736409976844,-0.6925164536928222,-1.4803090330552224,-0.06525552501649892,1.0
0.5598736407752083,-0.6925163657846612,-1.4758448595739213,0.008567612763664072,1.0
0.6271579195863023,1.6078086331026016,0.16475642836742257,-0.045401330506743255,3.0
0.627157919836642,1.6078117881226568,0.1604941579812827,0.008481587794558964,3.0
0.5435648543898272,-0.9671884338732051,1.3344864798767342,-0.023072794467423458,0.0
0.6271579195363022,1.607809905109893,0.17218646940031732,0.010966813416112274,3.0
0.5598736416434461,-0.6925142026822775,-1.47774988085466,-0.03209497560400182,1.0
-1.7317881817402478,0.054050890778166764,-0.012032288267651094,0.052240677505971916,2.0
-1.7317881813744838,0.054046781580981314,-0.006291533402146639,0.053227438596599355,2.0
0.6271579200053705,1.6078115626645146,0.15886023882611058,0.00809940481295287,3.0
0.5435648548622734,-0.9671889559543491,1.3321905671641938,0.03932403613442889,0.0
-1.7317881815478577,0.05405138944475789,-0.006228694065440764,0.08506936406356817,2.0
0.627157920146325,1.6078137874292993,0.16223554873837429,-0.060448752087588285,3.0
-1.731788181696218,0.05405161798054004,-0.001670762862679241,0.025188837962620544,2.0
-1.731788181800461,0.05405164784182721,-0.010657668625142957,0.024260506392660187,2.0
0.6271579198160013,1.6078063585111193,0.15958885014436194,-0.002462310667277331,3.0
0.5435648539422778,-0.9671892897973178,1.3367911987083256,-0.004725284630680365,0.0
-1.7317881809995217,0.05405142644402536,0.003988176391833772,-0.0003994259171657934,2.0
0.5435648549693468,-0.9671911242831049,1.333094443620167,0.05327749139743403,0.0
0.5435648545365042,-0.9671893134884523,1.3372289080329876,-0.007638455609877514,0.0
-1.7317881813959437,0.054050182663258,-0.0084204311915066,-0.05474555987744603,2.0
0.5435648545531215,-0.9671899381977039,1.3346699492508711,0.007663275270338948,0.0
0.5435648541588222,-0.9671879299596857,1.3342393373071693,0.02206744439152802,0.0
0.5598736423974481,-0.6925164708246633,-1.4792639439880693,-0.035935957177573113,1.0
0.6271579197085125,1.6078099256164822,0.15151653340660118,0.004387429081291113,3.0
0.543564854881649,-0.9671908757520402,1.3293611705008783,-0.007609958363307923,0.0
0.5598736417924033,-0.6925150729350829,-1.482070176764313,0.004789080385708127,1.0
0.543564854787877,-0.9671878197619738,1.3345292822164196,-0.035730979536525265,0.0
0.543564854981315,-0.9671922154883155,1.3348966640749977,-0.004409160440270964,0.0
0.5598736414262886,-0.6925148525204781,-1.474850535114177,-0.00657973997018488,1.0
0.5598736423006425,-0.6925164523138643,-1.4665658534368307,-0.05321363087825425,1.0
-1.7317881822508638,0.054050085156131356,-0.010649362369190186,-0.04495334974128168,2.0
0.5598736413089056,-0.6925171987034512,-1.4731792407043072,0.04702470629587333,1.0
0.6271579195630209,1.6078108525871377,0.15633358666057598,0.00038900799493044134,3.0
0.5435648546128348,-0.9671925639971617,1.3335711385148967,0.0461711410748783,0.0
0.6271579201165658,1.6078104344707884,0.1579993714811351,0.024013114222593935,3.0
-1.7317881814875529,0.054048305250148844,-0.005380641520535325,-0.05740011464837795,2.0
0.5598736415260146,-0.6925145023387836,-1.4728840925735402,0.03669774058198643,1.0
0.5435648549622715,-0.9671902712750859,1.3385835201781924,-0.022356882528796734,0.0
0.6271579198891506,1.607812300371867,0.1605847703983437,0.06982047666704493,3.0
0.6271579199081228,1.607810052903208,0.16941104889350111,-0.000603263922245559,3.0
0.6271579196274855,1.6078105923356203,0.1588440969083861,0.03578033089098401,3.0
0.6271579198665262,1.6078134429284896,0.15728492365201585,0.019844777688811335,3.0
-1.7317881817110523,0.05405257647002469,-0.0004700170220086422,0.004725147324840056,2.0
0.6271579194717041,1.6078138918621259,0.15537580762404338,-0.012989973990592145,3.0
0.6271579199392988,1.607810181315144,0.16205012269974622,-0.022026879699572597,3.0
-1.7317881811884441,0.05405011690312051,-0.010310833485731249,0.016809856591712104,2.0
0.5598736414415465,-0.6925151001045288,-1.4788064716548035,-0.003832443775058011,1.0
0.6271579207491688,1.6078120455079157,0.16102392414804476,-0.020125277718416407,3.0
0.5598736414924239,-0.6925181276526476,-1.4724453615344884,-0.019605247268867036,1.0
0.6271579195594139,1.6078147405835903,0.15951140750561799,-0.0642987628009937,3.0
0.5598736415660461,-0.6925169311148875,-1.4712857707121156,-0.03370286926280039,1.0
0.5598736414984905,-0.692516322194491,-1.4782674616995601,-0.026857951178518722,1.0
0.5598736411023164,-0.6925180050389207,-1.4823510019768278,0.033802252442607386,1.0
0.5435648550369768,-0.9671893070656535,1.324162027652719,-0.034312229447143155,0.0
0.6271579191208221,1.6078106224334205,0.16097216510558265,0.054204511447891374,3.0
0.5598736420299542,-0.6925160972777763,-1.4734403463387367,0.03137646833751163,1.0
0.627157920149842,1.6078099965931736,0.16412573735539393,0.07161917968372504,3.0
0.5598736422124968,-0.6925154608814608,-1.4769074261706139,-0.0014312675564019028,1.0
0.543564855100841,-0.9671875168765743,1.3299796971764084,0.02130534535618828,0.0
0.627157919596383,1.6078109293607405,0.1652285796190754,0.021991979713296934,3.0
0.6271579200228328,1.607811162554413,0.1594063207100261,0.021367389404422385,3.0
0.5435648548907581,-0.9671899762816655,1.326861814568215,-0.01606852361417269,0.0
0.5435648543463144,-0.9671883856319721,1.3329960080005743,0.05840120829788453,0.0
0.6271579195495586,1.6078152205399803,0.15717489616369842,0.015651951633588325,3.0
0.5598736413516561,-0.6925174892255282,-1.4796342835159233,-0.014899325414568128,1.0
0.6271579198176818,1.6078153000679718,0.15689940966752433,0.019982646919109254,3.0
-1.7317881809433844,0.05404852157620351,-0.0031210040865078,-0.051423608768828816,2.0
-1.7317881807175959,0.054051461092804766,-0.009436350100200223,-0.037473443153792224,2.0
0.6271579199454178,1.6078114311661267,0.1618059639975284,-0.04849195956785334,3.0
0.6271579196536234,1.607813064380828,0.15660983679977908,-0.006939856528114511,3.0
0.543564854970016,-0.9671909386080914,1.3290490790611302,-0.03598380245362305,0.0
-1.7317881811933187,0.054051629979023685,-0.006087651773716861,-0.026133217522613956,2.0
0.5435648551608439,-0.9671889048650205,1.331142965506463,-0.02643080448374896,0.0
0.5598736417476718,-0.6925151469173376,-1.4790558470518023,-0.010360612717886202,1.0
0.543564855137295,-0.9671834213270643,1.3263451942746771,0.005282800569720157,0.0
0.559873641533454,-0.6925155265317645,-1.4804474678642747,0.010502176005372652,1.0
0.5598736412089789,-0.6925147812046886,-1.479098123797287,-0.016889823373346484,1.0
0.5598736414572483,-0.6925147060506788,-1.4795225282370734,-0.09886238746605554,1.0
-1.7317881814221425,0.05404927842367627,0.0013039546807070434,0.04688924621146977,2.0
0.6271579204222871,1.607810749235985,0.16769259324655425,-0.07102751391200372,3.0
0.6271579201259736,1.6078108625429932,0.15833159030490304,-0.043829368913260176,3.0
-1.7317881812378935,0.054048567570032534,-0.003183408539690295,0.027158813502199546,2.0
-1.7317881811312241,0.05405101518503709,-0.01324839617494677,-0.012585078777874611,2.0
-1.7317881819512444,0.0540508276683716,-0.0034669321163401804,0.03119035944214664,2.0
0.6271579205067173,1.6078097943467788,0.15951579713794792,0.0006805648759675203,3.0
-1.7317881814895955,0.05405054774779379,-0.009000489982495127,-0.03300498227633085,2.0
0.5435648554513515,-0.9671905053352818,1.3346926699534851,-0.006590075305755687,0.0
-1.731788181115664,0.05405076867015454,-0.004487141661568776,0.06749403521142444,2.0
0.5598736410301905,-0.6925170255243579,-1.475719202867554,0.028458650223635674,1.0
-1.7317881813866058,0.05404736259968274,-0.0014894971022242417,-0.016423608020541797,2.0
0.6271579203301962,1.6078092641866715,0.15647572283708547,0.030793820726659264,3.0
0.5598736415874627,-0.6925140822405133,-1.478217221991065,-0.04507497073939519,1.0
0.5598736413112564,-0.6925166147920006,-1.4834769364050824,-0.06169553380796366,1.0
0.6271579194333361,1.6078117076028602,0.15717133498001645,0.006936847138202862,3.0
0.5435648546152839,-0.967189567972225,1.3298821058274013,-0.04408418464698418,0.0
-1.7317881809140092,0.05404983492051894,-0.0008905466204176399,-0.030473186301174203,2.0
0.5598736408554988,-0.6925161076132468,-1.4747996099077467,0.007310415759524374,1.0
0.5598736415253861,-0.6925191085143322,-1.4802665074944679,0.007537180639527066,1.0
0.5598736407938536,-0.6925185634549151,-1.481730960825317,-0.026880315007436706,1.0
0.5435648549300794,-0.9671897999480051,1.3385470416640848,0.018566581317863016,0.0
0.5598736414634002,-0.6925165965169486,-1.4778382934247667,0.054192971238377935,1.0
0.5598736410569507,-0.6925178432075283,-1.4754844526595616,0.0079327721996427,1.0
0.5435648550474343,-0.9671865569969661,1.3400253722220017,-0.07396834003623222,0.0
-1.7317881818825678,0.054048358449788864,-0.008314443886814842,-0.06379345423998743,2.0
-1.7317881810650106,0.054046574451486,-0.014655181645026525,-0.00881513807000402,2.0
0.5598736416284664,-0.6925143016055816,-1.4784819226426862,-0.09170159699725478,1.0
-1.7317881809012943,0.054050773670251746,0.0006995374029566846,-0.027289666996320128,2.0
0.6271579194596176,1.607812895284224,0.16488784871967133,-0.08096430146584149,3.0
0.5598736422332597,-0.6925145222536276,-1.47788409756961,-0.024178455963811213,1.0
0.6271579201796292,1.6078139438903714,0.16278040055542042,-0.015822238587307243,3.0
0.5435648549349836,-0.9671895246852197,1.3391052923394668,0.01976272606484459,0.0
0.5435648551146068,-0.9671911842605776,1.3343645925243948,0.005773110281421218,0.0
0.5435648544985736,-0.967189334137153,1.3252906683431616,0.06947929120696532,0.0
0.6271579199472328,1.6078141146017828,0.1565980719124391,0.030159962267222028,3.0
0.5598736417510153,-0.6925182046338303,-1.4817728259040928,0.02035841767869462,1.0
0.5598736405520182,-0.6925155827828767,-1.4839976453706394,0.009321719365767346,1.0
0.5598736417931652,-0.6925136852876036,-1.4820465071201232,-0.008386036263826191,1.0
0.543564854160724,-0.9671882440648494,1.333992455081575,0.05992626860679477,0.0
0.5435648546728032,-0.9671919817473639,1.3332568837686032,0.05256607560895046,0.0
0.5598736411836666,-0.6925141758966378,-1.4718263167857477,-0.029922621387401944,1.0
0.5598736410815043,-0.6925163195973675,-1.4811573820590744,0.05512802608177861,1.0
0.543564854523343,-0.9671883092021439,1.3392373661289458,0.03829489769505761,0.0
-1.7317881817303484,0.05404975759134339,-0.00777507503585689,0.06095804193927417,2.0
0.559873642063919,-0.6925132333322938,-1.4768306844402814,-0.019309715547465724,1.0
0.5435648555013558,-0.9671909849932117,1.3349922350575514,-0.010162268203615403,0.0
-1.7317881820371155,0.05404942958984311,-0.0012281196024296218,-0.03549426755406738,2.0
0.6271579202490398,1.6078121892517445,0.16230567051118197,-0.10305732251304967,3.0
0.6271579198580292,1.6078101228334511,0.15990574061563925,0.04182839773858323,3.0
0.6271579202447589,1.6078101996304415,0.15824089290117224,0.05147092053497323,3.0
0.6271579199148173,1.6078130544159888,0.1562722729467818,-0.022332989622464338,3.0
0.5435648547068107,-0.9671901680097378,1.3338501554153297,-0.004788839427563517,0.0
0.5435648550657841,-0.967190979652357,1.3393464747418145,0.04770119663986886,0.0
0.6271579202876199,1.607811569851756,0.16730332331030867,-0.08652086362616968,3.0
-1.7317881818662688,0.05405096693961394,-0.002088587458226252,0.008731653848784993,2.0
-1.7317881809170892,0.05404996109679592,-0.005552110076134538,-0.037005599862182055,2.0
0.5598736419131894,-0.6925145749983549,-1.4759736260856768,-0.02932507416226905,1.0
0.5435648547399731,-0.9671877205149453,1.332141731518503,-0.0627021959662804,0.0
0.6271579205728347,1.6078154879639053,0.15838735255226613,-0.0005649577900455551,3.0
0.5598736414677646,-0.6925157176888549,-1.4776273710481345,-0.034850094256705155,1.0
0.5598736410856945,-0.6925157668257725,-1.4757146576750477,-0.06448915970952683,1.0
0.5598736413615168,-0.6925164183575193,-1.476756953538835,-0.06893567245192829,1.0
0.5598736406543652,-0.6925191840029795,-1.474706425034652,0.03130590338150905,1.0
-1.7317881812615097,0.05404762997121932,-0.0023941875730722406,-0.0112583496523278,2.0
0.5435648550431992,-0.9671886136202846,1.333959685000788,0.000472319779018471,0.0
0.5435648547308097,-0.9671897247934319,1.3390553664032212,-0.026041207822331682,0.0
0.5598736418209186,-0.6925132656296171,-1.4815600181420503,-0.01582494437578373,1.0
0.559873641493902,-0.6925175914891637,-1.479700167332947,-0.02432337536550916,1.0
0.6271579198109904,1.6078121998367865,0.16265371289862443,-0.04046938948251573,3.0
0.543564854795244,-0.9671919857252858,1.3299949597796241,0.04633470266666271,0.0
-1.7317881819835361,0.05405077967269946,-0.001740485158715245,-0.025861684660423545,2.0
0.5435648543169356,-0.9671898250698909,1.3333081237155873,0.013016472590394627,0.0
0.5435648543484497,-0.9671899633855263,1.3294281435916586,0.05606575013539824,0.0
0.6271579198968393,1.6078142765935808,0.1614476809950072,0.05021888969933816,3.0
0.627157919937299,1.6078117370090916,0.1585601236512363,0.011438335867006023,3.0
-1.7317881813749483,0.054051625047786385,-0.007005027137414626,0.0023982438252681494,2.0
0.6271579200657851,1.6078092839033744,0.1570718387408886,0.017772472386164778,3.0
0.6271579201932518,1.6078121434676793,0.16117824928034966,0.04265978332032488,3.0
0.6271579201271965,1.6078128485731469,0.16218371286949818,-0.08758283705529034,3.0
0.6271579198681865,1.6078118068281166,0.16243327330204885,-0.03136416197547637,3.0
0.5435648549761417,-0.9671906159906359,1.3346579361870845,0.08092432150336984,0.0
-1.7317881825702763,0.054049286468906034,0.003722723085401549,0.01762876463353479,2.0
0.5435648546780794,-0.9671906174309337,1.3254886398549892,0.04074562733741003,0.0
0.6271579199500291,1.6078117508891088,0.15830797029773114,0.02879901655066591,3.0
-1.7317881822309467,0.05405040452718563,-0.005628349132725643,0.0942585585949041,2.0
0.5435648538343254,-0.9671868217255509,1.3314555091375293,-0.016635322159019302,0.0
0.5435648539938039,-0.9671913192233093,1.3321557541976,-0.0045872131379067335,0.0
0.5598736417495933,-0.692514999275948,-1.4774641205833543,-0.022344288604990454,1.0
-1.731788180874283,0.05404863266481079,-0.0007985826458859451,0.016793678818723023,2.0
-1.7317881819478962,0.054049710184574176,-0.012259067617876996,0.022547673981001104,2.0
-1.7317881816966871,0.05404924671381705,-0.006004981653569114,0.011997005942757197,2.0
0.5598736410505212,-0.6925157939356211,-1.479230408578346,0.02111977860157939,1.0
0.5598736417954967,-0.6925141818825501,-1.4791358501336076,0.013564472119782973,1.0
0.6271579199021265,1.6078114222593665,0.16545426860426185,0.03242260795413065,3.0
0.5435648552116775,-0.9671890247993744,1.3303221260303253,0.0060983337048690295,0.0
0.5435648549265751,-0.9671940696118709,1.3324104334907068,-0.028860963560871745,0.0
0.5435648550241275,-0.9671905668571431,1.3332428631937938,-0.021392573494227938,0.0
0.5598736418860002,-0.6925132781347855,-1.4750614601954535,-0.020695598435129782,1.0
0.5598736415338956,-0.692517589016721,-1.481262142758901,-0.06429350824137979,1.0
-1.7317881810754985,0.05404911285736963,-0.004249431240609921,0.01929279821926536,2.0
-1.7317881806784703,0.054049560728234566,-0.002660092570028079,-0.020080802965645725,2.0
0.5598736421503101,-0.6925145222457061,-1.4785452244829371,0.02872286054095801,1.0
0.5435648547934137,-0.9671904978455923,1.3299738655370694,-0.013563932425585953,0.0
0.5435648549090661,-0.9671903958236527,1.329113715360762,0.05152703029102136,0.0
0.5598736413591907,-0.6925156192728195,-1.4765132729257882,-0.007930203375620387,1.0
-1.7317881815056546,0.05405038706535842,-0.004574562332509972,0.032222346185714026,2.0
0.5435648548886429,-0.9671877862832976,1.3331552960984105,0.018716098786616713,0.0
0.5435648547689031,-0.9671882862992203,1.327496292225735,0.04656410845120356,0.0
-1.7317881814480995,0.05404830309990975,-0.0035228164027030495,0.023044506259404712,2.0
-1.7317881821091237,0.05404776513376363,-0.004070055734422205,0.040406478321885965,2.0
0.5598736409479573,-0.6925143754996439,-1.4799396093343384,0.048413731320093474,1.0
0.6271579196043129,1.607810299727826,0.16254290596549875,0.00916127527890912,3.0
0.5598736415861545,-0.6925162290108469,-1.4803799110923788,-0.04067266492810247,1.0
-1.7317881818705092,0.05405132550886483,-0.002868560494903495,0.025990944699151967,2.0
0.5598736410658303,-0.692516520627818,-1.4693057806461904,0.002325118966128313,1.0
0.6271579189564723,1.6078129797968026,0.15911702276056183,0.02811717128822515,3.0
0.5435648542556181,-0.9671909700387579,1.3341695512370004,0.06318892602304607,0.0
0.5435648543194644,-0.9671899194184036,1.3294375837299854,0.002587980288714502,0.0
-1.7317881812358653,0.05404928841794614,-0.006485935688397622,-0.017048725871647203,2.0
0.6271579201318092,1.607812348962413,0.16115977866805617,0.054913192929405046,3.0
0.6271579203788802,1.6078110815366011,0.1617454140538918,-0.01597816965334006,3.0
0.5598736419025501,-0.6925182882537259,-1.4807256131141895,-0.03508883606761917,1.0
-1.731788181585418,0.054049928070317464,-0.006834562182790752,0.028158187128861138,2.0
0.5598736414163962,-0.6925164254632045,-1.473729285486534,0.027298690662962113,1.0
0.54356485499696,-0.9671923502482059,1.3332979131525842,0.0038770160807129303,0.0
-1.731788180978753,0.0540483282550322,-0.002918996957650293,-0.009212688068734324,2.0
-1.7317881810959712,0.05405118462980528,-0.0073486790978682815,0.022056943139244868,2.0
0.5598736417610783,-0.6925157921197741,-1.4789728670789046,0.021105804495256373,1.0
-1.7317881813409637,0.054049718131532545,-0.007756443125596048,0.02480956846387456,2.0
-1.7317881818764889,0.05405017250530732,-0.0066621997199241695,0.047634555401453636,2.0
-1.7317881813752753,0.054051722453897146,-0.005533717049826917,0.000909301356332635,2.0
0.559873641849,-0.6925169303247395,-1.4873423701283857,-0.02547417381279126,1.0
-1.7317881808556863,0.05405256526849132,-0.004243755551182839,0.011517867473278143,2.0
0.5598736418562873,-0.6925167213202504,-1.4786161607759076,-0.007700392577588865,1.0
0.6271579196870022,1.6078092661678358,0.15698319575686964,0.06125594760338899,3.0
0.6271579202202139,1.60781278771002,0.16221007192301207,0.07601029547001369,3.0
0.6271579200379747,1.6078131075441926,0.15994491407343822,-0.011661389122562166,3.0
-1.7317881804138375,0.05405054910725646,-0.0038011576131360757,-0.00999593584661068,2.0
0.5598736424800054,-0.6925184108306235,-1.4747336592546294,-0.015544837917347063,1.0
-1.7317881816173144,0.05405056182707202,-0.0026353456279605792,0.009618236147370665,2.0
0.5598736416862697,-0.6925197392846422,-1.4762031063509855,0.062391913653244854,1.0
0.5435648547642338,-0.9671851850422075,1.3301100004566864,-0.05824548184874303,0.0
-1.7317881819488168,0.054052941236766794,-0.0017812056322778407,-0.007775278758709057,2.0
-1.731788181339175,0.05404947078365273,-0.004465248036261504,-0.06521579448430193,2.0
0.5598736412741739,-0.692514778527441,-1.476033848333621,0.008629374425457335,1.0
0.5435648541753083,-0.9671904617158487,1.3323371686292724,0.013019537828534575,0.0
0.5435648553809563,-0.9671884069086081,1.334475058696528,0.055384218230756385,0.0
0.6271579194151469,1.607807971069841,0.1548460631147981,-0.008985152736625788,3.0
0.5435648546310003,-0.967190126117329,1.3412590652804788,0.01159706230175918,0.0
0.559873641241152,-0.692516015396776,-1.4758319480966522,-0.03397817984074727,1.0
0.5435648546933498,-0.9671901309274045,1.335987083156464,-0.05569399106359262,0.0
0.6271579197103706,1.6078099208319996,0.15708128170067845,-0.0026959412899485863,3.0
0.5598736415454572,-0.692516350889558,-1.4797399782787692,-0.04239555539150097,1.0
-1.731788181517548,0.05405101474108881,-0.006696890513949793,-0.005572832755527448,2.0
0.6271579199514649,1.6078106411837318,0.16416352624339692,0.026789964738871696,3.0
0.5435648547931525,-0.9671897140209702,1.3300996786454897,0.03277236056283745,0.0
0.5598736418047338,-0.6925153167307367,-1.4791238078856939,0.0014709922922388383,1.0
0.543564853809326,-0.9671903935734839,1.3304539137474685,0.033804750037412595,0.0
0.5435648545914084,-0.9671883986951633,1.328743038376963,-0.02887690405932919,0.0
0.6271579202704658,1.6078150732583976,0.1605059001089738,0.06329821599850359,3.0
-1.7317881816640943,0.05405168035584233,-0.003219720297624,0.04637003138683044,2.0
0.5435648549538289,-0.9671924562331037,1.3313251905878924,0.014856526956951449,0.0
0.5435648546788531,-0.9671915303808383,1.328516092574581,-0.008170523765030979,0.0
-1.7317881816922869,0.05405275646930063,-0.007321533397910934,0.024574086268131744,2.0
0.5598736410050072,-0.6925158566769094,-1.4742883232574622,-0.12332202812367848,1.0
0.5435648543855289,-0.9671891547672624,1.3300574350778827,0.0366432850527518,0.0
0.5598736419270169,-0.6925161102916734,-1.469741919082219,0.011885210193152144,1.0
-1.731788181348382,0.054050225582810724,-0.005042949152544099,0.03357824713939474,2.0
0.627157919679405,1.6078102046872107,0.15730756489161976,0.08005206536227977,3.0
0.6271579195283961,1.607811259795205,0.15750966189490864,-0.010036647281313147,3.0
0.6271579199433851,1.6078117562237562,0.1556934296997379,0.0020568588812611187,3.0
-1.7317881817716603,0.054050644830418534,-0.0050501890264916536,-0.015883991425657624,2.0
0.5598736418178442,-0.6925168903179373,-1.4785321397482432,0.05472740815282274,1.0
0.5598736413997148,-0.6925175155959071,-1.4789850806172893,-0.049294280381822146,1.0
0.5435648546907395,-0.9671907972642176,1.3340095498473081,0.012010449939040062,0.0
-1.7317881818454826,0.05405217850163766,-0.005638789784085648,0.010455511457692615,2.0
0.5435648550372043,-0.967190910705617,1.3283232928547786,-0.00869631816873232,0.0
-1.731788182029559,0.05404986532697985,-0.0022212062298423885,0.0007997783987784844,2.0
0.5435648541839768,-0.967190126697445,1.3321226741953793,0.03419863696377964,0.0
0.6271579202471712,1.6078108380046867,0.15199408315828894,-0.023382430822654055,3.0
0.6271579196737265,1.6078098711714879,0.16535266713949223,-0.03627230576695884,3.0
-1.7317881813094156,0.05405118743481916,-0.011632898216441825,0.012255485994224642,2.0
0.5598736409377281,-0.6925157090453291,-1.4786861028495253,-0.05001104325196785,1.0
0.5598736416006839,-0.692513587329106,-1.472985896061275,-0.020247356415772647,1.0
0.6271579203476783,1.6078092487708286,0.15473806087082134,-0.055277420310651755,3.0
0.5598736411324619,-0.6925178492533974,-1.4803224884749886,0.01904237868694473,1.0
0.6271579202806056,1.6078104091242624,0.16585522052839896,-0.038720520507557324,3.0
0.5435648541650027,-0.9671900979641336,1.3310217206582744,-0.010044756553073431,0.0
0.6271579191518792,1.6078106528988456,0.15868019589543766,-0.027782567284829952,3.0
0.6271579200001111,1.6078086750402836,0.1709421358055201,0.04747418425358755,3.0
0.5435648543964557,-0.9671881151332614,1.3316271553358574,0.0157871519079207,0.0
0.5598736412806018,-0.6925148452462049,-1.4754091717383018,-0.0455047339358483,1.0
0.543564854793081,-0.9671876428479896,1.3353156315196217,-0.020901095348410975,0.0
0.5598736414229063,-0.69251854719751,-1.485364686732103,0.0019127396183320153,1.0
0.627157918937076,1.6078138798282797,0.15599790218026066,0.042527388225095844,3.0
0.6271579200907119,1.6078115102624684,0.1596738761238389,-0.030713503819255184,3.0
0.543564854124178,-0.9671881969066976,1.3384986268950225,0.01989337374154175,0.0
0.5435648541828527,-0.9671948385538892,1.3290292574757918,-0.018891026299269566,0.0
-1.7317881814511136,0.05405018644389833,-0.0037960176649529135,-0.03980097938485976,2.0
-1.7317881803988764,0.05404902048561466,-0.008492086656517062,0.027407526062800846,2.0
-1.7317881811519034,0.05405134163163202,-0.0011504585545359183,0.012124355768102996,2.0
-1.7317881814960705,0.054050574623919725,-0.0013759812871585089,-0.0602759457231311,2.0
-1.7317881814427944,0.054048545878976145,-0.0023025026438649398,-0.06346782909151973,2.0
-1.731788181181359,0.054047824127267365,-0.011018129931590641,-0.009662293275226365,2.0
0.6271579200370154,1.6078103478784125,0.15387556643541087,0.02052077549369603,3.0
0.6271579199533128,1.6078113312259792,0.15838221821369858,0.026777213109804448,3.0
-1.7317881807950064,0.054052206146222886,-0.00435782302564456,-0.06770838800439037,2.0
0.5435648555263083,-0.9671905223244135,1.3338050397135888,-0.07581890950620573,0.0
0.5598736414495029,-0.6925168813658042,-1.477795135256921,-0.06790233433258532,1.0
0.543564854636917,-0.9671899544683131,1.3336914471520527,0.022661349329975114,0.0
0.6271579196968194,1.6078113029642698,0.15428046733315787,-0.025775552060148553,3.0
-1.7317881813503622,0.05405179647897714,-0.00901209120368059,0.028217462953373157,2.0
-1.7317881814750495,0.05405186674898399,-0.0025921788262203314,0.039711039171453855,2.0
0.5598736423083797,-0.6925167190958617,-1.4812029630822354,-0.019483897750045442,1.0
0.5435648542145731,-0.9671874246539636,1.3321836756122605,-0.031156461163078887,0.0
-1.7317881815190619,0.05404959962420966,-0.006087223699645408,0.07045294590259983,2.0
0.5435648547179011,-0.9671901273323597,1.3358141097813494,0.003589949187454727,0.0
-1.7317881817194154,0.054049678466391055,-0.006676726491452502,-0.06725602712930005,2.0
-1.7317881816583978,0.05404864139634185,-0.005456721434105608,0.019694636446913803,2.0
-1.7317881812656273,0.05405131729977739,-0.006334636559057627,0.03153803333157207,2.0
0.5435648542870487,-0.9671908053958476,1.3390075375071768,-0.004836194581252687,0.0
0.6271579206338352,1.6078117642167984,0.15706405138647922,0.02200163134231931,3.0
-1.7317881813272797,0.05404972508836931,-0.007163432902562566,-0.024152048244262817,2.0
0.5598736408617181,-0.6925160187847444,-1.4782288426668748,0.018165583391871798,1.0
0.559873641911878,-0.692515418691774,-1.4848581380930794,0.005812087298503254,1.0
0.5435648545268615,-0.9671908151548851,1.3354808822148005,0.048246696790663596,0.0
0.5598736414032138,-0.6925156432197798,-1.4783400844919612,-0.08151308371162533,1.0
0.5435648553779447,-0.9671905133017297,1.3277224785284594,-0.04344087168505818,0.0
0.5435648547032863,-0.9671900878549167,1.3330829115192102,0.01899421557978688,0.0
-1.7317881814501128,0.054051153796147326,-0.004278969647922391,-0.020326509215586593,2.0
0.5598736411377776,-0.6925147885546893,-1.4830347195015818,0.006130247633105411,1.0
0.5598736411883226,-0.6925154436093336,-1.4789641025670524,-0.01280590244393149,1.0
-1.731788181233767,0.054048956560581535,-0.007340440085550303,0.03922312358619361,2.0
0.6271579196225557,1.607814291556692,0.16157035352790358,-0.0055722405475805365,3.0
-1.7317881812458935,0.05404823967094612,-0.006717277791671614,-0.007333581489890322,2.0
0.5435648548784261,-0.9671915025595279,1.3366305197365063,-0.014506035378538899,0.0
-1.7317881818618557,0.05405072223319862,-0.004287422037343489,-0.013166086845541315,2.0
-1.7317881813304499,0.05405102495196672,-0.009104595944988098,-0.006875797818270768,2.0
0.5435648548923377,-0.9671901040718642,1.3308278351424498,0.025073798199184903,0.0
0.5598736415919253,-0.692513782212053,-1.4781282127095372,-0.016327530026229418,1.0
0.6271579196341714,1.6078072905434473,0.16026631070058214,0.04164410611674045,3.0
0.5598736410176764,-0.6925141987430625,-1.4721465739821875,0.0037278374276475857,1.0
-1.7317881815744895,0.05404844790673733,-0.00512408032339746,0.0119947895545868,2.0
-1.7317881817893066,0.054051186107755035,-0.009123802851493572,-0.0050469762905647276,2.0
0.5435648542278942,-0.9671887272830448,1.3337932318873376,0.03668176843600475,0.0
0.559873641320238,-0.6925169691568612,-1.4687658195201794,-0.03091004174313309,1.0
0.5435648548353036,-0.9671901352779892,1.3296408761752299,0.04299692818892375,0.0
0.6271579198354514,1.6078117330157435,0.1615837983238204,0.04923392549338658,3.0
0.6271579199704778,1.607808409000789,0.15876584471742147,0.015530372186156457,3.0
0.5598736417253266,-0.6925171662745431,-1.4782214519160455,0.0019207467119661441,1.0
0.5435648545208417,-0.9671855185335888,1.3298292606397486,0.026141851985005658,0.0
0.5598736417048726,-0.6925137805580858,-1.4760756821694825,-0.02853857026513226,1.0
0.5598736410330859,-0.6925166199120142,-1.4782086655156645,-0.08523058368590453,1.0
0.627157919686667,1.6078138751377324,0.15582508999226807,-0.026178693930867,3.0
0.6271579196065004,1.6078108543058094,0.15863410001801603,-0.015094581038350671,3.0
-1.7317881818502798,0.05404911212705416,-0.003998528387288171,0.02371749310958674,2.0
0.5598736417543049,-0.6925162738027494,-1.4775974333582358,-0.11882754152937472,1.0
0.5435648552697362,-0.9671893001665633,1.3238012158100128,0.07025390671288367,0.0
0.6271579198756109,1.6078113844554691,0.1653655792773818,-0.06175907792107819,3.0
0.5435648542825986,-0.9671884481486652,1.3346465595767265,0.05271184651755463,0.0
0.5598736419415276,-0.6925162406547865,-1.4733102139978451,0.002185602408034431,1.0
0.5435648547738448,-0.9671919291022243,1.3331035445413542,0.008576336857853948,0.0
-1.7317881809874365,0.054049128161197266,-0.004928011802884824,-0.04452820979110895,2.0
0.5598736418638197,-0.6925161879886665,-1.4751742984961742,-0.04211401164603426,1.0
0.5435648548071762,-0.9671906119260979,1.3350786360715121,0.035072593483731866,0.0
0.5598736410447067,-0.6925152223649791,-1.4771088823476248,0.013712334750641703,1.0
0.559873641082364,-0.6925153704122189,-1.4845571700985354,0.03434977357473149,1.0
-1.731788180698862,0.05404795194457775,0.0003962860814242092,-0.04032572524545459,2.0
-1.7317881815812712,0.05405246895762551,-0.009433124834773538,-0.06639386846629947,2.0
0.6271579197098456,1.607813042197962,0.16113863479329243,0.009954082880325905,3.0
0.6271579200457883,1.6078109278404271,0.16094099327543812,-0.07888412493596683,3.0
0.6271579190264939,1.607812008194285,0.1609118137368014,-0.01417236145152915,3.0
0.5598736411088113,-0.6925170969982746,-1.476545279130479,-0.018549591302345843,1.0
0.6271579196304655,1.6078120664446434,0.15772802790701393,-0.002909270842824725,3.0
0.559873641254079,-0.6925170447327189,-1.4784172427996825,-0.03242128968631725,1.0
0.543564855136352,-0.9671887515708397,1.33359180158784,0.012393924034075061,0.0
0.5435648553381007,-0.9671890872057116,1.337745323591159,-0.013531728145853591,0.0
0.6271579192643099,1.6078141706565072,0.1686713057994223,-0.012263650906913379,3.0
0.6271579201903318,1.6078139838262784,0.15632944240930396,-0.0184840904702264,3.0
0.5598736417670673,-0.6925166421529451,-1.471480423372114,-0.004670479268334971,1.0
0.5598736416522269,-0.692517767213191,-1.476411995376622,-0.09085001329919869,1.0
0.5435648549139117,-0.9671888944415797,1.335773311575794,-0.04942284549917084,0.0
0.559873641186691,-0.6925167655116655,-1.4781997688574027,0.07093207867442954,1.0
0.5435648546073975,-0.9671927211794904,1.3326121430701934,0.036757371434818144,0.0
0.6271579195616945,1.607812253859356,0.16098968434029184,0.03561040296482324,3.0
0.6271579199816214,1.6078125499616296,0.1572397970558654,-0.014224990498485857,3.0
-1.7317881812352187,0.0540510237210434,-0.011710432177810285,0.0402533684443046,2.0
0.5435648551236212,-0.967189021167117,1.3372570305555953,0.03276796063008505,0.0
0.627157919499324,1.6078105217134058,0.15637374560292838,-0.029991941502925452,3.0
0.6271579200849048,1.6078125653978081,0.16406258491598946,-0.015445645834044173,3.0
-1.7317881815718155,0.05405007622350219,-0.001100448785426456,-0.0050678448093881365,2.0
0.55987364134268,-0.6925165828181086,-1.47965355672848,0.01614690754692987,1.0
-1.7317881812158111,0.05405333327448997,0.0010767751935013283,-0.09237069072791564,2.0
0.5435648555478457,-0.9671910063532535,1.3354476453223385,-0.022590923502082968,0.0
0.5435648544737542,-0.9671870751877857,1.3301645343624093,0.025435491581635473,0.0
0.6271579204434753,1.6078142037607512,0.1696157562194007,-0.016158137481891276,3.0
0.5435648545769384,-0.9671901439000941,1.3298622837129428,-0.0034019011183367307,0.0
0.5435648540152533,-0.9671912198160372,1.3304664976498441,0.013843994056260365,0.0
-1.7317881813953617,0.054050464556953774,-0.004663198564200636,-0.046889768389992384,2.0
0.6271579201879556,1.607811193596299,0.1576538575211306,-0.03613373081028678,3.0
0.6271579200722678,1.607808613310753,0.16378464445891527,-0.03712245251507664,3.0
0.5598736420396643,-0.6925159384658899,-1.4807927316285217,-0.014303048075090473,1.0
0.5598736414593195,-0.692513806735776,-1.477318748968224,0.017068221323052267,1.0
0.6271579203247326,1.6078102014047775,0.16206484537018545,0.02108843222948235,3.0
-1.7317881812863523,0.05405250209912203,-0.00351444633254954,-0.02010570843556505,2.0
0.5598736416418745,-0.6925150018336678,-1.4809528079112786,-0.003571121346935363,1.0
-1.7317881818183793,0.05405152386306583,-0.011896794971807042,0.01105460838540791,2.0
-1.731788181525549,0.054051481927029126,-0.010844699383605803,-0.04515626395071092,2.0
0.5598736415739588,-0.6925172358010268,-1.4826354234604615,-0.05233491779281731,1.0
0.6271579201554464,1.607812833747845,0.15786337373373538,-0.04348833351712942,3.0
0.54356485487904,-0.9671912472456203,1.3263683176758396,0.026907324778772952,0.0
0.6271579196280965,1.607811862955325,0.1561325940389719,-0.0023111718270022344,3.0
0.6271579198679946,1.6078107165869069,0.1626268012822488,-0.023435310153276392,3.0
0.5598736412855564,-0.6925157417328456,-1.4829424082507332,-0.014992756789000502,1.0
0.6271579194025114,1.6078090990645995,0.15595351464230464,-0.012304178383193084,3.0
0.6271579196625795,1.6078121641348144,0.1572256145747614,0.019612564126564924,3.0
-1.7317881811366813,0.05404917004612336,-0.004278064218253398,0.030480569070535538,2.0
0.5435648548348881,-0.9671880983179002,1.328659314696011,-0.0019170660915700073,0.0
0.6271579204336396,1.6078083160873815,0.16071056905239828,-0.0029746743350410475,3.0
-1.7317881808606261,0.05405048270859292,-0.004643507712726348,0.013069341270195963,2.0
0.5435648550502074,-0.9671897983036345,1.334046571972598,0.0015643266539455932,0.0
-1.7317881808827156,0.05404940151280784,-0.007134270442545454,-0.011791465188765362,2.0
0.5435648544938851,-0.967191678998694,1.335878307485306,-0.031440482285586886,0.0
0.6271579198894092,1.6078140596020185,0.16170922556851197,0.039740973334937195,3.0
-1.7317881810111155,0.05405050419975468,-0.0019820500915848803,-0.009068200734172279,2.0
0.6271579200520837,1.6078128350738536,0.16410175121837692,-0.0154974382506379,3.0
0.627157919977587,1.6078148187266228,0.15786344877038638,0.020558709218866805,3.0
-1.7317881820471785,0.054047878827674346,-0.0031714742590487144,-0.05327207661282881,2.0
0.6271579196044892,1.607810597191834,0.16601898737782733,-0.004693390238041562,3.0
-1.7317881820733383,0.05405061448269632,-0.011783544680585411,-0.05194502806280831,2.0
0.5435648551997228,-0.9671898020321749,1.334394486902792,0.03880450213626176,0.0
-1.7317881821015604,0.05404934806709282,-0.006914937366584511,-0.008544276443241669,2.0
-1.7317881813790406,0.05405130351311006,0.001618147824780334,-0.06138498774826274,2.0
0.6271579196962128,1.607812267732249,0.16415194007137782,0.02515888492762354,3.0
0.5598736416029088,-0.6925167954263131,-1.4842914051165845,0.009193684529240034,1.0
0.5598736416053325,-0.6925142884139022,-1.4722432271804775,-0.06498184859029586,1.0
0.5598736407469265,-0.6925140519132844,-1.4778366774854654,-0.005670273418022528,1.0
0.5598736419333676,-0.6925160484097784,-1.482856395353976,0.01310370681837265,1.0
-1.731788181942645,0.054050638286926224,0.002370352712112852,0.02027130689888397,2.0
0.627157920132366,1.6078117868532327,0.16102545493588993,3.285465869040523e-05,3.0
0.6271579201625554,1.6078139245692133,0.15783383150552913,0.0656728128512889,3.0
0.6271579204932085,1.607813401688434,0.15572851693053746,-0.028470863502270582,3.0
0.5435648542366086,-0.9671887869001626,1.3349746054064884,0.026553039718903618,0.0
0.6271579188334669,1.607809301909325,0.15747443110042755,-0.008040541874350845,3.0
0.543564854519682,-0.9671927718140882,1.3345779616105398,0.06233186336030244,0.0
-1.7317881811375397,0.05404853440740122,0.0007195181258529571,-0.011979895485315398,2.0
-1.7317881813783322,0.05404906241626105,-0.0015057252605143161,-0.001281045832065443,2.0
0.5598736409009787,-0.6925156970653054,-1.4735235634168922,-0.025494606611005582,1.0
0.5598736420573829,-0.6925185586114486,-1.4783180490886454,-0.07015857450698032,1.0
-1.7317881820240335,0.05405020013682031,-0.010493963690163342,0.0378434040473395,2.0
0.5435648549615729,-0.9671903537616316,1.3348969399189385,0.06909322437117398,0.0
0.6271579193522558,1.6078114096323852,0.15884500118144199,0.022183478718351485,3.0
0.5435648541156543,-0.9671892039678682,1.3394075418142983,0.02954837844580693,0.0
-1.7317881815118321,0.054053456430472935,-0.0013595419124992484,0.042939458791505646,2.0
-1.7317881811526525,0.05405054643079322,0.0009750817186874876,0.027600796057701535,2.0
0.559873641318733,-0.692516313562677,-1.4752441315716254,-0.005740436849044757,1.0
-1.731788181927908,0.05405216334932594,-0.002735096629408029,0.029941399407045682,2.0
0.627157919762718,1.6078125614323624,0.15975349037707529,0.03750897828753456,3.0
0.5598736420857741,-0.6925163112955517,-1.4826170112444765,-0.018216741193933544,1.0
-1.73178818149776,0.0540493270335203,-0.007919577805293631,0.011930527047605312,2.0
0.5435648547771246,-0.9671897791340603,1.3305369065695907,-0.013869106376776463,0.0
0.559873640993489,-0.6925148306730861,-1.4789024901107972,-0.01607684877929631,1.0
0.5598736419115448,-0.6925171192610511,-1.47987350196501,-0.0760434876547046,1.0
0.5598736409783271,-0.6925163190366199,-1.4787077849558516,-0.04927969909856836,1.0
-1.7317881815062606,0.05404830308298526,0.0003604440106084509,0.03894189230891496,2.0
0.5435648549591758,-0.9671911149304616,1.3334041371587646,0.007429784565782955,0.0
0.5598736414485083,-0.6925168659022156,-1.4737134817384434,-0.021040471771116603,1.0
0.5598736409103969,-0.6925180116198919,-1.4801357327402827,0.0019000638158295472,1.0
-1.7317881817041767,0.0540499962731506,-0.0050282701091890186,0.016513588733298556,2.0
0.6271579202002868,1.6078113288348181,0.15651674572441768,-7.913707632603752e-05,3.0
-1.7317881819556804,0.054051024318977944,-0.003458942186656375,0.0006690210974651925,2.0
0.543564854898534,-0.9671909414555423,1.3342299801830535,0.009698034968946135,0.0
0.559873641210144,-0.6925169102832767,-1.477842407378862,-0.009178505300315281,1.0
0.5435648545375018,-0.9671898519806725,1.333251434155887,-0.0006609753596029459,0.0
-1.7317881810983973,0.05404788669432819,-0.008284200200740176,-0.05508479273712754,2.0
0.559873641026002,-0.6925162055232527,-1.4801093600583546,-0.007198495971350036,1.0
0.559873641569608,-0.6925118247770965,-1.4767467830447851,-0.009092409478709242,1.0
-1.7317881821289591,0.05405169446977337,-0.003221717965118454,-0.0646257648778024,2.0
-1.7317881808451159,0.054048979235739786,-0.007974757873440428,-0.021344554463293145,2.0
0.6271579199472432,1.6078106829877494,0.15538437745918696,-0.018779141200773102,3.0
-1.7317881811812739,0.05404893517637759,-0.0059139574062421225,0.03825706049979921,2.0
0.5435648547361329,-0.9671893327216843,1.3337951137515258,-0.030756061047067865,0.0
0.627157919997656,1.6078143653686732,0.15540045537679367,0.019546014518702543,3.0
-1.7317881816069896,0.054050432568605054,-0.003307584133191017,-0.050163765778429896,2.0
0.5598736411474065,-0.6925147141355088,-1.4775816914597955,-0.035752694677569544,1.0
0.6271579195601457,1.607811884858258,0.1639534801138019,-0.0024448222165504453,3.0
0.5598736418630068,-0.6925159732218807,-1.480484033505098,-0.004436673078660285,1.0
0.6271579201341599,1.6078103211283965,0.16439569283134786,-0.011129673808974744,3.0
0.6271579200210301,1.6078124200600286,0.1615836157626584,0.013779039326774852,3.0
0.6271579192919826,1.607810479476159,0.15484543696153535,-0.01905255455342815,3.0
0.5435648542278604,-0.9671880615346264,1.3338017639796285,0.05377224978091724,0.0
0.5598736426237014,-0.692515386087519,-1.4746697146745396,-0.01333927097399176,1.0
0.5435648541724376,-0.9671868592645501,1.3327874862691533,0.005150739560158573,0.0
0.6271579197630006,1.6078098923400344,0.15953132966409833,0.01888809820698713,3.0
0.5598736407969094,-0.6925166995697097,-1.482601577806256,0.010362643335872057,1.0
-1.7317881812990523,0.05404981627887033,-0.006470530789312743,0.05019751530469758,2.0
0.627157919327623,1.607811665990207,0.1639001365877155,0.013567562689143218,3.0
-1.7317881816052074,0.0540506349944524,-0.008431366860326058,0.010558788829732022,2.0
0.5435648555826359,-0.9671883451580406,1.336095122730138,0.02997777290560945,0.0
0.5598736409899714,-0.6925167970901727,-1.4837006057413864,-0.052697684502385427,1.0
0.5598736416071664,-0.6925144746658123,-1.479559946058388,0.006063247167042565,1.0
0.5435648554777074,-0.9671888244796328,1.3362729466088712,0.06660713465083862,0.0
-1.7317881812665463,0.05405134100651734,-0.007986099528257866,-0.039131443669742895,2.0
0.5435648549788469,-0.9671888957237388,1.3293828888957324,0.026383375638587118,0.0
0.5435648546504089,-0.9671876033785592,1.3306086812896827,0.06918634142526547,0.0
0.6271579190723908,1.6078107295919457,0.15889346902679058,-0.00859469849309146,3.0
0.5598736413852042,-0.6925170365958908,-1.4810265014886543,0.01811243358345197,1.0
0.5435648546871968,-0.9671895299256716,1.3338784657603802,0.017813354162619394,0.0
0.627157919319479,1.6078124644353398,0.1579599948734474,0.015368579230170855,3.0
0.5435648551330464,-0.9671906828088687,1.3356100722311737,0.005152232140272296,0.0
0.5598736411369936,-0.6925164415143253,-1.4763885277493185,0.004458322654978821,1.0
-1.731788181418808,0.05404810214138695,-0.0037207171763374847,-0.022272171327412434,2.0
0.5598736409550084,-0.692515897336397,-1.4717743620420083,0.019228896930540446,1.0
0.5598736414397769,-0.6925177081965257,-1.4770953201679253,0.031246272471505014,1.0
-1.7317881812511078,0.05404867808169427,-0.0006660298168264025,0.03775423112688743,2.0
-1.7317881814891871,0.05404856582033609,0.0014737502960761742,-0.029911792582232505,2.0
0.5435648547604798,-0.9671894165674547,1.3268441023964357,0.058543083672168914,0.0
0.5598736414818228,-0.6925152947102798,-1.4762774560314496,-0.06623649109741675,1.0
0.5435648545536194,-0.9671909155388578,1.3325330084472202,0.056496796608633944,0.0
-1.731788181012755,0.054052604841983695,-0.012827956592532256,-0.01337969008413753,2.0
0.627157919619557,1.6078133837505981,0.15652071649323357,-0.015396265324629468,3.0
0.627157920464918,1.6078126448186012,0.1597301049739215,-0.011412717101885265,3.0
-1.7317881816788587,0.05405023271554928,-0.0032115150439274423,0.01263727962530155,2.0
0.5435648546282765,-0.9671860375063919,1.3342908271913654,0.019684808239998474,0.0
-1.7317881814817881,0.054049914661105,-0.006187447074007291,0.03549984179116347,2.0
-1.7317881810141946,0.05405266983468221,0.005016822630196979,-0.015030148897279525,2.0
0.543564854399281,-0.9671905010327069,1.3349557520816127,0.01593872421402298,0.0
0.627157919685914,1.6078100516753895,0.16186275033994157,0.06818401220481232,3.0
0.5598736418065187,-0.6925156063790063,-1.480059379288734,-0.03138412192635447,1.0
-1.7317881817599412,0.05405050621029681,-0.006876320898366383,-0.06517911593977445,2.0
-1.7317881812548082,0.054049631176908836,-0.007654339258001772,0.0029953850973070536,2.0
0.6271579206669881,1.6078103207814038,0.1603120809632397,-0.0020211453022509498,3.0
0.5598736416529073,-0.6925141444381726,-1.4773442913949377,-0.009648386417432903,1.0
0.5598736413638145,-0.6925158416597901,-1.4775711385432126,0.0168747296416146,1.0
0.6271579192267064,1.6078124953002346,0.15324488475202544,-0.013649331071124962,3.0
-1.7317881816952485,0.05404880101855115,-0.011976091983174345,-0.05641107796548106,2.0
0.5435648548818839,-0.9671893788287601,1.3290452220077484,0.05518192494356456,0.0
0.5598736414918813,-0.6925171161328048,-1.480803219857388,-0.018110060478953062,1.0
-1.731788181239391,0.05405075611816076,-0.0037727808635695205,-0.0159963243928675,2.0
-1.7317881803914998,0.054049481753601955,-0.005029451358358286,-0.017498786525423714,2.0
-1.7317881807919626,0.054048629211299666,0.0001633594015726064,-0.01821381840131811,2.0
0.627157919180986,1.6078112148418953,0.17138687162144697,-0.030128353711550374,3.0
0.5435648548209544,-0.9671878148629434,1.3337592292203606,0.03578181745149804,0.0
-1.7317881817755354,0.05405140340313948,-0.0064180776855363685,-0.02641941135236722,2.0
-1.7317881814561373,0.0540522076644789,0.0007716418075492047,-0.019377883988715965,2.0
-1.731788181617717,0.05404757059347135,-0.0043716154001647,0.021541841762701217,2.0
0.5598736411224596,-0.6925152355943763,-1.4739933549029878,-0.02042350514934614,1.0
0.5598736420396948,-0.692517060472248,-1.4780388761892833,-0.005824833501941822,1.0
0.627157919706812,1.6078087930546645,0.15708658953506846,-0.022983372209785493,3.0
0.559873640928396,-0.6925175122549831,-1.471592838420237,0.004987092825201882,1.0
0.5435648544820424,-0.9671878209253351,1.3295448630631117,0.07434659050556844,0.0
0.5435648545374319,-0.9671921483781228,1.3328183614082378,-0.02674989059850168,0.0
-1.7317881811151674,0.05404971639638447,-0.00011529072603944729,-0.05173924166042904,2.0
-1.7317881815815206,0.05404933766609745,-0.006901943505377127,0.010506008762495288,2.0
0.6271579201687898,1.6078117156140264,0.16786541266816038,-0.019434235126561193,3.0
0.6271579197210563,1.6078132340895053,0.16191910450035854,-0.01322135698817387,3.0
0.5598736417453267,-0.6925150392824513,-1.4775017752727704,0.0055163422228996254,1.0
0.627157919332058,1.607810433739159,0.1570813390609663,0.0035599525958081224,3.0
-1.7317881812044666,0.05404756591520597,-0.004880997565155937,-0.025729719788241484,2.0
0.5598736412720026,-0.6925158980251506,-1.4858682117921984,-0.005563127260185598,1.0
-1.7317881814529117,0.05405317506406742,-0.00500360687525625,0.024165808632458697,2.0
-1.7317881816096308,0.05404861047437935,-0.009979233878387802,0.042110132372970975,2.0
-1.7317881817355747,0.054049675003943295,-0.0028338537115114777,0.016056520734783992,2.0
0.5598736415254923,-0.6925154030040865,-1.4737651459209964,-0.019391255372161496,1.0
-1.7317881806605835,0.05404822333218174,-0.0026831903369024107,0.040813407607669785,2.0
-1.73178818188961,0.05404989238541388,-0.0047477104910761524,-0.01859659932475117,2.0
0.5598736414065344,-0.6925179240737008,-1.4785363028227672,0.04809654257855764,1.0
-1.7317881818997318,0.054051758464350314,-0.0050525883326727325,0.022990645840927876,2.0
-1.7317881813186917,0.05405188220493303,0.00022414362679644165,-0.022435080902769956,2.0
0.5435648544627613,-0.9671902322658306,1.3381558954607327,0.03738908585536337,0.0
0.5435648543937917,-0.9671895548766821,1.3314423195209977,0.03759369708088645,0.0
0.6271579200795122,1.607811820049067,0.15854770771783935,0.01587204309621432,3.0
0.6271579203926848,1.607810450969857,0.16466409454000144,-0.07137540385527832,3.0
-1.7317881813878635,0.05405228375134757,-0.009374088554492933,0.04081142856247138,2.0
-1.731788181413524,0.05405050726085073,-0.009792893771198529,0.07754939388387222,2.0
0.6271579201986561,1.60780951418089,0.16310198599682948,0.12852605877769369,3.0
0.5435648543643324,-0.96718983513307,1.3347253312061513,0.003370842393841604,0.0
0.6271579194011019,1.6078102033967847,0.1621685645991337,0.0025826123664714896,3.0
-1.7317881817457783,0.05405170028433776,-0.0030804494013678156,0.030502640377957885,2.0
-1.7317881807030737,0.0540499469778468,-0.005662346514399284,-0.029789251207160788,2.0
0.5598736413385235,-0.692516416979183,-1.4764893796817318,-0.0077113321057768166,1.0
0.5598736421211112,-0.6925158399783402,-1.4780226559274843,-0.019372383769971604,1.0
0.6271579199854489,1.607810489219111,0.1598349832628575,-0.02909146616340275,3.0
0.6271579191731396,1.6078102865392525,0.16097816166948992,0.010807147309084908,3.0
0.5435648548952297,-0.9671899831538198,1.3298032732938516,0.0014570281511028735,0.0
-1.7317881814549767,0.05405166549899735,-0.001763117885717861,-0.015584150192571743,2.0
0.6271579197412459,1.6078115808721463,0.15805726799270556,0.052946090751603454,3.0
0.6271579190238868,1.6078102787859634,0.15880406210287007,-0.019054319762016474,3.0
0.5598736416055587,-0.6925149281617721,-1.4754956578122758,0.002159008590592483,1.0
0.5598736422093785,-0.6925154424496714,-1.4721370504047882,-0.024087411127107404,1.0
0.6271579195005875,1.607810072726629,0.1553008547914712,-0.002781260040588327,3.0
-1.7317881809933402,0.05404864584046563,-0.005700875835889293,-0.003958130756319835,2.0
-1.7317881808825502,0.05404966299788911,-0.006959691134031477,-0.02889885401370453,2.0
0.5598736416750191,-0.6925172515286495,-1.485386270394338,-0.008577815096289744,1.0
-1.7317881813113427,0.054051480489327376,-0.0042845570422994726,0.02452125685672206,2.0
0.6271579200039925,1.607810168638118,0.16322872086644052,0.02521515939872237,3.0
0.6271579198806386,1.6078123341479493,0.1584845479342397,0.012635558305284027,3.0
0.6271579197573045,1.6078093949809589,0.15539676654646947,-0.0656680153016309,3.0
0.5435648543209062,-0.9671891980049321,1.3341404974514564,0.03902942161944006,0.0
0.5598736410190993,-0.6925155565961562,-1.4829314032823708,-0.003441877403769303,1.0
0.5598736410167832,-0.6925148846476733,-1.4815379506007458,0.00823014978156745,1.0
-1.731788180898499,0.054048540496231125,-0.0025194196630056293,0.026633034529383065,2.0
-1.731788181744878,0.054049348948192195,-0.006164691441967424,-0.03634605195639097,2.0
0.5435648543245087,-0.9671887820603556,1.3292352602117872,0.04873591848167583,0.0
0.5435648546193426,-0.9671863109277328,1.334480007242024,-0.003525249919111394,0.0
0.5598736411542355,-0.6925173399014671,-1.4812237523036942,0.03447843643102805,1.0
0.5598736414038811,-0.6925140918775746,-1.4805938134066923,0.031465940221145246,1.0
0.6271579206297568,1.6078102398914518,0.15662787392513963,0.0038602089792459647,3.0
0.5598736421854823,-0.6925157643347538,-1.4700873061180495,-0.030376135815211966,1.0
0.5598736418596031,-0.6925153201200105,-1.4815680718116606,-0.05176760209072246,1.0
0.5435648542151837,-0.9671902102825815,1.3324327002699425,0.06628987654620089,0.0
-1.7317881812293106,0.054051352843605315,-0.003861908637602007,0.017035332239437092,2.0
0.5598736413679899,-0.6925141602571485,-1.4772554010408678,0.004519226290727124,1.0
0.5435648548992812,-0.9671912170253042,1.3348764769005415,-0.04175532642913502,0.0
0.627157919917583,1.6078102225148565,0.16138222325621823,0.017606827063213596,3.0
0.543564855047742,-0.9671914908554927,1.3325217085536325,-0.02402205326190818,0.0
0.5598736421541854,-0.6925175081645962,-1.478909216626529,-0.055245143840569104,1.0
-1.731788181196019,0.05404759017696966,-0.0025385574502148536,0.01310463493294214,2.0
0.5435648543102698,-0.9671925672183291,1.3255718944770025,0.018174394070357345,0.0
0.6271579195198903,1.6078134797932346,0.16223797969381154,0.02187948416142704,3.0
0.6271579202021399,1.6078103333920117,0.16275884769359636,0.04410607933305667,3.0
0.5598736414727088,-0.6925140501057584,-1.481873265122176,0.021774994877529708,1.0
0.6271579191444168,1.60780884653967,0.16922462492816215,0.03096739531739731,3.0
0.5598736413150719,-0.692512499486282,-1.4754796589348216,0.02872992351886146,1.0
0.6271579203874379,1.6078113258309312,0.16619296048123788,0.06315893536191083,3.0
0.5435648545859421,-0.9671887275437164,1.3283933736280444,-0.02991144247889101,0.0
0.543564854713737,-0.9671868982812362,1.3345410087176246,-0.003554671301543453,0.0
-1.7317881814173113,0.054051757556179296,-0.008250769183989494,-0.0044197007975199905,2.0
-1.7317881809351514,0.05405003895787376,-0.0034819102293821794,-0.04917795723518571,2.0
0.5598736412600991,-0.6925157293661479,-1.4849705412386054,0.010645740220568148,1.0
0.5598736411003508,-0.6925163638213314,-1.4777470707676776,-0.020640758306836735,1.0
0.6271579200864948,1.607809374504644,0.16075952488174391,0.03150786026890126,3.0
-1.7317881817616858,0.054050433203727044,-0.005300057955715415,-0.003864292008203788,2.0
0.5598736416835052,-0.69251681200156,-1.484919449696057,0.00517791289097876,1.0
0.5598736413211437,-0.692515104287318,-1.4833480508467811,-0.003732457621647195,1.0
0.6271579191477372,1.6078117099351485,0.16017870648943863,-0.019007164168572604,3.0
0.6271579206944108,1.6078116105063243,0.1618117908862826,0.029825844716872593,3.0
0.6271579200044687,1.6078140973458799,0.15885944423076165,0.020630472693374324,3.0
0.5435648546030853,-0.9671903230572652,1.3291733246613437,-0.043960632583675406,0.0
0.6271579199520888,1.6078098660738174,0.1606601561373255,-0.043787395386519296,3.0
0.5435648542932905,-0.9671896344712999,1.333221615020738,0.0006719671177795566,0.0
-1.7317881814852687,0.05404994192838714,-0.0005685823175435214,0.0033740320895034493,2.0
0.5435648546966956,-0.9671919526452679,1.332394399981254,0.030004678830623837,0.0
0.5435648547516262,-0.9671903302064766,1.3275096594493845,0.0081314652436415,0.0
0.559873641706325,-0.6925154992594196,-1.4768557594907792,-0.04855403193811655,1.0
0.6271579196079465,1.607809172911791,0.1593825979347124,-0.0618172588441182,3.0
0.5435648545744212,-0.9671878047359803,1.333909740919047,-0.0022379376234114624,0.0
0.627157919720355,1.6078090121072308,0.1631847694951061,-0.02164675914256067,3.0
-1.7317881812839477,0.05405016704956249,-0.005034714151906014,0.011806729675705492,2.0
0.5598736415743498,-0.6925167767966615,-1.474275360800435,-0.011572879264100801,1.0
-1.7317881814419689,0.05404914288615406,-0.003763175032828769,-0.04627622878606743,2.0
0.5598736416253653,-0.6925173486413212,-1.4780109951644111,0.004461033771103736,1.0
0.6271579204670906,1.6078127719999065,0.1584964334263405,0.005051967117808491,3.0
0.5435648542276771,-0.9671899543915183,1.328915069678069,0.027041145639920963,0.0
0.5598736408921315,-0.6925134377630429,-1.476731184721645,-0.00539139241487576,1.0
-1.7317881812002522,0.05405180615888882,-0.004305105771666282,0.04036831657585708,2.0
-1.7317881811857316,0.054049562962862514,-0.003237912496937153,-0.004386795121095493,2.0
0.5598736419009243,-0.6925163479440405,-1.474977343369862,-0.002400034668770891,1.0
0.6271579203743364,1.6078077299606437,0.1588939759431039,-0.08283793682597819,3.0
0.5435648546944138,-0.9671894211086738,1.3364905282174468,-0.021027768066002504,0.0
0.5435648547107051,-0.9671925761949189,1.3323897515936194,0.007807963631643317,0.0
-1.7317881816075624,0.05404980264396756,-0.0052277342165337705,-0.00976552074203204,2.0
-1.731788182032408,0.05405157793490447,-0.0002462186489688922,0.01628674482857047,2.0
0.543564854380546,-0.967187399485395,1.3341065341947531,0.009862408841722405,0.0
0.627157919979967,1.607810993938893,0.16212301281629074,-0.023108164143358246,3.0
0.5435648543814384,-0.9671899353273098,1.3355056306320117,-0.008784212204404064,0.0
-1.7317881812878877,0.054048837791855785,-0.005556456750428914,0.013493617005264611,2.0
0.6271579200702974,1.607809411561772,0.1609019327048307,0.027952474828280168,3.0
0.5435648552571277,-0.9671888321875785,1.3332852789350167,0.04036965853643915,0.0
0.6271579193533696,1.6078108815337258,0.16536109637357035,0.04673903127127531,3.0
0.6271579191370231,1.6078112855864544,0.15791527487204945,0.03289358923376359,3.0
0.5435648548889671,-0.9671913575355996,1.335861731424307,0.03258437954199496,0.0
0.6271579200915238,1.6078111618194806,0.16299095927926963,-0.007180750052139075,3.0
-1.7317881813891582,0.05404587108089263,0.0003791843787576438,0.007010326325507214,2.0
0.5598736412489387,-0.6925179592425647,-1.4815536879565827,-0.08321527788911731,1.0
0.6271579197574317,1.6078119218498732,0.16134113105092254,-0.09180880857676986,3.0
-1.731788181506236,0.05405192655227975,-0.0007274728649390145,-0.004387463057002568,2.0
-1.7317881820226375,0.05405012395744756,-0.006134481886981805,-0.004842166900864977,2.0
-1.731788182180298,0.05404747558711876,-0.004036879543298198,-0.03699903166335806,2.0
0.559873641114702,-0.6925145496637785,-1.4754160529229747,-0.003975505657982669,1.0
0.5435648538003848,-0.9671927448595387,1.3235907552003328,0.015301343983202164,0.0
0.5598736408404831,-0.6925172961314919,-1.478059201339215,-0.10188660441796046,1.0
0.5598736412328785,-0.6925163794967553,-1.4786947845615637,0.010028497504850502,1.0
0.5435648550228583,-0.9671886297836868,1.3344285494243497,-0.0077296955557121265,0.0
0.6271579198958517,1.6078135441014538,0.16664861756200203,0.032452470146812525,3.0
-1.7317881820552925,0.05405252175530061,-0.011714150185746303,-0.03139041891955595,2.0
0.5435648544562176,-0.9671896475472312,1.331089723231082,0.016375312578264432,0.0
0.5598736422357027,-0.6925162604254754,-1.4816198011241242,-0.02076975036206685,1.0
0.5598736413843434,-0.6925153436017011,-1.4801109786228495,0.0644990524098773,1.0
0.5435648547528115,-0.9671896430027912,1.3322208153377038,0.047864424341254264,0.0
0.5435648546649452,-0.9671888497939782,1.3382285080149745,-0.03069133680373879,0.0
0.6271579201810652,1.6078105627178418,0.151888301064231,0.021177622628410945,3.0
0.6271579198972578,1.607811542590059,0.1564509847387083,0.02624062453560278,3.0
-1.7317881813081004,0.0540502292989915,-0.008997140334289656,-0.04332029266511873,2.0
0.5435648548785169,-0.9671888574743368,1.3310154672986418,-0.00757312097185612,0.0
0.543564855422887,-0.9671918451651784,1.3331808093127069,-0.0321991020563983,0.0
0.5598736413165669,-0.6925168994658061,-1.4813524013684687,0.04558912304483253,1.0
-1.7317881813693272,0.0540485004095802,-0.0030606300051000835,-0.010059090989477213,2.0
-1.7317881815089953,0.0540516041071408,-0.006795889282245415,0.02058639123722679,2.0
-1.731788181411169,0.05404980708411897,-0.0012262953476088938,-0.010288322611241001,2.0
0.5598736416688721,-0.6925155435817978,-1.4788472435552258,0.0016411229805341433,1.0
-1.7317881818027265,0.05404987273523752,-0.007942884257157586,0.018866250414409015,2.0
0.5598736415582857,-0.692516047641863,-1.4767012035158964,-0.004421753695103431,1.0
-1.7317881818589786,0.05404932773404159,-0.008090065474190947,0.0029478376337887277,2.0
0.6271579196821927,1.607810478686615,0.16043637561132815,0.005072653977792324,3.0
0.6271579197543151,1.607812157801952,0.155107894100697,-0.013494414381553192,3.0
0.5598736414780653,-0.6925140646673142,-1.477836489481658,-0.08963667678606312,1.0
0.5598736417697401,-0.6925129673348907,-1.4853001740335356,-0.0661892831678759,1.0
0.5435648545315058,-0.967189697228733,1.326834536258913,-0.0004917034940848097,0.0
0.6271579198594369,1.607809608545585,0.16119487667689342,-0.0012428861736115732,3.0
-1.73178818176196,0.05405412835156257,-0.007089103461182722,0.020526587332881745,2.0
-1.7317881814758695,0.0540481239464989,-0.009252386470238502,0.03253672386535538,2.0
0.5435648545149083,-0.9671890921810626,1.334689541959282,0.041002859211581144,0.0
-1.7317881809858802,0.05405017061300598,-0.002457975414628451,0.04478622632014939,2.0
-1.731788181090866,0.05405158185748483,-0.004751598304469343,-0.06300650794274852,2.0
0.5598736412279919,-0.6925140935542898,-1.4782111901974633,0.039389401492909426,1.0
0.5435648553224193,-0.967188800906018,1.3304486592019984,0.010863682227639504,0.0
0.5598736407818412,-0.6925179332438045,-1.4802907312181663,0.02906561456336479,1.0
0.5435648543684922,-0.9671921657764456,1.3273986518331775,0.02924431043681333,0.0
0.5435648546539186,-0.9671906386430703,1.325941206777373,0.04955269953735955,0.0
0.543564854847907,-0.9671871765507981,1.335608572020476,-0.011662680140657624,0.0
0.6271579195774134,1.6078100828016582,0.16080932768685854,-0.025050973870570325,3.0
0.543564854512861,-0.9671912462479232,1.3325441668283333,0.04194107943041835,0.0
0.5598736419625674,-0.69251701831363,-1.485538984001957,0.05423392000420974,1.0
-1.7317881818716245,0.05405029298717501,-0.008599085843916181,0.11295846914936589,2.0
0.6271579198779129,1.6078097869957422,0.15814778329841261,-0.002944887794353594,3.0
-1.7317881813444025,0.05405052537741894,-0.0008558693503076452,-0.018590316514785318,2.0
0.5598736411755636,-0.6925170182813231,-1.4829681271804294,-0.06567856953018594,1.0
0.627157919883389,1.6078120082083782,0.16016119686330138,0.015770749530037962,3.0
0.5435648541454007,-0.9671903590377291,1.3311568670400016,0.0330350251320508,0.0
0.5598736416674974,-0.6925158628319862,-1.476931101208481,-0.010694523210221334,1.0
0.5598736414619849,-0.6925154344287997,-1.4757726181286859,-0.026960559455589034,1.0
0.5598736407674718,-0.6925165645418385,-1.484658562857496,0.022511588590569506,1.0
0.627157920548782,1.607812107787609,0.1591378762204934,0.02371150555354903,3.0
0.6271579203782777,1.6078093003199176,0.16662795277799158,-0.02388308585935056,3.0
-1.7317881813202018,0.05404876091384721,-0.008725974070898888,0.007422234318751979,2.0
-1.7317881814701472,0.054050376853848045,-0.013366980331373516,-0.027022692126466234,2.0
0.5598736410644807,-0.6925150680334763,-1.4825150095525683,-0.044430158054687245,1.0
0.6271579198779674,1.6078137254793876,0.16316598824996548,0.07956518020988884,3.0
-1.7317881817819707,0.05404786457117831,-0.0037846550730337037,0.023913094529193057,2.0
0.5435648543965964,-0.9671885043646407,1.329890014943194,0.04115733354042993,0.0
0.5598736411314809,-0.6925161798573973,-1.479859102899156,0.007532391328052956,1.0
0.6271579201591724,1.6078120553246917,0.1556692900490131,1.1898877742695487e-05,3.0
0.5598736413668199,-0.6925181027147458,-1.4828983586975828,0.05753265043226243,1.0
0.6271579206255146,1.6078108968159812,0.15991723164078742,0.05664179667463821,3.0
0.5435648553051016,-0.9671928981473545,1.3358711784387796,0.013632104267320368,0.0
0.6271579197481514,1.607814639314262,0.16100386480370682,-0.02303024428658376,3.0
0.6271579198535495,1.607811865198259,0.16434149938559894,-0.03435798224767654,3.0
0.5435648554173453,-0.9671905262349086,1.3344397132997858,-0.05711057436395152,0.0
-1.7317881811902893,0.054050996043583835,-0.004872928138199907,0.08491754942735932,2.0
0.5598736409367551,-0.6925156430817894,-1.4794815402293797,0.07461207436562654,1.0
0.5598736411932026,-0.692517861587757,-1.4818260607097293,0.022604237737443262,1.0
0.6271579205709037,1.6078112451589142,0.16116616732943229,0.033905206124133495,3.0
0.5435648547272629,-0.9671886203612963,1.3370729526774667,0.032711869711338826,0.0
0.5598736417845324,-0.6925162292930698,-1.4766300461368167,-0.0034926361438369254,1.0
0.5435648544776995,-0.967189736580545,1.3346740044705558,-0.008326518334641647,0.0
0.5598736414245249,-0.6925169032241014,-1.4775654223758603,-0.01812927184873957,1.0
0.5598736417296881,-0.6925130091525705,-1.4815443445618117,-0.02220717255479403,1.0
-1.7317881813183431,0.05405326927438356,-0.003716882257393878,0.008350825511274506,2.0
0.6271579196922175,1.6078116910876483,0.16506456130578379,-0.01638807775719646,3.0
0.5598736414786007,-0.6925175287508107,-1.4801935560879727,0.025812159091481032,1.0
0.5435648546729973,-0.9671900536170148,1.3389226233613447,0.01590716949173456,0.0
0.5598736413946656,-0.6925183952023797,-1.4773443540092794,-0.015193093791594055,1.0
0.5435648557235391,-0.9671893512469942,1.333604384301327,0.011010731915179347,0.0
0.6271579191989037,1.60781216613151,0.16003704079698347,0.058972220678746,3.0
0.5598736410328523,-0.6925151235524514,-1.4742814927897419,0.018643105069508788,1.0
0.5598736417513565,-0.6925159454034885,-1.4825427734997028,-0.05050246300425907,1.0
0.6271579204621068,1.6078114805131951,0.15865322035235227,-0.055187161314604403,3.0
-1.7317881821602785,0.05404854279989213,-0.004656055134488963,-0.009357633181423257,2.0
0.5598736410734969,-0.6925141475686986,-1.4727266240123111,-0.026425921408637705,1.0
0.6271579198312053,1.6078109818087398,0.15909572397728536,-0.0015535696854515801,3.0
0.5598736414460312,-0.69251654992676,-1.4837493028638107,-0.007228694268873525,1.0
0.5435648543901553,-0.9671889415057052,1.3284296773448978,0.03543484952098191,0.0
-1.7317881813363838,0.054048592460585326,0.0003834556674580768,-0.029368868757862328,2.0
0.559873641045051,-0.6925143455272632,-1.4774304992591214,-0.019924328201054674,1.0
0.5598736417041569,-0.6925149667996869,-1.4763061485068771,0.04747433715084793,1.0
0.543564854895495,-0.9671895052229712,1.3271384082661521,0.022168657729619016,0.0
0.6271579194693915,1.607809347449607,0.15350548499223657,0.0004032758593162854,3.0
0.6271579197690385,1.6078154950619592,0.15541543695997626,0.02061077520029869,3.0
0.5598736414007162,-0.692514845695833,-1.480271301865123,-0.04006245128864561,1.0
0.5435648543501039,-0.9671903935089606,1.3327303622595743,0.06142410626237811,0.0
0.5598736410509779,-0.6925174023820115,-1.4752890075617269,-0.052699311021899974,1.0
0.543564854506835,-0.9671887859688338,1.3317957067917436,0.06383082302394999,0.0
-1.7317881815403333,0.05404983378888322,-0.009056679598431748,-0.019099718644392714,2.0
0.6271579204046521,1.6078121281148596,0.15581021297347986,0.016841420947842353,3.0
-1.7317881806741395,0.054056315674698104,-0.005893551294904082,0.009421095848478304,2.0
-1.731788181914141,0.054049476716216495,-0.010143023651635389,-0.019830843036304394,2.0
0.6271579198607538,1.6078107369763235,0.16231363963230366,-0.014392899465907352,3.0
0.543564854722188,-0.9671859191616158,1.333073900459637,0.01415869938542418,0.0
-1.7317881816273792,0.05404996374545854,0.0006400171867110683,0.018417613367816905,2.0
0.5435648554226704,-0.9671889944195956,1.332250048225751,0.04078898104683208,0.0
0.5598736418686097,-0.6925152339550985,-1.4807765882680661,-0.0429326634134696,1.0
0.5435648546654498,-0.9671906159186808,1.334147521457016,0.014308797422471297,0.0
0.5435648549676878,-0.9671879582200198,1.33277576119574,-0.009442417347623761,0.0
0.5435648552771106,-0.9671878983978857,1.3307542483040495,-0.016510840747140182,0.0
0.5435648548663641,-0.9671889917581701,1.3356455104878568,0.04873582350562775,0.0
-1.7317881819879155,0.054048030287273285,-0.009296317378901827,0.02267974774118484,2.0
0.6271579198696339,1.6078094259244788,0.1552244490268687,-0.0023761831886583017,3.0
0.6271579205117451,1.6078095627348572,0.15942575691917332,-0.007940337480916054,3.0
0.6271579198469646,1.607810569067832,0.15785567481169005,0.04834585039705873,3.0
0.6271579200259881,1.6078080896885043,0.15938995259543146,-0.0076649391114936875,3.0
0.5598736420354672,-0.6925165983440099,-1.4779924654186491,-0.009077733838245351,1.0
0.5435648547560655,-0.9671895538331234,1.336095768461909,0.008300511333221471,0.0
-1.7317881809395845,0.05405277000637923,-0.010236065150603638,-0.04420464581668667,2.0
0.6271579202140091,1.6078120306681027,0.15728754018054728,0.018850917317382726,3.0
0.5435648549388421,-0.9671907771112184,1.3329452940336002,0.06184756829176434,0.0
0.5435648545881686,-0.9671883202797491,1.3370435955050115,-0.0034761445230424336,0.0
0.5435648551666016,-0.9671895323829404,1.3302736043964023,0.0724981356443638,0.0
0.6271579199853964,1.607810385388157,0.15850488320387712,-0.06819898337975906,3.0
0.6271579197524675,1.6078102570208204,0.15758913880391381,-0.024422034901697864,3.0
0.5435648542525157,-0.9671889690081472,1.3295317535828373,0.06725252312214318,0.0
0.5598736415364562,-0.6925164343418846,-1.4786162206364948,0.00635488087702143,1.0
-1.7317881819162817,0.05405143115368599,-0.009692985396682145,-0.0025492786763472463,2.0
0.627157920315271,1.6078099140299542,0.16035279726383217,-0.014980337621396079,3.0
0.5598736415826928,-0.6925158795287336,-1.478529236097875,-0.05309723348991711,1.0
0.5598736418207433,-0.6925177783286564,-1.4773403163962597,0.018850414711522562,1.0
0.5598736414992409,-0.6925128868293505,-1.4758433183567683,0.06693330139254805,1.0
-1.7317881820397527,0.05404891290377033,-0.010581673185765882,0.03906814521752502,2.0
0.5435648549325833,-0.9671896791148095,1.3268811875977253,-0.015528186126075759,0.0
-1.7317881814322362,0.05405185934456826,-0.004990532481007399,0.025515290505328653,2.0
0.5435648548948123,-0.9671888406455635,1.332456136908663,0.06928634688423589,0.0
-1.731788181710008,0.054050828429553485,-0.005524840358757173,0.062449594626546194,2.0
0.5435648541157219,-0.9671887441290951,1.3254476180301527,0.02805134222032736,0.0
0.5598736419663387,-0.6925138555524102,-1.4838518353493004,0.04178460693774535,1.0
0.627157920050632,1.6078119484778084,0.16412739316267627,0.005983424745250679,3.0
-1.7317881817022405,0.05405091573282304,-0.005958231464924714,-0.025484830853397842,2.0
-1.7317881818693612,0.05404884028823427,-0.009169366561675127,-0.05531880706419396,2.0
0.6271579195689413,1.6078099760464386,0.15992407620123145,0.027331489761903364,3.0
0.5435648546772147,-0.9671885779419309,1.3265489914759856,0.04775381763245834,0.0
-1.7317881810038391,0.054049852697793103,0.002110508788130003,-0.01900374061879777,2.0
0.5435648549782012,-0.9671886145254451,1.330676692909004,0.0695711621688906,0.0
0.5435648542352295,-0.967188592807996,1.3377522155806814,-0.054806726652927226,0.0
0.5435648551505039,-0.9671911032799586,1.3331130329048135,-0.0401836251755017,0.0
-1.7317881819387344,0.05405008288401031,9.034402879364605e-06,0.01787516621898596,2.0
0.559873641368738,-0.6925187051251074,-1.4799038108003093,-0.03641228188596793,1.0
0.5435648549931689,-0.9671884011759143,1.3339040763858752,-0.03358708322114857,0.0
0.5435648547752997,-0.9671901345601349,1.3375305116022278,0.00843457389861847,0.0
0.5435648550328069,-0.9671892170795051,1.3309136578687533,-0.004076292374428164,0.0
0.627157919398939,1.6078117525304765,0.1667876037412126,-0.0092483878163576,3.0
0.5435648547705063,-0.9671902201939405,1.3302943737147748,-0.042475352015070265,0.0
0.6271579195595707,1.6078141283610101,0.15983864109339888,0.0220385328534221,3.0
-1.7317881808310738,0.05405179901661774,-0.010597598074071575,-0.09673934427369703,2.0
0.5598736409413665,-0.6925147835850486,-1.4798001388886923,-0.006455934041124636,1.0
0.5598736414925561,-0.6925121690292132,-1.4822746246431382,-0.03626752354084635,1.0
-1.7317881808330433,0.054049772677567644,-0.005165099473215796,-0.006903553460884062,2.0
0.6271579193099619,1.6078132212843508,0.16301411012606917,-0.02786969980874197,3.0
-1.7317881817502692,0.05404786569587653,-0.003684684185220244,-0.019115159547878256,2.0
0.5598736421243389,-0.6925159029367215,-1.4740207357957424,-0.0464820054806164,1.0
0.5598736414710633,-0.6925170531807128,-1.4706077469269268,-0.014680385734758994,1.0
0.5598736409328197,-0.6925173941690589,-1.477776683515815,0.006533518374487613,1.0
0.5598736414987605,-0.6925164804911639,-1.4788699756391672,-0.07537743224079978,1.0
-1.731788181159631,0.05405322730539546,-0.003733758182823628,0.008369985323667117,2.0
0.5598736418286674,-0.6925163539406796,-1.469681696351769,0.05144640504348994,1.0
0.6271579200498172,1.6078134652574179,0.16144100286942423,0.007731085144260283,3.0
-1.7317881812403089,0.054047588073907776,-0.010735471575028029,0.02321364574835774,2.0
0.5435648547376154,-0.9671906828553116,1.3392676703114983,-0.012668639110692733,0.0
0.543564854419624,-0.9671905020584828,1.3278789463553555,-0.0027005709731842058,0.0
0.5598736416382752,-0.6925149531716844,-1.480360377399323,-0.005233757914841682,1.0
0.5598736414329568,-0.6925150200241237,-1.4726907884793325,0.021973445724997327,1.0
0.5598736410224658,-0.6925156183084342,-1.4793886878743299,-0.03633525693589392,1.0
0.5435648547717664,-0.9671867461133201,1.330630395712169,0.05421386166728127,0.0
0.5598736414586696,-0.6925174332473032,-1.4794039032526545,0.016937682311135713,1.0
-1.7317881823844736,0.05405191603896045,-0.0012796192011505533,0.04283773694599041,2.0
0.5435648544368946,-0.9671894380740682,1.3378032603267682,-0.004924702492883401,0.0
0.5435648547110545,-0.9671909129757722,1.3256572250524385,0.052269662737499806,0.0
0.5435648550468791,-0.9671909087555787,1.3315134985685155,0.024746739616738435,0.0
0.543564854707713,-0.9671850178565463,1.334348507190092,0.011220336972592292,0.0
0.5598736414708281,-0.692514969337853,-1.4766759537557494,-0.003945595609110018,1.0
0.5598736418680719,-0.6925160050670164,-1.4795665230863553,0.06884129763483864,1.0
0.6271579201844363,1.6078107263561179,0.15808671180190623,0.032318840851169775,3.0
0.5598736420497011,-0.6925154775314164,-1.4821129853885706,0.01384646873674935,1.0
0.6271579198427621,1.6078124742918396,0.15523925177487868,-0.05756979669986659,3.0
0.5435648541983392,-0.9671909353185815,1.3274698149978195,-0.057784023581991875,0.0
-1.7317881807529254,0.05405053057895555,-0.004972331981924748,0.0009026163090695187,2.0
0.6271579208296509,1.6078108377855163,0.1624796258660979,-0.007304895199752263,3.0
-1.731788181682324,0.054050657776208356,-0.0014656485612597168,0.024975870789939705,2.0
0.5598736414505016,-0.6925162324425045,-1.476806072653541,-0.07196009604668521,1.0
-1.7317881818070728,0.054049377154194764,-0.008099400970036615,0.010601734039293015,2.0
-1.7317881812722382,0.05404972840781977,-0.007339362465266274,-0.017445859907474374,2.0
0.559873640820042,-0.6925207348493619,-1.4819372848691206,-0.018236982892014024,1.0
0.5598736415688178,-0.692518698463607,-1.4766244404615672,-0.04100772413746829,1.0
0.5598736416291494,-0.6925184844162872,-1.470186191343336,-0.02979243108965457,1.0
0.5598736415116711,-0.6925175311832981,-1.486348217218392,0.03361702743006599,1.0
0.5435648538347284,-0.9671897080018612,1.328392545784295,-0.023981907339066785,0.0
0.5598736418432795,-0.6925160303967766,-1.4814776581696798,0.004394843466490152,1.0
0.6271579201793178,1.6078108865866343,0.1570893390358099,0.01743478801208925,3.0
-1.731788182128936,0.054052579995414116,-0.003750018890246998,0.04341524498497294,2.0
0.6271579201807616,1.6078110336117621,0.16283431311013535,-0.02103151704525784,3.0
0.5435648551107763,-0.967187054232337,1.324976059543442,0.050134283737252455,0.0
-1.7317881813910934,0.054049071350234366,-0.01000301536063124,-0.012440672383727598,2.0
0.5435648555424997,-0.9671916644969885,1.3271006217362127,0.005815789246525593,0.0
0.5435648551547784,-0.9671884931066052,1.3397788204317167,0.037382194776620956,0.0
0.5598736407208005,-0.6925164615264635,-1.4820562651041507,-0.0373965564511468,1.0
-1.7317881812317135,0.0540504528057657,-0.004501831694735054,0.023622139124114497,2.0
0.5435648549131091,-0.9671884783931248,1.3318897808012975,-0.02187270685755834,0.0
-1.731788181613143,0.054050721019763624,0.0003800950378315096,0.04522520874321705,2.0
0.559873641159419,-0.6925146122603976,-1.4782508172661015,-0.02093010023044919,1.0
-1.7317881818996252,0.05404931482421156,-0.0028353606145529063,0.040572536888165006,2.0
0.6271579189556038,1.60781200492847,0.16786958557676604,0.019414447548323926,3.0
-1.7317881819865866,0.054048142647847,-0.005325135976731537,0.007512378673887515,2.0
-1.7317881818683494,0.05405140760383696,-0.0023056348107257075,-0.014736899548803292,2.0
-1.731788181547585,0.054053914724450834,-0.0005698789672253404,-0.0023520044258888836,2.0
0.6271579199928939,1.6078123337868493,0.16482267126391142,0.015296429809233889,3.0
0.6271579195974318,1.6078093962991125,0.16438587478032143,-0.026245938336991136,3.0
-1.7317881810878795,0.0540492689535564,-0.004780055092901629,0.08781546945735026,2.0
0.5598736420491414,-0.6925148719770718,-1.4819473308818427,0.017345592683377653,1.0
0.5435648547374116,-0.9671908505587045,1.3338677112211412,0.019221684475728865,0.0
0.559873641611624,-0.6925147543996192,-1.471324945210445,-0.02001056655288339,1.0
0.5435648541619166,-0.9671879354661224,1.3281912118173347,-0.00016178644187808786,0.0
0.5598736416485428,-0.6925172108545199,-1.4761023480264557,-0.06025694494110611,1.0
-1.7317881811570115,0.05405220870944908,-0.006207101803059572,0.0051340411490051075,2.0
0.6271579202402516,1.6078131484547873,0.15093701386743244,-0.043059049949729235,3.0
0.627157920046773,1.6078123800881177,0.1606050238098207,-0.03067441543001888,3.0
0.6271579201640199,1.607810414971959,0.1573406176013274,0.012942519428548795,3.0
0.5598736418431864,-0.692515921229639,-1.4777719972222403,0.04206966768996678,1.0
0.5435648543906696,-0.9671897338537162,1.329826979873397,0.011335189275569525,0.0
0.5598736411191098,-0.6925181028135672,-1.4789897712904818,-0.05005425552766313,1.0
0.6271579195509314,1.6078114323862316,0.16236749693005206,0.020931435792515364,3.0
0.5435648544464265,-0.9671905177415512,1.3359494287491616,0.0426072086905715,0.0
-1.7317881812569285,0.054051637342255515,-0.0032854741579797283,0.05184626076330285,2.0
0.627157920299958,1.6078103538508541,0.15461102969754834,-0.021561616570574014,3.0
-1.7317881810498923,0.05405068592974914,-0.00993244585013582,-0.03246325931712675,2.0
0.5435648545933014,-0.9671883693259595,1.3301255286624916,0.0635634536085198,0.0
-1.7317881812062506,0.05405024352506119,-0.007322563337280189,-0.06459667257139318,2.0
0.6271579205769242,1.6078098847542877,0.1613481543711909,-0.00084145527786662,3.0
-1.7317881809051525,0.05405223230844688,-0.009277574161064592,-0.024543062532324644,2.0
-1.7317881810721323,0.05405099961432925,-0.005869277874055171,0.055227664487816415,2.0
0.5435648547554442,-0.9671931285817355,1.3316428028619576,0.030397232074332592,0.0
0.5598736415218954,-0.6925157226694549,-1.482344452326334,-0.032133066834507194,1.0
0.559873642036395,-0.6925124637779276,-1.4748966838853204,0.08155388611008454,1.0
0.6271579206130073,1.6078113447702178,0.15755134237836682,-0.0037821326608307765,3.0
0.5598736410362939,-0.6925187153404622,-1.4729024293348218,0.02259292250232337,1.0
0.6271579201376403,1.6078122766176657,0.16187414915911433,0.003957131773061568,3.0
0.5598736411323716,-0.6925166837307027,-1.4815310832956405,-0.019905384281025278,1.0
0.5598736413752415,-0.6925153491938782,-1.4776920437398444,0.016362144860856086,1.0
0.5435648541171043,-0.9671907893026872,1.3265918754164683,0.020214050777150886,0.0
0.6271579197379346,1.607810138289255,0.15769886836318195,-0.015529082498912078,3.0
-1.7317881826250237,0.05404705859551988,-0.006041453480007537,-0.0879764614956196,2.0
0.5598736410805437,-0.6925161581939787,-1.4837542637698684,-0.05304480271277668,1.0
0.5598736414624267,-0.6925167269639267,-1.47979349954231,-0.008164278251883489,1.0
0.5598736416500973,-0.6925146961671347,-1.4810442244637512,-0.1176604165268479,1.0
0.5435648546419574,-0.967187929942917,1.3311636585857474,0.0016550541782258859,0.0
0.627157919912949,1.6078104654577365,0.1709536692262548,0.02534533218366404,3.0
-1.731788181531838,0.054046100885510734,-0.008150475867246548,0.030048553243646,2.0
-1.7317881816970935,0.0540485060577221,-0.009201165866265959,-0.013203748775148714,2.0
0.5598736413507741,-0.6925160502179873,-1.4776418854357125,-0.019712711847155055,1.0
0.6271579205742629,1.6078130007482392,0.16315212168874252,0.015128173344765074,3.0
0.6271579203538638,1.607811617785968,0.1611359907841034,0.056757356770894454,3.0
0.6271579191817951,1.6078101200968329,0.15475868913506918,0.03919587438303564,3.0
0.5598736417790263,-0.6925186849495536,-1.4832161153820946,-0.05282686985169388,1.0
-1.7317881807831963,0.0540500002492827,-0.0033865129946511006,0.009127458270391983,2.0
-1.7317881820076395,0.0540511012286197,-0.0016618601945717854,0.005583284843042196,2.0
0.5598736409399339,-0.6925155633323943,-1.4790643293430659,-0.019706408071162917,1.0
0.6271579198748779,1.607810325726827,0.16182338164059595,-0.0036814195368311633,3.0
0.5435648549094967,-0.9671868531266906,1.3341370827871104,-0.01968248239675937,0.0
-1.7317881813291738,0.054049995012034203,-8.514394368075991e-05,0.03093158944937411,2.0
0.6271579197789037,1.6078118314134815,0.1612226487670171,-0.05508303741526861,3.0
0.6271579201644171,1.6078141778362334,0.16373483639911346,0.0669199894184894,3.0
0.6271579200474714,1.6078124724021674,0.1596315573580673,-0.046552983790389614,3.0
0.6271579192033669,1.607813073683013,0.161265116274974,-0.011649600857246142,3.0
0.5435648547717449,-0.9671890771091959,1.3295838326826581,0.008260153691587651,0.0
-1.731788180928248,0.05405206431281937,-0.003946376177493603,-0.02245214284432236,2.0
-1.7317881804270159,0.05405072339903335,-0.0025209046672538473,0.06458616473735242,2.0
0.5598736409097004,-0.6925181412500646,-1.478105782455102,-0.06172366246430428,1.0
0.6271579194260751,1.6078126359974692,0.1552491849684301,-0.0015857467921425116,3.0
0.5598736411134708,-0.6925168144391901,-1.4795456395687747,-0.023689893501804584,1.0
0.5435648552753359,-0.9671886845674407,1.3387471506325825,-0.07233215415365894,0.0
0.5435648557420774,-0.9671900635741341,1.3332410297460766,0.05769070287284989,0.0
0.5435648550201498,-0.9671873737341092,1.334253834240081,-0.026373500809427634,0.0
0.5435648545517823,-0.9671897473963992,1.3256951244280122,0.014757317887151998,0.0
0.5435648551250991,-0.9671883443708651,1.332747015222885,-0.01899669674057422,0.0
0.5435648552385054,-0.967191816293942,1.3292969617532726,0.02156998798363184,0.0
0.6271579195371092,1.6078109946252175,0.1606304369696864,0.024332999153910278,3.0
-1.731788182120201,0.05405032298549444,-0.0012008884990864109,0.006719048848841273,2.0
0.5435648550582853,-0.9671901096038843,1.333328597444968,-0.013498493322562099,0.0
0.6271579200103273,1.6078101057545224,0.16061513546418718,-0.07412161934784295,3.0
0.6271579200987663,1.6078117150780955,0.15239774370638445,0.03330084853760686,3.0
0.627157919729387,1.6078129999695192,0.1609235419607825,0.025726894039135122,3.0
0.5435648542917983,-0.967186897279255,1.3275891816628431,0.009651969244438171,0.0
-1.7317881821306875,0.05405201256009033,-0.014282998998921194,0.047036455257988344,2.0
0.5598736415965785,-0.6925169970628711,-1.4769370995596698,-0.009514581706324516,1.0
-1.731788181388516,0.054047374867859065,0.00011611328864415403,0.034598240618506554,2.0
0.5435648547986259,-0.967189220745898,1.3339965328060266,-0.022855059051343055,0.0
0.627157919569979,1.607810302844461,0.16186080509588416,-0.025191608055587702,3.0
0.6271579191312835,1.6078114412470943,0.17054997782970707,0.025746685262681777,3.0
0.627157919712084,1.6078123624296319,0.16662275980646926,0.08030151245932102,3.0
0.6271579205757919,1.6078126905046695,0.16495121448772104,0.0319893419682994,3.0
-1.7317881819730108,0.05405111905277228,-0.003076964168787574,-0.04203152605003737,2.0
0.5598736411911817,-0.692515401153041,-1.4824923799284144,0.017644629352770568,1.0
-1.7317881814005003,0.054049720747003704,-0.005343015385385778,0.06973198336104348,2.0
0.5435648549452295,-0.9671896808675119,1.3317319415039264,-0.017305278740635165,0.0
0.6271579195105037,1.6078113618453247,0.16190935935243964,0.05959289702659866,3.0
0.6271579197116944,1.6078144449062297,0.1636829508885217,0.02518574764508518,3.0
0.6271579196121432,1.6078101019479063,0.15687795132748306,0.021585549513847967,3.0
0.5435648544366838,-0.9671893875317429,1.3300184926607732,0.028053783305292474,0.0
0.6271579202850968,1.6078102066073923,0.1593766032670811,-0.023339769355297888,3.0
0.5598736417695254,-0.6925149829260159,-1.475891842416307,-0.011735996835702617,1.0
-1.7317881822613976,0.05404955370426441,0.001652343632386926,-0.022290113498241355,2.0
0.6271579207347611,1.6078104897025896,0.16226283548036294,0.013185158076648504,3.0
0.5598736416245013,-0.6925156247148234,-1.4780454044893914,-0.04684305891099737,1.0
0.6271579198377594,1.60781198082874,0.16502451984803804,0.06831913841252857,3.0
-1.7317881811133298,0.05404947680581292,-0.0018230088290254005,0.034110441824248834,2.0
0.6271579201382882,1.6078111361665228,0.15921287389320718,-0.029854916228545924,3.0
0.5435648542342562,-0.967189138811794,1.337534455893214,-0.04214832181753651,0.0
-1.7317881815323903,0.0540528659134821,-0.009837229753627002,0.06120951557288506,2.0
0.5435648544280026,-0.9671888855649823,1.3347420594354977,0.04806942160909974,0.0
0.5598736411629595,-0.6925138054274818,-1.4767558363276758,-0.01012396801408785,1.0
0.5435648547539713,-0.9671887264135469,1.3297978206440146,-0.03379337398354698,0.0
0.5598736415975818,-0.692515810795063,-1.481544643720388,-0.01454665891458748,1.0
-1.7317881809630105,0.05404890651351041,-0.00847542821257905,-0.05860777308072878,2.0
0.6271579199886113,1.607813010749155,0.15882911613413572,-0.09037217385677664,3.0
0.5598736406707449,-0.6925187133889452,-1.4794773582853846,-0.034701577851108625,1.0
0.5598736412555901,-0.6925162856918581,-1.4786723410618006,0.054404228772441714,1.0
0.5598736411463471,-0.6925173594282233,-1.4802699946601774,-0.007867523168728062,1.0
0.559873641080408,-0.6925160222139167,-1.4837217775343892,-0.03973022163270865,1.0
-1.7317881822393664,0.05404945052320896,-0.008171521992830954,0.007966536462908364,2.0
-1.7317881817897776,0.05405099236533424,-0.009539323510559585,-0.07218836636646248,2.0
0.5435648552248838,-0.9671892914336868,1.3272520357139648,0.04540883955819471,0.0
0.5435648550104573,-0.9671879297740842,1.3299396667769015,0.010721148074239609,0.0
0.5598736411890155,-0.6925164643423376,-1.4798709241889412,0.028599636885747456,1.0
0.5598736415939224,-0.6925181523866849,-1.4788145627378042,-0.04492715684222518,1.0
-1.7317881815727916,0.0540519502286235,-0.010906499389104,-0.004554556071322293,2.0
0.5435648549583492,-0.9671871776388077,1.3290574369026793,-0.019532231558405697,0.0
-1.731788181157445,0.05405060562074609,-0.003693169365921258,-0.007340818630021793,2.0
-1.7317881816951826,0.05404732289772556,-0.0077669182975334435,0.0498535631341976,2.0
0.5598736419018218,-0.6925160221654554,-1.4779196575879854,-0.051027794137899644,1.0
0.5435648550111117,-0.9671877013751443,1.3294579195596146,0.04135025363208629,0.0
0.6271579198488757,1.607809628434262,0.1610052867227787,0.06845584653606417,3.0
0.6271579201006239,1.607812365227806,0.15880449262442112,-0.025975173513859837,3.0
-1.731788181161786,0.05405177524430783,-0.008936124056878903,-0.02951621621924318,2.0
-1.7317881813641698,0.05405062965458897,0.0005039339301220433,-0.018639481040027658,2.0
0.5598736415858,-0.6925117853227757,-1.4756243118169874,0.016412632642064596,1.0
0.5435648541767957,-0.9671880909406254,1.3350982491739916,0.0050410290624810965,0.0
0.5598736411964965,-0.6925176417085177,-1.479916481025806,-0.02617078319866857,1.0
-1.7317881815930851,0.05405158587211961,-0.0006010446533130109,0.047099350327957624,2.0
-1.7317881809701745,0.05404891262233861,-0.002242537633476663,-0.029764576724139045,2.0
0.5435648555894887,-0.9671898679056704,1.330797137261587,-0.020509090834347973,0.0
-1.731788182187749,0.054049833410696864,-0.009796332776016504,0.08077473553080766,2.0
0.5598736412719897,-0.6925179662262925,-1.4844116640541432,-0.04970949894211891,1.0
-1.7317881824438086,0.0540485122559364,-0.01234996601040881,0.00278599120503215,2.0
0.5598736408302453,-0.692518099494836,-1.4768901148819176,-0.022421410968651235,1.0
0.5435648542423799,-0.9671916848172534,1.3332700034550455,0.009206586902484704,0.0
0.6271579196457723,1.6078130647520603,0.16219967511634453,-0.04942615742616047,3.0
0.5598736415596847,-0.692514429310553,-1.4838208271487856,-0.04133425232607741,1.0
0.5435648544981626,-0.9671889201430132,1.3291267027530658,0.01312195786762261,0.0
0.5598736417887556,-0.6925174209074185,-1.479473025421379,0.029219062883878155,1.0
0.5435648541018362,-0.967189962164901,1.329746685154789,-0.05363671698078028,0.0
0.5435648550146206,-0.9671886940021455,1.3352255379648792,0.04598858217775555,0.0
-1.7317881812639897,0.054048271789992414,-0.00555619254104127,0.04868397588934804,2.0
0.5598736414836804,-0.6925174468539185,-1.4785326603487137,0.06499201840754656,1.0
0.6271579201178433,1.607810717829472,0.15810818325346665,0.015368036791065796,3.0
0.6271579200076682,1.6078102389079902,0.1564011470544283,0.006921561185719814,3.0
-1.7317881812531732,0.054051988862779926,-0.004500485072812403,-0.008021807703013624,2.0
-1.7317881806915578,0.054048459917979644,-0.0008895244458386108,0.025975284974867497,2.0
0.6271579199602206,1.6078134827003745,0.16365617676166247,-0.002017075911401314,3.0
0.6271579202679255,1.6078096747980801,0.16322462101964277,0.0443645292285044,3.0
0.6271579201033869,1.607809992910625,0.158908761220173,0.017920102938712757,3.0
-1.7317881813318947,0.054047819386047864,-0.005172928785546764,-0.04221862701576283,2.0
0.627157920565153,1.6078118367221235,0.15902377759829536,-0.045361295050643534,3.0
0.5435648545228114,-0.9671905005946754,1.3290975104595302,0.013143977818538837,0.0
0.6271579200793296,1.6078156521752567,0.1596287065464636,0.0036277690105933694,3.0
0.6271579197582534,1.6078096629301486,0.163082879138742,0.02072061831107547,3.0
0.6271579198545129,1.6078140949041377,0.16795288370666164,-0.003094450125920363,3.0
0.55987364153491,-0.6925153438975469,-1.4820501187996666,0.020303075395202385,1.0
0.559873641790831,-0.6925170205613622,-1.4784560341917923,0.025882286552833443,1.0
0.5435648544354871,-0.9671922085374888,1.3340029516597898,0.006254976153316367,0.0
0.5435648540286375,-0.9671885993671924,1.3272171731958615,-0.08140025912397414,0.0
0.6271579192871282,1.6078102663456786,0.15870120840175428,-0.048359013530179726,3.0
-1.7317881804356523,0.0540500639263689,-0.0050802048328829055,0.011536486697678757,2.0
0.5598736412577123,-0.6925164806865746,-1.4821818002880471,0.04894712296837973,1.0
0.6271579205124073,1.6078109422894293,0.15937269366933968,-0.023758221574238472,3.0
0.5598736416751562,-0.6925152428471972,-1.4788594692898835,-0.058456452240581123,1.0
0.6271579198561782,1.6078109013021589,0.1619486291822607,0.03517568829822871,3.0
-1.7317881820865806,0.05405138461250145,-0.01076603331987639,0.03097284107205787,2.0
0.6271579195272936,1.6078146886080662,0.16117195054859998,0.009180921900404329,3.0
0.6271579201604311,1.6078111286609391,0.16052587154596587,0.05105453713634672,3.0
0.6271579200284162,1.607810410487117,0.16006224103175976,-0.028332510894966766,3.0
-1.7317881809406257,0.054049286438018436,-0.002687558938465411,0.024586343033657435,2.0
0.5435648553106873,-0.9671911224908102,1.3333413687609879,-0.03514760611597879,0.0
-1.731788181204346,0.054053555067929714,-0.008396082253304155,-0.02224527351000204,2.0
-1.7317881817514187,0.05405127750548327,-0.004564466262165296,0.08540305618531538,2.0
0.5598736408335795,-0.6925172332631573,-1.4831593492915591,-0.027712302886173767,1.0
-1.7317881816621832,0.054051547119020195,-0.0034438273709166763,0.012842452154792194,2.0
0.6271579199560077,1.6078102106787733,0.1563284971501652,-0.03204075608231505,3.0
0.5435648544361645,-0.9671890625086711,1.333806029891871,0.054580133580830324,0.0
-1.731788181343252,0.054051029371021186,-0.0046539778682992295,-0.0417131391481714,2.0
-1.7317881812993061,0.054050162045945475,-0.003819978297551187,-0.04538587211503412,2.0
0.6271579203292879,1.6078101191944025,0.16054830478295842,0.01043032554127566,3.0
0.5598736413212105,-0.6925174237309101,-1.4834694977359564,-0.011903255393250685,1.0
0.5598736416572625,-0.6925141930339934,-1.4795052570998206,-0.1261572159195513,1.0
0.5435648541595395,-0.9671910882592277,1.3406162072095882,0.011618891743500476,0.0
0.559873641574726,-0.6925145575288735,-1.485274389597444,-0.0008807980682172111,1.0
0.5435648543489524,-0.9671895871621647,1.3257447286249628,-0.017575678399874197,0.0
0.6271579204469534,1.6078103744447128,0.1685174328413678,0.045370474065988514,3.0
-1.7317881814536198,0.05405290312424293,-0.0005027743951711604,0.051619052754019235,2.0
0.5598736417880021,-0.6925173414095108,-1.4794985173599244,0.016028356736453288,1.0
0.5598736412518308,-0.6925172730374496,-1.4746183184988,0.019764191501667,1.0
0.627157919403898,1.6078099259226246,0.16071378477456638,0.008383618250326522,3.0
-1.7317881807524107,0.05405210381736072,-0.000410635452063889,-0.03246713381211422,2.0
0.5598736417388059,-0.6925169256465495,-1.4819424924735678,-0.05335915915331345,1.0
0.6271579195554899,1.6078096089654381,0.1655797927617909,0.04556251518454227,3.0
-1.7317881820100742,0.054052079849311714,-3.0999933309834947e-05,0.018576708364874524,2.0
0.627157920634816,1.6078103230782739,0.1554515532669619,-0.01903986857588169,3.0
0.5598736407840597,-0.6925185876570134,-1.4779620787598893,-0.011595338290097724,1.0
0.5435648548751333,-0.9671892964727844,1.3281825787314034,-0.00589413211789598,0.0
-1.7317881815866336,0.05405004943967821,-0.0076517269184705325,0.030458390616459455,2.0
0.5598736412867029,-0.6925159068428407,-1.4767193532858285,-0.005574597935365374,1.0
0.5598736408584676,-0.6925133002906585,-1.4717553067889901,0.0004497367332774482,1.0
0.5598736416086251,-0.6925164627269457,-1.4784124405601058,0.016975311357741454,1.0
-1.7317881816644036,0.054048303041346696,-0.01290272989918057,0.02574850866711959,2.0
-1.731788181544665,0.054047215728654806,0.0014972577660754623,-0.004244600420884776,2.0
0.5435648547656774,-0.9671864551642835,1.3315841779324995,-0.020625340567945714,0.0
0.5598736418588044,-0.6925165199664631,-1.4805181753204644,-0.04871082979809875,1.0
0.5598736409527367,-0.6925180915125473,-1.4761748271280046,-0.05283481854665437,1.0
-1.7317881815105103,0.054049946607929736,-0.008602508879508038,-0.011861162590569048,2.0
-1.7317881813231613,0.05404964823901162,-0.0005827375059349036,-0.03696805594330093,2.0
0.5435648544610461,-0.9671914063532301,1.3288495975556363,0.022731483990639723,0.0
0.6271579200036836,1.6078098475605143,0.15998547567115906,-0.010178035100247465,3.0
0.6271579196682742,1.6078106046855172,0.16261656542153322,0.039143900429590026,3.0
0.5598736415063547,-0.6925170857296903,-1.4797146213601935,-0.09839348719486145,1.0
-1.7317881812137605,0.054049529146745635,-0.002818268472582261,0.10462567672099445,2.0
0.5598736408035735,-0.6925124415716681,-1.4802659664016837,0.0012488985405923712,1.0
0.6271579203646264,1.6078107539672974,0.1621192230768782,-0.01528201228230523,3.0
0.6271579203383383,1.607811194140308,0.1624373140189863,0.01888185514599896,3.0
0.559873641190515,-0.6925140826382628,-1.4787158070746729,-0.046607891656782974,1.0
-1.731788181753926,0.054051429938309935,-0.002761355400702041,0.04865698123941464,2.0
0.5598736414520048,-0.6925158596613544,-1.4771143028525184,0.027964590247492028,1.0
0.5598736416275809,-0.6925172164189259,-1.4871011262704585,-0.02548879956942967,1.0
0.5435648546888284,-0.9671893653444028,1.3338651956361096,-0.02901884671962078,0.0
0.5598736418555857,-0.6925157623329933,-1.479007528727898,-0.016627091715810092,1.0
0.5435648549638076,-0.9671905656620816,1.331773840700534,0.024496865558601387,0.0
0.5598736419218526,-0.6925169048914086,-1.4745956076491373,0.060741535471133916,1.0
0.5598736414894813,-0.6925183182367984,-1.478670836015673,0.006819819943523427,1.0
0.6271579203339277,1.607811460104892,0.15399510903415156,0.007882771189355788,3.0
-1.7317881812986629,0.05405125711033578,-0.0002766424612825791,0.010650895073733737,2.0
-1.7317881810048006,0.05404902800362004,-0.006239195057681385,-0.04813483900167732,2.0
0.5598736411966962,-0.6925168307942483,-1.4753617737620854,0.004255253128185274,1.0
0.543564853933975,-0.9671892906864129,1.3314417191687393,0.034810327987228294,0.0
0.5598736413568047,-0.6925142265216346,-1.4775338617001188,-0.004171231629129714,1.0
0.5598736417931789,-0.692515432294645,-1.475702187757242,-0.013505535391684158,1.0
0.6271579194067607,1.6078126116477482,0.1653492717701312,0.06837718766070994,3.0
0.559873641563042,-0.6925182496056687,-1.4731474508579174,0.017736723335950992,1.0
0.5435648548102715,-0.9671884292914681,1.3320266992304806,0.062243423699729995,0.0
-1.7317881800318977,0.05404859864367239,-0.005040689444358266,-0.012161273254009411,2.0
0.5435648550120202,-0.9671862100394483,1.3398130679069575,0.005974431041208605,0.0
0.5598736406741125,-0.6925166083275484,-1.476084514438388,0.03846820924168733,1.0
0.5435648543927181,-0.967189829574341,1.3377519752415148,-0.004963994148395965,0.0
0.5435648545730674,-0.967190337207034,1.329265046946809,0.05906650940468999,0.0
0.6271579205696267,1.607811871583176,0.16002416269507977,0.002512076262453905,3.0
0.5435648546050851,-0.9671882401065064,1.3324807386811834,0.04779301161406345,0.0
0.6271579203876736,1.6078121754219548,0.1599907259300953,-0.02287779263585371,3.0
0.6271579196163918,1.607811430917675,0.16383987143718526,-0.05613597840909019,3.0
0.6271579201580398,1.6078116159207232,0.1539859327637174,-0.001410990297479552,3.0
0.559873641000802,-0.6925158925984309,-1.4817192263658856,0.02950166286045841,1.0
0.5598736413649708,-0.6925156117895513,-1.483017164302316,-0.01042172890550987,1.0
0.5598736415037076,-0.6925159405317852,-1.476356422118226,0.02200292887533319,1.0
0.543564854730544,-0.9671904230385834,1.3271469910580616,0.0023476499234996455,0.0
0.5598736414631538,-0.6925159522665626,-1.48186066356081,0.04887779761576311,1.0
-1.7317881818140022,0.05405039390798643,0.0012018418865316534,0.007309166374902581,2.0
-1.731788181241033,0.05404829560653764,-0.002646162360219742,0.030765823343644704,2.0
0.5435648545749413,-0.9671906618073361,1.3336533536032815,-0.10777050669236594,0.0
0.5435648546365616,-0.9671849612467904,1.3359545367548022,0.04747164965710433,0.0
0.5598736420280951,-0.6925176865431166,-1.478868943080749,-0.04174141829311303,1.0
0.6271579194567283,1.6078138412809027,0.15990844130368168,-0.06684478942090336,3.0
0.6271579197910088,1.6078087943604922,0.16615297914266886,0.026785884359673724,3.0
0.5435648548338463,-0.9671894168370688,1.3280403945940673,0.008382225553707861,0.0
-1.7317881812807434,0.05405094115484486,0.0018950223528181255,-0.012496672407080786,2.0
0.543564854511867,-0.9671909622108876,1.3323829987996842,0.054355265899704894,0.0
0.5598736421012157,-0.6925137229890488,-1.4808702320641114,-0.04013251288593869,1.0
-1.7317881814096452,0.054051120032551137,-0.008040493474205263,-0.03957086888999679,2.0
-1.7317881815333327,0.05404897238881874,-0.00343076589162229,0.03254584181810256,2.0
0.6271579192248131,1.6078088299560316,0.16193201731898943,0.06685397670217608,3.0
0.5598736416140233,-0.6925130740144343,-1.4745020225621148,-0.03529505921629357,1.0
0.5598736417076671,-0.6925190144455947,-1.4822239047599846,-0.031035349171516208,1.0
0.5435648543296777,-0.9671865857131674,1.335885259420786,-0.038532386646441485,0.0
0.5598736412772484,-0.6925161644233245,-1.4809066113550988,0.03252373908476861,1.0
-1.7317881810007183,0.05405179582240314,-0.003914344696175398,0.06669819582869356,2.0
0.5598736410611248,-0.692516017126452,-1.475914244930898,0.030108932538037,1.0
-1.7317881809441749,0.0540495177982039,-0.001308039996869893,0.010689752318980497,2.0
0.5435648550303076,-0.9671877832337925,1.3379420579512908,-0.04526411106778215,0.0
0.5598736421305675,-0.6925162423557762,-1.4814840410434935,0.041048960998888016,1.0
0.6271579196931423,1.6078128237516942,0.16779042294811572,0.029628101364304556,3.0
0.6271579203719612,1.6078102066766808,0.15540822107229707,-0.012941189710143524,3.0
0.5598736417237279,-0.6925178768116579,-1.4787459706092774,-0.019660809352932296,1.0
0.6271579200095403,1.607813062308769,0.1659743504423037,0.012855290716883057,3.0
0.6271579196658941,1.6078138800645578,0.15677245513396199,0.05793536832246949,3.0
0.6271579196472121,1.6078115628126048,0.15430819627052492,0.03666459225774491,3.0
0.6271579198101928,1.607810674775106,0.16060858085485977,-0.025453828832830917,3.0
0.5598736406563354,-0.6925151766403952,-1.4812914139356932,-0.10015428732899825,1.0
-1.731788180442425,0.05405008843459366,-0.010279306442553877,0.058413704782944366,2.0
-1.7317881810014555,0.05405201829015654,-0.011494818250873466,-0.021801746343840963,2.0
0.543564855094671,-0.967188161758184,1.335772254699883,-0.07155974928018793,0.0
0.627157919568613,1.6078084614818373,0.15999983175584234,0.024361497374040638,3.0
-1.731788181372617,0.054052075981539605,-0.006681127990315637,0.043951904178410314,2.0
0.6271579197380953,1.6078121698794507,0.16019266901543971,0.015145985555858606,3.0
-1.7317881815819847,0.054050879939801406,-0.0018181630932104268,0.016879967694710837,2.0
0.5435648548607732,-0.9671910003126939,1.327249685635943,0.07356926187665856,0.0
0.5435648548637517,-0.9671893313450721,1.3359111582489143,-0.08986594271115905,0.0
0.5435648549378851,-0.9671888082892744,1.3331823811512935,-0.07268646019079993,0.0
0.627157919767232,1.6078122479690817,0.15665265736582473,-0.008835671578526341,3.0
0.5598736414921099,-0.692513207643065,-1.4794922920569533,0.033389698265366446,1.0
0.6271579203334414,1.6078102770588623,0.15782606884263078,0.007916459845856942,3.0
0.5435648542433241,-0.9671920187688245,1.3307117036743135,0.06760624356132891,0.0
0.5598736414940175,-0.6925163162520777,-1.4793786650468213,0.01852908583801712,1.0
0.5598736406709409,-0.6925160927592051,-1.483053544733432,-0.004886644989107759,1.0
0.543564854734116,-0.9671908964703825,1.3294840962081838,0.006389212151870721,0.0
0.5435648547201378,-0.9671884983591779,1.3340955778203294,0.025923925560525255,0.0
0.5435648549483705,-0.9671865042660023,1.325380581826462,-0.06361194905040765,0.0
-1.731788180891666,0.05404971230774098,0.00131878275733355,0.05447569375868889,2.0
-1.7317881809883078,0.054051677969830056,-0.002765588150626282,0.07049816472973791,2.0
0.6271579201804415,1.6078115961480168,0.16730270758952798,0.00312871254676667,3.0
0.5435648551903286,-0.9671907783515377,1.3344859335859802,-0.032229112944537536,0.0
-1.731788181989944,0.05404876576099613,-0.01688332626575788,0.012780161888468124,2.0
0.559873641905922,-0.692516757838564,-1.4809882630559679,-0.011477891144499219,1.0
0.5435648547118843,-0.9671934569636385,1.332885472045805,-0.004971187696300972,0.0
-1.7317881818812275,0.05405077456894912,-0.00711858249823809,0.015265746607413812,2.0
-1.7317881815514937,0.05405099129939623,-0.012208105612897454,-0.026966484804951087,2.0
0.5598736418816965,-0.6925178014106099,-1.4745309894254512,0.013994062472444061,1.0
0.5598736411283355,-0.6925165392904521,-1.476577092140726,-0.027684712370292484,1.0
-1.7317881815152776,0.05405018185157112,-0.006745318232521389,0.001576872288245825,2.0
0.5598736409467081,-0.6925129015380589,-1.4790747020767971,0.04424991553003579,1.0
0.6271579201169135,1.6078076452964845,0.16109567531747396,0.0277857189630542,3.0
-1.7317881815704739,0.05405114279291275,-0.005043882240708485,-0.05459572019244902,2.0
-1.731788181714323,0.05405117839355368,-0.004519255355854343,0.0012010891498142472,2.0
0.6271579199062074,1.6078122949541935,0.16537962384849958,-0.030009587070033112,3.0
0.5598736417751073,-0.6925180618648413,-1.4780469018389368,0.03947112906410239,1.0
-1.7317881810584346,0.05405081134273958,1.325089632547621e-06,0.04673987256267573,2.0
0.5598736410846485,-0.6925157865895712,-1.4761463595178228,-0.059200778397836044,1.0
0.5598736414488691,-0.6925162661698584,-1.4781146934254479,-0.026228946216617803,1.0
-1.7317881814529057,0.05405285186123303,-0.005780586590290093,-0.04665237076708502,2.0
0.5435648538027019,-0.9671904762092118,1.3310626192520776,0.03325337730583763,0.0
0.6271579201801977,1.607813782177262,0.1590788416264863,0.048319601497676036,3.0
0.5598736416335601,-0.6925133718920459,-1.477571538038335,-0.03586120983209143,1.0
0.559873641592997,-0.6925123856175063,-1.4820291652064184,0.008078038101864363,1.0
0.5598736413081915,-0.6925176737615955,-1.4759931963669537,0.017720860598419805,1.0
0.5598736416496475,-0.692514425575374,-1.4820639652377248,-0.006459528583676491,1.0
0.6271579200588688,1.6078110677784756,0.15680136731247785,0.08146340990319426,3.0
0.543564854969728,-0.9671892545911384,1.3271434289463062,-0.058377839434618876,0.0
0.6271579199491909,1.6078110286536627,0.15921298503051104,-0.016576693089645288,3.0
-1.7317881811934082,0.05404789935125327,0.0010805541575512742,-0.047273586180281144,2.0
-1.73178818147574,0.0540485368224022,-0.008570603089900812,-0.012291875948455402,2.0
0.5435648547889769,-0.9671893433737462,1.3281127612171448,-0.018351391368476935,0.0
0.6271579196638231,1.6078121220610027,0.15985001615007097,0.021453426947375044,3.0
0.6271579205711516,1.607811108041134,0.15977799649760768,0.018228730466553895,3.0
-1.7317881807716595,0.05404885897017003,0.0012659061593028795,0.025244466910078193,2.0
0.5598736412930524,-0.6925176691232099,-1.4771818996518198,0.054794328842776054,1.0
-1.731788180797105,0.05405320048771158,-0.010458106362499886,0.020977364341959154,2.0
-1.7317881811206879,0.05404819409067445,0.00022270174100006278,0.0028493802102408667,2.0
-1.7317881811883806,0.054050276491409366,-0.011910141692544037,-0.08159995227892733,2.0
0.627157919384913,1.607809525513028,0.15551380851650629,0.008031424255790372,3.0
0.6271579198048111,1.60781137936643,0.1636008365321309,0.01700797544795961,3.0
0.5435648551382706,-0.9671916425055191,1.3380628674833426,0.00043991085945378164,0.0
0.6271579200778062,1.6078142047673931,0.15865067137201702,-0.0666023249949204,3.0
0.627157920076238,1.6078116688264406,0.15755468822420793,0.018307676448735426,3.0
0.6271579197051663,1.6078109416278763,0.15563363959553936,-0.02029348629313026,3.0
0.6271579202078023,1.6078118428664152,0.16698466992791713,0.02083050873615188,3.0
0.5598736420815629,-0.6925148998026499,-1.4815177963907091,-0.009977615394092311,1.0
0.5598736410784346,-0.692516566655206,-1.482903396908873,0.001280930385330118,1.0
0.5598736414906985,-0.6925154699331275,-1.4820721908545071,0.02198092864133574,1.0
0.5598736414348454,-0.6925155086443374,-1.4745382974519083,-0.07345815262150897,1.0
-1.7317881822007468,0.054053016700955345,-0.005159832664676832,-0.015617444323230367,2.0
0.5435648548744528,-0.9671920998939069,1.3293115479042639,0.03483904334968112,0.0
0.6271579211510111,1.6078107416529617,0.15945523229522374,0.02958311397343555,3.0
0.6271579200834095,1.607814804106154,0.16012542986025008,0.02151757073946531,3.0
0.5598736417499413,-0.692513204511004,-1.4842562312643661,0.016498316550828136,1.0
0.5435648547596876,-0.9671949532584411,1.3309034979994658,0.08061432643109617,0.0
0.5598736411651599,-0.6925144146864731,-1.4819130133504337,-0.00042174892768205384,1.0
-1.731788181407358,0.05404843029269297,-0.00237154051668501,-0.030309366268655654,2.0
0.5598736410465037,-0.6925169150439898,-1.4861739644492242,-0.028824249103919963,1.0
0.6271579204464598,1.6078110486539463,0.15356382309720604,0.04857655725614964,3.0
0.5598736420064868,-0.692515597247579,-1.4806909674955875,-0.008685020301339247,1.0
0.5435648544081219,-0.9671906274720992,1.3348922758850321,0.0032374073900859487,0.0
0.627157919423432,1.6078109816185437,0.15449529829613456,0.028693619732542593,3.0
0.5435648550116127,-0.9671898400887081,1.3351957885352026,0.006281596002645446,0.0
-1.7317881816253988,0.05404913909106851,-0.004349214337373084,0.0024013234902661032,2.0
-1.7317881812806937,0.05405024036530977,-0.003012030678153587,-0.015752302328154364,2.0
0.5435648548621417,-0.9671918573662976,1.3330895233945224,0.0064076440643392124,0.0
0.627157919922957,1.6078103605782226,0.15561771548653627,-0.011245788339856809,3.0
0.5598736411003725,-0.6925169408198977,-1.4806703809857082,-0.05646301704691175,1.0
0.5435648544901571,-0.967186866287934,1.336275184627711,0.05280416659077767,0.0
-1.7317881814546139,0.054049847874061474,0.002529088285813365,0.06062426985760825,2.0
0.6271579194301303,1.6078117506606129,0.1537824180409258,-0.06562419007643527,3.0
0.5598736415690565,-0.6925137055940331,-1.478559020604132,-0.0014657406817629006,1.0
0.5598736414515658,-0.6925161356022463,-1.4746703979527889,-0.01636593379044921,1.0
0.6271579202995331,1.6078143360558017,0.16476859005503236,0.036128503217670034,3.0
0.6271579198252631,1.6078098433669177,0.1560059687623582,-0.04323774106175634,3.0
0.6271579204662048,1.6078107186463628,0.1661805207431669,0.028637637148878126,3.0
-1.731788181416932,0.05405132180561292,-0.002082917717733075,-0.0513306289391128,2.0
-1.7317881809801543,0.05404890311457107,-0.004790153234428232,-0.04609123067035572,2.0
-1.7317881802942625,0.054049109468863404,-0.01169123051214422,-0.03197342555383795,2.0
0.6271579196742906,1.6078126126388121,0.16265197080419452,-0.03749811345931764,3.0
-1.7317881814106775,0.0540491688624751,-0.0029164980933629172,-0.015584594233232786,2.0
0.6271579202436515,1.6078152186211885,0.15965458400395302,0.01220430923949553,3.0
-1.7317881816438567,0.05405203415503377,-0.004073843856987761,0.01663731457071278,2.0
0.5598736416196828,-0.6925148609198563,-1.4841850908770835,-0.005096269721777331,1.0
-1.73178818103884,0.05405193862588747,-0.00715841622835977,-0.03082853486774746,2.0
0.6271579191939186,1.607810531500176,0.15533086462695953,0.01875543975039605,3.0
0.5598736415294828,-0.6925164875543525,-1.4776039777243994,0.06170772521767735,1.0
0.5435648551486809,-0.9671898849304521,1.3330467300071396,-0.02765517605872683,0.0
0.5435648546509163,-0.9671878272656639,1.324067541754128,-0.000304319321648508,0.0
-1.7317881818776864,0.054052351903689455,-0.0043481973534400175,0.022508993170241923,2.0
0.5598736414818944,-0.6925149731080723,-1.4821159293197843,-0.021294309099145408,1.0
0.6271579202027351,1.607811177120947,0.1644226430720648,0.025277433390298906,3.0
0.5435648544814834,-0.9671920056113872,1.3305488730744781,-0.03121625140757979,0.0
0.5598736419770212,-0.6925198797717519,-1.4743346935975348,-0.06192637256214996,1.0
0.5598736413482233,-0.6925154330676918,-1.4793951998482597,0.026313566917265843,1.0
0.5598736412446277,-0.6925161051094849,-1.481436010343071,0.03344358607845073,1.0
0.6271579197296233,1.607812658180181,0.16227063095776104,0.01973725842014787,3.0
0.5598736418584351,-0.6925141630398778,-1.476926040698599,0.013388676421240251,1.0
0.6271579198802181,1.6078136038358215,0.16881995925615179,0.02237442913323432,3.0
0.5435648551132309,-0.9671891112325004,1.333571613927017,0.02949806797909142,0.0
0.6271579203822614,1.6078136396562333,0.15550923036875214,-0.02458846439021271,3.0
-1.731788181811838,0.05405005280090991,-0.0056457000762831725,-0.04580226058436214,2.0
0.5435648549023775,-0.9671888940989413,1.3357936516799118,0.06983603391544452,0.0
0.5598736413247358,-0.692514834544403,-1.4741673141735745,-0.01122586924279163,1.0
0.5598736415218788,-0.6925157559779905,-1.4885052240816203,-0.0748345901587214,1.0
0.6271579204997801,1.6078095333198674,0.16765346938762232,-0.03594931754174509,3.0
0.6271579201952203,1.6078138226945926,0.15752396701970092,-0.02151870460362048,3.0
0.6271579195468754,1.6078148201829277,0.15509112612620957,-0.0117198201082301,3.0
-1.731788181896158,0.05405092841067854,-0.000977959826967865,-0.018529033766827917,2.0
-1.7317881811917446,0.05404993407761778,-0.0001276691752329539,-0.048566374126899424,2.0
0.5598736414039215,-0.6925131505843731,-1.4750377694944066,0.005216878813498239,1.0
0.6271579193271015,1.607809970857191,0.1618800322582643,-0.02393592899067819,3.0
0.5435648554281123,-0.967190377224452,1.3352116485374113,0.039967868797299744,0.0
-1.7317881813398166,0.05405060114618417,-0.005938406493029969,-0.0648067698964295,2.0
0.5435648548804956,-0.967191744725988,1.333686604928869,0.08347685677013617,0.0
-1.731788181708954,0.05404789951140238,-0.0027446533717110184,-0.018677415590978453,2.0
-1.7317881819611738,0.05404978297622849,-0.009122069586337433,-0.05931565736841884,2.0
0.5598736414782908,-0.6925158085602742,-1.4774708870272137,0.054627920819541605,1.0
0.5435648550856107,-0.967190710621211,1.3351496295652894,-0.019339769628581218,0.0
0.627157919590257,1.6078097670214173,0.15982360658460837,0.010649815368556177,3.0
0.5598736409250604,-0.6925162442378009,-1.477618685390793,0.009936553336266522,1.0
-1.7317881812461027,0.054048670701448386,-0.0007332229792313404,-0.008340683097985755,2.0
0.5435648541169403,-0.9671905362666243,1.3297335498750813,0.03855094381340018,0.0
0.6271579198983864,1.6078109833999708,0.16134723713113858,0.04047482340975141,3.0
0.5598736424224457,-0.6925163363635295,-1.4686535812818402,-0.02350736974390735,1.0
0.6271579194531421,1.6078126658095429,0.15815449332407808,0.020106880478941314,3.0
-1.7317881820293883,0.05405137825872478,-0.0031649295804966953,-0.008539679808616585,2.0
0.6271579194463798,1.6078109769892004,0.15937566191563682,-0.05264300758456674,3.0
0.6271579202434364,1.6078076183155454,0.15487326861560644,0.028127222287795496,3.0
0.5435648551405359,-0.9671897161470155,1.3373011171927105,-0.04738384034489353,0.0
0.5598736410736839,-0.6925151419879326,-1.4780559682965104,-0.00825891574887594,1.0
0.6271579204372114,1.607811168081064,0.15577808223557585,0.04047448949335032,3.0
0.5598736415360257,-0.6925145563100227,-1.4761217655961416,0.025062607935924845,1.0
0.5435648549700427,-0.9671882685344765,1.3324301380081334,0.02211017697784958,0.0
0.6271579202360484,1.6078102623537147,0.1667115922852079,-0.00805819313834814,3.0
-1.7317881816005063,0.054050784935540046,0.0011862072968012345,-0.020262116384500994,2.0
-1.7317881823572583,0.05404921402382508,-0.003363708537375996,0.04552453824423214,2.0
0.5435648550407898,-0.9671885821065889,1.3324154961880654,0.07273984526218807,0.0
0.5598736409039855,-0.6925163831620645,-1.4803289263939718,-0.04376911245310113,1.0
0.6271579194958966,1.6078121901764437,0.15662605138011645,0.04543812978791974,3.0
-1.731788181337566,0.05405077659881483,-0.00560463772242849,-0.003842923126231748,2.0
0.5598736416071561,-0.6925167135336947,-1.4827022251328568,-0.04784192448241743,1.0
-1.7317881811535196,0.054050193688311175,-0.003950869770467861,-0.04337963784850549,2.0
0.6271579204884089,1.6078082107151361,0.1668495249113473,-0.08573415344890194,3.0
0.5435648545363961,-0.9671914796214294,1.3361766898582346,0.0517638512985408,0.0
0.6271579207103595,1.6078118115659088,0.15717182192304346,-0.050980056431016704,3.0
-1.7317881806399562,0.05405239891854542,-0.006637870766846037,-0.03318878390063953,2.0
0.54356485529084,-0.9671905685418517,1.3382567474887959,-0.006973427403092043,0.0
-1.7317881818440153,0.05404766612315274,-0.00942929818389108,-0.017310418550950807,2.0
0.6271579199409767,1.6078099403812256,0.16589455844051265,-0.01752330780625665,3.0
0.5598736416811849,-0.6925129481250264,-1.4795470160009214,-0.01449411126626047,1.0
0.5435648553795607,-0.9671894754428415,1.3329549777160576,0.02260807139724753,0.0
-1.7317881806897726,0.0540529070842146,-0.005400105080901575,-0.025285204547924635,2.0
0.5435648544163605,-0.9671919524005861,1.334706866755221,0.006309213243586932,0.0
0.5598736417215903,-0.69251744481685,-1.4801443636223621,-0.026687054147421615,1.0
0.5435648546003112,-0.967190483658775,1.3323572800908585,-0.013811112536594913,0.0
-1.7317881816096616,0.0540471896003873,-0.00619298477106127,0.057204979831576463,2.0
0.5435648549711533,-0.9671896155702824,1.3380485545338674,0.003231880133125754,0.0
0.5435648548862848,-0.9671877854066427,1.334393743857067,0.03810773766032704,0.0
0.5598736411616417,-0.6925174267757844,-1.4790154320927769,-0.04251761730018763,1.0
0.5598736412663875,-0.6925160088047684,-1.475738411761949,0.006205325609647704,1.0
0.6271579195768987,1.607809846521185,0.16535169563964267,0.045160330799092464,3.0
0.6271579198905113,1.6078101933899387,0.15981325105219685,-0.04144619779463909,3.0
0.5598736416506076,-0.692513038352321,-1.4817367143916267,-0.042997595314600116,1.0
0.5435648546101166,-0.9671884253747358,1.3309187916117666,-0.019346164582665314,0.0
0.627157919931683,1.6078110414885212,0.15959478553087,-0.05255010892817527,3.0
-1.7317881815220195,0.054051711615577445,1.5731442558530244e-05,-0.025127553021378483,2.0
0.5598736411309532,-0.6925171289657552,-1.4822057364966716,-0.0586267952816862,1.0
0.5598736413506775,-0.6925169054268854,-1.4842130588939457,-0.0343746741080836,1.0
-1.7317881814865854,0.05405278734704135,-0.0003786642914552154,0.042341415611634084,2.0
0.5598736413310108,-0.6925158256570187,-1.4754927412636272,-0.015874940232231453,1.0
-1.731788181396734,0.05405048295910994,-0.01220927548252417,0.07493042434251332,2.0
0.5598736412571091,-0.6925175534000959,-1.4793413221027871,-0.07048966314643394,1.0
0.543564855121505,-0.9671886619031907,1.3380562321581644,-0.04658146596990717,0.0
0.627157919831458,1.6078110006389634,0.161441733576411,-0.0017053578089150528,3.0
0.5598736409694337,-0.6925167484132795,-1.4719047169669404,0.04669158448686004,1.0
-1.7317881812172566,0.054051135568341055,-0.00752016989758536,0.04591231535667177,2.0
0.5435648550507473,-0.9671883561112016,1.3340834300865458,0.028356269219532274,0.0
0.5598736413705688,-0.6925148892035616,-1.475345203033589,-0.04028351911367162,1.0
0.559873641410681,-0.6925140432087079,-1.4777244934681084,0.03139008091253218,1.0
0.559873641168589,-0.6925157840712208,-1.4783643727372644,-0.03535986680625598,1.0
0.6271579199149755,1.6078087896041855,0.1626390112003535,0.015313461696796805,3.0
-1.7317881818315222,0.054050322707800864,-0.006134410923613816,-0.00827259620097035,2.0
0.5435648551567467,-0.9671908486953166,1.336299494552537,-0.023645853014920875,0.0
0.5435648537495835,-0.967188792579526,1.3392025460511963,0.04520537170350905,0.0
0.543564854660468,-0.9671902574136595,1.3333960280401471,0.06859213951997191,0.0
0.5598736413754932,-0.692515731005387,-1.482974068513145,-0.020893191087218297,1.0
0.559873641335324,-0.6925160537574442,-1.479298245763577,-0.028543859649415443,1.0
0.6271579204730815,1.6078137216284691,0.16440239292974532,0.029715405665543263,3.0
-1.7317881816763265,0.054050281466950546,-0.007605546611104622,-0.021881138409601226,2.0
0.559873641556049,-0.6925142796665443,-1.4870171849033909,0.02234608599189751,1.0
-1.7317881814681084,0.054051503326794315,-0.004691632221741766,0.006583869713762432,2.0
0.6271579195226569,1.6078096496632022,0.1525699875663407,0.02863199404463183,3.0
-1.7317881810393974,0.05405302262585766,-0.0006855245354470282,-0.004788247024624063,2.0
0.6271579198613322,1.6078106134164498,0.16240859609475006,0.04711665410083256,3.0
-1.731788181913673,0.05404794295562055,-0.00220997163491488,-0.008878889180875395,2.0
0.5435648545829135,-0.967189284522996,1.3378647147650735,0.02878777184009919,0.0
-1.731788182505823,0.05404909362375329,-0.009655644319283634,0.03657030322183709,2.0
0.5435648540286673,-0.9671892654605686,1.3285829040213692,0.016335030816415866,0.0
0.5598736422686801,-0.6925172900544064,-1.4832174265375195,-0.10171775010755292,1.0
0.627157920424872,1.6078082544981394,0.15668135212573572,-0.002742562167510238,3.0
-1.731788181521601,0.05405330477196738,-0.0029621065233568803,-0.08991664488271899,2.0
0.5598736414350342,-0.6925146535275193,-1.4807555604849032,-0.00530955636746603,1.0
0.5598736417575173,-0.6925174354007492,-1.4750285907480922,0.02402949937874377,1.0
0.5435648551291729,-0.9671890623453815,1.3351552027505589,0.0015963478626367187,0.0
0.5598736417596516,-0.6925157713044129,-1.4742647019515558,-0.027745772003231587,1.0
0.5598736409955432,-0.692516667289743,-1.4725977757660125,-0.001636225241769683,1.0
-1.7317881811326654,0.054050443761474894,-0.009180196887594552,-0.0223406725525097,2.0
0.6271579203747364,1.6078102946290305,0.1559788713773269,-0.029523058905219383,3.0
0.5598736415252762,-0.6925147113390914,-1.47498548491738,-0.06194516537617708,1.0
0.5435648548426677,-0.9671920095781457,1.333242952444924,-0.06873121196676604,0.0
0.6271579199979606,1.6078131211294044,0.16712327859596093,-0.03994487305383426,3.0
0.5435648544975954,-0.9671884012600875,1.3390364474484546,-0.013342027770269702,0.0
-1.7317881808512108,0.05404819964543938,-0.0036569516965063737,0.0730587226072277,2.0
0.5598736416830514,-0.6925166270727222,-1.4824615728093506,-0.03821471267454235,1.0
-1.7317881809686277,0.05405039495484551,-0.009793476256866546,0.00581568969268637,2.0
0.5598736413195551,-0.6925158411881346,-1.487703757702762,-0.00850870126932375,1.0
-1.7317881812775535,0.05405292095688644,-0.004209837434481993,0.01063784231905605,2.0
0.6271579193957502,1.607811451549058,0.15735345161307823,-0.05003884361541383,3.0
0.5598736413046935,-0.6925153712437805,-1.4773092623640574,-0.05386580583029435,1.0
0.6271579204910966,1.6078127718172628,0.16203318035698147,0.059354487053126334,3.0
0.5435648539901576,-0.9671907401140428,1.3358882420839089,0.05556060973453103,0.0
0.6271579199054047,1.6078117569610442,0.15677825735705436,-0.0007928349639672353,3.0
-1.731788181545691,0.054049405467482624,-0.003953018203156765,0.013438377976571653,2.0
-1.731788181786504,0.0540490430760177,-0.0076568359765843055,-0.04626672092856678,2.0
0.5435648546840189,-0.9671885838494109,1.3339918501470345,0.020650935436551582,0.0
-1.7317881805814435,0.05404997266967199,0.000260487310553959,-0.07372238071546511,2.0
-1.7317881819991736,0.054049101339602626,-0.005007560761231564,-0.0335880222024151,2.0
0.5598736423652119,-0.6925187055871896,-1.480405825169923,-0.021167071708863665,1.0
0.5598736414368386,-0.6925174269173541,-1.4792311145381205,-0.06871608880651324,1.0
0.5598736412641072,-0.6925163122074789,-1.4839219710430172,-0.034111241733577054,1.0
0.5435648547170644,-0.9671883042823161,1.3252948557948503,0.011628133220103686,0.0
-1.7317881819921137,0.05404963346262326,0.00028671362044873955,0.024121457429549888,2.0
0.5598736403660476,-0.6925161311416171,-1.4744257012498132,0.01443350194623889,1.0
0.5598736409176267,-0.6925178189217405,-1.4790446735420235,0.05137536892397888,1.0
0.5598736411600355,-0.6925154056973652,-1.4769374977617014,0.015578595023188653,1.0
0.5435648547116199,-0.9671879384086653,1.3332932943884768,0.05943112809227061,0.0
0.5435648547514053,-0.9671916123225763,1.3335854940918979,0.07432134301970401,0.0
0.5598736412015975,-0.6925153088399675,-1.4769495449586323,-0.01384398450006976,1.0
0.6271579196519771,1.6078108337812034,0.15776513513421977,-0.030574597732095424,3.0
0.5435648543596415,-0.9671895746162137,1.328766300895852,0.07549328814872236,0.0
-1.7317881820773842,0.05405144702829446,-0.00018951345651175568,0.03791255439333029,2.0
0.5435648547629387,-0.9671874266661034,1.3397075211698273,0.014620172168012693,0.0
0.6271579200180144,1.6078117642004572,0.15990390864497084,0.043440129482645126,3.0
0.6271579197182103,1.6078125767355247,0.16014090897302813,0.010327249355599505,3.0
0.559873641248256,-0.692514944782298,-1.480279251907479,-0.037802791050981055,1.0
-1.731788181229387,0.05405124863070596,-0.0024263303724835076,0.03871981089696056,2.0
0.6271579197493318,1.6078124102533176,0.16436173241576318,-0.007328413655071133,3.0
-1.7317881810322229,0.054051353545182555,-0.004061665601366405,-0.014253255300429176,2.0
-1.7317881815891811,0.05404875210998223,-0.0041950836515721,-0.04699683782699996,2.0
0.6271579200456425,1.6078080017552527,0.15849674606258857,0.024315156328544595,3.0
0.627157918849969,1.607811987005111,0.1599401468783222,0.05374847370848523,3.0
-1.7317881818312897,0.054049263445126096,-0.004679702076060936,0.009570820434329596,2.0
0.5435648545533627,-0.9671888591667129,1.342061731136137,-0.06062642567759089,0.0
0.6271579193684667,1.607808692111756,0.1599877076295471,0.006832323300956849,3.0
0.5435648549834231,-0.9671894514653793,1.3301917050933831,0.03747740329141967,0.0
0.5598736410308809,-0.6925178402919563,-1.4835425960498698,-0.006601607872630753,1.0
0.5435648543113065,-0.9671886442994633,1.33521711363946,-0.024012177698956597,0.0
0.6271579197297873,1.6078069487957147,0.15937333414758997,-0.08638927720081359,3.0
0.5435648546381291,-0.9671888769795197,1.3334400585879143,-0.0044421173369759885,0.0
0.5598736413507451,-0.6925151107243992,-1.4843710677010005,-0.041625464933136784,1.0
0.5435648543531586,-0.9671907833284802,1.334113821633044,-0.040785856573167655,0.0
0.5435648544300579,-0.9671876073319999,1.3389163207214272,-0.018544535824875183,0.0
-1.7317881812738964,0.05405044649187981,-0.001475464022233106,-0.032051336758705036,2.0
-1.7317881810875022,0.054051822353891714,-0.0073807679764980065,0.029017025854155425,2.0
0.5598736418365485,-0.6925161641056281,-1.4808927294225018,-0.011224173588563372,1.0
0.6271579198703631,1.6078124508431504,0.15622728953385298,0.03426932537093145,3.0
-1.7317881821712227,0.054049728310170665,-0.008459521052907329,-0.059301340121479126,2.0
0.5598736413877887,-0.6925136395614904,-1.478990224816564,0.009617076825277484,1.0
0.6271579198073337,1.6078104165586586,0.15461282957696554,-0.017352249176414192,3.0
0.6271579195956654,1.6078105968675835,0.16837589868197178,-0.010955121446359092,3.0
0.5598736416882022,-0.692514543447776,-1.4808328259443548,-0.039221672315867956,1.0
0.5435648546434347,-0.9671910792183971,1.3287814526313897,0.026885014735622294,0.0
0.5598736417587237,-0.6925154612141062,-1.4820073008737074,-0.0029911522516273105,1.0
0.5435648548652009,-0.967188290506279,1.3309226483654073,0.048023508410557,0.0
0.543564854884627,-0.9671920458288332,1.3360211319702633,0.06293375076205328,0.0
0.5435648542620776,-0.9671911493382747,1.341046183902699,0.026890170830362943,0.0
0.5435648546272358,-0.9671890261993903,1.339813190055635,0.03939950943289378,0.0
0.5598736409179075,-0.6925180544250354,-1.4825539121487874,0.002517253326801757,1.0
0.6271579199772134,1.607811231792395,0.161797126810197,0.024386012270252933,3.0
0.5435648542223551,-0.9671906518393862,1.3324316327960166,-0.05674021604295341,0.0
0.5435648545358521,-0.9671914918595118,1.3343546654526401,0.09165872977979915,0.0
0.6271579195698859,1.6078083803538836,0.1573337671093835,-0.00522194761305418,3.0
-1.731788182018885,0.054049399190900335,-0.002352989551005841,0.009312661683001655,2.0
0.5598736412186688,-0.6925139429696526,-1.4720132861785622,-0.03287319790250069,1.0
0.5598736410873694,-0.6925169341942062,-1.478836708743337,-0.014133037061771847,1.0
-1.7317881813810476,0.05405158607570737,-0.0113568140505585,-0.020675061179763934,2.0
0.627157920188265,1.607810629789224,0.16182660030014023,0.017108533749497806,3.0
0.6271579192980803,1.6078132658090476,0.15977353531849872,-0.018433460127218713,3.0
-1.7317881820775824,0.05405010807881837,-0.010851383482171737,0.005294781787236052,2.0
0.5598736416950322,-0.692515310634748,-1.4817081895874138,-0.012678760003212558,1.0
0.5435648544418185,-0.9671902355435792,1.3307654252683379,-0.028254395405783155,0.0
0.5598736417536246,-0.6925136972502975,-1.4757198031114864,-0.032782397604708684,1.0
0.543564854570423,-0.967189950547817,1.3315676977333564,0.019554294100029308,0.0
0.5435648546425715,-0.9671903208002857,1.3338605045330845,0.010862749437790737,0.0
-1.7317881815316383,0.05404940559887567,-0.006535521018641781,0.006025529862483698,2.0
0.5435648547604377,-0.9671875454633451,1.331406470780984,0.03975749110953071,0.0
0.6271579202158738,1.6078114363620097,0.16483899282208436,0.03333488990186241,3.0
0.5598736413604217,-0.6925148190130699,-1.4759991472384628,0.0033888749685859355,1.0
0.5435648545243277,-0.9671882494321288,1.3359789025280564,-0.010367913987449264,0.0
-1.731788181899882,0.05404928767173129,-0.002087796359992732,0.004851223635010131,2.0
0.6271579201708158,1.6078125967526682,0.1658480136872498,-0.04956523931646552,3.0
0.6271579196184921,1.607812772289749,0.15681221915059074,-0.007675918801283174,3.0
0.6271579196788175,1.6078118031314557,0.16381225556835535,-0.027643715627659507,3.0
-1.7317881812674936,0.05404989304942245,-0.004904951292837254,-0.022377195460707575,2.0
0.543564854849744,-0.9671891113892771,1.331241502688818,0.05114719005308009,0.0
0.5598736411629945,-0.6925168395797586,-1.4784898332842407,0.026736728093983905,1.0
0.6271579196711403,1.6078070979897299,0.16007058698767357,-0.01074815805420686,3.0
0.5598736416126867,-0.6925149800537946,-1.479141333289706,-0.05848058682509131,1.0
0.6271579202309626,1.6078086314820954,0.16362375567898507,0.013097428223971416,3.0
0.5598736412690845,-0.6925141341909128,-1.4772003633616262,-0.0295525888982116,1.0
-1.7317881818741507,0.054050337773846054,-0.005005311500262495,0.021093504903422777,2.0
0.6271579200018644,1.6078128763648434,0.16321256334338885,0.01320671820708055,3.0
-1.7317881809524676,0.05405148851321207,-0.005119166949256217,0.005000067831453911,2.0
0.543564854696341,-0.967192117966766,1.3319699776179577,-0.04824689733569692,0.0
0.627157919562953,1.6078111745734174,0.1534195885434561,-0.010808184748346328,3.0
0.543564854551109,-0.9671916720533625,1.3345278155514317,0.00502900543000048,0.0
0.5598736415229694,-0.6925146895598765,-1.4763896747704377,-0.036268307668322994,1.0
0.6271579199855992,1.607812179453566,0.15297106927261178,0.0035248288437880835,3.0
0.5435648545852941,-0.9671886296136314,1.32870829590084,-0.023614291908626035,0.0
0.627157920659726,1.6078101180950213,0.15850912732630132,-0.02836420530624619,3.0
-1.7317881814212872,0.05405041969154926,-0.003933078405590851,0.04773227398535946,2.0
0.5435648547038066,-0.9671915970529239,1.3361772293346428,-0.01696088639628099,0.0
0.6271579196538903,1.6078121516950457,0.1569227804776228,0.0490113567978859,3.0
0.6271579205082758,1.6078114234369498,0.16345097951880902,0.02264633225923725,3.0
0.5598736418320543,-0.6925180945461634,-1.4767606518990666,-0.03811348712287412,1.0
0.6271579192493636,1.6078128538240812,0.1563979356583782,-0.05989855961973412,3.0
0.6271579200009622,1.6078118225197249,0.15944270488429266,0.022830392671766533,3.0
0.5598736406150192,-0.6925173255726652,-1.4787208543522952,-0.0516948942464973,1.0
0.5435648548285056,-0.9671914172113347,1.3326095700806722,-0.011596102582006962,0.0
0.5598736419323885,-0.6925169865523167,-1.4874650529352873,0.011066221787845606,1.0
-1.7317881815886431,0.054049264784263154,-0.005424117589968628,-0.0426072283240104,2.0
0.5598736407857459,-0.692517813197538,-1.4792880640961603,-0.06481172211151906,1.0
0.5435648544982651,-0.9671927223268193,1.333795934092262,0.0010745761193642755,0.0
0.6271579200585189,1.6078123117962604,0.16175729337146041,0.013477503357135004,3.0
-1.731788181985969,0.05405135549686116,-0.0015396809642083903,-0.047643369872918326,2.0
0.54356485480478,-0.9671885227665544,1.33808574217503,-0.0028476076935658808,0.0
0.5598736415263866,-0.6925165874006112,-1.4807281486859138,-0.0010931628393765587,1.0
0.5598736419012175,-0.6925166600821491,-1.4751170173576114,0.0036625286841287263,1.0
0.5435648553336137,-0.9671873851995212,1.3330007179446215,-0.03088355499244752,0.0
0.5435648553224794,-0.9671874467277458,1.3388113746915182,0.0018454476349888955,0.0
0.62715791938404,1.6078099459514101,0.16536402158390895,0.015925347077783866,3.0
-1.7317881817109915,0.05404987969515143,-0.003942920884156032,0.022885315183896804,2.0
0.5598736419378225,-0.6925185323443139,-1.4757617663701164,0.0038770228797486792,1.0
0.559873641375896,-0.6925171502548,-1.4742442115450545,-0.020995736881308732,1.0
0.6271579198592313,1.607813172109373,0.15814451578647526,-0.024813197524707804,3.0
0.6271579200945466,1.6078126644775053,0.1600911584748897,0.024490257101350204,3.0
0.5598736412870757,-0.692515483321516,-1.4765359780060998,-0.031214346656495463,1.0
0.5435648548779033,-0.9671921776126109,1.3280730300155663,0.001109217228359773,0.0
0.6271579205124604,1.607813212823586,0.15417519876522723,0.046179566453035975,3.0
0.5598736416713577,-0.6925153420571412,-1.4804189056968575,-0.011631656566690587,1.0
0.5598736415070614,-0.6925125395216819,-1.4794599539640703,-0.04355928498732463,1.0
0.5435648556716023,-0.9671881154881787,1.3341826355404387,-0.010047144619429411,0.0
-1.7317881819208392,0.05404923542771285,-0.001318181298458107,0.07220603783651332,2.0
-1.7317881813043443,0.0540507233941602,-0.0031012780104918707,0.04142000719373806,2.0
0.5598736418655047,-0.6925150520380623,-1.48367825708505,0.028835310343329697,1.0
0.62715791998959,1.6078120311287452,0.15754596470975327,0.07555823881583529,3.0
-1.7317881817272944,0.054050475765240864,0.0017320620643503848,-0.0361801723836777,2.0
0.559873642048667,-0.6925147687099015,-1.4829294924210852,0.003149296852590782,1.0
0.6271579200789299,1.607811824885332,0.16098758609198746,0.020280790434040363,3.0
0.543564854392871,-0.9671898088245955,1.3318779631026796,-0.028541279328358437,0.0
0.5598736415320268,-0.6925159100064133,-1.4796864889867192,-0.05001373889993838,1.0
0.5598736416129537,-0.6925167127189882,-1.4722410426765964,-0.021056865518836523,1.0
0.5598736412334516,-0.6925164459634997,-1.4760597249839442,0.015896274578701425,1.0
-1.7317881806377748,0.054049652425293214,-0.006205888606375183,-9.538228376649995e-05,2.0
0.6271579195847574,1.6078093573323031,0.1620472573255633,0.06873997478695895,3.0
-1.7317881819636063,0.05404852298303369,-0.008806786151690633,-0.01126338028451745,2.0
0.627157920009702,1.6078118667728813,0.15962849659343167,0.03984577106449092,3.0
0.5435648545466145,-0.9671879450762647,1.3326600091239293,0.048007987972286136,0.0
0.5435648549154372,-0.9671904039785113,1.3349879214144835,-0.0015754541838212228,0.0
0.5435648545975251,-0.9671896763293445,1.3289083948861937,0.041531418098598206,0.0
0.6271579197811651,1.6078121284610867,0.15596444947865223,0.00640618763111039,3.0
0.5598736418454455,-0.6925142470063024,-1.4739313795579783,-0.014507751466287931,1.0
-1.7317881813695457,0.05405031905111042,-0.007897252645247156,-0.007085098237656624,2.0
0.5435648548038371,-0.9671894170509255,1.3378092080955304,-0.03946961493697905,0.0
0.5435648545830756,-0.9671900378737769,1.327974866764032,-0.0037523284008689857,0.0
0.6271579205429451,1.6078084440838059,0.16256226308004448,0.0500916441108432,3.0
0.5435648536409242,-0.9671890159652677,1.3342380419903113,0.024459177079274294,0.0
0.6271579194934821,1.6078080353036097,0.15613781277527505,0.03885080055957773,3.0
0.5435648550562933,-0.9671905717456375,1.331597687098977,0.03194453464966164,0.0
0.5598736418585561,-0.692513651762418,-1.4791693064814782,0.035584751839421544,1.0
0.6271579196100217,1.607811713826757,0.16123788562213187,0.04808152825613914,3.0
-1.7317881814434093,0.05404664709514015,-0.006208756358081403,-0.08097467398661415,2.0
0.5435648548962277,-0.9671901382516753,1.3294609724294235,0.029901953690029053,0.0
0.6271579196348391,1.6078135307022894,0.16445342939797541,0.010139997469517424,3.0
0.6271579204580234,1.607810927754017,0.1675465489629881,-0.023690795060368423,3.0
-1.731788181990265,0.05405099893456861,-0.004662286069775147,-0.021058665817650504,2.0
0.6271579198627998,1.6078127190712177,0.16095105246314642,-0.05233523898927809,3.0
0.5435648545706835,-0.9671908044492004,1.3416712451204185,0.04211379674100297,0.0
-1.7317881812673803,0.05405144884535877,-0.006602023919227068,-0.06254221807610723,2.0
-1.731788181097805,0.0540492343476466,-0.0029394144933653243,-0.05290730313704933,2.0
0.5435648546659567,-0.9671889459101722,1.3281344343762063,-0.00600219727975658,0.0
0.5435648543845981,-0.9671894448634503,1.3297852473540195,-0.011306408873248087,0.0
0.5598736417500011,-0.6925163517609695,-1.4783101703995372,0.028271623017183736,1.0
-1.7317881811405638,0.05405030451615433,-0.005300662383137718,-0.025289149884710562,2.0
0.627157919986174,1.607810950005069,0.15432426161978993,0.024891892572042152,3.0
0.6271579205523827,1.6078121451393967,0.16118931612439935,-0.03949434687359185,3.0
0.6271579200111662,1.6078120649725307,0.1637720555382975,-0.0005418867466228547,3.0
0.5435648551214465,-0.9671894191946845,1.338421151854678,0.026756717710800567,0.0
-1.7317881819236765,0.05405183302045431,-0.006445878721019807,-0.015329783991948466,2.0
0.5598736416143829,-0.692515981734189,-1.4814807899625002,-0.04843308692058,1.0
0.5435648545622792,-0.9671896328113466,1.3363702234255899,-0.005021304986083751,0.0
0.5435648542948455,-0.9671900049729765,1.327758266643589,-0.038098446930210125,0.0
0.543564854529383,-0.9671888461150357,1.3315519074502178,-0.02940490900010448,0.0
0.5598736407470082,-0.6925160656893782,-1.4745332023767694,-0.15309058984489804,1.0
0.6271579198618193,1.6078107704728064,0.16972961493060906,-0.011189599545440371,3.0
0.6271579195259067,1.6078103559459824,0.16037085685713748,-0.008338947725803686,3.0
0.5435648556197016,-0.9671901150021396,1.3368151136592517,0.03584209461338471,0.0
0.5435648547407522,-0.9671919864948791,1.332608453498048,0.022719137671105897,0.0
0.6271579196653321,1.6078092262131387,0.1563847139915968,-0.0061299418744765926,3.0
0.5598736420111015,-0.6925170699040204,-1.4743332415093269,-0.03620219662234228,1.0
0.5435648543168121,-0.9671889079851373,1.3404395688462012,-0.01531427937706073,0.0
0.6271579198367524,1.6078120477105073,0.15937229258583177,0.051160368580643406,3.0
0.5435648548165621,-0.9671891501106756,1.3370091127157935,-0.004247521154174368,0.0
0.559873641329201,-0.6925152419952962,-1.4793507485843467,-0.009131134117229548,1.0
0.5435648542149382,-0.96718988144968,1.3284191277636208,-0.0239389174709935,0.0
-1.73178818182033,0.05404789322569316,-0.003489611051813836,-0.03642696675561777,2.0
0.6271579198176828,1.6078113310294155,0.15800392940885166,-0.010380012468739881,3.0
-1.7317881819913257,0.05404854310497123,-0.0023709721027932924,0.020726408641014736,2.0
0.543564854892891,-0.9671891873242496,1.3279489947375782,0.001981524271330219,0.0
0.543564855221208,-0.9671895814634393,1.3295906359538274,-0.02555168380224184,0.0
-1.7317881816800789,0.05405266092129477,-2.919666896926478e-05,0.0011651069813140191,2.0
0.6271579200164313,1.607813903219869,0.16618581363781346,0.018068557617326987,3.0
0.559873641425486,-0.6925140360188871,-1.484358303828634,0.023344746398256625,1.0
0.5598736413959113,-0.6925160157478147,-1.4758708691966433,-0.048298945060670825,1.0
0.6271579198889113,1.6078065514204507,0.16055031978084508,-0.01352761315109175,3.0
0.5598736409256745,-0.6925140650423284,-1.474553864812299,-0.0005184428488110745,1.0
-1.731788180689449,0.05405034187144173,-0.0048573146305300385,0.05860020870733742,2.0
0.5435648550200247,-0.9671901592652354,1.3333091859921689,-0.006044637081399678,0.0
0.6271579199646184,1.6078091670116674,0.16419994430490656,-0.021395890507124912,3.0
0.6271579197320046,1.6078071033354708,0.15261548110995415,0.04266030880681859,3.0
0.5598736421127415,-0.6925154632230377,-1.4761030819080272,-0.05424211733487482,1.0
0.5598736409571914,-0.6925169935815557,-1.4788227317344553,-0.04899153950590422,1.0
0.6271579196241065,1.6078115729627682,0.16419555681226616,-0.035054984512032566,3.0
-1.7317881808943245,0.054052718850512375,-0.009003208048819685,-0.015846148289542897,2.0
0.5435648549127188,-0.9671910834350708,1.3351521557351105,-0.005476006251410615,0.0
0.5598736419028685,-0.6925144485948592,-1.4836641707442353,-0.008826884945352472,1.0
0.5598736413150471,-0.6925169522995289,-1.4791853259960532,-0.04606557650473005,1.0
-1.7317881820768,0.05405154554697087,-0.0030026883090855886,-0.006558100738853064,2.0
0.5435648546218996,-0.9671874268520583,1.3368843919405975,0.013353439743786581,0.0
0.6271579195613156,1.6078105576294761,0.16050130245010716,-0.008424544607941861,3.0
-1.7317881810860294,0.05405287655484259,0.00044359836338903486,-0.0174639661600338,2.0
0.5435648556962852,-0.9671880096678137,1.3352844752148456,0.021422178581766423,0.0
-1.731788181731798,0.05404931029144323,-0.01533407365911259,-0.009844366105286802,2.0
0.6271579196388122,1.6078118376040806,0.1640630998826878,0.0537610608806003,3.0
0.6271579198886233,1.607810009149645,0.16296572879924354,-0.021799186699189305,3.0
-1.731788181158903,0.05405061231704191,-0.007023489487896323,-0.0216205539470056,2.0
-1.7317881814356906,0.05404848753089814,-0.0023086634323748354,0.02839690201997231,2.0
-1.7317881810798015,0.054049809140356495,-0.008892678782852607,-0.022114390923876185,2.0
0.627157920442546,1.6078117739091669,0.15456107936879085,0.004666200315608715,3.0
0.6271579191441965,1.6078082133387817,0.16629559980087585,-0.0004908253816292863,3.0
0.5435648550384895,-0.9671899604467189,1.3387968760931073,-0.0003294499961906828,0.0
0.5598736418665512,-0.6925195670726101,-1.4847344905118032,0.007699916946430135,1.0
0.5435648556435618,-0.9671899582263017,1.3337503699906963,-0.029960914253422493,0.0
-1.7317881812246936,0.0540519758672625,-0.004874641641247553,-0.06018423923246189,2.0
0.559873641359106,-0.6925171278017778,-1.4762411915944853,-0.024623422051519836,1.0
0.6271579198558952,1.60780938857977,0.16756106709992646,-0.02945531647383527,3.0
0.5598736411254787,-0.6925154073425476,-1.480122243106607,-0.01824203114640844,1.0
0.6271579198734587,1.6078118396220504,0.15773539700466427,0.016649547009360426,3.0
0.5435648552407435,-0.9671912247873077,1.3352377888355997,-0.05837335807778868,0.0
0.627157919511472,1.607811622979265,0.15643258155318224,0.02331710369409849,3.0
0.5598736411631423,-0.6925147738878885,-1.4773286524599905,-0.022029341572007456,1.0
-1.7317881815924117,0.05404668757015908,-0.0015151722549681496,0.006297796792675234,2.0
0.6271579203121854,1.6078121461330757,0.1565960416317808,-0.0031020891690222555,3.0
0.6271579204112798,1.6078101632149766,0.15512661965154245,-0.02287754747643672,3.0
0.5435648549142001,-0.9671906722977662,1.3322008629303232,0.028844333144663406,0.0
0.6271579198200684,1.6078126956715424,0.15536294635214173,-0.03089608956602279,3.0
0.5598736412175749,-0.692515866359226,-1.478632709341959,0.02119020578788247,1.0
-1.731788181680819,0.05405191758674961,-0.006125156767251889,-0.023693083497097714,2.0
0.543564854276257,-0.9671931312456922,1.328406701979237,-0.03135258447960977,0.0
-1.7317881818201106,0.05405232786583022,-0.0031880917360066338,-0.03720531909617082,2.0
0.5435648552621106,-0.9671897231414912,1.3391406514971065,0.022713191540415803,0.0
0.5435648545354854,-0.9671894141576719,1.3401144499708244,0.01612598308135709,0.0
0.6271579195298199,1.607812897562162,0.16411537449622685,0.0045762655211742465,3.0
-1.7317881812215907,0.0540514197136445,-0.011776228724767706,-0.023810051722614328,2.0
0.5435648552284086,-0.9671917516511833,1.3327668427493615,-0.008843014614747582,0.0
-1.7317881810607196,0.054054013634008524,-0.0014117368164224642,-0.005884915328142354,2.0
0.6271579193507406,1.607814508410984,0.15960688404161166,0.005250649549606547,3.0
0.5435648551568387,-0.9671906187621178,1.330101230000975,-0.03727909972117743,0.0
0.6271579204229231,1.6078111264596648,0.15804536470881073,-0.005606457792114764,3.0
0.6271579198835958,1.6078116301101313,0.16260515361978614,0.0007038693197941656,3.0
0.543564855031092,-0.967189661059954,1.3350539421976637,0.0817398142126908,0.0
0.5435648550695222,-0.967188881846674,1.3345891927463929,0.028831702343437057,0.0
0.5598736415324634,-0.6925150031253717,-1.481812520868412,-0.041980153244938825,1.0
-1.7317881812468674,0.054048563566310916,-0.0118802713627096,0.005076782593806731,2.0
-1.7317881819207683,0.05404949200271451,-0.00677625234243657,-0.0257946393648399,2.0
0.5598736416048674,-0.6925164438271834,-1.4799508672987283,-0.021896385896626763,1.0
-1.7317881805764819,0.05404958516400093,-0.004882040741272294,-0.039376645485843575,2.0
0.5435648549337291,-0.9671902296786494,1.3290604643808708,0.05248541195660948,0.0
-1.731788181657282,0.05405027735069635,-0.007571082367300768,-0.0040465481694002756,2.0
0.5598736414910269,-0.6925164431667611,-1.4733468868162873,-0.05805299403430344,1.0
0.5435648543670608,-0.967189618647915,1.3333495853523656,-0.04056864748348756,0.0
-1.7317881814453768,0.05404796768697142,-0.008748711903449431,0.04312504047826769,2.0
-1.731788181226978,0.05404769689603168,-0.0036430959259667454,0.038340786632504786,2.0
0.6271579199826642,1.6078111164337043,0.15780198168594636,-0.019548210613018698,3.0
0.5598736415477411,-0.6925155277999527,-1.47375240056133,-0.08023331336967834,1.0
0.5435648545486687,-0.9671895992899914,1.3306479712369106,0.03164452408431482,0.0
-1.7317881813675537,0.05404714921389663,-0.009900051404501984,0.07429872805986792,2.0
-1.731788181736885,0.05405325807988041,-0.006597537666844534,0.0008707797259890054,2.0
0.5598736415356659,-0.6925162233864236,-1.4702314208906309,-0.02081064592860703,1.0
0.559873640816033,-0.6925137254107919,-1.4869323470013391,-0.005393043292923939,1.0
0.543564854807314,-0.9671904696718076,1.338207999702242,-0.014920366496437411,0.0
0.6271579203257285,1.607813207189189,0.16729318101272467,0.04164801613014531,3.0
0.6271579203981797,1.6078103921654203,0.16014449473455572,-0.03510210961559325,3.0
0.6271579190794819,1.6078127385947434,0.1622652493306601,-0.0064321789448009295,3.0
0.5435648550209425,-0.9671873769014402,1.3330476783422713,-0.00031803051785674833,0.0
0.6271579199003593,1.6078096782290865,0.1623556020123134,0.027462098004855894,3.0
0.5435648542018955,-0.9671872922291381,1.3350445882195123,-0.012317991506380986,0.0
0.6271579194805454,1.6078113515863297,0.1634427807192637,-0.05502637263326375,3.0
0.6271579196206775,1.6078114358852527,0.16297668188972625,0.0075549302960362455,3.0
0.6271579197912298,1.607811861728182,0.15575018070178265,0.033599887926594255,3.0
-1.7317881813918803,0.054050986009198804,2.774167780075993e-05,-0.03331477974291562,2.0
0.5435648550952713,-0.9671915592933246,1.335118690732413,0.03398225659982315,0.0
0.627157920259027,1.6078087609592655,0.16185963493070932,-0.04401353316787256,3.0
-1.7317881810309315,0.054050286867782175,-0.0021681021265564783,-0.0019611120705936087,2.0
0.5598736416319271,-0.6925125592418888,-1.472374515760823,-0.006737431639498834,1.0
0.5435648550065547,-0.9671906700977891,1.3301532113721737,0.014438033843849571,0.0
0.6271579201999018,1.6078095801674708,0.15557470206585564,0.042125173038115644,3.0
0.5598736413771724,-0.6925157029112692,-1.4767037267474494,-0.0147629879956542,1.0
0.5435648545778156,-0.9671875927535879,1.3312910585699564,0.01482063971653607,0.0
0.5598736416486438,-0.6925174043911466,-1.4796069310342437,-0.03854893055797128,1.0
-1.7317881810286142,0.05405044103363307,-0.006498801336974357,0.019180812404883365,2.0
-1.7317881814245246,0.05405156516171498,-0.0013927128062082839,-0.0175664472575106,2.0
0.6271579191066987,1.607811804907162,0.15589233076085265,-0.016448018257120244,3.0
0.5435648550073764,-0.9671881067245024,1.331990600375906,0.03723148580299645,0.0
0.5435648548812032,-0.9671915319181663,1.3331356710600977,-0.015472064462334605,0.0
0.5598736413110823,-0.6925169884343966,-1.4803681553639916,-0.0006373826464633312,1.0
-1.7317881812857525,0.05404873151085227,-0.006912970268458778,0.006051934669931176,2.0
0.5598736418443396,-0.6925148300895618,-1.4785268412998374,0.012401045887011878,1.0
0.5598736414030882,-0.6925152602239798,-1.4787624773199117,-0.026971555404518708,1.0
0.5435648550347216,-0.9671882302188206,1.330893719057037,-0.016461304891581367,0.0
-1.7317881811742373,0.05404977385139728,-0.005598125133824498,-0.022383158611220033,2.0
0.5598736418596334,-0.6925137671237996,-1.4827501223962323,-0.015965081270569576,1.0
-1.7317881814687666,0.05405195477626694,-0.005994990095912987,-0.0006408268217887195,2.0
0.5598736410273849,-0.6925137623934098,-1.4810645789185322,0.006825215045927708,1.0
0.5435648546310521,-0.9671893077263506,1.3362487186910579,0.036965296750823065,0.0
0.6271579197050248,1.6078102656837112,0.1584109162829565,0.0014090896329666757,3.0
-1.7317881819645373,0.05405064511490163,-0.00562559562514199,0.04197373194169706,2.0
0.5598736414067162,-0.6925161678788414,-1.484889278307035,0.007288074836786661,1.0
0.559873642594198,-0.6925172470961151,-1.4799882301674565,-0.03362782252727122,1.0
0.6271579200842406,1.6078141670090276,0.1634071465299057,0.0004313539559465719,3.0
-1.7317881811836568,0.054051350638805847,-0.0025077582911039423,-0.008137695524087196,2.0
0.6271579206208173,1.6078098267128613,0.15890563082924505,-0.03386538515297439,3.0
-1.7317881814295302,0.05405049937984988,-0.0020550147437141293,0.015074029453472351,2.0
0.5598736413865364,-0.69251501754869,-1.4777744447968362,-0.0017542545982332102,1.0
0.5435648546048626,-0.9671889872115644,1.3360989454732362,-0.02408822383400929,0.0
0.6271579198836215,1.6078128684820816,0.1627036526283701,-0.0682581336595659,3.0
0.5435648543240462,-0.9671878499407702,1.3286140443047676,-0.037015255746319115,0.0
0.6271579203371668,1.6078099008071458,0.1601301596121355,-0.005571596227930564,3.0
0.5598736411960819,-0.692517095679848,-1.47178777894692,-0.007002928286372432,1.0
0.5598736414820422,-0.6925128280602624,-1.474941198272034,-0.023115163802357366,1.0
0.6271579199871601,1.60781106089896,0.16382710082939367,-0.03209169037812306,3.0
0.6271579198348893,1.6078122316866086,0.15509713843484305,-0.0069173314822962685,3.0
-1.7317881805991653,0.05405175311714319,-0.010774482147727133,0.01047694433332967,2.0
0.6271579197493474,1.60780938529328,0.16058825896027587,0.06177738804019416,3.0
0.5435648548813866,-0.9671913860798158,1.3322842413657212,0.03734834187745544,0.0
-1.7317881819664842,0.05405075323792411,-0.008935754175899008,0.07050358316600143,2.0
-1.7317881816141594,0.05404938624002965,-0.005971166510683959,-0.017110481842211863,2.0
0.5598736417552381,-0.6925130795626732,-1.4814607898854077,-0.06406100201770615,1.0
0.5435648550266703,-0.9671907257404948,1.3272692801513986,0.024728734630007607,0.0
-1.7317881810312599,0.0540526509003088,-0.006595444840169054,0.003389536207792344,2.0
-1.7317881815354668,0.054048953032561985,-0.005180877551499831,0.0053692484800105566,2.0
0.5435648554917822,-0.967190743559933,1.3285117139298899,0.012610909538950535,0.0
-1.7317881809554467,0.054051674140712484,-0.0065181266011756275,-0.061488902352264764,2.0
-1.7317881814783191,0.05404979889790041,0.0047732946569677874,0.01839785228126413,2.0
-1.7317881814793317,0.0540492921427481,-0.0053806866668865624,0.013356494604833676,2.0
-1.7317881816568854,0.054049754525322485,-0.007271747036059217,-0.0418696232551596,2.0
0.5435648549018955,-0.9671887326311676,1.3359598155744379,0.07759751630071574,0.0
0.6271579196103247,1.6078107971588362,0.16309222275984017,0.02653950130251739,3.0
-1.7317881806493693,0.0540503272518547,-0.0020112101492526734,-0.012263723068014406,2.0
0.6271579194196487,1.6078111642107604,0.1641534960974226,0.003943980269896327,3.0
-1.7317881816904932,0.05404857048864249,-0.005323953976287231,0.029795822432158867,2.0
0.5598736415173,-0.6925192408122827,-1.4786340454021136,-0.06832255185324522,1.0
0.5435648546111057,-0.967187519935761,1.3308105888139667,0.01056671629885317,0.0
0.6271579203107227,1.6078103044762757,0.1651075400498696,-0.0495651204615255,3.0
0.5598736408312325,-0.6925159313325927,-1.477996530040343,-0.07916919581079315,1.0
0.6271579201159747,1.6078119957880244,0.16391376517681067,0.03249039462109635,3.0
0.5598736415508824,-0.6925139063468762,-1.48137944172816,-0.034938052176940876,1.0
0.6271579196547054,1.6078108239053444,0.15570464892396463,0.013018183043398015,3.0
-1.7317881810819769,0.05405060059625985,-0.004293811769528026,-0.0052535725548478835,2.0
-1.7317881814546046,0.05405196003994651,-0.007620417236463664,-0.017274290977330426,2.0
0.5598736418282111,-0.6925170739701498,-1.484075349328412,-0.03783651990455835,1.0
0.6271579199942158,1.6078127457868594,0.15715510543235442,0.007134394991626419,3.0
0.6271579197537014,1.6078071241559773,0.15926160655975133,0.003587273182095663,3.0
0.5435648543868071,-0.9671903267249307,1.3319369333057451,0.054249092212421156,0.0
-1.7317881815550975,0.054052816423211976,-0.014923101258942596,0.022700880652991588,2.0
0.6271579196907724,1.6078126446419514,0.1652945338540003,0.024949983109392906,3.0
0.5598736414738784,-0.6925160393089098,-1.4794846805598252,-0.024178810701229948,1.0
0.5435648547610298,-0.9671902833394835,1.334761478819695,-0.05887155274374375,0.0
0.5435648547875257,-0.9671908287983284,1.33575226136891,0.058280464320132716,0.0
0.5598736409697903,-0.6925149752791033,-1.4797938669859227,-0.03766935839997012,1.0
0.5435648540296801,-0.9671873649264877,1.3398333536701557,0.060879831870523995,0.0
0.54356485524347,-0.9671902689103554,1.3341913889440202,0.02617864702678059,0.0
0.5435648545403037,-0.9671889121973188,1.3369862774460413,-0.0023079506726448274,0.0
0.6271579200753159,1.6078113868205033,0.16325480310604631,0.08206647947884665,3.0
0.559873640986411,-0.6925169541858639,-1.4823318160158956,-0.05455735472786833,1.0
0.627157919881995,1.6078113246391155,0.1660249668067818,-0.05074355595763228,3.0
0.5598736415637752,-0.692515306641982,-1.4826808270092897,-0.03089073360317582,1.0
0.5435648543328352,-0.9671897900512925,1.3329389551582125,0.031147260360844125,0.0
-1.7317881811420186,0.054053034345275676,-0.006339159327845954,0.003348164616764978,2.0
0.6271579200149687,1.6078124107760043,0.1631313837894632,0.05897142334753659,3.0
0.5598736421643189,-0.6925157230198061,-1.4788408331707985,-0.05985775551758557,1.0
0.543564854509651,-0.9671884594207608,1.3233252610936015,0.057808734731510984,0.0
-1.731788181042291,0.054050323396844874,-0.01097937406350403,0.0533445896324566,2.0
0.6271579202131322,1.6078159401747167,0.16063525544257937,-0.008099148810410059,3.0
-1.7317881806416686,0.05404683204811262,-0.0021993620591941564,-0.006013332881506278,2.0
0.5435648544186136,-0.967187599528112,1.3362431708592988,-0.023430425924140352,0.0
0.5435648545611906,-0.9671889225383077,1.3273257964884773,0.06913109441958551,0.0
-1.7317881816886178,0.054050657410405926,-0.0006933633809186499,0.010080749516421083,2.0
0.6271579199181383,1.6078109663731295,0.16151902702906157,-0.043283341836910245,3.0
-1.7317881812972753,0.0540499640272254,-0.0030662580133648796,-0.00022423432349311212,2.0
0.5435648545786854,-0.9671874099940067,1.3401465794564509,-0.0059313871098245294,0.0
-1.7317881812626983,0.05404865281955502,-0.0010665089662230932,-0.06220418988180569,2.0
0.543564855204108,-0.9671872957754064,1.3364370610913952,-0.02640498617348874,0.0
0.5598736413907254,-0.6925119957299148,-1.4738501244408868,-0.030929244586438278,1.0
0.5598736418094662,-0.6925155305651904,-1.4802381754905591,0.004041117600123223,1.0
-1.73178818135978,0.0540486357043865,-0.005673489319348834,-0.016288349820835005,2.0
0.5435648543455945,-0.9671866335350702,1.3341262548140136,0.053221826051455375,0.0
-1.7317881815071359,0.05404618004339589,-0.003060578850515507,0.023200840987594548,2.0
0.5598736408541894,-0.6925167614815395,-1.4792024868221672,-0.07394105665183448,1.0
0.6271579197253465,1.6078103629016969,0.16260035956849478,-0.02270452762342912,3.0
0.5435648551874847,-0.9671903015825715,1.3368249504132466,0.0618327457480716,0.0
0.6271579195304877,1.6078080852248542,0.15738838472809283,0.005369007716258605,3.0
-1.7317881818498326,0.0540485058312015,-0.006261864381762318,0.015050119296679987,2.0
-1.7317881809128055,0.05404822610304793,-0.008854413545118775,3.1071837040302015e-05,2.0
0.5598736415463709,-0.6925161963246591,-1.4819481134276633,0.03489877927553198,1.0
-1.7317881817923984,0.05405132088308412,0.0011608220146138563,-0.0027788987844852447,2.0
-1.7317881808323203,0.05405103778920865,-0.002163192569042279,-0.0014538898501338753,2.0
0.5435648552216239,-0.9671907337907754,1.3361413698271358,0.02155551154239819,0.0
0.559873641478772,-0.692513667739659,-1.46895000024012,0.0019679674971953918,1.0
0.5598736416547644,-0.6925173886677893,-1.4787188620093412,-0.0035401839302995684,1.0
0.5598736410294356,-0.6925149616590541,-1.4844176362547956,-0.011006188568777966,1.0
-1.7317881817254586,0.054051877422552415,-0.007732164031775775,0.017750594841547004,2.0
0.5435648548882075,-0.9671901876202785,1.3293400478983726,-0.050517586880287124,0.0
0.5435648548205547,-0.9671899674829149,1.3355100999368168,0.0723840583792317,0.0
0.559873641181115,-0.6925151195033308,-1.4738675041476113,-0.05209659622273179,1.0
0.5598736413987169,-0.6925178244051229,-1.48055455673146,-0.057059356235608455,1.0
0.6271579196776277,1.6078095196006688,0.16622758752646083,0.034447377128284544,3.0
-1.731788181451686,0.05404749269342189,-0.00380707121995524,-0.01819506050468945,2.0
0.5435648552339125,-0.9671878596552209,1.3343567873778233,-0.011359388160110033,0.0
0.5598736412445742,-0.6925173244106528,-1.4795168179493516,-0.015222652506536804,1.0
0.559873641789899,-0.692518221988406,-1.479460675700577,0.020118901412858575,1.0
0.5435648544801555,-0.9671886480922551,1.3327581137923383,-0.004297685717520444,0.0
0.6271579203406087,1.6078113861708871,0.16446571950253666,0.012623104824603245,3.0
-1.7317881814727834,0.05405065210833114,-0.0010998927021829586,0.04632063177918886,2.0
0.6271579204029252,1.6078089398520625,0.16097108771015572,0.004650482010619133,3.0
-1.7317881814939768,0.05404821362437025,-0.0008468471388029568,0.026119866628511464,2.0
0.5435648551007412,-0.9671889379430859,1.3377845277611027,-0.0127481339263804,0.0
0.559873641799389,-0.692515068144499,-1.48218907990885,0.004833591079803631,1.0
0.6271579199678602,1.6078110068660794,0.16365920218151514,0.020066299293747022,3.0
-1.7317881813324836,0.054052472226027486,0.0013865051068893313,0.03522651975383697,2.0
0.627157919833016,1.6078081677696467,0.16475035554017076,0.00664745620011818,3.0
0.6271579197662203,1.6078118139781135,0.16002030358152677,0.006580686612128419,3.0
0.5435648546701227,-0.967189190307171,1.3328636770921203,0.002336297873178899,0.0
0.5435648545120825,-0.9671930889480964,1.3346253282550187,0.047737503134674016,0.0
0.5598736415502985,-0.6925138936731492,-1.4817190778308675,0.028101465543243005,1.0
0.6271579203775376,1.6078105120033077,0.16301824741100873,0.0356891384383354,3.0
-1.7317881810268894,0.054052257439330426,-0.0006594140874735624,0.009041814856859237,2.0
0.5598736411552998,-0.692517213751755,-1.4817094259339418,0.06180794827809931,1.0
0.6271579195039187,1.6078104623141254,0.16018299831603972,0.035136711714409866,3.0
-1.7317881810642082,0.05405238120675527,0.0003309235160819877,-0.045760319588572136,2.0
0.559873641881254,-0.6925173517083544,-1.4842560779785359,-0.022025781955021327,1.0
0.6271579200643568,1.6078089996830975,0.16525134926997578,0.009159596475332762,3.0
0.6271579197155354,1.6078096029798623,0.15915420193858412,0.0008949961762450663,3.0
0.6271579197151901,1.6078095681671827,0.1542001735373861,0.009894789817983066,3.0
0.5435648541550224,-0.9671932036576657,1.3320211313905561,-0.07702901056836618,0.0
-1.731788181699358,0.054049600987481176,-0.004208122752722775,-0.025497472461300748,2.0
0.6271579198701916,1.607811828729302,0.1598403567709443,-0.023182467522572532,3.0
-1.731788181501193,0.05404998053954058,-0.004563619425959815,0.042270820170593006,2.0
0.5435648550454935,-0.9671913775808924,1.3388340098415241,0.0262653739481821,0.0
-1.73178818091441,0.05405026437552679,-0.009745542232780376,-0.05224139147812205,2.0
0.62715791959263,1.6078111709170568,0.15780285478823972,-0.033686451470867525,3.0
0.5435648549858666,-0.9671902238081925,1.3319453971257778,-0.01658104235819788,0.0
0.5435648549443133,-0.9671929040910419,1.3376987815381178,0.08490114094309835,0.0
0.6271579192625186,1.6078095012375089,0.15989568963096787,-0.01297554220181312,3.0
0.5598736416895923,-0.6925169065329327,-1.480190944651277,0.05028575773381585,1.0
0.6271579198725244,1.607809423619135,0.16166373656419872,-0.021281670066797848,3.0
0.5435648542470627,-0.9671919901639265,1.3333265209541625,-0.016885827720568458,0.0
0.6271579200570109,1.6078101205032245,0.16179344012384256,0.02813493045738058,3.0
0.627157919222576,1.6078109374325238,0.1599880459667137,0.02856902444878832,3.0
-1.7317881809821514,0.05404930918264804,-0.0021968289769959933,0.027831607955628702,2.0
-1.7317881811572402,0.05404887621131394,-0.007384814971401475,-0.05753125962644956,2.0
0.5598736418593373,-0.6925162408449376,-1.4799904945965474,-0.004457310573890479,1.0
-1.7317881820939025,0.05405041699955244,-0.0002206173112971921,0.05035460884326917,2.0
-1.7317881813859446,0.05405038405042943,-0.0024580120670961397,-0.02140452650702663,2.0
0.5598736412789265,-0.6925184691990435,-1.4802529007800533,-0.03657707044654979,1.0
-1.7317881815309397,0.0540528447903835,-0.0009262732810179172,0.07489426965118796,2.0
0.5598736418162498,-0.6925180200097782,-1.482701698391947,-0.027084725067474554,1.0
0.5435648550173352,-0.9671907953191358,1.330958691507347,-0.07012068003679828,0.0
0.6271579199117249,1.6078105023751683,0.1639750244720472,0.03568652809358824,3.0
0.5598736420330405,-0.6925166321438743,-1.4780867428232178,-0.0798731753636467,1.0
0.5435648546740672,-0.9671897796357959,1.3310259620424194,0.012932923962362246,0.0
0.5435648541861497,-0.9671900384272493,1.3279082109362952,-0.03200010221333211,0.0
0.5598736413964661,-0.6925154653051812,-1.4814618064700562,-0.006040661677933023,1.0
0.5598736413851084,-0.6925123810791967,-1.4847453747750967,0.015397295556622857,1.0
0.5598736412344971,-0.6925143196691673,-1.4831116497143169,-0.05904628806349828,1.0
0.6271579200963204,1.6078109315002818,0.14865204442215452,-0.01581397022757308,3.0
0.5435648539391372,-0.9671871225294173,1.3298524605688131,-0.004648905688743277,0.0
0.5435648553061238,-0.9671884474472832,1.3308276002561654,-0.025809073418177213,0.0
0.5435648549568108,-0.9671915235846332,1.333642663256728,0.002151836571345473,0.0
0.5435648543657049,-0.967186134736042,1.3379110136623422,0.03789406444216917,0.0
0.6271579196602279,1.607811319685978,0.16259290898482873,-0.025157009389076196,3.0
0.6271579193540878,1.6078096352015723,0.1545971394825335,-0.045155557393507906,3.0
0.6271579197373577,1.60780982149452,0.16334313340947804,0.034595978532147985,3.0
0.5435648544570236,-0.9671902707858584,1.3277181789208659,-0.023615269922647533,0.0
-1.7317881817717768,0.05405065692793291,-0.005011824600552573,0.0066138645524362865,2.0
-1.7317881810674394,0.05404937172546613,-0.0005870306736116935,-0.0056201512710379355,2.0
0.6271579200672791,1.607813258656643,0.16096002746632218,0.06364416889780732,3.0
0.5435648544589563,-0.967188068524499,1.32556180840441,-0.048832369621596074,0.0
0.543564855120103,-0.9671889292745659,1.3322723819088491,0.031447910468492435,0.0
0.5435648545494521,-0.967190445359803,1.3365227683584924,-0.026086141992505252,0.0
0.5598736416075135,-0.69251533637671,-1.479142464349383,-0.01195924162266662,1.0
0.6271579200234418,1.6078113104418112,0.15686341996149997,0.027234690083063815,3.0
0.5598736408746235,-0.692514352149431,-1.477055951665664,0.009997391187684649,1.0
0.5598736412577573,-0.6925162913740419,-1.4757077586008127,-0.06214650907783023,1.0
0.5435648546008429,-0.9671880870890485,1.3242762244485735,-0.004968484687624901,0.0
0.6271579204724641,1.60781131765654,0.15324776967376158,0.0297635426239407,3.0
0.5435648551168879,-0.9671915489570589,1.3390285890934563,-0.06037606146017912,0.0
-1.7317881814435818,0.05405150528530669,-0.00039333768307728945,0.022900105665654848,2.0
-1.7317881815069116,0.05404952871253784,-0.010585839770166415,0.0034956479515488646,2.0
-1.7317881812057068,0.05404795140192065,-0.004433597165002372,-0.0542138181416762,2.0
-1.731788181863651,0.05404852000989095,-0.009683676527680481,0.021417623674967093,2.0
0.5598736416891184,-0.6925160200832227,-1.4770448553386404,-0.031049978955412484,1.0
-1.731788181773674,0.05405199827762461,-2.9100458409325553e-05,0.00493138262831345,2.0
0.5435648544075983,-0.9671930434891227,1.335372487044628,-0.0620511776524259,0.0
-1.7317881806626412,0.054050229885370955,-0.003434184026467806,-0.03351538614473334,2.0
-1.7317881819515668,0.05404878648985989,-0.009134788142874061,-0.019176542525255618,2.0
0.6271579206485277,1.6078116617423768,0.1632044444507909,-0.006231267044894109,3.0
0.5598736414755161,-0.6925162366584392,-1.4824852297340847,-0.030588902592227685,1.0
0.6271579196988297,1.6078137270685646,0.1578155653435616,-0.03011645280182425,3.0
0.5598736410108421,-0.6925177881674501,-1.4785515550193995,-0.06620471328138378,1.0
0.6271579201259768,1.6078128999766164,0.16065782520472963,-0.02359166444598055,3.0
-1.7317881813480458,0.05405124325429793,-0.0037495092697977656,-0.014433062185111034,2.0
0.543564854806677,-0.9671894059035254,1.334715038267371,0.02233241443342032,0.0
0.6271579196232849,1.6078119461399152,0.16311998597141045,0.031235870767701145,3.0
0.6271579198443537,1.6078137691188041,0.16008357257468186,-0.001242765361724507,3.0
-1.7317881813948195,0.05404988535241244,-0.0038361769749073087,-0.012312302183271128,2.0
0.5598736415862867,-0.6925186379793599,-1.4784331847877887,0.0578799009339596,1.0
0.5435648549111068,-0.9671929837502543,1.3332389817153905,-0.02556052294191195,0.0
-1.7317881817004068,0.054050980623964705,-0.0006440439945132492,0.0329700175097906,2.0
0.5598736419198574,-0.692516882664102,-1.478070523217897,0.03245411073252744,1.0
-1.7317881813098885,0.054049080153329127,-0.0010165299589049994,-0.04464462135340261,2.0
0.5435648548618607,-0.9671883468298359,1.3373252575403063,-0.005366863475242991,0.0
0.5435648551465974,-0.9671890741003656,1.3257581789973036,0.026252551204813193,0.0
-1.731788181894656,0.05404935673792237,-0.001279962164261845,-0.029576206635696857,2.0
-1.7317881820045238,0.05404974363002942,-0.0057630312861825924,0.061462600375653355,2.0
-1.7317881817680363,0.054049376163000734,-0.005313768942338158,-0.0006645583217797391,2.0
0.627157920389862,1.607810874206037,0.1578978062503427,0.019186888950465053,3.0
0.5598736423393368,-0.6925131559668456,-1.4818311574088057,-0.001163294259657755,1.0
-1.731788181451602,0.05405061912082444,-0.0030156965639535375,-0.02270583320566912,2.0
0.5435648547800958,-0.9671887074693378,1.3309220941782967,0.04792067001361912,0.0
-1.7317881813236864,0.05404947258032531,-0.004618011495166101,-0.008057158837828494,2.0
0.5598736414232597,-0.6925140387621818,-1.4772215308237095,-0.01043622658832111,1.0
0.6271579198575827,1.6078129571228714,0.1650038471753092,-0.043298306106516735,3.0
-1.7317881814598746,0.0540483912342483,-0.008962703883055392,0.06549409901339964,2.0
0.6271579193007345,1.607812019892149,0.17035788125664175,0.002164327441258716,3.0
0.5435648544042568,-0.9671918215393508,1.3348410592823459,-0.025398093251638047,0.0
0.5598736421729907,-0.6925178771905839,-1.479115767799941,-0.02142813653872636,1.0
0.6271579199234878,1.6078125442244577,0.1662447415152917,0.03000169399446837,3.0
-1.7317881821686414,0.054049809052905906,-0.004037535082708469,0.005910027924359498,2.0
0.6271579198393108,1.6078111874274943,0.1617424252882516,0.03349692881910057,3.0
0.6271579189447503,1.6078089112358778,0.15519278080237187,0.009064066260532891,3.0
0.5598736416943564,-0.6925149783384071,-1.4789100935506991,0.023238273827101762,1.0
0.6271579196158672,1.6078107995968354,0.15895914171053854,0.005700974408200603,3.0
0.6271579203296149,1.607810270205114,0.15628904826223664,0.07110035779881818,3.0
-1.731788181810125,0.05404893798257455,0.0026136537478169994,0.012615055183298213,2.0
-1.7317881813473224,0.05405070585570423,-0.006135221103341663,0.01199048867363767,2.0
0.6271579197152746,1.6078128587041638,0.16317497441085146,0.023559006451831694,3.0
0.5435648553611642,-0.9671887519716342,1.333807918494259,0.04694238097539871,0.0
0.5598736412826562,-0.6925167037970387,-1.4769712172532987,0.026425741358165878,1.0
0.5598736413037857,-0.6925180025714048,-1.4832937283256133,-0.05035226393852556,1.0
0.5598736411978105,-0.6925150351578706,-1.4813324181672471,-0.03159674673724306,1.0
-1.731788181899061,0.054049715333267474,-0.008298738683958435,-0.01831362346679576,2.0
0.5435648551622863,-0.9671890276899047,1.3285151288798673,-0.04610782869175108,0.0
0.5598736412280126,-0.6925169534673545,-1.4792344414917713,0.01847663762678845,1.0
-1.7317881817499372,0.05405049023469707,-0.0060109233402363,-0.0010858220668195516,2.0
-1.731788182005491,0.05405198027391908,-0.0045114292563899145,-0.044757962036973555,2.0
0.6271579191867137,1.6078120034328707,0.1627365295206372,0.029532688501454907,3.0
0.543564854668566,-0.9671884192241728,1.3297872092878238,0.029325124386559116,0.0
-1.7317881810388067,0.054049148907243307,-0.004388724158532197,0.08204209650280107,2.0
-1.731788181626792,0.05404816712668455,-0.006335845594384813,0.02452192011535729,2.0
0.5598736421887912,-0.6925170608085425,-1.47683196226054,0.023418124434841835,1.0
0.559873641286148,-0.6925155723400696,-1.4683414942889665,-0.02855576263680557,1.0
0.5598736410887327,-0.6925140218825074,-1.4790695679078387,-0.0772557387033182,1.0
0.6271579203530352,1.6078091413967819,0.15756035481910408,-0.034849803817014115,3.0
0.627157920110203,1.6078123868326337,0.15788887136247548,-0.0072282208279462155,3.0
0.6271579205971205,1.6078132854422735,0.1618442964753511,0.008260141245362191,3.0
0.543564854762576,-0.9671892708642532,1.3302109909223212,0.010220629669061508,0.0
0.6271579191880107,1.6078107746273744,0.1640873532497679,-0.01150309680319516,3.0
0.5598736409657555,-0.6925143494031996,-1.4778329248988014,-0.024583154209534806,1.0
-1.731788180831561,0.054046899700712074,0.002594917771911137,0.017247309058103205,2.0
0.559873641163759,-0.6925146283923206,-1.4788142507063315,0.004504753448143122,1.0
0.559873641799681,-0.6925155426699028,-1.4761511061650778,0.001357436652283871,1.0
0.5435648546284412,-0.9671906985414351,1.3268976574311584,0.06762115078977851,0.0
0.5598736411454542,-0.692513819188796,-1.4839524866629954,-0.013616774483257897,1.0
-1.7317881814014018,0.054049598938138245,-0.0054440228978976475,0.037731604938320805,2.0
-1.731788181624479,0.05404908301767909,-0.004594452996415444,-0.028333129133964238,2.0
0.5598736415239698,-0.6925153504543071,-1.4810313169840628,0.009907267097739557,1.0
0.6271579193890046,1.607810521935429,0.1581167543351447,-0.027351254259822794,3.0
0.559873641208255,-0.6925172958036931,-1.476878360388764,0.045713524556510204,1.0
-1.731788181075747,0.054048514806150166,-0.0014946495776447402,0.024669586751758774,2.0
-1.7317881807208766,0.05405272958052992,-0.002810803775664561,0.000961729762537801,2.0
0.5598736415466522,-0.6925165063130551,-1.47982415254714,-0.00024076471930267659,1.0
-1.7317881818908096,0.05405041474032507,-0.0018394926945405653,-0.010843615602335627,2.0
-1.7317881811644613,0.05405336263424784,-0.008403029365305325,-0.0643413467000344,2.0
0.5598736411913734,-0.6925140756555322,-1.475843143648708,0.010588834565076356,1.0
0.5598736413629661,-0.6925152092572483,-1.4781768726718745,-0.04543803211920099,1.0
0.54356485462968,-0.9671884375797584,1.3292192342976272,-0.024191107557224614,0.0
-1.7317881819993417,0.05404924305139271,-0.004732619523578127,0.022506219679093723,2.0
0.5598736418230026,-0.6925153368389632,-1.481604136517186,-0.012103486737383578,1.0
0.6271579191918581,1.6078109301285075,0.16357020596474636,0.04039765957019264,3.0
0.5435648540541114,-0.9671896759531119,1.3337447254331065,0.05497440225109388,0.0
0.5435648547827142,-0.9671902561948658,1.334431475297614,0.06635439711848283,0.0
-1.7317881811710654,0.05404836886734299,-0.008158010878963229,-0.023986780691436133,2.0
0.6271579198632903,1.607814134839016,0.15982515554773852,-0.037061948994877296,3.0
0.543564854530149,-0.9671902904846288,1.3251682275139305,-0.027859728655002438,0.0
0.6271579196962863,1.6078115902472125,0.16181641468272032,-0.013495502473402239,3.0
0.5435648543718579,-0.9671905618564951,1.3339289939565675,-0.05272388136908432,0.0
0.5598736417946897,-0.6925153269534987,-1.475616452086213,-0.043038860306092525,1.0
0.6271579202369558,1.6078124499144926,0.1658633507256975,0.02987628312236784,3.0
0.5435648548243922,-0.9671913153908459,1.341310797343735,0.00700059377887785,0.0
0.5598736412444509,-0.6925139316703306,-1.4838290081049632,0.07473540109827789,1.0
0.5435648552036334,-0.9671903745339655,1.3349571766025576,-0.03163001227593607,0.0
0.5435648548751503,-0.9671917560056533,1.3368286220921999,-0.060266368088012084,0.0
-1.7317881818017784,0.05404872414627328,-0.01144408602168627,0.05415614373831792,2.0
0.6271579203135476,1.6078116909419953,0.1556913571677806,-0.02570742310257934,3.0
0.5598736413947577,-0.692515825813491,-1.478460807523097,0.0120051569086109,1.0
0.627157920089429,1.6078112369455688,0.1632114286873615,0.038924507755850615,3.0
-1.7317881807571396,0.054049499691223316,-0.0009266195647556398,0.04741050710644661,2.0
0.5435648551076677,-0.9671912306943707,1.331567965760672,-0.04023486861241871,0.0
0.6271579195046693,1.6078093339744801,0.16013060683866706,-0.012011158788071588,3.0
-1.7317881809636178,0.0540494748461854,-0.008135023996736379,-0.010235730213742026,2.0
0.5598736411379628,-0.6925170135738289,-1.4756783705051368,-0.05062195997989364,1.0
-1.7317881808304667,0.05405141723293782,-0.004632093080258108,-0.06307319346843547,2.0
-1.731788181108158,0.054051325228760466,-0.005313594176206599,0.0372513231581259,2.0
0.6271579196372544,1.607809197530478,0.15708382979951274,0.027946464232958622,3.0
0.5598736411085841,-0.6925154279698977,-1.4863856054428308,0.00646607052092091,1.0
0.6271579196657678,1.6078125571838393,0.16243432037711447,-0.0007176330520580383,3.0
-1.7317881821173593,0.05404774881952812,-0.009365526781764975,0.0025146347192920673,2.0
0.5598736408090312,-0.6925143180570328,-1.478189924489188,0.008714162260233648,1.0
0.5435648542765411,-0.9671874989815544,1.3288801275188356,0.01211907968381835,0.0
0.6271579192543538,1.6078104973730838,0.16803467659124907,0.028332288518567995,3.0
0.5598736417519048,-0.692513075187177,-1.4793694068102095,-0.019781263262442266,1.0
0.5598736411363402,-0.692516151200311,-1.4812292217745406,0.007564792715727512,1.0
-1.7317881814870602,0.054046632489966384,-0.006888587026167542,0.015479425573812627,2.0
0.6271579199814961,1.6078100998751892,0.1558959087066616,-0.039986275779544306,3.0
-1.7317881812113642,0.05405001663346207,-0.01272545017226834,-0.011388566538549305,2.0
-1.7317881815075995,0.054048758699469505,-0.006382748864142661,0.032797865787819916,2.0
0.6271579196888003,1.6078105540619623,0.16117972207301068,-0.05208531492086568,3.0
0.6271579195329464,1.607812157590359,0.16076504413631998,0.0661654637898959,3.0
-1.731788181115924,0.05405095483037632,-0.008955820568718659,0.0069720584917521995,2.0
0.5598736416533033,-0.692515845393736,-1.4773383467345134,-0.09706242635434288,1.0
0.6271579202174815,1.6078107887051105,0.15589643029466832,0.050288424091551445,3.0
-1.7317881820466046,0.05405120527819733,-0.012805066691386926,0.017734636558466178,2.0
-1.7317881811187201,0.05405262757054739,-0.004387293510611679,0.033977463213093306,2.0
0.5435648552079346,-0.9671903174025814,1.3357080239374022,0.058663246056792046,0.0
-1.7317881818641963,0.05404832826326809,-0.007439762438338768,0.021199616272213607,2.0
0.5435648551867206,-0.9671908657993658,1.3214152229352845,0.04394823770457121,0.0
0.6271579195686232,1.607810998965017,0.15311391397387566,0.018954244111695214,3.0
0.5435648547222567,-0.9671896167187268,1.3410067291802448,0.02962957613952751,0.0
0.6271579199162606,1.607812648445953,0.16388534837780577,0.06313028722347223,3.0
-1.7317881808024946,0.05404866903853456,-0.0058298183869068985,0.02171498703301887,2.0
0.6271579199164588,1.6078138623362992,0.15892834865188768,-0.05830887742965045,3.0
0.543564855047758,-0.9671891067312252,1.3344711629028656,0.09312121715526768,0.0
0.627157920412386,1.6078056627467883,0.16115635158865074,0.027281822546288605,3.0
0.5435648549256534,-0.9671873428480212,1.3368169958529228,0.013901220014748743,0.0
0.5598736415392299,-0.6925145168602467,-1.4767402144414423,0.04784584576394389,1.0
-1.7317881814091751,0.054050461936021615,-0.007719759701105931,-0.01919802351464016,2.0
0.5435648546330806,-0.9671907540618627,1.3307231090039893,0.01482019659642389,0.0
0.5435648545300451,-0.9671915097040191,1.3285427903502196,0.030173512711910856,0.0
0.5598736420325675,-0.6925165001465923,-1.4789833533804473,-0.0325572642081706,1.0
0.5435648549678821,-0.9671902666616774,1.325903960739855,-0.0039916578849060105,0.0
0.5598736414692717,-0.6925133662300393,-1.4754463038402355,-0.011947235768361958,1.0
0.5598736419882502,-0.6925152660196162,-1.4774583607687233,0.010784816562087934,1.0
0.5598736413109574,-0.6925150346642484,-1.4769005294286783,-0.0005499134005631389,1.0
0.6271579201206261,1.607811453262402,0.157518015953615,0.0859654192361788,3.0
-1.731788181746482,0.05404960136237123,-0.0030915566308575186,-0.04121841146895895,2.0
0.5598736419057809,-0.6925149999387329,-1.4763653000484493,-0.0017569049701663898,1.0
0.5435648551006358,-0.967192336683493,1.3328088629658381,-0.005049052020558994,0.0
0.6271579195020254,1.6078127006217762,0.17069453678044372,0.010488897654448848,3.0
0.6271579199526512,1.6078105876657505,0.1662144892521216,-0.026106347887588758,3.0
0.5598736412980515,-0.6925141911341531,-1.4803278785862568,-0.05747919595495463,1.0
0.5435648546166981,-0.9671913743657187,1.3317635813976205,-0.023220487016017793,0.0
0.6271579204772751,1.6078128067854303,0.15173878535348767,-0.04263245825522376,3.0
0.6271579206950968,1.6078117126382199,0.1630580769271276,0.05117935227668237,3.0
-1.731788181817047,0.05405250221746754,-0.00019336552685387777,0.06737155424933855,2.0
0.5598736413174644,-0.6925153712514955,-1.4736929983970601,0.003154011996244143,1.0
0.6271579191922546,1.60781289627864,0.15524217218197206,-0.06778675596499623,3.0
0.5598736421574675,-0.692513366246845,-1.4804113180512168,-0.04062444077112465,1.0
-1.7317881811743456,0.054050706160587186,-0.007770234932862258,-0.038738583071130386,2.0
0.5435648543779159,-0.9671875011870084,1.3348710792837275,0.01751938323975912,0.0
0.5435648550268702,-0.9671874393474053,1.3256105411001056,0.000985417640054444,0.0
0.5435648543557549,-0.96718898025342,1.3322779576064006,0.017840748067612194,0.0
0.5598736414092343,-0.6925153971606511,-1.4811485151820174,-0.005467445900590126,1.0
-1.7317881820271246,0.05405433704179747,-0.010010228676112202,-0.04566714012110691,2.0
0.6271579196390515,1.6078105686952602,0.1549266332925759,0.008411203388426233,3.0
0.6271579192105425,1.6078128957251132,0.16261052309079357,0.007497779684710153,3.0
-1.7317881812170346,0.05404893976615237,-0.0004433524779976424,-0.011707534303289628,2.0
-1.7317881813649993,0.05404861048266087,-0.0019215524381661416,0.014016106207014158,2.0
0.5435648550828472,-0.9671903640818164,1.3339729686779147,-0.00587998847685854,0.0
-1.7317881814454592,0.05404737812941902,-0.007453766798103986,0.015502433923733065,2.0
0.5598736416324013,-0.6925168948367579,-1.4774954440611123,-0.04057421711584529,1.0
0.5435648545711009,-0.9671900280939982,1.3357146518564864,0.016129056835003208,0.0
-1.7317881811165705,0.054049977771081975,-0.005015765140599877,0.03860348007117401,2.0
0.5598736417258322,-0.6925187014698975,-1.4757211585213212,0.027070194193614786,1.0
0.5435648540379884,-0.9671897691600478,1.3261853584743393,-0.014316087564711658,0.0
0.559873641431366,-0.6925153571294586,-1.475602264501482,-0.00830531100623629,1.0
0.6271579199864425,1.6078110529353773,0.16312750804406342,0.0632894816219094,3.0
0.6271579205177457,1.6078106916065191,0.1622803613907954,0.10184663273123491,3.0
0.5435648547777435,-0.9671907688728906,1.3336871952734135,0.019796490204165906,0.0
0.5598736410322586,-0.6925169310931604,-1.4792716472979959,-0.03420384476269979,1.0
-1.7317881810592322,0.05405222401011938,-0.012988843356936739,-0.00010041368182607115,2.0
-1.7317881811695381,0.05405177247684887,-0.008176088469313201,0.00313004621306585,2.0
0.5435648545033359,-0.9671894898659277,1.3278409176818982,0.03741484330326742,0.0
0.5435648545413103,-0.9671892293584927,1.3302318516744698,0.024294890146340904,0.0
0.5435648543442463,-0.9671891517129085,1.3384263689888418,0.05239768531465753,0.0
0.627157919640644,1.6078106497041085,0.16219263184367627,0.004224638710341177,3.0
0.6271579190508025,1.6078115005170341,0.16145850648203935,0.06598248451066942,3.0
0.5435648550039472,-0.9671917614111342,1.3276148205124498,0.09845979505934092,0.0
0.6271579199625296,1.6078116704634318,0.15808787805518051,-0.000727688710230481,3.0
0.543564854386097,-0.9671888641563512,1.3338975573356193,-0.06595040787615192,0.0
0.6271579204017972,1.6078108529390176,0.16268098159689146,-0.004752126838310728,3.0
0.5598736425167172,-0.6925181419875718,-1.4807180321041735,-0.07622622483643801,1.0
0.5598736425146101,-0.6925168469763021,-1.4825786470914077,-0.08374175499262708,1.0
0.6271579201821891,1.6078128739628537,0.15490548888377734,0.025022452771687333,3.0
0.5435648553093281,-0.96718954279158,1.3338724203890735,0.003133328585205421,0.0
-1.7317881814949108,0.054050823111633145,-0.007906042609374974,-0.04289091009910591,2.0
0.6271579201368106,1.6078090922310344,0.16381624108452825,0.012778161324447297,3.0
0.6271579198554806,1.6078111773578452,0.16335835337140653,-0.012614391673311591,3.0
0.5598736415915953,-0.6925186400723252,-1.4849321955992736,-0.029695890750787452,1.0
-1.7317881814750269,0.05405186446357567,-7.354279064856324e-05,0.03645018426109716,2.0
-1.7317881825087837,0.054049850495535394,-0.0023480919481292605,0.014170344549520033,2.0
0.6271579194938565,1.6078124406048788,0.16602313922618503,0.014463097898006344,3.0
0.6271579199587983,1.6078108028274294,0.15767283650652442,-0.051085945357831467,3.0
-1.7317881820094827,0.054047928547085185,0.0011474419134004704,-0.029263642279606768,2.0
0.5598736408668461,-0.6925154234945833,-1.4776197849491497,0.00042412535226184645,1.0
-1.7317881814052707,0.05405119419871478,-0.004181910260670103,-0.021157665200192768,2.0
0.5598736419156248,-0.69251750112689,-1.4844993004317546,0.009277164903178764,1.0
-1.731788181731039,0.05405145945975053,-0.010060099438741399,-0.015222217657882208,2.0
0.5598736407951814,-0.6925170338174335,-1.4801182484798345,0.014173255634615226,1.0
-1.7317881816348661,0.05405310251025989,-0.004657165048047937,-0.011758623740987675,2.0
-1.731788181655536,0.05405036256462994,-0.005459898690212669,-0.054288768933585974,2.0
-1.7317881814377691,0.05405008626270871,-0.007199037260912215,-0.01608099000228723,2.0
0.62715791957773,1.6078129630667353,0.16223827732438792,-0.019659416605948724,3.0
0.5435648555244978,-0.9671911016971059,1.3269519671559769,-0.04204523833469706,0.0
0.5435648551427474,-0.9671902306835475,1.3319353489633,0.08353386408335872,0.0
0.5598736413697009,-0.692516558513986,-1.4759598995575396,-0.004771163984991999,1.0
0.5598736407769448,-0.6925152111688754,-1.477757643655835,-0.02125099623629077,1.0
0.5598736415325158,-0.6925178621211782,-1.4758615943221298,-0.014089093937529776,1.0
0.6271579194464753,1.6078097153769824,0.15710539769963233,0.008987441566549303,3.0
-1.7317881812454958,0.05405225675517972,0.0015609667558163622,-0.015486468301973847,2.0
0.5435648541523547,-0.9671888093359403,1.3318203092424918,0.023369495367346702,0.0
0.5598736410982832,-0.6925162821646781,-1.482503541101517,-0.05840424054456259,1.0
-1.7317881811922873,0.05405037752083971,-0.0063625877254688025,0.03649716886901844,2.0
0.6271579205074487,1.6078132088202535,0.15819106704165878,0.008530194101784065,3.0
0.5598736418473669,-0.6925139284689685,-1.4739738411590735,-0.014096520034426152,1.0
-1.7317881815298966,0.05404989735003413,-0.0024935542928149488,-0.01586328054009815,2.0
0.6271579199095945,1.607808283774274,0.1600905275440165,0.006707406246364058,3.0
-1.7317881816556355,0.05404936540843442,-0.007401168604387123,0.01174058251703861,2.0
0.5598736413462424,-0.6925133098862734,-1.4780429050011608,-0.07271818908939855,1.0
0.5435648549967034,-0.9671908248514973,1.3316718296940502,0.00850995094357391,0.0
0.5598736413460552,-0.692517168604625,-1.472486220702421,0.005172141399562039,1.0
0.6271579196590401,1.607812252561689,0.15458840573422852,-0.009149685529226645,3.0
0.5598736414480041,-0.6925156780833938,-1.4806636696199118,-0.00431224233561279,1.0
0.559873640823813,-0.6925186242061332,-1.479207185000003,0.07422997685471312,1.0
-1.7317881814564888,0.054049103706031776,0.0014715053061430355,-0.04059999041627965,2.0
0.5598736416381882,-0.6925176010104014,-1.4738864484928276,0.049218646911022866,1.0
0.6271579195356068,1.607809722172865,0.160110525983806,-0.06567770568537787,3.0
0.543564854767423,-0.9671865888586088,1.3272827270666872,-0.006167480780178286,0.0
0.5435648549867031,-0.9671904327004661,1.3354862711181692,-0.027257000294877615,0.0
0.5435648547203918,-0.967191287872771,1.3318602758024423,-0.007142495743803027,0.0
0.5435648542568281,-0.9671904925425514,1.3334297062479663,0.030785740678450153,0.0
0.5598736413181744,-0.6925176746545815,-1.4821261715008793,-0.02326320322453539,1.0
0.5598736415346198,-0.692516240880918,-1.4838008694040554,0.006265606032179301,1.0
0.5435648546938984,-0.967191250633523,1.3292572058734233,-0.04853186408500374,0.0
0.6271579199767332,1.6078130509482973,0.1622242439225247,-0.0003090755207535679,3.0
0.5598736409743024,-0.6925151392489496,-1.4806283384824281,-0.0318094614423935,1.0
0.5435648545056405,-0.9671892307015914,1.336394735981148,0.007042423499470075,0.0
0.6271579198477202,1.60781562229047,0.16349379435847217,-0.014767440659307789,3.0
0.5435648550355536,-0.9671884000419911,1.3350857160072642,0.05612558091421227,0.0
0.5598736413266028,-0.6925127196162157,-1.483564485892952,-0.03706377262980335,1.0
-1.7317881815942235,0.05404910669453082,-0.002794591805017977,-0.02611071483130582,2.0
0.5435648543465534,-0.9671916411825859,1.3318668870419181,-0.009229223997267472,0.0
-1.7317881813006146,0.054049719674629224,-0.010350930464152128,0.009440164327775953,2.0
0.5435648544471363,-0.9671876613200999,1.3286628915484016,0.01591196982762748,0.0
0.6271579206231555,1.6078094186273884,0.16441902936689873,-0.04821198785879673,3.0
0.6271579196462997,1.6078135151357453,0.1590123965158112,0.043355115081898744,3.0
0.559873641635489,-0.6925163174462544,-1.4805164824317587,-0.0011517939389265076,1.0
0.5598736419691763,-0.6925132734905227,-1.4804153032601577,-0.014120182964468002,1.0
0.5598736415018023,-0.6925165851910893,-1.483099512639304,0.00659091624065695,1.0
0.5598736419786989,-0.6925181702538202,-1.4770042635121274,-0.03892836308253775,1.0
0.6271579205489066,1.607810318655333,0.15761342707165216,0.03801782045465265,3.0
0.5598736417502191,-0.6925106093404441,-1.4790595679711656,0.0265601805270127,1.0
0.559873641195666,-0.6925170857651807,-1.4820285638142476,-0.07493902666775326,1.0
-1.7317881811317732,0.054049973480585364,-0.0071713717597839816,0.05218351101026658,2.0
0.5598736422717041,-0.6925165228961074,-1.4835607621167874,0.038347346339990165,1.0
0.5598736414827532,-0.6925195699781126,-1.4824974230654928,-0.000455983620577513,1.0
0.6271579198881124,1.6078103398229073,0.15787495609832572,-0.04520105170561667,3.0
0.627157920268445,1.607813042550571,0.15664869225028044,-0.04879629447260449,3.0
0.5435648547778397,-0.967190493512351,1.3390888749856455,0.06592465110169692,0.0
0.5435648549713726,-0.9671914925660844,1.3392897620629962,0.0497257828482935,0.0
0.6271579194541969,1.6078118069822323,0.16474980513996892,-0.04098998724744027,3.0
0.6271579192233511,1.6078138916546396,0.15487897135764436,-0.024745063178517004,3.0
0.5598736414831652,-0.6925169584956908,-1.4789729712163735,-0.0014707993231870193,1.0
0.6271579199750995,1.6078093318445974,0.16203887284467505,-0.021026320173924303,3.0
0.5598736413892638,-0.6925162853533806,-1.4823132388182583,-0.007847876210634649,1.0
0.6271579201673124,1.6078120888387497,0.15714797158232868,0.019041598172784408,3.0
0.6271579201459643,1.6078121158580856,0.16019839503801972,0.0020240046197667837,3.0
0.55987364110276,-0.6925177343954353,-1.4761190592177507,-0.015471748999231255,1.0
-1.7317881815094243,0.054050519734313754,-0.0016484665022221169,0.04921903330943365,2.0
0.6271579195526024,1.6078118342724783,0.17099299130767254,0.04951355797883243,3.0
-1.7317881806567232,0.05405187966694394,-0.0025023857669958806,-0.04853245086841344,2.0
0.6271579201086742,1.6078104753814586,0.1646377014679834,0.0611259919536426,3.0
0.5598736413410267,-0.6925160493708433,-1.4760153708200072,-0.02151672575890876,1.0
-1.7317881823444037,0.05405063204871186,-0.010113603635614688,-0.04708689593563733,2.0
0.5435648542247699,-0.9671884904561668,1.3305713056796558,0.009907824363407428,0.0
0.5435648552464721,-0.9671889501294217,1.331351604637308,-0.06016840100824191,0.0
0.6271579199235912,1.6078131421017043,0.15970115237547053,-0.0064993590875575555,3.0
0.5435648543778139,-0.967189709829747,1.3327641330144433,-0.047240108960597,0.0
0.5435648551648762,-0.9671884721542601,1.335170278058373,-0.055022176986747925,0.0
0.6271579195570017,1.6078104544525498,0.15958090527039917,-0.02644452688096872,3.0
-1.7317881815871876,0.05405181834882454,-0.006136366959879982,0.008917808751825324,2.0
0.5435648550765465,-0.9671886407890795,1.326363663389161,-0.06150075529698532,0.0
0.6271579195068758,1.6078107542719762,0.15482338345324345,-0.0256541212158767,3.0
0.6271579200835521,1.607813030864696,0.15727405932394173,-0.036746269432229334,3.0
0.5435648550713164,-0.967188191785834,1.3336538937955003,-0.06924390123963567,0.0
0.5435648547817291,-0.9671916091904054,1.3327247052152345,-0.03547593778889901,0.0
-1.7317881809386007,0.05404952328549975,-0.0033095135199584045,-0.047180982183977364,2.0
0.5598736410504195,-0.6925184753600121,-1.480860016136714,0.012665333381275795,1.0
-1.7317881811122757,0.05405010043108769,-0.008598302733733982,-0.007936213527405834,2.0
-1.73178818153651,0.05404957580971928,-0.0007554019472934504,-0.012202025180812176,2.0
-1.7317881810840612,0.05405071528504529,-0.011576851151862157,-0.031107288615729884,2.0
0.5598736416060721,-0.6925163393084439,-1.4867471472086344,0.00917335444899266,1.0
0.5598736409942626,-0.6925143304096798,-1.4752134060356386,-0.05580048071679541,1.0
0.6271579195335328,1.6078096858273363,0.1675348581946138,0.042364426054623726,3.0
0.6271579201571293,1.6078103886139288,0.16213027204906627,0.03385015925507416,3.0
-1.7317881817568352,0.054050640727422064,-0.0014993382817870778,-0.04932937072224346,2.0
-1.7317881813708675,0.05404807005966975,-0.008531419581618158,-0.03567374784530209,2.0
0.559873641011377,-0.6925147571588381,-1.4828065271994095,-0.040392544164607656,1.0
0.6271579200755224,1.6078093533738154,0.16067923907368503,0.058560640324260976,3.0
0.5435648549175082,-0.967189635298564,1.3328687399115557,0.019038703765336958,0.0
-1.7317881821015748,0.05405218043565791,-0.013485295305413496,-0.04412593275232146,2.0
0.5435648546036445,-0.9671909502972548,1.3310650208502686,0.01517299654588136,0.0
-1.7317881807847662,0.05405366776974809,-0.0036313634575256626,0.038869427570309374,2.0
0.6271579195255718,1.6078095477081602,0.16427657620609362,0.029577618187077194,3.0
0.5598736409287356,-0.692515369205259,-1.4781299858058936,-0.010720985716965859,1.0
0.627157919748267,1.6078095379537432,0.15432929474421647,-0.07917774735071285,3.0
-1.7317881812424152,0.05405151577712854,-0.009166446329254741,0.0005130305283660797,2.0
0.5598736423664101,-0.6925158673796041,-1.4802896235505507,-0.06349609225857972,1.0
0.5598736412102617,-0.6925175760308661,-1.4759785903134972,0.07497733640420594,1.0
0.5435648543671604,-0.9671893096821051,1.3286550557611432,-0.035156055930257585,0.0
0.6271579209170777,1.607811391067525,0.1595916893933061,-0.028513144488224958,3.0
0.5598736413876958,-0.6925168391111668,-1.4825408346425737,0.001826553589336224,1.0
-1.7317881816338394,0.0540510516030797,-0.011946433019030684,0.009251819339869417,2.0
0.5598736417341387,-0.6925116886812701,-1.4683295708737356,-0.010630078598855707,1.0
0.5435648541502083,-0.9671893375099225,1.3331793969710528,0.03422475795793875,0.0
0.5435648552627974,-0.9671885753989893,1.3329548828417983,0.04817964819704555,0.0
-1.7317881817835352,0.05405016033091222,-0.008336296357284792,-0.029240245320567907,2.0
0.5598736417737675,-0.6925178898583643,-1.4772952603537512,0.11424327375387447,1.0
0.6271579195288445,1.6078137565479025,0.16228027690182578,0.05035550455516777,3.0
-1.7317881812513705,0.05405048733195243,-0.004662524739302238,0.03678513719600448,2.0
-1.7317881811672013,0.054049350791361306,-0.00010354646983285197,-0.045519028184469096,2.0
0.543564854344488,-0.9671911172363015,1.3337395319268854,-0.005334542695125978,0.0
0.543564854675821,-0.9671890697661819,1.3349459381518658,0.05732273083875084,0.0
0.6271579200377977,1.6078126543258335,0.16343556442032367,-0.04159243852551489,3.0
-1.7317881806471456,0.05405087723225943,-0.005914198137737789,-0.054125745096852286,2.0
-1.7317881817100365,0.05405247138031824,-0.004144694303346217,-0.04237411781617176,2.0
0.5435648544557276,-0.9671904472358986,1.3316212439719093,0.051393664156334624,0.0
0.6271579198768827,1.6078117072765374,0.16014011035399556,-0.0072585092172047574,3.0
-1.7317881812028226,0.05404986187666531,-0.010265340148958055,0.036473279820100214,2.0
0.5598736413711054,-0.6925176302380422,-1.482075254466188,-0.015479033881651364,1.0
0.6271579197735051,1.6078113161242589,0.16044623206732894,2.8432581953658873e-06,3.0
0.5598736416371592,-0.692516696736894,-1.4783969955342764,0.03244934952357475,1.0
0.6271579197363453,1.6078106647737092,0.15279067629414364,-0.06084766941167863,3.0
0.6271579203590913,1.6078103070584908,0.15452012626984415,-0.05774824234679833,3.0
0.5435648546167299,-0.9671887316572951,1.332410650225829,0.01120058507959317,0.0
0.5435648553741332,-0.9671873653176296,1.3306423650087316,0.02580243945106252,0.0
0.6271579199310543,1.6078109962671407,0.15279652039904754,0.006440130526357929,3.0
0.5435648551807604,-0.9671883568791514,1.3289403249598686,0.03901495306241158,0.0
0.5598736413179941,-0.6925165653971606,-1.4759158805066699,0.00569591831951774,1.0
-1.7317881814294347,0.05405109982717725,-0.008252791697719029,0.039548482819383446,2.0
0.6271579198321727,1.6078122727079893,0.1574696335550818,-0.01752790404745572,3.0
0.5598736415729592,-0.6925144273634398,-1.473918929256705,0.019304268562128957,1.0
0.5598736419221428,-0.6925186620674663,-1.4779013233838707,-0.011051705342044955,1.0
-1.7317881817848992,0.05405118828705418,-0.0024872722521202184,-0.007822644251222857,2.0
-1.7317881817406577,0.05405015390906653,-0.008280364029175778,-0.014129214169660263,2.0
0.5598736409112385,-0.6925130379332145,-1.4831512607584574,0.023247131263742577,1.0
0.5435648550594906,-0.9671912908852665,1.330873790381125,0.010150197084081856,0.0
0.5598736420593555,-0.6925175257373953,-1.4762802847619017,-0.030439363542996537,1.0
0.6271579197246905,1.6078137579399907,0.158162016074023,-0.026871938260557664,3.0
-1.7317881817437286,0.05404673180510543,-0.005190622929653311,-0.051023439082010166,2.0
-1.731788180992605,0.054048345248304784,-0.0014203836027152522,-0.09141652038857265,2.0
-1.7317881814551945,0.05405047166758433,-0.0029687445635186403,-0.002224635399249672,2.0
0.5435648543142516,-0.9671908256262023,1.3359429607255702,0.05124694913015401,0.0
0.5435648546650959,-0.9671905376115045,1.3306311874718393,0.0642392058850708,0.0
0.6271579200143208,1.6078120008355647,0.16465981265194166,-0.05326117271341329,3.0
0.559873641759486,-0.6925152569002234,-1.4850594819881837,-0.00746607836411269,1.0
0.559873641411602,-0.6925169681626128,-1.4855135769977483,-0.04549149384260616,1.0
0.5598736414935687,-0.6925165916267985,-1.4781297706605017,-0.015750914027054502,1.0
0.5598736415625423,-0.6925171241596927,-1.4722633951196764,0.0006912291581943586,1.0
-1.7317881808636864,0.054051792592229794,0.0011811443599790369,-0.0710185590749399,2.0
0.6271579195757849,1.6078122806138577,0.1596265821118476,-0.07241743806944266,3.0
0.6271579201855022,1.6078127307492454,0.15862310941595514,-0.03150673937798033,3.0
0.5435648551476442,-0.9671884100238407,1.3319520646524017,0.07180178170882481,0.0
0.5598736415452008,-0.6925158399140838,-1.4814766963387331,-0.04609073766287155,1.0
0.5435648553546044,-0.9671877058281958,1.3332489685672146,0.035208699791919554,0.0
0.5435648546586641,-0.9671921546257803,1.3261918047179542,0.06179772719835063,0.0
0.5598736416223044,-0.6925183708602304,-1.4836721880648398,0.008479620955393372,1.0
0.6271579196649151,1.607813992194756,0.1611624011634449,-0.03044319228372827,3.0
0.6271579193956702,1.6078121127435145,0.16472526425486608,0.00346862870122261,3.0
0.5598736411561833,-0.6925164524409848,-1.4778186365190036,-0.01195624820867391,1.0
0.5598736421940969,-0.6925176230162322,-1.4843697733736583,0.046041893714094076,1.0
0.5598736413247033,-0.6925152051619038,-1.4722962922202105,-0.053940349549018746,1.0
0.5598736416483014,-0.6925140579724869,-1.480073588684179,-0.06961794557851009,1.0
0.5598736417989248,-0.6925157208410591,-1.4809282649893087,0.019720831869086422,1.0
-1.7317881817456706,0.054047726689747035,-0.002357946741512369,0.007434878847678701,2.0
0.5435648548596251,-0.9671899085762647,1.3332107651021297,-0.010667249215117549,0.0
0.5598736412169389,-0.6925183073097159,-1.48052453508961,-0.05480680490456399,1.0
0.5435648551239687,-0.9671893545951122,1.3365299750175563,0.09101531421762986,0.0
0.5598736412411283,-0.6925160642863992,-1.4802121687831675,-0.01767838506769317,1.0
-1.7317881817831375,0.054045876959973385,-0.0003541401701326683,0.07029455361498471,2.0
0.5598736416709045,-0.6925150124430366,-1.4766993875532535,-0.02876793784424721,1.0
-1.7317881815056722,0.054048706766503765,-0.010247810170420736,0.05541064729651287,2.0
0.5598736413533767,-0.6925156721285077,-1.4804009828704967,-0.030567374350874747,1.0
-1.7317881817004364,0.05405044605297626,-0.006723192748372429,0.02508420129604434,2.0
0.5435648543920336,-0.9671906565751162,1.3382310732396627,0.027196647411947335,0.0
0.5598736418514633,-0.6925165743494051,-1.4793284030895686,0.013420941341965567,1.0
0.6271579207112836,1.6078129310771387,0.15686960914719503,-0.004782546992217622,3.0
-1.7317881817117813,0.05405108713240168,-0.007788989839892553,-0.03614335446804323,2.0
-1.7317881816167615,0.05405036917765177,-0.007321699261843013,-0.02864567354208596,2.0
0.5435648544679917,-0.9671882180271035,1.3378230245013953,0.00019560674020514706,0.0
0.5598736416507167,-0.6925154741408645,-1.4800645041727096,0.018003221445889454,1.0
0.5435648541210593,-0.967188558414751,1.3295423561266817,-0.023206286302600094,0.0
-1.731788182210281,0.05404927450571879,-0.0013014162144734996,-0.0004064535208067343,2.0
0.5598736417109319,-0.6925149407190992,-1.4851881355705874,0.007767760828894975,1.0
0.5598736418829428,-0.6925180850273581,-1.473585420258558,0.005637781678092649,1.0
0.6271579201857715,1.6078109101796656,0.16554170369364735,-0.011452178505725007,3.0
-1.7317881806489774,0.05404952788848323,-0.0036722406105921175,0.04603258514709027,2.0
0.5435648541248062,-0.9671905544172811,1.3321229268928672,0.0032217788396734777,0.0
0.6271579193031892,1.607808519824846,0.16570742301139735,0.015585380157781624,3.0
0.6271579204859602,1.6078113589970604,0.16235752164292963,-0.004286583819547126,3.0
0.5435648554280773,-0.9671880809769748,1.3399438380512152,-0.02031413977881773,0.0
0.5435648547975841,-0.9671910745223908,1.3384764804668983,0.0354930394063355,0.0
0.6271579205234595,1.6078130836520856,0.1615189449294115,0.06821485589940833,3.0
0.6271579196265608,1.6078102629037117,0.16493742646552925,-0.029454236282044445,3.0
0.6271579199953856,1.6078120881479032,0.15743297040564497,0.03834881282448947,3.0
0.5598736415170446,-0.6925152098974627,-1.4736612593367993,-0.016599293699116384,1.0
0.6271579197502034,1.607811013065287,0.16438228708583552,0.022053827586108386,3.0
-1.7317881814669391,0.054049056806572314,-0.007441892688022658,-0.011812110532109574,2.0
-1.7317881814337952,0.05405114811420972,0.0011674699306125783,-0.08228635527210822,2.0
0.5598736412204441,-0.6925164365879085,-1.4744871855054598,0.020324596518655796,1.0
0.5435648542894244,-0.9671903671177047,1.3290252687144646,0.010766645765412105,0.0
-1.731788181736544,0.05405050945927915,-0.007616559941693806,0.046605588185087136,2.0
0.6271579197140291,1.6078093977246084,0.16359741461099395,0.014913480777429619,3.0
0.5435648551649253,-0.9671902434085557,1.3409121151833534,-0.018349254186567285,0.0
0.6271579200523105,1.6078113964067462,0.15161807846844264,0.06940033915737114,3.0
0.6271579204557237,1.6078103334500558,0.16192536754268205,0.04263459212293323,3.0
0.543564855163472,-0.9671916176167877,1.3308757739692036,0.08637173155733159,0.0
-1.7317881811154976,0.054053370843390645,-0.005072552339425716,-0.0021455274841948287,2.0
-1.7317881817910816,0.05404723674309159,-0.005025548379470051,0.04676415330137116,2.0
0.5598736411473635,-0.6925154279652783,-1.4843842762404962,-0.010403051777484055,1.0
-1.73178818207844,0.05405064484565553,-0.004586976654544986,0.02843127552703043,2.0
0.5598736421983522,-0.6925155471610459,-1.4804553517553387,0.017505425054796044,1.0
0.5435648545585376,-0.9671884688629625,1.3294482171362274,0.05232281584046954,0.0
0.5435648547843972,-0.967189941013824,1.3344054193483192,0.06366828646475581,0.0
0.62715792069827,1.607809643392263,0.16246145615441973,-0.048588478395557654,3.0
0.5435648546368851,-0.967191662176706,1.336914712352143,-0.01835440190578446,0.0
0.543564854268887,-0.9671883268100576,1.3354087019736816,-0.014940857499099937,0.0
0.543564855322326,-0.9671907949403555,1.338836608028507,-0.024758192356095825,0.0
0.6271579200480163,1.6078099963261188,0.15455116496413596,0.03340950550043639,3.0
0.5598736421608583,-0.6925154861356404,-1.4754511625451572,0.00510280118009925,1.0
-1.7317881814633025,0.0540490408112383,-0.0009749762292977013,0.020483189529185993,2.0
-1.7317881821417869,0.0540505428234854,-0.017178827592464342,-0.02794498626095579,2.0
0.5435648547061115,-0.9671889153196218,1.3342907936206316,0.06174876414615958,0.0
-1.7317881813791673,0.05405340937322734,-0.0074000097066541275,0.0055415887604002454,2.0
-1.7317881818310266,0.05404873335019919,-0.00881610757983311,0.03246295529971983,2.0
0.5435648544137773,-0.9671885569211776,1.3351504487494614,-0.011567081492866059,0.0
0.5435648549939394,-0.9671931492167002,1.3286638259603818,0.0261642621291908,0.0
0.5435648552270191,-0.9671896757999513,1.3316914066318375,-0.017690525655499712,0.0
0.5598736406159176,-0.6925177007283801,-1.4776843150182404,-0.020602098780611647,1.0
0.6271579199119911,1.6078125013243794,0.16317817243737492,-0.031686571358955265,3.0
0.5598736414670769,-0.692517393407684,-1.4796865409735331,-0.020905809027994098,1.0
0.5435648546957373,-0.9671916698513168,1.332133098850644,0.004164134790121266,0.0
0.559873641417693,-0.6925142640915497,-1.487233290826012,0.0033596552525632954,1.0
0.5598736407985999,-0.692515305808473,-1.476998529811983,0.030384328895352617,1.0
-1.7317881815118974,0.05404860528113051,-0.005295031479368696,-0.01069190246977597,2.0
0.543564854716267,-0.9671888976487371,1.3371090517366724,-0.02305370327306752,0.0
0.5435648542320299,-0.9671915514591083,1.3268444954773924,0.08570502005099123,0.0
0.6271579196092408,1.607812506508344,0.1590419141201617,-0.02380195380401991,3.0
0.6271579200117544,1.6078121940139365,0.16630754853876842,-0.016521366145429935,3.0
0.6271579201708869,1.607812030708385,0.16167633221289684,-0.04169716323885258,3.0
0.5435648546232756,-0.9671904269376648,1.3323742590942778,0.02817258946212714,0.0
0.5598736412147612,-0.6925159795479678,-1.4743311263616004,0.061441638672171645,1.0
0.5598736417124395,-0.6925150527344318,-1.4753569998768854,0.021703348848856448,1.0
0.5598736411774251,-0.6925155337948975,-1.4798386997965203,-0.004464307342809242,1.0
-1.7317881811706337,0.05404853208976384,-0.00572868998999309,0.0030832012589368536,2.0
0.543564855445072,-0.9671878478763454,1.3333721697697327,-0.018758225244741793,0.0
0.5435648543682032,-0.967190822076554,1.3307650166577378,0.007404811416507493,0.0
0.627157919776648,1.607810288883291,0.15942644852283172,-0.05114534137461144,3.0
0.5598736421931599,-0.6925147715055846,-1.4809456557089364,-0.003886492408381825,1.0
-1.7317881809979276,0.05405303281540392,2.6097341908806827e-05,0.053427113575953436,2.0
0.6271579198898819,1.607812077130916,0.16297232058852526,0.047089545394930474,3.0
0.5598736415485692,-0.692518735827249,-1.4738021109359654,0.03425235016422587,1.0
-1.7317881811103892,0.05405096299633229,-0.0011885947767890045,-0.03813245482781359,2.0
-1.731788180981909,0.05404963030623323,-0.011057348284101872,-0.0362169226931636,2.0
-1.7317881814489247,0.05405105376630302,-0.01028527021187251,0.025913243487065942,2.0
0.559873640913442,-0.6925156808025896,-1.47105766114906,-0.05918634907349524,1.0
0.5435648541544498,-0.9671868855678377,1.3289190995063789,0.007778191789455255,0.0
0.6271579194072731,1.6078118108646398,0.15470899813495212,0.013603880008241866,3.0
0.5598736412790832,-0.6925162011369022,-1.478844401530463,0.002321331568430752,1.0
0.5435648546294384,-0.9671913030626178,1.3240655607731262,0.041906949898429365,0.0
0.5435648549060089,-0.9671898901995479,1.3429236059206004,0.003985887691352788,0.0
0.5435648549930688,-0.9671907813785446,1.3309905013570382,0.018714019838728193,0.0
-1.731788181606222,0.054053324249701384,-0.0005041334399304274,-0.03510375960782461,2.0
-1.731788180980612,0.054053441976716174,0.0026276911285272437,0.058947520973228064,2.0
0.6271579197285444,1.607810876848578,0.14911737212151002,0.018445067676697714,3.0
0.6271579198905848,1.60781177435213,0.15778661956314236,0.022495555366349333,3.0
0.5435648552112383,-0.9671842319268835,1.3343665528364106,0.01801122198496703,0.0
0.6271579194817316,1.6078111386961735,0.16507771709591554,-0.0481117333537874,3.0
0.5598736410283939,-0.6925175258298528,-1.4732763370505821,0.049170644433345984,1.0
0.6271579200320444,1.6078141569039575,0.15682931837164563,-0.02211839967868992,3.0
0.5598736417917706,-0.692514957900621,-1.474039300946726,0.007443144002892433,1.0
-1.7317881815441523,0.05404870875229678,-0.010417915707663936,-0.01316683221903124,2.0
0.5435648547191256,-0.9671907534429326,1.3347749067478913,0.031825457228134645,0.0
-1.7317881808502384,0.0540533399915606,-0.0015995113525003838,-0.01734734098582689,2.0
0.5598736411682982,-0.6925166252101211,-1.4791309188313495,0.004575212901203138,1.0
0.6271579199791595,1.6078100186177782,0.16257320383161722,-0.01293405672756272,3.0
0.5435648538099072,-0.9671919340610369,1.3367680805005095,-0.002857884624263084,0.0
0.5435648548627172,-0.9671863600438506,1.332957818649275,0.01740603877419746,0.0
0.5598736411859269,-0.6925160294857151,-1.4800131734142858,-0.019146602563132165,1.0
-1.7317881814520684,0.05405296143551053,0.0003463709673851046,0.027642093060249135,2.0
0.6271579199115205,1.6078131302605232,0.1620901469058857,-0.04356076328761965,3.0
0.5598736409392641,-0.6925169863899842,-1.4718574487620202,-0.02760839302013496,1.0
-1.7317881814946086,0.05405038267134255,-0.00903730304973672,0.03587607321560387,2.0
0.5435648551583719,-0.9671902715740839,1.3399137956817824,0.023524738185902224,0.0
0.5435648547630989,-0.9671881026675191,1.3342151518331786,-0.0011757876693995052,0.0
0.5435648546819065,-0.9671897708591554,1.3333347375069897,0.001880425380682435,0.0
-1.7317881815285572,0.05404978578438063,-0.007626817990237515,0.03477493392300728,2.0
0.6271579205113951,1.6078094640068619,0.16344052190602082,-0.027162095004377627,3.0
-1.7317881816998146,0.054051074549236,0.0026193240212658143,-0.03891507686957715,2.0
0.5435648546288642,-0.9671899009637166,1.3321326905693092,0.041376040336117505,0.0
0.5435648546626137,-0.9671885448279223,1.3351251825447699,-0.0025008147293751467,0.0
-1.7317881810919995,0.05405083049782034,-0.006513565921378224,0.012398217798773278,2.0
0.6271579206018588,1.6078107312775611,0.16967449928168252,0.011114562009562363,3.0
-1.7317881814293339,0.054051890501360535,-0.009491686500735003,0.017059374193437022,2.0
0.543564854415259,-0.9671889560884888,1.335386864850401,0.014680058220641177,0.0
0.559873641335397,-0.6925170885795375,-1.4839694482669559,-0.03161572261030021,1.0
-1.7317881812297693,0.05405364125810841,-0.006945027255634733,-0.03723723098068179,2.0
0.5435648544500528,-0.967190217585832,1.3265937127077367,0.04603926333233778,0.0
0.6271579200974319,1.6078118917784971,0.15706552059524828,-0.026696002816793938,3.0
0.6271579200836647,1.6078100211809698,0.16283776179718126,-0.006214174038166287,3.0
0.5435648548278643,-0.9671863537374543,1.3293362967770976,0.03160096792646829,0.0
0.6271579200623337,1.6078155737742292,0.16398053168467633,-0.029091515385815954,3.0
0.5598736418020867,-0.6925149040451147,-1.4768020613226684,-0.06662154746302154,1.0
0.5435648548350915,-0.9671904889013492,1.3322787953558624,0.039925117041630646,0.0
-1.7317881816739422,0.05405018654713721,0.003974605725336963,-0.022846841163853698,2.0
0.5598736414393121,-0.6925165693843922,-1.4787648999368925,-0.0537750099815349,1.0
0.6271579198798444,1.6078126606953151,0.15699291929448705,-0.06392858455495797,3.0
0.5598736414755662,-0.6925149803885357,-1.4733973523473058,-0.04099492584626069,1.0
0.5598736414595167,-0.692517491798858,-1.4809929775596917,0.0005821743419298397,1.0
-1.7317881810811337,0.05404909031593453,-0.00516253735693245,0.010517602207072442,2.0
0.6271579199751826,1.6078118288084255,0.16201926883061896,-0.02088366101155558,3.0
-1.731788181235364,0.05404933913213528,-0.005743690878320458,-0.011379632266807339,2.0
0.6271579197030474,1.6078104288275044,0.15939796272897439,-0.01297977686362215,3.0
0.5435648550399012,-0.9671884749245384,1.3253776032301101,0.02452831421024197,0.0
-1.7317881809793008,0.054045988936005915,-0.0032652693762760796,0.0065901937421169446,2.0
0.54356485526633,-0.9671901549093638,1.3408609995090144,-0.011070171093646048,0.0
-1.7317881814640375,0.05405292312468857,-0.005395869844890551,-0.023001730505347883,2.0
0.543564854609645,-0.9671899590289463,1.3350952238240357,-0.012650741939004602,0.0
0.6271579199917776,1.6078111061190985,0.16485662445301894,0.004060113588375431,3.0
0.6271579205600349,1.607814429930907,0.15760220361852767,0.05804396387336439,3.0
-1.731788181329783,0.05404659254948414,-0.006999377419695849,-0.006675926467628312,2.0
0.6271579202837234,1.6078153884349733,0.15850164100428338,0.023772860858072363,3.0
0.5435648549947056,-0.9671903264371527,1.3299245595567541,-0.027589943187283052,0.0
-1.7317881817370167,0.05405388409656435,-0.0002185428605511088,0.0060627449539339354,2.0
0.5598736414862814,-0.6925169034415344,-1.4748553596867073,-0.02858392314325081,1.0
0.5598736418114547,-0.6925156935057083,-1.478957974004067,-0.0028209758262153503,1.0
0.5598736405136688,-0.6925167345992717,-1.4774197127282385,-0.0959460946549772,1.0
0.6271579193573985,1.6078109972865389,0.15857612018442077,0.006799585732441628,3.0
-1.7317881810859097,0.05404687092993365,-0.0057050108556679505,-0.036707414586542156,2.0
0.5598736424561028,-0.6925163549728991,-1.4756730816623436,-0.05520139087204329,1.0
0.6271579200619571,1.6078127610427708,0.1631453514650474,-0.025198293040502407,3.0
0.5435648547930922,-0.9671918719089108,1.3308833600129786,0.03394571510867362,0.0
0.543564855039282,-0.9671894430480313,1.3359650505642593,-0.01889996385256183,0.0
-1.7317881815252327,0.05404886496328332,-0.00032360940670971965,0.05177682392206582,2.0
0.559873642090783,-0.6925171080219163,-1.4804764271560866,0.018569400858377536,1.0
-1.7317881820047967,0.054051077664527006,-0.002648575445581162,0.015637668150454427,2.0
-1.731788182037545,0.054047186003864996,-0.006344324608479657,0.05063747404421805,2.0
0.6271579202167723,1.6078115089263854,0.15689075032052857,-0.0055125398953022675,3.0
0.5435648550516183,-0.9671913261767163,1.3315387877133837,-0.007814973642327206,0.0
0.5598736415164964,-0.6925162140223045,-1.4737901505186555,-0.022680433595612875,1.0
0.5435648552765471,-0.9671905905302588,1.33172442890062,0.03670056268076947,0.0
0.559873641179465,-0.6925159998560625,-1.4801924592554303,0.0027410331116948187,1.0
-1.731788181485354,0.05405099734028387,-0.009342257168315495,0.007855201132480423,2.0
0.5598736416352328,-0.6925129214240903,-1.4804509506474606,0.007848016481523737,1.0
0.543564854909171,-0.9671873978738286,1.3394323833089608,0.05449882784355962,0.0
0.627157919703894,1.607812632483462,0.154689354498851,0.006295947518767656,3.0
0.6271579197160819,1.60781357579691,0.1616146988172897,-0.05281505045208549,3.0
-1.7317881815826939,0.054051832659262396,-0.009241962069994973,-0.09327899128632786,2.0
0.6271579195260207,1.6078111385903382,0.15312462175941474,-0.010383904041622443,3.0
0.5435648546760888,-0.9671909428626781,1.3376346987861594,0.009186589036731422,0.0
0.543564854587029,-0.9671912332906458,1.3277703926235946,0.04275778416582866,0.0
0.5598736413434814,-0.6925162985976159,-1.4754239078123053,0.022982810860125942,1.0
0.5435648551703458,-0.9671885526290185,1.327363933269802,0.00535684333396888,0.0
0.627157919370924,1.6078135160412392,0.15848193477857056,0.023918724680033636,3.0
-1.7317881816064502,0.054050871637114896,0.0003667439736800626,0.02478058918511564,2.0
0.6271579198768263,1.6078143662115947,0.16665446351951665,-0.022125679756860427,3.0
0.6271579197941536,1.6078094788383652,0.15263978474717577,0.04704779963578556,3.0
0.6271579196105586,1.6078119859582392,0.16005255972727148,-0.027416774331266013,3.0
0.5598736411028635,-0.6925123107932305,-1.4748844476752572,-0.03816722900363695,1.0
0.5435648552419664,-0.967188660447865,1.3304493685609224,-0.014210921855215644,0.0
0.5435648547854715,-0.9671883222958191,1.3268551005806115,-0.003890540128763969,0.0
-1.7317881815216674,0.05404909544681816,-0.011554058719861158,-0.02076378114902472,2.0
0.6271579199475371,1.6078122575053562,0.16481571911279286,-0.04187788969991943,3.0
0.6271579201586349,1.6078093564999434,0.16154855730170725,-0.019493388884667635,3.0
0.5435648547759038,-0.9671873522867586,1.3277162741737525,0.04376563415542467,0.0
0.6271579204199327,1.607810075782379,0.1610714751216423,0.07402167408994512,3.0
0.5435648543267975,-0.967188511153542,1.3385773290925669,0.053800760603477576,0.0
0.627157920474002,1.6078114758412374,0.1648904569837781,-0.05510444820161979,3.0
-1.731788181267033,0.05405090092650411,0.0010882573834026282,0.024279692960951022,2.0
0.5598736410218177,-0.692516867572376,-1.4829506204977356,-0.02932324342194024,1.0
0.627157920300891,1.6078124264463738,0.15754077903995495,0.0066879595467259885,3.0
0.5598736416277621,-0.6925137686444897,-1.4822201342498673,0.014141418201546456,1.0
0.6271579198042665,1.6078118052547328,0.15942215613266242,0.0018639343255720756,3.0
-1.7317881822449157,0.054046457371529785,-0.008239634367773864,-0.01517731079183562,2.0
0.6271579204233453,1.6078086827646652,0.15431825782448655,0.05969057339513653,3.0
0.6271579197877535,1.6078114967448043,0.1619000858270827,0.008487971594602423,3.0
0.5435648546824173,-0.9671894162880544,1.3346653130590205,0.033939105878893525,0.0
0.5598736416799478,-0.6925168950010065,-1.4831349560967746,0.041576676278935895,1.0
0.5435648546576747,-0.9671885916382048,1.3279832756309904,0.05160355384837674,0.0
0.5435648547687199,-0.9671889638363264,1.337671728078539,0.07499360485572508,0.0
0.6271579200968121,1.6078114562073613,0.1653931317196385,0.0640137058820115,3.0
-1.7317881811152385,0.05405169292645514,-0.006015816661223261,0.048375799306511945,2.0
-1.7317881813152696,0.05404881863085527,-0.01019282481981735,0.07195244240023262,2.0
0.6271579196660081,1.6078095443252332,0.16644438097713815,0.0349126302944986,3.0
0.5435648536910228,-0.9671899608262615,1.3291257470764821,0.037261041821152224,0.0
0.6271579200716232,1.607809078591168,0.16189993134954606,-0.008429210717378132,3.0
-1.7317881810429898,0.05405048629803211,-0.0074825966770082075,-0.03910559302290624,2.0
0.6271579199752095,1.6078083735110233,0.15982686235845658,0.05946086340338214,3.0
0.6271579199545431,1.607810988952003,0.1556865152333878,0.007081761958793347,3.0
0.5598736420397254,-0.6925170410026328,-1.4827167018625405,0.014281955013200514,1.0
0.6271579199352345,1.6078090012081316,0.1651166270422426,-0.01803869547648722,3.0
-1.731788180468573,0.05405071739905666,-0.0020863016897594506,-0.0013218762602057227,2.0
0.6271579199677074,1.6078108665200976,0.16109157464904328,0.002681465834176192,3.0
-1.7317881810561395,0.05404737211280848,-0.006193831833645258,-0.03469890662540768,2.0
-1.731788181317343,0.05404892974424676,-0.00328496839719283,-0.014425369679331375,2.0
-1.7317881814007485,0.05405125423876883,-0.008035893223833667,0.007718211277907383,2.0
0.5435648554053367,-0.9671906425391522,1.338220665618318,0.006993132425686085,0.0
-1.7317881806805338,0.05404959192136345,-0.008367873827063263,-0.030588379563126596,2.0
-1.731788181840009,0.05404877667639233,-0.00884556667431156,-0.0035236000700008497,2.0
0.5598736416758269,-0.6925155276088277,-1.4756862017482943,0.029362913590837793,1.0
0.6271579205434057,1.6078109837294403,0.1580330559956015,0.03087907051684757,3.0
0.5435648550718182,-0.9671912342583837,1.3280552140129651,0.05973284300768776,0.0
-1.7317881814409384,0.054047883072555966,-0.0043683592512224045,-0.039334616096011056,2.0
0.627157920075247,1.6078075543853036,0.1600496204958403,-0.010549416996893494,3.0
-1.731788181201595,0.05405019219103151,-0.010079111686551267,-0.010427882034302912,2.0
-1.7317881812221103,0.05405216945210789,-0.00705618757558709,0.021526548003449875,2.0
0.6271579198889999,1.6078110086583612,0.15548146257140333,0.0073911816266211735,3.0
-1.7317881817156733,0.05404961497853291,-0.006104678661505982,0.07324169835648041,2.0
0.5435648549554607,-0.9671896744054714,1.3304876217037271,-0.014817863106551261,0.0
0.5435648550633887,-0.9671924219468068,1.3318702307002743,0.025709769718736276,0.0
-1.7317881813366485,0.05405203329467454,-0.007544368029276628,0.024725647953718635,2.0
0.5598736405880509,-0.6925206138440718,-1.475994921172774,-0.09687425836060498,1.0
-1.7317881816631573,0.05405271016119405,-0.004422557975940635,-0.04042437435443871,2.0
0.5598736416579987,-0.6925164363437624,-1.479583098843891,-0.020195108929391255,1.0
0.5598736410856806,-0.6925192318180825,-1.477296277880667,-0.03895916037889438,1.0
0.6271579199304069,1.60780810065369,0.15593657913653655,-0.05256274710957252,3.0
0.5435648548266324,-0.96719037797407,1.332213195821238,0.015465943933138554,0.0
0.5435648547334304,-0.9671898733854779,1.3310408467891863,0.08381423853231049,0.0
0.5435648543605602,-0.9671871948754444,1.3328291957833382,0.04397442359446054,0.0
0.5435648548868488,-0.9671912039151436,1.335082167682028,-0.0780210425053386,0.0
0.5598736416478275,-0.6925183169415243,-1.4767271004239666,-0.046454092300594975,1.0
-1.7317881813274791,0.05405098819964586,-0.005720038415241035,0.05522372030877166,2.0
0.5598736414071571,-0.6925149624461542,-1.4779092232891873,0.003344857373325966,1.0
0.6271579196523297,1.6078120651339196,0.1616154360328726,-0.024913102995834747,3.0
0.5598736411100869,-0.6925143596161752,-1.4720744854054169,0.022941474585795967,1.0
-1.7317881811139022,0.05405371700957077,-0.004259215606711413,-0.05701469630351211,2.0
0.5435648545685807,-0.9671897701644867,1.3314732947522334,0.02866189531965817,0.0
0.559873641986247,-0.6925174105845165,-1.4781166784020618,0.03266346169666361,1.0
0.5435648551219281,-0.9671910699384997,1.3278037794128918,0.040024887383711384,0.0
0.6271579203930597,1.6078113897667177,0.1634239910042258,0.04610222616584542,3.0
0.5435648550714908,-0.967190735327031,1.3334841496966257,-0.01413055118756661,0.0
-1.7317881812553448,0.05405441498481071,-0.006165196807057531,0.018905002088227325,2.0
0.627157920170185,1.6078094031325962,0.15761996487206983,-0.08398952637966403,3.0
0.5598736407992134,-0.6925158301945095,-1.4752697853331849,-0.012047765277214243,1.0
0.5598736413309765,-0.6925136708699001,-1.4773006085396496,0.006699395884605643,1.0
0.5598736412702361,-0.692516008026888,-1.4833849085589133,0.019914452662924093,1.0
0.5598736412910286,-0.6925118636347956,-1.474684545529125,-0.0035265661481113115,1.0
0.6271579194406215,1.6078126244630166,0.15698066346190787,-0.035725562956482014,3.0
-1.7317881818511143,0.05404987931531815,-0.012573920754791636,0.005119347738897708,2.0
-1.7317881820106997,0.054049144835951836,-0.007709803531525738,-0.03991172819719808,2.0
0.6271579200724187,1.6078142354767966,0.15944866291709914,-0.009667949590668344,3.0
-1.7317881820458911,0.0540503832703744,-0.011971728197277409,-0.013597327071787202,2.0
0.5598736412096671,-0.6925154446700125,-1.476515075901366,-0.010044128669704553,1.0
0.5598736406121295,-0.692517765498638,-1.4769605532489696,0.01392017589602895,1.0
0.5435648549012329,-0.9671909699099203,1.3329317499937787,0.06396917760268615,0.0
0.5598736409316664,-0.6925135145927179,-1.4777328085825354,0.016961145725539445,1.0
0.5435648545949147,-0.9671898870537932,1.3305921646594188,0.03158688266623167,0.0
0.5435648551282672,-0.9671888933774815,1.3262048210160686,-0.02624037812289154,0.0
0.6271579203140768,1.607811297735271,0.15723142699287349,-0.030520872890078286,3.0
-1.7317881812708646,0.054050852696825157,-0.001530077805838823,-0.05985208661932433,2.0
0.5598736409668613,-0.692515291291661,-1.4737806020798863,-0.027665761365342923,1.0
0.543564855027144,-0.9671867266900239,1.3326249761460673,-0.0485362106308012,0.0
0.6271579198317724,1.607810558549288,0.157800947449716,0.02542867853088758,3.0
-1.7317881813200404,0.054051219159683896,-0.002510120714421456,0.027043046137917262,2.0
-1.7317881822452197,0.05405051122642554,-0.00993165132523643,-0.04020840894343892,2.0
-1.7317881819495744,0.05404804689373231,-0.007214514385987771,-0.002334439287781347,2.0
0.5598736413717363,-0.6925172712613179,-1.482143688103944,0.004045322747043733,1.0
0.6271579195386826,1.6078115656454497,0.16187465891440173,-0.017508281561280654,3.0
0.5435648546710714,-0.9671881649993516,1.3352485133826912,0.015210151601173111,0.0
0.6271579199433337,1.6078101165884036,0.15879073066768948,0.013596168699101545,3.0
0.5435648551354,-0.9671908136126252,1.3249053447972177,-0.04974693536685004,0.0
0.5435648544952355,-0.9671893141488701,1.3272974547862577,0.0352773369839279,0.0
0.5598736413198544,-0.6925165611121638,-1.4774312974513057,0.040595341592505045,1.0
0.5435648554643593,-0.9671907991055574,1.3258178051461162,0.004454727791713246,0.0
-1.731788181150246,0.05404924629441028,-0.0018795790581769966,0.03379165234006889,2.0
0.6271579209247474,1.607812179632717,0.16051438719574257,-0.01060449787717067,3.0
0.5435648548800569,-0.96719058507918,1.3306706628759055,0.00726687614637434,0.0
0.5435648551449259,-0.9671891303030572,1.3307150400330696,0.11650486917497366,0.0
0.559873641985629,-0.6925176982182403,-1.4732435527598473,-0.04070244882756927,1.0
0.5435648554287104,-0.9671890807431396,1.3365669427511093,0.026690531689936983,0.0
0.5598736416592479,-0.6925138881926731,-1.4846497421107647,-0.017591189973176203,1.0
0.6271579200514729,1.6078116516552934,0.1634242541232528,0.017278606229594873,3.0
0.5598736418393249,-0.6925142199475779,-1.4759930079986643,-0.03275838217840639,1.0
-1.7317881814928975,0.054051104713910565,-0.005124788877786251,0.0013566588702436627,2.0
0.6271579205229333,1.6078115322186048,0.1634924939476154,0.019860310584139937,3.0
0.6271579194204236,1.607812087519842,0.15797841936222454,0.03857700142426058,3.0
0.5598736412767518,-0.6925119777658644,-1.4758730166604235,-0.024077312510274115,1.0
-1.7317881813440994,0.054052211707468836,-0.002145623885279879,-0.024851678940350497,2.0
0.5598736412273033,-0.6925193495251359,-1.4794492821801666,-0.047387604516947825,1.0
0.6271579195150512,1.6078097406910996,0.1551250309849831,0.04052278133162144,3.0
-1.7317881811212381,0.054052624491165095,-0.001171322175070691,0.015365368453909255,2.0
0.6271579195373003,1.607811779955891,0.1619425531831693,0.08512434752496209,3.0
-1.7317881804978956,0.05404933608515091,-0.006219947297790002,0.04394701688349027,2.0
-1.731788181626269,0.05404971975966679,-0.0021227614258490443,-0.004851304111085065,2.0
0.5435648545656311,-0.967192051186733,1.3328285910037152,-0.004243851859269777,0.0
0.5598736407478182,-0.6925172965410014,-1.473649300899012,0.015293182996306966,1.0
0.6271579194317624,1.6078114595456052,0.16151295569667778,-0.02767001955588184,3.0
0.5598736420471705,-0.692516696834868,-1.4779138468521382,-0.00547093853757511,1.0
0.6271579201556187,1.6078117995012293,0.16495563230061322,0.03963122083076077,3.0
0.543564854882416,-0.9671878009781357,1.3310092059789638,0.012807824824321674,0.0
-1.731788181503875,0.05404600059311768,-0.007534498024812355,0.029060535877254608,2.0
0.543564855034575,-0.9671874681448246,1.3331762609784836,0.05222311972839977,0.0
0.6271579202077849,1.6078098055072934,0.157440184265692,-0.013371122259988903,3.0
0.5435648544612177,-0.9671886350661776,1.3374848834803588,-0.011871065876633394,0.0
0.6271579201636571,1.6078086943525276,0.16968514826934428,0.01210633707001749,3.0
0.5598736412533051,-0.6925145003387725,-1.4765380234403223,-0.07815956984469416,1.0
0.5598736417324897,-0.6925171320644337,-1.4766583891577685,-0.001092903263801601,1.0
0.5435648551143984,-0.9671910851062366,1.3335613521205667,-0.0035219434909179734,0.0
0.5435648539416672,-0.9671877876953695,1.3364747266766688,0.021613133167335145,0.0
-1.7317881817021437,0.054049458417994696,-0.001961142755248611,0.015146587790945862,2.0
0.5598736413509264,-0.6925133128630132,-1.4841750217675702,-0.073075977765402,1.0
0.6271579200385708,1.607814348274051,0.1645824273663632,-0.05753587637329588,3.0
0.559873640962984,-0.6925156997377991,-1.471991144956705,0.059962477046737864,1.0
-1.731788181258353,0.05405215639956985,-0.0009609583785585685,-0.01419658813380374,2.0
0.5598736415528757,-0.6925146690182435,-1.4788380444874478,0.04851322095615229,1.0
0.6271579198868206,1.6078110211711933,0.16063211101531746,0.02685861021164848,3.0
0.5598736412798186,-0.6925167113537078,-1.4736238096427388,-0.08158756752516545,1.0
0.5598736406371849,-0.6925157172357211,-1.478578532787305,-0.04732821775689676,1.0
0.6271579202016802,1.6078160985048615,0.16049158828117252,-0.015137206343003754,3.0
-1.731788181753653,0.05404865064240125,-0.008638181671790176,0.027521314591143587,2.0
0.6271579201300066,1.607809471345485,0.16262410040639616,-0.05288883321482792,3.0
-1.7317881814388536,0.054048244171043834,-0.00434599366605826,0.03397170724084224,2.0
-1.7317881818627263,0.05405080764513347,-0.009538839264713144,-0.0896376078076327,2.0
0.5598736411727288,-0.692515125288212,-1.4751379118574859,0.037383166609274945,1.0
0.5435648544552407,-0.9671880530412473,1.3381806999065207,-0.005611634335567018,0.0
0.6271579196387861,1.607807077857951,0.1585726431508983,-0.04599717795460837,3.0
-1.7317881811819693,0.05405087721210868,-0.00213978692915621,-0.004230095167797896,2.0
0.5435648540704708,-0.9671874305728044,1.3424148007155796,0.0063341133183423114,0.0
0.5435648550021068,-0.9671874648876496,1.332678949499951,0.03800561502484299,0.0
0.5435648545385247,-0.9671885247171049,1.3332033204805025,0.053350827977829064,0.0
-1.731788181268564,0.054051444260960646,-0.003349238871645334,-0.029882682718541376,2.0
-1.7317881808445859,0.05405161365790222,-0.006506285242513891,-0.013344376664966788,2.0
0.5598736418621459,-0.6925168765087704,-1.4811910524685854,-0.08284205562866478,1.0
-1.7317881811677027,0.05404832833237311,-0.004131885695074581,-0.00794311549231563,2.0
0.6271579193838692,1.6078102389189644,0.16121581457880277,-0.0739749519197753,3.0
0.5598736409122675,-0.6925159964932007,-1.4727374356121297,0.025054966212582644,1.0
0.5435648551782596,-0.9671896659503936,1.3342475498329782,0.03214588987340394,0.0
0.5435648543216425,-0.9671905723843833,1.3344907178635073,-0.002436965490219773,0.0
0.5598736414520245,-0.6925144788685552,-1.4788989971532804,-0.05069446184276808,1.0
0.5598736416525666,-0.6925166754380738,-1.4798620163216576,0.0218201610982181,1.0
0.5435648548234049,-0.9671890986088637,1.331397804854679,0.015137504468944496,0.0
0.5598736418361299,-0.6925172697902992,-1.484292020086326,-0.0566543710868151,1.0
0.6271579200612776,1.6078092909864623,0.1644760860531294,0.019000167297683147,3.0
0.5598736421932976,-0.6925174594655168,-1.4800270996388052,-0.02048128679455598,1.0
-1.731788181044237,0.05404947455226229,-0.007829718124377888,0.0007839069886169575,2.0
-1.7317881814781686,0.05405330157954279,-0.0018803624644820195,0.007574972333262928,2.0
0.5435648552837382,-0.9671884332987912,1.338702449986801,-0.044098730682322014,0.0
0.6271579196967177,1.6078101974303245,0.1482412021148312,0.044166343913803814,3.0
0.5598736415977639,-0.6925142732940482,-1.475744140352573,0.012366280281992712,1.0
-1.7317881814532907,0.0540510268173795,-0.00040080186024624,-0.010013460227994765,2.0
0.5598736415511255,-0.6925155870155365,-1.4758536586232784,0.0745186700814178,1.0
0.5598736417411033,-0.692516986100798,-1.4712545475615342,-0.08270265993579573,1.0
0.5598736419836945,-0.692517343088455,-1.4806196049139284,-0.030519922163887967,1.0
0.6271579195398218,1.6078124066273078,0.159372315678383,0.04088584697268441,3.0
0.5435648545380433,-0.9671914854027703,1.3317109656185002,0.06305376668597619,0.0
0.5598736412115035,-0.6925158844389352,-1.4780400412391097,-0.012075906967818519,1.0
0.6271579200078599,1.6078122437393905,0.16720210462856208,-0.007664706454242298,3.0
0.5598736414559278,-0.69251564347182,-1.4762554526316694,-0.04174468402865854,1.0
-1.7317881821028993,0.05405308497736621,-0.0019416352484342425,-0.006343685822708652,2.0
0.6271579200330722,1.6078094343553815,0.15695665504710496,-0.025169025606208803,3.0
0.5435648545461024,-0.9671895755807612,1.3296423754895095,-0.005295645787474412,0.0
0.6271579201869267,1.6078133878830232,0.16511005271214188,-0.08662706343766105,3.0
0.5598736414441592,-0.6925176986401499,-1.4803819493663237,-0.02742937949872611,1.0
0.5598736409079343,-0.6925154984417089,-1.4762942756827437,-0.020977669398136486,1.0
0.6271579206633051,1.6078116564717142,0.16126211913348995,-0.005100425930656622,3.0
0.5435648555351165,-0.9671918127920656,1.3256982701408282,0.013820750079146859,0.0
0.6271579194061849,1.607811050584713,0.16287228519745542,0.010939548777545117,3.0
0.543564854780232,-0.967190412248521,1.3342136623962237,0.046175580200825184,0.0
0.5435648549739891,-0.9671896630696305,1.3316188577750403,0.047834299730446964,0.0
0.5435648550929991,-0.9671883358682025,1.3310924389544225,0.08452408436851966,0.0
0.627157919800138,1.6078154225140733,0.16019154183427353,0.03332467193125916,3.0
0.5598736416416953,-0.6925147156353568,-1.4688623287642375,-0.06057511574635877,1.0
-1.7317881809912503,0.05405473781893682,0.004699946131164328,0.093030948140348,2.0
0.5435648547336899,-0.9671907356208889,1.3365695779281552,-0.021130828715821552,0.0
0.5598736416612077,-0.6925129884966041,-1.481826189961281,-0.0506012371395168,1.0
0.627157919497998,1.6078100601455858,0.16003538596946842,-0.01909413141337651,3.0
-1.7317881814700933,0.054048678259203634,-0.006964826263530338,-0.019713375180802056,2.0
0.559873641306828,-0.6925169733417175,-1.4779985907369029,0.028970013445757236,1.0
0.5435648547204304,-0.9671885083125029,1.3316728660900508,0.011000486820848272,0.0
-1.7317881811070641,0.05404923830763138,-0.008763052831730936,-0.004587870474137849,2.0
0.5435648544325726,-0.9671921890147999,1.331851762310799,0.06260279439744192,0.0
-1.7317881813502753,0.05405074192081437,-0.004196460446089353,-0.05298518696105558,2.0
0.6271579200539167,1.6078114430482442,0.15470530977845295,-0.008209968479014203,3.0
-1.7317881809428362,0.05404985982871572,-0.00739926060307549,-0.0204360293799156,2.0
0.543564854313443,-0.9671911611549343,1.336321828665949,0.07595930401214365,0.0
0.543564854527034,-0.9671943193236304,1.3271298083516698,0.031279083243463277,0.0
0.6271579194841204,1.60781280721583,0.15832997898795684,0.04731517252229593,3.0
0.6271579201246802,1.6078111691252575,0.16172319994715367,0.059410956765550006,3.0
-1.7317881813187737,0.05405100316233238,-0.0001906358360078559,0.08361918418165878,2.0
-1.7317881820718548,0.05404982007018541,0.0039931443971474275,-0.022374457144612753,2.0
0.6271579196616668,1.6078091090046205,0.165095903413591,-0.0749210927721516,3.0
0.627157920189152,1.6078128859959566,0.16401222606149995,0.04278958122126324,3.0
0.5598736413093564,-0.692519726192183,-1.472469026967482,-0.0666012557844441,1.0
0.5598736421960374,-0.692515310647326,-1.4780835658087592,-0.04002559706743445,1.0
-1.731788181115319,0.05405045957306752,-0.006591530706962736,0.020493694439063053,2.0
-1.7317881812015197,0.0540477934191973,-0.0008811912634736494,-0.016509487788529797,2.0
0.6271579204216838,1.607812894688725,0.1558688139403113,-0.004069036592657592,3.0
0.5598736415386971,-0.6925181367766872,-1.4727513747727685,-0.02288885543389242,1.0
0.5435648546419042,-0.967191488356839,1.3293246801961618,0.007179046698135862,0.0
0.6271579194762318,1.607812238202383,0.16341949135684147,0.00019325434144060852,3.0
-1.7317881817751095,0.05405055340482896,-0.0009084158509554241,0.020219382108093237,2.0
0.6271579205134178,1.6078099005970174,0.16264279438486362,-0.01776349660134806,3.0
-1.7317881820834866,0.05404884876729008,-0.0019250526470881491,0.05987396594137013,2.0
0.6271579198117526,1.607811570067665,0.15989997385057117,0.0035128319708362535,3.0
0.559873641747131,-0.6925148688044702,-1.4712023604542355,-0.035371838521150986,1.0
-1.7317881816030865,0.054050895457514854,-0.006782387641630421,0.022901856395501026,2.0
-1.731788181623517,0.054051203865445006,-0.005278916616031669,0.0011124073085108945,2.0
-1.7317881814505,0.05405094730867229,-0.0003297598817839457,0.025921795341738222,2.0
0.5435648545082145,-0.9671919147300438,1.3347024669306575,0.01669975884491273,0.0
0.5435648551852541,-0.9671909498928843,1.3335061716775105,0.0469742458804189,0.0
0.6271579195513866,1.6078141864358038,0.16014523657765273,-0.0759377108176954,3.0
0.5435648548161637,-0.967192519765674,1.333141454372142,0.03150074570872759,0.0
0.627157919989833,1.6078127156942805,0.15895836813072114,-0.03778131141080776,3.0
0.5598736411336038,-0.6925140090634478,-1.4754432833997482,-0.0017871222155410574,1.0
0.6271579201586828,1.6078118110662796,0.15557965270164775,-0.0069635517811913504,3.0
0.6271579201917462,1.6078111493114509,0.1614729131145665,-0.0004315466377113556,3.0
0.5598736416386955,-0.692515825159069,-1.484264183142921,-0.004431134216664873,1.0
0.6271579199066626,1.6078105431652494,0.15898064749187785,0.037656759455029484,3.0
-1.7317881813726703,0.0540484523951839,-0.0023079548983617466,0.032782105951532414,2.0
-1.731788181214418,0.054051265436089534,-0.005039696932325847,0.02782801358742776,2.0
0.5598736415730455,-0.6925150265835842,-1.4760026657585141,-0.013412585268028809,1.0
0.627157920070722,1.6078129153223213,0.16082874317816367,0.06366678429008335,3.0
0.6271579190674925,1.6078098684053534,0.16490111685160694,0.05928568342112458,3.0
0.6271579196162704,1.607812355665405,0.1589936439681451,0.038351638282442674,3.0
0.5598736418950845,-0.692518319998336,-1.478892190589399,0.04815083113866184,1.0
-1.7317881814158647,0.05405239251574035,-0.002676551140878383,0.00027801496016259465,2.0
0.5435648546475567,-0.96719108829305,1.3354203110229441,0.016101595046173398,0.0
0.6271579196058685,1.607813355421366,0.16175790930667094,-0.02159066330323329,3.0
-1.7317881806801532,0.05405025665624119,-0.005890304447458503,-0.019350486244120557,2.0
0.6271579201322831,1.6078111096609518,0.1642520362099891,-0.08020220344293587,3.0
0.5598736416188982,-0.6925172283596231,-1.4751310498683694,-0.012226993461550728,1.0
0.5598736415836749,-0.6925182975768059,-1.4786263736420484,-0.023318698283688096,1.0
0.5598736415824233,-0.6925161027604175,-1.4807026289030782,0.037615385144816375,1.0
-1.731788181249051,0.0540491167896745,-0.004780713076422202,-0.022153569426399185,2.0
0.5598736415840674,-0.6925167960200592,-1.4829137095963636,0.035981010298129786,1.0
-1.7317881818875718,0.05404851232889944,-0.01101817461128134,-0.030838055243943115,2.0
0.627157919759354,1.607811729254208,0.15897366809356323,0.014292387738188986,3.0
-1.7317881812880722,0.05405238538097261,-0.005668120026510759,0.06298883441186547,2.0
0.5598736413611229,-0.6925154464737763,-1.4817310214504251,-0.08387235331454883,1.0
0.6271579201085414,1.6078116222555987,0.15392971689262386,0.03983658970873508,3.0
0.5435648553227002,-0.9671898044504499,1.3323119598985493,0.014428292474632043,0.0
0.6271579201500611,1.6078151147573208,0.16058645754329115,0.06326630723963343,3.0
0.5435648549373283,-0.9671877683247067,1.332633638309795,-0.0034828879985851673,0.0
0.5598736413077895,-0.6925144066012275,-1.476944588059081,-0.011547398881420617,1.0
0.5598736411155428,-0.692518642554523,-1.4814054924592208,-0.07628659907759053,1.0
0.6271579200013516,1.6078116002365885,0.15704194961736673,-0.03612946497125335,3.0
0.6271579201690798,1.6078072786028745,0.16087157646204533,0.013267265282954592,3.0
0.5598736420165181,-0.6925164712431725,-1.472759373951346,0.0015441958855974764,1.0
0.5435648549195198,-0.9671893605525526,1.3358974710550269,0.04741220893705841,0.0
-1.7317881816950063,0.05405085957548538,-0.0015707391981885262,-0.0015373105660486301,2.0
0.5435648550525516,-0.9671885803763305,1.3340329923213146,-0.02050784538385092,0.0
0.5435648547558288,-0.9671920785817075,1.3326798909658268,0.04493728619667971,0.0
0.5435648550521709,-0.9671888773208329,1.3339164257246452,0.05872422295871321,0.0
0.5435648547874822,-0.9671884365776887,1.3237461970364655,0.060820217063962366,0.0
0.5598736413392769,-0.6925163997821573,-1.4803394728136017,0.016385610461855205,1.0
0.5435648548311756,-0.9671907572112715,1.3362767155151103,-0.013652811491431773,0.0
-1.7317881809935427,0.05405537288635486,-0.0064488867370025675,-0.013382754817259713,2.0
-1.7317881814163654,0.054050117048976394,-0.00143143425457186,0.010636861842463962,2.0
0.5435648542344073,-0.9671875861915973,1.3381349278540102,0.008198307190013009,0.0
0.5598736418043019,-0.6925186840517817,-1.4727932003984958,0.013434799693789704,1.0
-1.7317881813700056,0.05404723619678443,-0.006008540993489718,-0.05274315941912672,2.0
0.5598736414188925,-0.6925142970089856,-1.4795857822289862,0.0068197656132551925,1.0
0.5435648547023239,-0.967188162966531,1.3296309944800015,-0.009901455483278107,0.0
0.6271579199247979,1.6078099954723868,0.16151734197050396,-0.04366501330046854,3.0
0.5435648547226493,-0.9671909640958768,1.3369002810066117,0.0009840746375143945,0.0
0.5598736406940399,-0.6925143318039859,-1.4784701611994473,-0.025777952567949854,1.0
0.5598736413047966,-0.6925156898012376,-1.4825800952719006,-0.014634710795189878,1.0
0.6271579198382937,1.6078137013530454,0.1576018210832919,0.014243685175728323,3.0
0.5598736414925799,-0.6925164528386494,-1.4784490245749338,0.057914358202302535,1.0
0.5435648540522162,-0.967187759870221,1.3333573910101582,0.03535814477300004,0.0
0.5435648544020262,-0.9671908176413515,1.3334198935161785,-0.026248236076021756,0.0
0.5598736416172819,-0.6925159735098911,-1.4877079768009343,-0.015921672872155984,1.0
0.5598736405856154,-0.6925145276171308,-1.4784905039597542,-0.03339247316574895,1.0
0.5598736414786656,-0.6925164616822237,-1.4804259675811031,-0.046695302034817185,1.0
0.5598736414027974,-0.6925184002047384,-1.4802919831129389,0.0002735299176984316,1.0
0.6271579197402629,1.6078089938787623,0.1607344941016436,-0.01464698648499471,3.0
-1.7317881812972682,0.05405100381895933,-0.002344863406814879,-0.03275810491402054,2.0
0.5435648536907683,-0.9671904394850329,1.3346057659688941,-0.005209061250932436,0.0
-1.7317881819201184,0.054049835204533395,0.0002488408589582945,-0.025392499766475497,2.0
0.5435648546705821,-0.9671904621602968,1.3418590883457844,0.010485902913437612,0.0
0.559873641344942,-0.6925134667109156,-1.4802793800121492,-0.02538136606293778,1.0
-1.7317881812156222,0.054049329415308614,-0.009182007095132784,0.029788199635870913,2.0
0.5435648545876905,-0.9671886992525671,1.329101662133337,-0.003919419677441313,0.0
0.5435648543316227,-0.9671883202832046,1.329850681248314,0.03746488551454076,0.0
-1.7317881808443871,0.05405132809268434,-0.012306928724738752,0.023983354073157378,2.0
0.5435648541990145,-0.9671934317618681,1.3359286404131394,0.02094737357417662,0.0
0.5598736413175789,-0.6925144562081532,-1.4818040403212591,-0.095364991049479,1.0
0.6271579199156407,1.6078131335462962,0.16312163265092516,-0.016106770234192973,3.0
0.627157919902904,1.6078118237641774,0.164007147485612,-0.05741601477082117,3.0
0.55987364173388,-0.6925158381005403,-1.4743643181445187,-0.04684657788728413,1.0
-1.7317881810534324,0.05404960756162014,-0.009107214042017534,-0.02681286642709105,2.0
0.6271579200240811,1.607811691690154,0.1668769192331376,-0.04960897278887544,3.0
0.5598736410877283,-0.6925145233382184,-1.4793166664549797,-0.0543871167345107,1.0
0.6271579198136349,1.6078082248742362,0.1595036782519371,0.007610254264962696,3.0
0.5598736408915781,-0.6925150794227164,-1.4813041098478141,-0.05657661928340969,1.0
0.5435648541626281,-0.9671876876005112,1.3334662451115773,0.024931455112089107,0.0
0.6271579202204367,1.6078105839292236,0.1635270542584619,0.03584100345082625,3.0
0.5435648541629342,-0.9671872289921225,1.333046996023116,0.0257172745249959,0.0
-1.7317881817119312,0.05405103521273394,-0.00724050174852945,0.02179925710527929,2.0
0.5598736411482889,-0.6925191153425035,-1.4771236406124642,-0.019698547621540385,1.0
0.543564854330691,-0.9671916120251194,1.3340855132054805,0.05900371334005796,0.0
0.5435648547573864,-0.9671880482547817,1.3353519892707226,-0.0012708220561130537,0.0
0.5435648542989888,-0.9671899375321049,1.3277969544488935,0.0014454121918115693,0.0
0.627157920160585,1.6078123281777992,0.15901589529688412,-0.013832349807486698,3.0
0.6271579199771153,1.6078115360144059,0.162277238451399,0.02150267743823613,3.0
0.5598736421166607,-0.6925139407006172,-1.4751639828106529,0.027803620981750366,1.0
0.5435648540160243,-0.9671900451732856,1.3355441687566483,0.02488081242738601,0.0
0.5598736411651638,-0.6925153876852236,-1.4740213184755284,-0.008122946044018508,1.0
0.5598736418192684,-0.6925164609029875,-1.4793536032186152,-0.003703346127868972,1.0
0.5598736416152734,-0.6925188095208598,-1.4751146323189357,0.010160962613032634,1.0
-1.7317881815345977,0.054052175387038555,-0.005328740469288776,0.024216501864565667,2.0
0.5435648554060936,-0.9671899767118026,1.3215086694732996,0.015618473396839333,0.0
0.6271579196636327,1.6078118995432609,0.15951033249131494,0.008655514619594386,3.0
0.5435648546247089,-0.9671935679922992,1.3334648661567876,-0.046316603123627835,0.0
0.6271579197564204,1.6078118871449927,0.16290772491049918,0.050513169162624355,3.0
0.5435648549508436,-0.9671938121991289,1.337394510475056,0.03572591864585162,0.0
0.5435648545840515,-0.9671908237038229,1.339591741276272,0.009182537215235377,0.0
0.5598736420686591,-0.6925123803504596,-1.4777047743780583,-0.027201960633754713,1.0
0.5435648549983343,-0.9671893096457023,1.3317166420374738,0.002184401224472242,0.0
0.5598736409096458,-0.6925143951791927,-1.4839157489970465,-0.004908687899959075,1.0
-1.7317881812406408,0.05404903261500054,-0.008749622503694866,0.018597706519611654,2.0
-1.7317881806748783,0.05405048799721907,-0.006730883439805975,0.0039030354029566477,2.0
0.6271579198281447,1.607808857805684,0.16195781575082863,0.04252415018280583,3.0
0.5598736413297548,-0.6925180743707428,-1.4769948817819833,0.0019088149985323172,1.0
0.6271579199603744,1.6078131489425938,0.15335949850039218,0.017857558467270856,3.0
0.5435648554381807,-0.9671886826185755,1.3369056058633888,0.1273279107392917,0.0
0.6271579202862472,1.6078108486539158,0.15984688223773805,-0.013861896104488758,3.0
0.5598736414917126,-0.692515271195593,-1.4839741247620994,0.003900607904562396,1.0
0.627157920612449,1.6078119021957815,0.15525374623848642,-0.03344042336026574,3.0
0.5598736419245535,-0.6925143969376641,-1.4769306925342272,-0.005363682029161848,1.0
0.5435648548943933,-0.9671919334648341,1.3305692010529184,0.020093976762223065,0.0
0.6271579198601364,1.6078129554775529,0.15432819147823945,-0.025627230936211772,3.0
-1.731788181065339,0.05404977399731122,-0.008810505304975038,-0.04725722061155507,2.0
0.5598736413923636,-0.6925166678360499,-1.4808213683151024,0.03326340443948962,1.0
0.5435648542195257,-0.9671885529831437,1.3323616775561749,-0.00810213508826524,0.0
0.5435648545044938,-0.9671913563805107,1.331230253739509,0.018373372118439465,0.0
-1.7317881819300174,0.054049059091758826,0.0006480187509764834,-0.01598535978011317,2.0
0.5598736416239084,-0.6925134921918472,-1.4785411692966792,0.011208730382416047,1.0
-1.7317881808801594,0.05404995515259915,-0.007328307344755115,-0.059167648061891634,2.0
-1.7317881807409605,0.05405060372010433,-0.005630406571392413,-0.06142016424569264,2.0
0.5598736406981243,-0.6925159655459887,-1.4850830510548574,-0.01504928016724451,1.0
0.5435648548140978,-0.9671921426845227,1.3308009516490154,0.008765260169096904,0.0
0.6271579195280162,1.6078104275511371,0.15537915178517017,0.034474521385886636,3.0
-1.7317881819222272,0.05405106880775188,-0.0015778047556473185,0.023839619054440885,2.0
0.5598736412373734,-0.6925161327927853,-1.4740467965604405,0.03150264429059776,1.0
0.6271579194778166,1.6078092527225543,0.15636387566860524,0.01386171074040842,3.0
0.6271579201302172,1.6078116150175128,0.1590471804298766,0.020517805864740248,3.0
0.6271579194845471,1.607812813687571,0.16636081405566047,0.014312263979335623,3.0
0.5598736405539448,-0.6925146343485454,-1.4763303050814531,-0.035249686637299035,1.0
0.5435648545545264,-0.9671902327093382,1.3341121592431577,0.02821578197086411,0.0
0.6271579203801265,1.6078100106280417,0.15534778726074866,0.018549363398752388,3.0
0.5598736416134633,-0.6925174826503699,-1.4820607258092569,0.02301169465690035,1.0
-1.7317881815304061,0.05404806428873089,-0.0017655643038005508,-0.007100525287526577,2.0
0.543564854691311,-0.9671902236454819,1.3368507299090973,-0.020368378378290083,0.0
0.5435648552844532,-0.9671864323015086,1.3304323260221456,0.044337562511488654,0.0
0.5435648547972194,-0.9671892256815146,1.334216667338755,-0.03737070176535798,0.0
-1.7317881813569176,0.05405238908850346,0.0003061068335683412,-0.006077718534630458,2.0
-1.7317881814795029,0.05405154870758079,-0.007416220665669008,-0.06656062466171746,2.0
-1.7317881814455527,0.05405120400822733,-0.0019219774366871364,-0.013485417563840295,2.0
0.5598736418982768,-0.6925181015386342,-1.4876287959273717,-0.04285872395981805,1.0
0.5435648548659505,-0.9671891248209952,1.3346104103431575,0.03851476585093071,0.0
0.5435648544688861,-0.967188770889101,1.3321267420435114,-0.015266708524461362,0.0
0.5598736411049544,-0.6925174418888912,-1.4755407885116512,-0.00037924194643945106,1.0
0.6271579192538715,1.6078123570564118,0.15668657011479292,0.022085078861592864,3.0
0.5435648544942232,-0.9671888002216285,1.3290552465049894,0.037685487889415614,0.0
0.5435648551247143,-0.9671913339133923,1.331038463645361,-0.029214268418635888,0.0
0.6271579199630293,1.6078119973475098,0.1638843732342759,0.0199141137107592,3.0
0.5598736413461238,-0.6925143239591388,-1.4758070225605053,-0.07860993977444151,1.0
0.5598736417556207,-0.6925149222742563,-1.4822818343619193,0.004503105576508765,1.0
-1.731788181393643,0.054047977798315924,-0.002435281893038572,0.025907116490454768,2.0
0.5598736413343062,-0.6925175679023085,-1.4756757304909773,-0.044833814789244184,1.0
0.6271579202820784,1.6078085030680491,0.156450911454023,-0.02882899621192474,3.0
0.6271579203061859,1.6078113205753273,0.16072070828113,0.04905476209425589,3.0
0.5435648548764709,-0.9671885554599547,1.3316116178974893,-0.05247900109210106,0.0
0.5598736414170844,-0.6925168474403628,-1.473552085896312,-0.0750516639791782,1.0
0.6271579202271027,1.607811915833618,0.15759989632019752,-0.016260518587663888,3.0
-1.7317881812462654,0.054051059423008,-0.011712200478021451,0.007810646089410746,2.0
0.6271579195471022,1.60780959882414,0.16233970739018208,0.012739882625872015,3.0
0.5435648553264787,-0.9671905628302764,1.3239747125016468,0.06575268896732836,0.0
0.5598736414934754,-0.6925165731799037,-1.4834257422055916,-0.05076722374404345,1.0
-1.7317881810590383,0.05404921384053716,-0.007431383428813341,-0.0034357131046380903,2.0
0.543564853965888,-0.9671887834730888,1.332056851741094,0.04089073822708557,0.0
0.5435648550744882,-0.967188869202131,1.327026167941775,0.09454863199008855,0.0
0.6271579198966195,1.607812130399294,0.15643792764409,-0.024303056907234943,3.0
0.5598736412553867,-0.6925128318846562,-1.4758460411704102,0.05004408557993472,1.0
-1.7317881824627415,0.054053157964339765,0.0012839102628658674,-0.036272805482284065,2.0
0.5435648545949631,-0.9671878429665473,1.327052500268355,-0.047422767289082526,0.0
-1.7317881809585232,0.05405136820553417,-0.0018457868006288665,0.019866720310186336,2.0
0.6271579198777877,1.6078107225524803,0.1632420343424489,0.021871327003104252,3.0
0.5598736416148952,-0.6925184678725147,-1.4786332041791603,0.06855405264770265,1.0
-1.7317881817422536,0.054049966257307895,-0.006570148953143103,-0.05182117098763385,2.0
0.6271579197092298,1.6078116308500712,0.15983959378556697,0.03244670626242427,3.0
-1.7317881811924796,0.05405179637380957,-0.009527748930645013,0.009500755236422527,2.0
-1.7317881815172271,0.054047858589836094,-0.002704354820685601,0.02071079482048306,2.0
0.6271579198011771,1.60781052331612,0.1554059354208288,-0.011966738415461134,3.0
0.543564854806134,-0.9671914414504079,1.3282865957075645,-0.007785285627495041,0.0
0.5435648545842524,-0.9671924442727838,1.3299738826514467,0.04576327409150888,0.0
0.5435648545816123,-0.9671918427796437,1.3328322459614088,0.05561289793924401,0.0
-1.7317881808081241,0.05404933791797263,-0.006644950629441511,-0.015538612717025764,2.0
-1.7317881811789029,0.054052156744534084,0.0002689359069799046,-0.06020011802925903,2.0
0.559873641601736,-0.692516824696734,-1.476366096493276,-0.04911562313213183,1.0
0.5598736418705335,-0.6925177212584142,-1.472552644131928,0.034940781119573425,1.0
0.5435648546186723,-0.967187467128817,1.338813461597626,-0.015588225863682345,0.0
-1.7317881812586948,0.054049087626379645,-0.009544357796456229,0.021823101431199834,2.0
0.6271579196359536,1.607810572674151,0.15973100322250464,0.060272028993330264,3.0
-1.7317881813165374,0.05405610034301331,0.001783879711019575,0.06404744714574363,2.0
0.5598736422650541,-0.6925154000550335,-1.4754937658418643,-0.032266692557547424,1.0
0.6271579194754714,1.6078098773003744,0.1584230013817568,-0.03377146914165645,3.0
0.5598736407227075,-0.692515446333408,-1.4803706342832463,0.025150121673414343,1.0
-1.7317881810288673,0.05405127970025803,-0.008017090080956519,0.007042213455765522,2.0
0.5435648548670867,-0.9671899599265682,1.3339956685850847,0.04262753964989686,0.0
0.5598736421881386,-0.6925156519504673,-1.4775245523237834,-0.04627666664272975,1.0
-1.731788181361593,0.054051438458500266,-0.0017561384875546273,-0.056677993755146025,2.0
0.627157919922115,1.6078079793895055,0.15711934052221083,-0.0037435419934642032,3.0
0.5598736419250021,-0.6925160573799651,-1.474219635033193,-0.030123293333745686,1.0
0.5435648549204978,-0.9671889220460331,1.3342031100878962,0.011679044180251246,0.0
0.5598736418317344,-0.6925133904762418,-1.4812279099465882,0.0465984716396007,1.0
0.5435648541238993,-0.9671926136836145,1.3363893839532086,0.04706935315802413,0.0
-1.731788181742213,0.05405123202240367,-0.006156888074727217,-0.03362271853044057,2.0
0.5598736415661458,-0.6925154583492086,-1.476463074158694,0.005232557291112909,1.0
0.6271579199908363,1.6078107952023355,0.15285943770279037,-0.00979434316373876,3.0
0.543564854992947,-0.9671887531423548,1.3335128740305384,0.0010357755001926994,0.0
0.5435648547212069,-0.9671868342577377,1.3288875831933764,0.03047910626504405,0.0
0.6271579197160662,1.6078122542585742,0.15872307644311343,-0.004413937414201643,3.0
0.5435648544889665,-0.9671892199644104,1.3345128735456122,0.011778186352486307,0.0
0.543564854837722,-0.9671932501082517,1.329639368657444,0.05997266467522813,0.0
0.6271579200166802,1.6078107171124612,0.15504997866450834,0.03778948901320672,3.0
0.5598736418014552,-0.692512004631535,-1.4758749750830824,-0.0058702589841297635,1.0
-1.7317881808245756,0.054049788276736566,-0.004499150498756647,-0.05941416019825133,2.0
0.6271579202934394,1.6078156321348447,0.15596641049852017,0.020733537277624975,3.0
0.5598736415851555,-0.6925174978698917,-1.4793099299582173,-0.03974832581286427,1.0
-1.7317881813879306,0.054049125096850364,-0.00175133896088366,0.012174582042905885,2.0
0.5598736416307571,-0.6925153957779923,-1.479096819946264,-0.05724267104628528,1.0
-1.7317881811555866,0.05404935815953587,-0.00043908155489697344,0.03295397847476006,2.0
0.627157920078656,1.607815454696787,0.16028709582175094,0.03489144826593762,3.0
0.627157919942443,1.6078131642078712,0.15472942621349317,0.015694957393929804,3.0
0.5598736414479734,-0.6925158707147434,-1.4763804076772724,-0.029122608857949574,1.0
-1.731788180706274,0.054049465919629565,-0.0011400123384841213,0.05469754436216375,2.0
-1.7317881815088638,0.0540513732800034,-0.010184638381000626,0.055941597702702045,2.0
0.627157920153666,1.6078087216406725,0.16245112972586864,-0.02159446073731323,3.0
0.6271579201303378,1.6078098906170681,0.16408697955471135,0.009954803239162419,3.0
0.5435648547876558,-0.9671895418060533,1.3366352600580405,0.023709990672034695,0.0
0.6271579196718026,1.6078140838828943,0.16147785737496753,0.014753688168333105,3.0
-1.7317881819635463,0.05404924316122051,0.000581174265941609,-0.049404920624654264,2.0
-1.7317881819032785,0.054047955595735137,-0.004421693830481005,0.06722644569313406,2.0
0.5435648547272308,-0.967192647706677,1.3318299008322352,0.00882497965353502,0.0
0.5435648545882958,-0.9671897983236575,1.3358219012513826,0.010099262161133977,0.0
0.5435648550056592,-0.9671895496886685,1.3379809614015004,0.012775071272311802,0.0
0.5598736414081112,-0.6925163517291018,-1.4780750863981664,0.02531788843947111,1.0
-1.731788181258464,0.054053609900014454,-0.007204772306804559,0.011762504746117683,2.0
0.5598736414320966,-0.692518438346784,-1.4844225670358395,0.0035938944676877378,1.0
-1.7317881819201888,0.05405005890836166,-0.006820826644955213,-0.012881967893773208,2.0
0.5598736420506907,-0.692514592451972,-1.4743159878031669,0.043802825183473365,1.0
0.6271579202645535,1.6078103266497892,0.15995694335106825,0.008276850138451553,3.0
0.5435648544655238,-0.9671890212044565,1.332447728551431,0.004333472419812654,0.0
0.5435648549823495,-0.9671897833058571,1.3365673780331009,-0.004206435319408962,0.0
0.5435648543791458,-0.9671915383293584,1.3324384411793198,0.012750983804947491,0.0
-1.7317881815855647,0.05405033388267447,-0.01079847681196425,0.010312301643264144,2.0
-1.7317881817376013,0.05404847281514954,-0.005991274270366813,-0.022090775133524306,2.0
-1.731788181788853,0.05405132830386087,-0.0038360442848536062,0.03726354315910623,2.0
0.6271579201477043,1.6078124681070518,0.1637076652772187,0.005811994536426073,3.0
0.5598736415407134,-0.6925152162147695,-1.4744535601802513,-0.01007148540112942,1.0
0.5598736417423048,-0.692515753074566,-1.4755932915717629,0.030285174644217226,1.0
-1.7317881814498968,0.05405133507412945,-0.0002983591239728191,-0.04192534613321884,2.0
0.543564854775053,-0.9671908327011546,1.3245437060390686,-0.0764610984040005,0.0
0.5435648543657076,-0.9671878214093452,1.3355109803936682,-0.003334405137842375,0.0
0.6271579200423649,1.6078111693907247,0.16422418514552115,0.013815619727997245,3.0
0.6271579197741011,1.607810149702479,0.15776078861440357,0.00773407287261444,3.0
0.5598736419652414,-0.6925157587404971,-1.4759217647187568,-0.001773854923306902,1.0
0.5598736421186973,-0.6925141518782784,-1.4810744317313336,-0.012758285007378484,1.0
0.6271579202685117,1.60781487645457,0.16659445645195453,-0.010188744988289073,3.0
0.6271579199498973,1.6078103324603297,0.15810261994108252,0.041730075756740814,3.0
0.5435648553488172,-0.9671913908096682,1.3332991965188106,-0.02280198310185085,0.0
0.5598736410246565,-0.6925156454889828,-1.4792894202740159,0.02310350608460308,1.0
-1.7317881813572014,0.05405133123296695,-0.008297073681930585,0.001811572892973414,2.0
0.6271579205055156,1.6078137494379137,0.16403136511956048,-0.0192449015526356,3.0
0.6271579204721892,1.6078111345122499,0.15196347309604463,0.03776497280691542,3.0
0.5435648547067901,-0.9671903267606397,1.3356889042577829,0.010476234195906473,0.0
0.5435648549449222,-0.9671916767181133,1.3324656836857782,-0.027743807173153185,0.0
0.5435648551372984,-0.9671881297832419,1.3293152562687058,0.011683895210645778,0.0
-1.731788181609437,0.05404956325233244,-0.007634264733846237,0.028089195752729227,2.0
0.6271579198385987,1.6078133745571939,0.15939908965394745,-0.023550470817052773,3.0
0.559873640959954,-0.6925155684917557,-1.472828592134427,0.003580868601408632,1.0
0.6271579194697168,1.6078100125000632,0.15371720282983004,0.017248850387577605,3.0
0.5598736412094321,-0.6925159376592085,-1.4791534275180345,0.013023346480557854,1.0
-1.7317881816542684,0.05405063401973199,-0.0027356196408390657,0.03804974381930923,2.0
0.5598736424221313,-0.6925149242675341,-1.4875062439424047,-0.01280111213197819,1.0
0.5598736412615397,-0.6925161063513681,-1.4780116594805275,0.05600263004045077,1.0
0.5435648545410566,-0.9671887497923289,1.3348169644651975,0.05500021111905769,0.0
-1.7317881818458434,0.05405260535655778,-0.008612432729729086,-0.029965521126965704,2.0
0.5435648550438528,-0.9671924112244574,1.3382613862634143,0.012395183462344033,0.0
0.5435648547733385,-0.9671890660808381,1.328268215308308,0.02813201464943701,0.0
0.6271579195496682,1.6078111984764751,0.1500721079236657,-0.03660684092090266,3.0
0.5435648553140102,-0.9671880934099542,1.3329999462147213,0.030667710381782055,0.0
-1.7317881819801308,0.054048898491283026,0.0017903713285657911,-0.07358220982950059,2.0
0.627157920156135,1.607811820461094,0.16448209745011735,-0.026408495104671748,3.0
0.6271579199093674,1.607812352006268,0.16030182379346675,-0.026310218421972106,3.0
0.5435648547007138,-0.9671895410029927,1.3310343386130123,0.0001621815921580487,0.0
0.627157919778535,1.6078106746813339,0.1656852943311815,0.07596890446285551,3.0
0.5435648551271602,-0.9671894667583244,1.3330260614782141,-0.013309443519868668,0.0
0.6271579204917491,1.607813181424023,0.16683708112338205,-0.09406683357444068,3.0
0.559873641006807,-0.6925127476680897,-1.4860542333944815,0.05375574191600347,1.0
0.559873641484646,-0.6925145470421499,-1.4742720264917926,-0.00819446017050362,1.0
0.5435648552690683,-0.9671900015473825,1.3351565002161134,0.03312101618291082,0.0
0.6271579200582155,1.6078127336764259,0.15884568124016935,0.03587101353349247,3.0
-1.7317881809361602,0.054050037362286314,0.0022707880630785117,-0.012787765272616679,2.0
0.6271579197835284,1.6078102574789641,0.1584434930149729,-0.03775878315089075,3.0
-1.7317881811407985,0.05404966901935907,-0.006469472693003801,0.022014772007275123,2.0
0.5598736415918801,-0.6925166483822679,-1.4799076184726419,0.019521256415413496,1.0
0.6271579195411209,1.6078103398639954,0.15993551794173086,0.0021905281943546575,3.0
0.6271579200439349,1.6078094543666124,0.15819075606484045,0.025489756658180707,3.0
0.5435648549739588,-0.967189297948242,1.3327890585265645,0.002426727852991368,0.0
0.5435648545742662,-0.9671913263986333,1.3329082061439688,0.03169351619537189,0.0
-1.7317881809874607,0.05404661917544688,-0.009099318888201468,-0.030472129435543813,2.0
0.6271579199961308,1.6078109036133847,0.16131769697623452,-0.031531084876396366,3.0
0.5598736418349408,-0.6925164469313855,-1.477565162159405,0.012650270135075886,1.0
0.5598736420800999,-0.6925131532070441,-1.4791335520369433,-0.045855509146348936,1.0
-1.7317881818575624,0.05404839606246068,-0.008383899325151763,-0.07396887388859272,2.0
0.627157920360544,1.607811980260425,0.1609197429009546,-0.028954110732749897,3.0
0.6271579204700329,1.6078112868448762,0.15651049188482047,0.01895984661792804,3.0
-1.7317881810974283,0.05405095628876515,-0.0067803662201066026,-0.012824124491156299,2.0
0.6271579198114612,1.6078139715940098,0.15714686013811324,0.06393282781195579,3.0
0.6271579198351769,1.6078104584365385,0.15716778244850463,0.0119714471029138,3.0
-1.7317881814867262,0.054050218107606296,-0.006336182443552452,-0.04466994091420962,2.0
0.5598736409457176,-0.6925170824519822,-1.4718615348970319,0.01283488380375781,1.0
0.6271579197814902,1.6078102158021579,0.1545649084930476,-0.03326547175928322,3.0
0.6271579196311485,1.6078116524500574,0.1581091404600103,-0.044618084993057305,3.0
0.6271579199374613,1.607811290360261,0.1588230083068126,-0.04900301044982319,3.0
0.6271579199372463,1.6078116284392991,0.16355415251894426,0.04646924647136851,3.0
0.5598736413943602,-0.6925154658272322,-1.483467532158801,-0.03746428154979995,1.0
0.5435648548526106,-0.9671916299107781,1.338128825057898,-0.01895294300179858,0.0
-1.7317881821815841,0.05405246174634442,0.005815680652705078,0.04022899881217878,2.0
0.5598736412195184,-0.6925156998399936,-1.47680026496901,-0.04435689842634947,1.0
-1.7317881808019782,0.0540485078425422,-0.007415287363548336,0.044777558957907464,2.0
0.543564854629024,-0.9671924429689849,1.3323892446792784,-0.039547444662769514,0.0
0.6271579203037835,1.607814423099291,0.15478302578397796,0.026823923862262927,3.0
0.6271579199679627,1.6078113767661097,0.16291681396898408,0.024845475785347414,3.0
0.5598736410649969,-0.6925171438407004,-1.4759856191147829,0.03525179267927047,1.0
0.5435648549154877,-0.967187076751024,1.3338659031624085,0.0394548698865726,0.0
0.5435648543234091,-0.9671884993633376,1.3299777866402938,0.012291757745239497,0.0
0.5435648544640915,-0.9671899399968863,1.3305073232368243,-0.017183934573633333,0.0
0.5598736413709372,-0.6925149534038777,-1.485551008099512,0.07166366313863891,1.0
0.6271579192596782,1.6078120644001015,0.16826097699701487,-0.011726327895693358,3.0
0.559873640924133,-0.6925161735993625,-1.4786993830839332,0.04253213251201995,1.0
-1.7317881812169578,0.05405064492639319,-0.001401989112935925,-0.020325831950057726,2.0
0.5435648541110522,-0.967191552888647,1.3365570950705257,-0.011899591146907557,0.0
0.5435648547322964,-0.9671890208753315,1.3329646943926878,0.02602978814166372,0.0
0.5435648544736534,-0.9671869950593371,1.328969721883791,-0.024301460102646732,0.0
0.5435648553073449,-0.9671888181435403,1.3267592476741834,-0.013454648862077093,0.0
-1.7317881821509262,0.054048696075604453,-0.011957599609675866,-0.020562573246552314,2.0
-1.7317881817029936,0.05404713419103221,-0.014361801355158734,-0.05371818994183392,2.0
0.559873642069288,-0.6925172890209274,-1.481281524558524,0.010719207414224212,1.0
0.5435648547199302,-0.9671907639014903,1.3348940866460086,0.0445574831803847,0.0
0.6271579200442934,1.6078094328612362,0.16436690685778285,-0.06445845314415229,3.0
0.543564854953425,-0.9671916705691598,1.3322301065027755,-0.01729033992593082,0.0
0.627157919736708,1.6078149265487276,0.16124965506015548,0.027648358873644335,3.0
0.627157920184375,1.6078122749178922,0.16299937021870597,-0.021489337140097958,3.0
0.6271579199034357,1.6078108534374895,0.15820092970640687,-0.034861681591387174,3.0
0.5435648547606811,-0.9671866248144234,1.327448738273362,-0.007080373982781933,0.0
-1.7317881809420903,0.05404809589033536,-0.007531002562745417,-0.010165720218156355,2.0
0.5435648547113804,-0.9671905801304299,1.331386998468908,0.034649229890579725,0.0
-1.7317881817055782,0.05405064017100135,0.002687328739188668,0.014300029719794905,2.0
-1.731788181779779,0.05405150725398794,-0.0006215869987327277,0.040130236897564925,2.0
0.6271579193373735,1.6078115580498649,0.1527106364971183,0.025222435526639074,3.0
0.6271579204414247,1.6078140354666364,0.1545015464088523,-0.04869010026467952,3.0
0.559873641425363,-0.6925138827804854,-1.4845684361143472,0.03106646336527193,1.0
0.5598736415748504,-0.6925139507483813,-1.480577852314406,-0.0458263037020823,1.0
-1.7317881815307479,0.05404885151973927,-0.009932133728065302,0.011182087782675204,2.0
0.6271579197820987,1.607811948682436,0.16140811761126098,0.014743569267307279,3.0
0.5435648551889728,-0.9671887034154004,1.3308793032864772,-0.0014824375718737752,0.0
-1.7317881820605974,0.054050284396877625,-0.01007547413642115,-0.004479825077003333,2.0
0.5435648549321329,-0.967190347415245,1.3327084273752596,-0.05827874712985939,0.0
-1.731788181733548,0.054052012576537765,-0.002818764377511337,0.017006043746236123,2.0
0.5598736418380854,-0.6925152230949078,-1.4786118884745763,-0.0714491328524101,1.0
-1.7317881813438147,0.054050009123927746,-0.0023239197503219424,0.066573956276007,2.0
-1.7317881817706737,0.05405001881931245,-0.015076399741313572,0.1236828284475583,2.0
-1.7317881808421232,0.05404882198089218,-0.0009389836630472054,-0.013342118441663749,2.0
0.627157920191339,1.6078124391229034,0.1625005803090593,0.0068453223197343085,3.0
0.6271579199709529,1.6078083682337698,0.16233468577420432,0.010479942035212204,3.0
0.5435648550803949,-0.9671899235475465,1.3361772998300656,-0.014027468695194384,0.0
0.5435648548412721,-0.9671913496437793,1.3310283936989955,-0.008486556458724462,0.0
0.559873641027189,-0.6925164721753437,-1.475753015573083,0.047841525184658805,1.0
-1.7317881823866494,0.05404882223304802,0.0029521780685902144,-0.015294513977310874,2.0
-1.7317881811770044,0.05405074390476821,-0.004494875093696791,0.040912977783002444,2.0
0.627157919719254,1.6078110363358262,0.15886100848183898,0.027127946663361196,3.0
0.5598736409253818,-0.6925176799856583,-1.4766185832091463,-0.061592433148259074,1.0
0.5598736413795928,-0.6925153359344847,-1.4829910398396164,-0.06351471660393963,1.0
0.5598736425690068,-0.6925146851038555,-1.4765616625255278,-0.016542401162214507,1.0
0.5435648552394174,-0.9671893572177115,1.3402065271684749,0.04094366115064588,0.0
0.6271579199074625,1.6078092998866265,0.16184044401017203,0.012376440823975737,3.0
0.5598736414127704,-0.6925163778829747,-1.476443144433215,-0.03857119720709851,1.0
0.6271579198817158,1.6078096415354173,0.16149568125475547,0.051206022621217866,3.0
0.6271579196917543,1.6078104344399144,0.1660480708096623,0.04425027733904855,3.0
0.5598736413510875,-0.6925150130665378,-1.4831208142728456,0.006691731109483189,1.0
0.5435648548139662,-0.9671889789579763,1.329931968703563,-0.049480421767093094,0.0
0.5598736415867874,-0.692514635198259,-1.4699776458206544,0.009483920789995132,1.0
-1.7317881818883563,0.05405033068000154,-0.003688448208131847,0.020136763848341347,2.0
0.5598736414549195,-0.6925158721804524,-1.4764257745497373,0.03657112137961859,1.0
0.5598736417102211,-0.6925154932690928,-1.4773623816164219,-0.03205863408186262,1.0
0.5435648547804369,-0.9671902153817662,1.3324983204492145,-0.008901502774578195,0.0
0.5435648549976955,-0.9671874328557257,1.3308393420093487,0.012589482199664864,0.0
-1.7317881817902427,0.054048096920460656,0.0036417491230264793,0.04987468616272518,2.0
0.5435648549482442,-0.9671928941289759,1.3352725697603784,0.06810683595746508,0.0
0.5598736417830401,-0.6925133539971497,-1.4791689382898534,-0.0063300853734747625,1.0
0.5598736408670351,-0.6925154998489815,-1.4698334322092073,-0.02816522337646826,1.0
0.5598736411074432,-0.6925171382643038,-1.4844327355236127,0.016092163073038554,1.0
0.6271579198004004,1.6078120058414924,0.16385136881191797,-0.0475784112717183,3.0
0.6271579196807334,1.6078133672433281,0.16448013293239275,-0.047755786788820836,3.0
0.5435648550487364,-0.9671880806855118,1.3330687022691121,-0.013496693511016076,0.0
0.6271579200435038,1.6078121592465828,0.16067685524540978,0.03783269936043439,3.0
0.5435648546424006,-0.9671868420042886,1.3304900841017504,-0.014331428751640196,0.0
0.5598736415589455,-0.69251519095167,-1.4857023927512043,-0.029488589058907447,1.0
0.5598736419480497,-0.692516378717296,-1.4806204692221132,-0.03437272899354416,1.0
-1.7317881804261472,0.054051264258462205,-0.002597309538458748,0.0037055799330763723,2.0
0.5435648549093289,-0.967189022479278,1.33148599090249,0.02058109507807115,0.0
0.559873641990516,-0.6925168183331288,-1.4823644189740703,0.02035104340918026,1.0
0.5435648547942674,-0.9671881013967086,1.3377842423368633,-0.015843663641103817,0.0
0.6271579196981426,1.6078097145310333,0.1600744931882862,-0.04910662906771687,3.0
0.5435648545037907,-0.9671889205650654,1.336222702072715,0.04115716529881548,0.0
0.5598736414388686,-0.6925175242162825,-1.4793355583365053,-0.06562059411328164,1.0
0.6271579195288031,1.6078135260831672,0.15398232196969253,0.002564968919291593,3.0
0.5598736419192605,-0.6925147563084165,-1.4779067328748616,0.06182657421368286,1.0
0.5598736419125221,-0.6925181813993727,-1.4746491957939043,-0.028609973783868443,1.0
0.5598736411635536,-0.692514714410946,-1.4819550784091065,-0.04512498672238899,1.0
0.6271579197412007,1.6078130487885358,0.16314137876393012,-0.0006867505497010713,3.0
-1.7317881816211733,0.054047719638382015,-0.0064594039231849676,-0.028304121981061633,2.0
0.5598736413646163,-0.6925167429080711,-1.4799031543063705,-0.003981262705211245,1.0
0.5435648548005951,-0.9671889855947409,1.337820795824012,-0.017224840842150355,0.0
0.5435648548866902,-0.96719148018859,1.3314478150414677,-0.021616855021757725,0.0
0.5435648543016486,-0.9671890945328901,1.3323136760648626,0.024148669043091205,0.0
0.5435648553653792,-0.9671881043833004,1.3337831641834343,-0.09720343384748015,0.0
0.627157920022913,1.6078112762338435,0.15969025264061532,-0.004782954037130202,3.0
0.559873641099692,-0.692513770267666,-1.4704967330428025,-0.006046807799235524,1.0
0.5435648550724853,-0.9671904814672372,1.3374906462581693,0.025822837541991477,0.0
0.6271579196552012,1.6078124145977903,0.16207954672212596,0.007544517852836788,3.0
0.5598736411521076,-0.6925163897869767,-1.477849937708746,-0.044104087555787416,1.0
0.6271579199148029,1.6078121319519938,0.16219219432423326,-0.05703731147696598,3.0
-1.7317881819980545,0.054046264434499364,-0.013643538045292827,0.0329172983980076,2.0
0.6271579196653124,1.607809205380166,0.15908787395157356,-0.056023204583396026,3.0
0.5435648543904772,-0.967190515049951,1.3286364793958687,0.0035139131722441703,0.0
0.6271579202734843,1.607813195693544,0.158645775792624,0.017562993000310428,3.0
-1.731788181406919,0.054051537437136185,-0.004376697036624031,0.0004852322876090677,2.0
0.6271579196315076,1.6078114558256444,0.15868295691965664,-0.023698047341883712,3.0
-1.7317881805447946,0.0540544685570673,-0.007360916415807807,-0.00020053564678198602,2.0
0.5598736409457432,-0.6925169818527728,-1.4758889430857987,0.051013264048466817,1.0
0.5598736415288552,-0.6925152634702603,-1.4773375087310316,0.027600200869560394,1.0
-1.7317881814433245,0.05405134764710168,-0.0003819587583820849,0.024601706069350422,2.0
0.5435648548116527,-0.9671891833586027,1.328549209751343,-0.03685420260303724,0.0
0.5435648551200456,-0.9671877676416858,1.3328247936903856,-0.0016310515184058435,0.0
-1.7317881818669403,0.0540485715518715,-0.008053808153715956,-0.04192666790877932,2.0
0.5598736419753878,-0.692516678460483,-1.48406943310204,-0.020808466078298084,1.0
0.5598736422782367,-0.6925154045535634,-1.4755292578785315,0.009173671061923053,1.0
0.5435648545096193,-0.9671917153988235,1.3330295688508529,-0.009745673069871057,0.0
0.6271579205246903,1.6078124843141683,0.15825536804798956,0.005402009281428113,3.0
0.5598736411027629,-0.6925175326847817,-1.470751747609378,0.060802555903507416,1.0
-1.7317881813162994,0.05404989208067573,0.0028874085576191698,-0.06327972530137631,2.0
0.543564854596939,-0.9671884293808407,1.331457875023553,0.025843944659558988,0.0
0.5598736412456997,-0.6925165724014087,-1.4769668295887608,-0.00404371496244023,1.0
0.559873641625634,-0.6925162054315602,-1.4772200336577945,-0.006285994756593343,1.0
-1.7317881814761853,0.05405121210925847,0.004544962763535229,-0.07325663427748257,2.0
0.6271579200618087,1.607811472086059,0.15669749258250515,-0.03013067740836945,3.0
0.5598736411159115,-0.6925174403922597,-1.489020928297983,-0.001615399755293735,1.0
0.5598736411807264,-0.6925139048167668,-1.4824804715435365,-0.0291568580006504,1.0
0.5598736419843172,-0.6925166882855394,-1.4805620685648655,-0.05530820295934231,1.0
0.6271579197982466,1.6078117863428263,0.15606546304340999,-0.012708316637056918,3.0
0.6271579199908972,1.6078125805169163,0.15809211045164784,0.020165261793824715,3.0
0.6271579199358074,1.6078127792189072,0.15913722994577553,-0.004135551189282482,3.0
-1.7317881815085974,0.0540506653581545,-0.0024281007772267884,0.015818906317304544,2.0
-1.7317881813105955,0.05405239171582449,-0.004002979769491965,-0.015796430470023205,2.0
0.5598736417533062,-0.6925162221963181,-1.485736886740742,0.00884573523401063,1.0
0.627157919620285,1.607812719278508,0.16332254985369174,-0.0687112670921312,3.0
0.5435648546673173,-0.9671894366645275,1.3284472727284147,-0.04517081202046447,0.0
0.5435648554480704,-0.9671914673273072,1.332707091551047,-0.03520458304383959,0.0
0.5598736412202163,-0.6925161136617838,-1.4817664211377706,-0.048544466073549716,1.0
0.6271579195901863,1.6078105708921266,0.16698479801137203,0.008861875555005005,3.0
0.5598736419957644,-0.6925169920442171,-1.4773631024712288,-0.07463685567721838,1.0
0.5598736416741872,-0.6925155137867257,-1.480258200524547,-0.023346136845208424,1.0
0.6271579201118685,1.6078133411974347,0.1630319678529164,-0.020485890584814783,3.0
0.5598736418706766,-0.6925157151582099,-1.4791884059961864,-0.0061649318191318294,1.0
0.6271579201896529,1.6078116206187676,0.1544063890808045,-0.020405356662345903,3.0
0.5435648551678197,-0.9671881933461072,1.3256749752163064,-0.05038241139387577,0.0
-1.7317881817097818,0.054053283237278454,0.0014464833908250394,0.03234061425022034,2.0
0.5435648543284157,-0.9671896934177857,1.3341592583409796,0.012368730786675108,0.0
0.5598736413799745,-0.6925170529683798,-1.472506640786486,-0.04300218471300634,1.0
0.5435648543350178,-0.9671931452241177,1.3352201479476824,-0.04441102084192467,0.0
-1.7317881813729554,0.054050306392866704,-0.004383574297179215,-0.021363063154555065,2.0
0.5598736411528561,-0.692516342931949,-1.4774561977124008,0.00035822742737107345,1.0
0.5598736410010574,-0.6925127731487624,-1.4735429892031862,0.03379821085041238,1.0
-1.7317881812734406,0.05405073274883552,-0.0030311622308468768,0.00814910303680699,2.0
0.5435648549308106,-0.9671919244361719,1.333086687998484,0.006892557129859106,0.0
0.5435648547013351,-0.967191775789891,1.3400264393387509,0.021221196641644038,0.0
0.5598736414858846,-0.6925144266423844,-1.4742168071745294,-0.07017594760048051,1.0
0.6271579196488182,1.6078113308560344,0.16181050299333188,0.0022526982992016314,3.0
0.5435648545510458,-0.9671890516924624,1.3343546833968267,0.09461409474078997,0.0
0.5435648549339488,-0.9671903136338235,1.3222936234817801,0.0049230369025794725,0.0
0.5435648544273571,-0.9671887592057802,1.3317093763956298,0.010046710866790287,0.0
0.5598736418129763,-0.6925189832368575,-1.4829271619996514,0.01613040210881126,1.0
-1.7317881813643154,0.05404891551802213,-0.005933801833669819,0.042206123420012884,2.0
0.5435648552784674,-0.9671903901668318,1.3329809977575064,-0.019432957438187036,0.0
-1.731788181988394,0.054048603234966866,-0.004336871518318576,0.026432001493081343,2.0
0.5598736408147217,-0.6925172646552835,-1.482030688597768,-0.024060551349070335,1.0
0.627157919693764,1.607810849815014,0.16594698583362086,-0.031150425756824678,3.0
0.6271579195398003,1.6078142366973944,0.16366616322281988,-0.0007153625800484858,3.0
-1.7317881813050995,0.05405050849145495,-0.0033754932606479904,-0.013625412279319201,2.0
-1.7317881814260787,0.05405027525877794,0.0006239713685174138,0.012231334289448493,2.0
0.5598736412367866,-0.6925149940183644,-1.480753688699941,0.01789099833633271,1.0
-1.7317881817331175,0.05404898789091306,-0.0016494129091507615,0.059599262371683295,2.0
0.5598736418210205,-0.6925147404042403,-1.485186636383345,0.015020608531034268,1.0
0.5435648553669336,-0.9671940368927615,1.33636035263418,0.03240784709028925,0.0
0.5435648549352083,-0.9671884221371674,1.338272449277672,0.027402449503680263,0.0
0.6271579196796979,1.6078091423098333,0.15563190477068736,-0.007198621281289592,3.0
0.5598736412957057,-0.6925164651216525,-1.479171126931893,-0.033960598194357546,1.0
0.5598736412099516,-0.6925155590963707,-1.4736729698152933,-0.05729370456765462,1.0
0.6271579197569078,1.6078113312253195,0.15453871599408003,-0.020997112360354935,3.0
-1.7317881814971816,0.05405113471214056,-0.008066898218260777,-0.0030208732870210977,2.0
0.5598736410219138,-0.6925164181645899,-1.4796917254750894,-0.03658624779894968,1.0
-1.7317881817211647,0.05404943881461075,-0.006614577661819918,-0.04859073540354175,2.0
0.5435648543873864,-0.9671900984386375,1.3331035453916174,0.02137415810789251,0.0
0.5598736416469977,-0.6925165709275923,-1.4758582154108053,-0.00499317175929911,1.0
0.5598736413385298,-0.6925155950027533,-1.4798089964674703,-0.08344056225292186,1.0
0.6271579198237585,1.607816993974564,0.16277029821352496,0.034991326076004,3.0
0.5435648537303863,-0.9671903267516795,1.3348551739134047,0.01827422648325655,0.0
0.5435648547859492,-0.9671903025716078,1.3332583575378454,-0.016670238715836883,0.0
0.5435648547410022,-0.9671897874099954,1.3295767654143822,0.011063348934400013,0.0
0.6271579202644897,1.6078102057313197,0.15869973381553268,0.011696371655050808,3.0
0.6271579192590924,1.6078105635460305,0.15594439959521075,-0.011108629521106674,3.0
-1.7317881816002336,0.054052026054257275,-0.00936240765103749,0.005967379529832785,2.0
0.627157920075778,1.6078121683660478,0.15753239550216958,0.05979912332431588,3.0
0.5435648546641787,-0.9671907421519522,1.3322607749452966,0.0339380310018225,0.0
0.5598736412437343,-0.6925147628462247,-1.4729502536435934,0.035607336906046685,1.0
0.6271579195936343,1.6078109303846555,0.15942490377461585,0.0025959559297449547,3.0
0.5435648543772178,-0.9671903807627495,1.3325073729617039,0.07689442475633097,0.0
-1.7317881813639173,0.054053183664831334,-0.0008108996769113489,0.022460569245502382,2.0
0.5435648541840781,-0.9671920854016631,1.3407033128175485,0.011192406625822066,0.0
0.5435648557944791,-0.9671907213041786,1.3365116482137314,0.04108413386875354,0.0
0.6271579198436659,1.6078143471952961,0.15655148203471725,0.02358404928278562,3.0
0.6271579198377221,1.6078101408642989,0.15916172256350042,0.040921294026633394,3.0
0.5598736413791024,-0.6925147631610198,-1.4796738252427384,-0.08770045224064166,1.0
0.5435648548092262,-0.9671896078953564,1.3333366110232445,0.05033735664766178,0.0
0.5435648545194887,-0.9671913467057617,1.331458486571996,0.005198987508489102,0.0
-1.731788181464462,0.05405059578390495,-0.004991699220890352,0.04248616948716076,2.0
-1.731788181397149,0.05405047084677897,-0.005171795587763157,0.0224613479858585,2.0
0.6271579192557782,1.607813868390135,0.16741438096221342,0.02536267127808974,3.0
-1.7317881811682072,0.05404969688970328,-0.010500195385828836,-0.04506004840121143,2.0
0.5435648546381007,-0.9671903839243622,1.3269356276817257,0.07100907324301745,0.0
0.5435648539078421,-0.9671914130454972,1.3337129133141579,-0.012020966803556684,0.0
-1.7317881811662588,0.0540501763872197,-0.0061242338394006035,-0.028743931791257935,2.0
0.5598736415860444,-0.6925136568549358,-1.477296459085691,2.425131751195868e-05,1.0
0.5598736409325205,-0.6925170721278497,-1.4705223639082194,-0.01266636964899116,1.0
0.6271579197827285,1.60780929382374,0.15765998504111717,0.012648590868308895,3.0
0.6271579198064527,1.6078105001074323,0.15151993740274797,-0.023169284623621122,3.0
0.5435648544239108,-0.96718851147227,1.3356145586609451,-0.01864928000990818,0.0
-1.73178818169177,0.054051959753598944,-0.009507247974246477,0.0114606480894541,2.0
-1.7317881810161087,0.05405237488791096,-0.015536092433959337,-0.0370840831282876,2.0
0.5435648543236677,-0.9671886124816395,1.331448105514887,0.049261173124269975,0.0
0.6271579194568048,1.6078127439380776,0.15685301341148863,0.01623983558246882,3.0
0.543564854239925,-0.9671879915289352,1.3297921804317552,0.04105421807891026,0.0
0.5435648550380953,-0.967186395308495,1.3274535612926985,-0.0031592069503500715,0.0
0.5598736405957542,-0.6925136853306312,-1.4734764117364383,0.00034335368278433457,1.0
0.6271579206803378,1.6078108584654769,0.1634738269737504,0.040254487857067055,3.0
0.6271579200419591,1.6078124911627727,0.15917700262267523,0.02857316599173649,3.0
0.6271579202762904,1.6078126597770512,0.1583556641079715,-0.055132748096366826,3.0
0.6271579200802617,1.6078099641048351,0.16118603850620847,-0.10595397530395431,3.0
0.5598736416109453,-0.692514998981917,-1.4728843415920647,0.00832063627864775,1.0
0.6271579195009206,1.607809609544694,0.16441300334664383,0.022218311213136683,3.0
0.6271579193592173,1.6078109293453509,0.1645708793225237,0.0035404885598206014,3.0
-1.7317881811573397,0.05404842130583085,-0.006224632287150049,0.03358451444443317,2.0
0.5598736418487223,-0.6925189129447644,-1.4895947932572735,-0.010919458798433207,1.0
0.6271579205192349,1.6078128366007127,0.1570634216058404,0.02196629155017808,3.0
0.6271579203386667,1.607813039113952,0.1659727777676448,0.013181148705575452,3.0
0.5598736414040644,-0.6925162415122199,-1.482474270997766,-0.038156231941328084,1.0
0.6271579195833655,1.6078128908476896,0.1633143135784147,0.03381727977753853,3.0
0.5435648549885904,-0.9671912703281969,1.332127800610155,0.020413849315763514,0.0
0.627157919196192,1.607810302038185,0.1610030665017908,0.011792460215271987,3.0
0.5598736408649254,-0.6925163242970388,-1.4772494149944668,-0.004858440182234517,1.0
0.627157919858968,1.6078121523736357,0.15510373801398836,0.06922326387826401,3.0
0.543564854524425,-0.9671878912475608,1.3299964494510463,-0.012158909498582136,0.0
-1.731788180737473,0.05405062959494078,-0.007836465904705126,-0.03939057150005864,2.0
-1.731788181045,0.05405369443537645,-0.005070230670527002,0.0050863414738653925,2.0
0.5598736415557353,-0.6925157023561377,-1.476529841408147,-0.017830226395722605,1.0
0.6271579203805543,1.6078109225588086,0.1606377657225889,-0.0370614782600973,3.0
-1.731788180961925,0.054049755657073505,-0.0010364330266940806,-0.03703354160358478,2.0
0.6271579193849997,1.6078105295459002,0.1595189128334188,0.004460345890983815,3.0
0.6271579197214662,1.607811695895429,0.16051372535558434,-0.0234904091298785,3.0
-1.7317881815346994,0.05404929297005623,-0.004903966699644872,-0.06643011200283397,2.0
0.5435648542387033,-0.9671883333127207,1.3376465968055318,0.008486913365211225,0.0
0.5598736421965468,-0.6925144171613031,-1.4746580431137615,-0.07646823669436038,1.0
-1.7317881816280631,0.054051324248628387,-0.01077948060684854,-0.04168220660176645,2.0
0.543564854848035,-0.9671889305847542,1.3344705858617307,0.0280323646708996,0.0
-1.731788181017438,0.054049670666100065,0.00030336787594578387,0.0818840237943297,2.0
-1.731788181247964,0.054047456184634274,-0.002713196536645385,-0.005637781459397925,2.0
0.6271579197100432,1.6078105497949446,0.15605045297941925,-0.051193366865762875,3.0
0.5598736414691519,-0.6925166374885022,-1.4776233331861797,-0.039817835788423,1.0
-1.7317881818527288,0.05404535045161508,-0.004748194777632289,0.083630282449168,2.0
-1.7317881815230922,0.05404827705088404,-0.0068913023047733665,-0.04860670163776112,2.0
0.6271579199518077,1.6078103739393965,0.15765078620202475,0.06563141566585098,3.0
0.5598736412113783,-0.692514412469101,-1.4777985640159292,0.02602126331485798,1.0
0.5598736412900753,-0.6925156193681967,-1.478309989487283,-0.05463066501580311,1.0
-1.7317881817077794,0.05404935421077017,-0.004216764581727874,-0.03134535984916734,2.0
0.5598736421264686,-0.6925151149158842,-1.4827986928453902,-0.0003143999289425002,1.0
-1.7317881819258034,0.05405198467968108,-0.0029502831635329833,0.009273625178438627,2.0
0.6271579197161863,1.6078126880971884,0.15542840135315955,-0.005954170896254404,3.0
0.6271579198495133,1.6078121347139223,0.15930356377318056,0.012821679506312599,3.0
0.5598736409870443,-0.6925178481632117,-1.4845430529532382,0.014708447217606294,1.0
0.6271579194678372,1.6078092707368528,0.1625426354265056,0.04610971216832275,3.0
0.6271579197527624,1.6078096637099437,0.16137950571754858,0.01782667517723613,3.0
0.6271579201605201,1.6078106049100322,0.15949009175982395,0.06752284567589183,3.0
0.5598736409335567,-0.6925184275523086,-1.4791216490352972,-0.007590867572973623,1.0
0.543564854120443,-0.9671901865437795,1.3358448983011166,0.027899319569355194,0.0
0.5598736425080125,-0.6925146247538669,-1.4796808666856844,-0.02484825692190362,1.0
0.5598736419439001,-0.6925142153447541,-1.4770320209574213,0.00845959286419205,1.0
-1.7317881818528793,0.05404991585632993,-0.004086806347446051,-0.06982582057952186,2.0
0.5435648545966305,-0.9671916123334312,1.3265137601245018,0.008543970060325692,0.0
0.543564854205464,-0.9671882845907149,1.3309592050532884,-0.00553105809473961,0.0
0.5598736415720347,-0.692516075115047,-1.4770733505787943,-0.017345439584046506,1.0
0.559873641556053,-0.6925160676624358,-1.4798674416808162,-0.01893143633179453,1.0
-1.7317881814377427,0.05404943994607166,-0.006227499333774377,0.05295450910316991,2.0
0.6271579196472541,1.6078123695376163,0.15851424556327584,0.05405746059749392,3.0
0.5598736413612312,-0.6925146440379328,-1.4840650182916146,-0.034834634827814875,1.0
0.5598736420538317,-0.6925158647535832,-1.477394582467262,-0.02698783878719036,1.0
-1.7317881814553397,0.05404907752377041,-0.006977157444697849,0.0913384376512434,2.0
0.5598736413520692,-0.6925174743574236,-1.4745872475497745,-0.006862539576489918,1.0
0.5435648551464632,-0.9671891175058834,1.3306623979047791,0.03672233965358771,0.0
-1.7317881810920117,0.05404957628056303,-0.005733046918740553,-0.03182463104398068,2.0
0.627157919777897,1.607812195336713,0.1671884332208968,0.025565492185674308,3.0
0.5435648550362112,-0.9671877479506934,1.338834550775933,-0.014694560285824226,0.0
-1.7317881816022174,0.05405027177316616,-0.005307729773865214,-0.049528604463346386,2.0
-1.7317881819363612,0.05404550994753017,-0.008236640074242026,-0.024115860167278815,2.0
-1.731788181841829,0.05405138875330736,-0.004386291810955566,0.030528066152856893,2.0
0.5435648549825229,-0.9671900731691161,1.334441770139034,-0.04655834725719431,0.0
0.5435648550164655,-0.9671896323268192,1.331718570647934,0.04614370729388085,0.0
0.5598736422949483,-0.6925157289101437,-1.4877304518552559,-0.01019629051973375,1.0
0.6271579195539494,1.6078131103385647,0.16082907412573955,-0.0123319587358339,3.0
-1.7317881813693485,0.0540497877885876,-0.011671262159269377,0.040527475826484256,2.0
-1.7317881815701377,0.05405199859004193,-0.012800764883579141,0.04460688174312918,2.0
-1.7317881809425637,0.05404869123649972,-0.0016265004584815645,-0.0033064271078101773,2.0
-1.7317881808339408,0.05405163221994799,-0.003072319188571703,0.013450457330619942,2.0
-1.731788181741592,0.05405194861879115,-0.004722309268152971,0.003619459346366717,2.0
0.5435648552377638,-0.9671882144907997,1.337896865159421,0.025691380104153984,0.0
0.5598736412110232,-0.6925151997700429,-1.4822206009004295,0.031188181334076224,1.0
0.6271579198033356,1.607811559675825,0.16181966532035869,0.010672416997242539,3.0
0.6271579197377214,1.607810279994119,0.1577191700685638,-0.07159920276827002,3.0
0.6271579199808415,1.6078114438552324,0.15760150580392146,-0.007729732337665177,3.0
0.6271579200741657,1.6078130991683166,0.16066189868653372,0.007730847382853092,3.0
0.6271579196523291,1.607808824318496,0.16214024495115542,-0.04718541947686083,3.0
0.6271579197877211,1.607810568387227,0.159628929275282,-0.02932783921441013,3.0
0.5598736408549342,-0.6925142293611543,-1.4825576707399248,-0.012580059315869528,1.0
0.5598736417335902,-0.6925149956475811,-1.480352446346678,0.012134181688890817,1.0
0.6271579199049088,1.6078120608964315,0.15844288696671302,-0.05141453166680063,3.0
0.5435648547524735,-0.9671892800263793,1.3280411746863836,-0.0441908760506637,0.0
0.627157919751919,1.6078073830296973,0.1613195517948793,0.008789801233274702,3.0
0.6271579195680694,1.607809802837839,0.15841564310515246,0.03270686525286111,3.0
-1.7317881814792528,0.05405358174774194,0.0028251305841482484,0.012345528461871914,2.0
-1.7317881812528388,0.05405106657793669,-0.008128181377798228,-0.0094215282886649,2.0
0.5598736413689132,-0.6925139107321174,-1.4716206779168672,-0.02525140940523329,1.0
-1.7317881816240672,0.05404758039415181,-0.009934559725746878,-0.05938855321208516,2.0
0.6271579204033267,1.6078092037253056,0.15873478516595307,4.5393670740978144e-05,3.0
0.5435648550783476,-0.9671910816583957,1.3317082827385143,-0.015765039231815194,0.0
0.559873641257315,-0.6925175426886029,-1.4765289791674565,0.027847541811827085,1.0
-1.7317881810031481,0.05405014328843957,-0.005002157395733991,0.02722473006462166,2.0
0.5435648549631983,-0.9671873657137815,1.3363047091401272,0.014408131131982874,0.0
0.5598736408372661,-0.6925166923976187,-1.4829106774404328,-0.007406237944356007,1.0
-1.7317881817417318,0.05404867801269354,-1.8789223769229884e-05,-0.08707160712751572,2.0
0.6271579194157534,1.6078111542213518,0.15719041921444826,0.01652746721389504,3.0
-1.731788181170192,0.05405179471751602,-0.008754369594804945,0.016517995400753115,2.0
0.5598736413661348,-0.6925188232960787,-1.476925922934026,-0.03500998869601376,1.0
0.5435648552424136,-0.967190945179474,1.3314968645027083,0.0016851126571031372,0.0
0.5598736414899131,-0.6925172368440689,-1.4770230079398052,0.02276805325199822,1.0
0.6271579196187428,1.6078140311167375,0.1573428427971692,-0.09272904024437166,3.0
0.5598736411981454,-0.6925142261997673,-1.4814657535042395,-0.060065909437612676,1.0
0.5598736413833583,-0.6925173183524976,-1.4859410644773783,-0.00014041526809261749,1.0
0.5435648547138409,-0.9671888396690337,1.3359214637776409,0.012347680375590779,0.0
0.5598736411007833,-0.6925174369085465,-1.4814976044012198,0.004871832908713615,1.0
-1.731788181152751,0.05404895560853653,-0.01668056580441566,-0.04215409950046891,2.0
-1.731788181590577,0.05405016078462856,0.0008025389396993354,0.01712899747759599,2.0
0.627157919353873,1.607812883717336,0.16025794778946595,-0.04158951267684627,3.0
0.6271579192531616,1.607807522365501,0.15794504592818745,-0.04277946983250678,3.0
-1.7317881810703535,0.05405323568538255,-0.006551084765865464,0.03966507319556927,2.0
0.5435648548784077,-0.9671892103479187,1.3407943023872209,-0.033902523450763535,0.0
-1.7317881820139125,0.05404983289170872,-0.010207648158218969,-0.0053202501711634735,2.0
0.6271579195654859,1.6078086685633812,0.16064989332401194,0.03961786065017655,3.0
0.6271579199550401,1.607809410098186,0.1614194381056956,-0.028019498580780327,3.0
-1.7317881810399953,0.054049785098046026,-0.0050505243920678415,0.014760382045346816,2.0
0.6271579200808381,1.6078117694283576,0.170349264932189,0.017279660519492725,3.0
0.559873641352336,-0.6925197742075258,-1.474991649151246,-0.0188297407522777,1.0
0.6271579198672265,1.6078139139649792,0.16132187240962717,0.047130509670844534,3.0
0.627157919389544,1.6078114970254633,0.15761702369411437,-0.005065985383244572,3.0
0.5435648555642277,-0.9671926870397949,1.3302724842304228,-0.05923967520656724,0.0
0.5435648545951312,-0.9671893269046922,1.3296223522316803,0.031464245906555964,0.0
0.559873641620854,-0.6925147578733051,-1.4815264383628928,-0.015791988827901646,1.0
0.5598736413310321,-0.6925174143864198,-1.4782302723038379,-0.019505114856744422,1.0
0.5598736414353543,-0.6925156241012145,-1.4804391385443787,-0.022518936559062036,1.0
0.6271579200055893,1.60781244865098,0.1559595116442921,0.0462025732487996,3.0
0.5598736417546801,-0.6925148656366735,-1.472009318542706,-0.025625627802941923,1.0
0.5598736418635759,-0.6925156122545318,-1.4812890014035165,-0.05015027839846575,1.0
0.5598736408477124,-0.6925148659374788,-1.476903819246221,0.0018712273739131383,1.0
0.5598736413136488,-0.6925127026159411,-1.4812594261140393,-0.027216954943258907,1.0
0.6271579198444791,1.6078105881942284,0.15900825750592493,-0.042558081647238774,3.0
0.6271579200356018,1.6078090882665481,0.1581737097406693,-0.007304603110439228,3.0
-1.7317881815202296,0.0540504414290815,-0.008130458178956754,0.0632640647248863,2.0
0.6271579200436689,1.6078123941557987,0.164581918443683,-0.0012436947874691444,3.0
0.5598736414319203,-0.6925134961019931,-1.4784787576199878,-0.008372346680670932,1.0
0.6271579198540008,1.607811311184224,0.1583987320986562,0.02590723144609759,3.0
0.5598736415623677,-0.6925146425730686,-1.4743840972363198,-0.015045454231186977,1.0
0.5598736408301158,-0.6925177764025073,-1.475749429681472,0.031763972083833636,1.0
0.6271579199378108,1.60781181296212,0.1637040225047978,0.002842403292209254,3.0
-1.7317881821426429,0.054051767938660567,-0.009097307247016349,-0.016669064418114797,2.0
0.6271579199373274,1.6078154183469862,0.15982721001410377,-0.04557429007498418,3.0
0.5598736411340319,-0.6925165907858528,-1.4816816854030708,-0.06412890015086774,1.0
0.5598736408379471,-0.6925148515825447,-1.4734717977541405,-0.04192798374754131,1.0
0.6271579200557721,1.607812576688055,0.16339393954927062,-0.043724353539544916,3.0
0.5598736411124784,-0.6925163597355927,-1.4768331478249959,0.02821325828558041,1.0
0.5598736413884701,-0.6925179060493246,-1.484165426329471,-0.01294603983383038,1.0
0.6271579197294507,1.607810349765218,0.16094726502504458,-0.0007079223721516301,3.0
0.5598736413133323,-0.692514808593868,-1.4757143876337777,-0.056893013254500045,1.0
-1.7317881810368383,0.05405121367486301,-0.008861266305441325,0.00010987486616206475,2.0
-1.7317881807010733,0.054051635104650095,-0.011637614061340139,-0.004132282303633811,2.0
0.5435648547303451,-0.9671912595602573,1.3292061714475802,0.08055246523860467,0.0
-1.7317881812842413,0.05405054724673632,-0.004261017281729337,0.018300757412730805,2.0
0.5598736409201708,-0.6925158282719848,-1.481677295245802,-0.10068578927245757,1.0
-1.7317881810430642,0.054049142557107466,0.0005431531415192727,-0.060685159461343834,2.0
0.6271579201907079,1.607813823637044,0.16245076860440508,-0.01885490004584882,3.0
-1.7317881812807974,0.05405081575807702,-0.008818955284106464,0.002257947894288005,2.0
0.5435648540098734,-0.9671890917499941,1.3277094762314638,0.0348050272787662,0.0
0.5598736416105121,-0.6925152337353057,-1.4740736249314743,-0.023955603332640903,1.0
0.6271579194253278,1.6078092267980495,0.17072071118967438,0.02645028958862826,3.0
0.5435648543547084,-0.9671928035934001,1.331824856584271,0.025567735254817404,0.0
-1.731788180887463,0.05405222259194467,-0.007453045046016227,-0.06361805948099947,2.0
0.5435648552601804,-0.9671882697901159,1.3318865495390853,-0.01940974835709154,0.0
0.5598736416421048,-0.6925173975562485,-1.475478624452214,-0.03156779005373505,1.0
0.5435648546145275,-0.967190161563951,1.327813615327821,-0.015015846074769693,0.0
-1.7317881809399542,0.05404837333107509,-0.005796232171870966,0.02961324792271681,2.0
-1.731788181664855,0.0540521843931405,-0.006561996764470714,-0.019151458175811847,2.0
-1.73178818144457,0.05404915924929819,-0.0018326964001747538,0.0004139736047543757,2.0
-1.731788181594457,0.05405006059882841,0.00020634711334096322,0.003040225191012527,2.0
0.5598736415712701,-0.692514804151155,-1.4785836049287329,-0.012440042325824692,1.0
0.5435648546888958,-0.9671922445067412,1.3279662453269203,-0.011311909018292089,0.0
0.5435648546391052,-0.9671927643532455,1.3337027260925005,-0.02585481658723229,0.0
0.627157920534977,1.6078124248978405,0.1577221219872413,0.014119687581242737,3.0
0.5598736414312626,-0.6925143996554767,-1.4735668830198465,0.010768408805556524,1.0
0.5435648549864812,-0.9671912873601555,1.331413689009627,-0.06248913560562368,0.0
0.6271579205897546,1.607814038100024,0.16235784752516136,0.001626991907075743,3.0
0.5598736421083638,-0.6925160517326945,-1.4788171340609588,-0.017896590689493157,1.0
0.5435648553421263,-0.967193797590594,1.3283611054886721,0.061497031945042246,0.0
0.5598736410410513,-0.6925183251600671,-1.4793366253331697,-0.057715797643957185,1.0
0.5435648544464546,-0.9671916423565973,1.3358893515741346,0.024289907701042498,0.0
0.5435648552399177,-0.9671882192130394,1.3279546542414713,-0.04208337534286089,0.0
-1.7317881806410609,0.054047154457362016,0.0005163644064173043,-0.011533869842020341,2.0
0.5598736412086023,-0.6925188171118347,-1.480774157518636,-0.00979802151272621,1.0
0.5598736413939519,-0.6925159665017763,-1.4775593339964332,-0.057668908338039025,1.0
0.6271579200579416,1.6078117309597024,0.16204269837542323,0.0040227919571876195,3.0
0.5435648543719821,-0.9671885388621406,1.338625919812295,0.023338264753167758,0.0
0.5435648547475299,-0.967186834896462,1.328651916514161,-0.022154656321876177,0.0
-1.7317881808469249,0.05405144451421759,-0.00795598940507685,-0.06993545994929926,2.0
0.5435648553222272,-0.9671919027673929,1.3379734897890678,0.016254529196219326,0.0
0.5598736416117677,-0.6925153182078461,-1.474701773801928,0.03089156748632624,1.0
0.5435648551757748,-0.9671893951971975,1.3283239795693913,-0.01524120572439025,0.0
0.5435648544580947,-0.9671905410972786,1.337651880241321,0.04954622016580699,0.0
0.5435648549087098,-0.9671913622724325,1.3295571062136022,-0.04848753618750517,0.0
-1.7317881811183584,0.05404961745043332,-0.012617476840590369,-0.005427436027133776,2.0
-1.7317881810643834,0.054049964685254956,-0.007895828571054034,0.025247421811442496,2.0
-1.7317881811491902,0.0540482870684934,0.0017069659114117034,-0.011435199120131743,2.0
-1.731788181619521,0.05405363496063084,-0.007795324049156195,0.08956098005844211,2.0
-1.7317881815715401,0.054051649297738515,-0.00706681821942238,0.029800830270551505,2.0
-1.7317881814432725,0.05404973501738408,-0.002224897262524829,0.04837991582213572,2.0
-1.7317881816645486,0.05405212925919583,-0.007700182672532355,0.04366560886191977,2.0
0.6271579196425335,1.6078098327010613,0.16024890285700955,-0.024688648632438807,3.0
-1.7317881814201344,0.054051734460518586,-0.004335116583667947,0.015102775559490746,2.0
0.5598736420734511,-0.6925131540456868,-1.4748078099046737,-0.04364836257422678,1.0
0.6271579202312313,1.607809709960866,0.15590550243904014,0.034630745912619436,3.0
0.5435648542817343,-0.9671899317279176,1.3282171770202083,0.012377379959735684,0.0
-1.7317881813379912,0.054053553262027536,-0.00462947666413479,0.015495894202226263,2.0
0.5435648542045365,-0.9671889939334375,1.3322825500416617,0.031097546439617325,0.0
0.5435648548840868,-0.9671907048697282,1.3262336161571913,-0.001999480236553948,0.0
-1.7317881809747795,0.05404886953377593,-0.0038626151773392533,-0.0011135991474899379,2.0
-1.7317881817909053,0.054050480742295286,-0.0031597307421546116,0.05109631983798821,2.0
0.5435648549293686,-0.9671943216918225,1.3279488870560598,-0.056759835646888315,0.0
0.6271579195737451,1.6078112724923117,0.1616282509840875,-0.01429039403864993,3.0
-1.7317881819557464,0.054048157081826774,-0.007536063404137915,0.07330904403285722,2.0
-1.7317881813501024,0.05405145041689237,-0.0027194842206001734,0.010764518995412043,2.0
-1.73178818119752,0.05405052524058416,-0.003990968614498191,0.0038640985403794446,2.0
0.5598736414835357,-0.6925130851239825,-1.4825705811789522,-0.003963043556071347,1.0
0.5598736410308562,-0.6925164635381194,-1.4748245211376476,-0.04163034436319359,1.0
0.5435648551787643,-0.9671879197190777,1.3399821512642047,0.010210203819394114,0.0
0.5598736409882803,-0.6925140303285736,-1.476662900051878,-0.002330597323191572,1.0
0.5598736413469246,-0.6925165385696443,-1.4819039144578878,-0.042132098870234565,1.0
-1.731788181305449,0.05405250974364545,-0.005533548528530968,-0.005404781661077349,2.0
-1.7317881819035812,0.05405054170697764,-0.004126171308909568,-0.018531005551742263,2.0
0.5435648542908253,-0.9671911510796269,1.3286266948598746,-0.07680954004631896,0.0
0.5435648552645199,-0.9671913473685615,1.3341757174317441,0.003976991992348601,0.0
0.5598736414613702,-0.6925168875179745,-1.4762283803278404,0.02714342389520101,1.0
0.627157919698033,1.6078124210578297,0.16250439153082372,0.009338545356030372,3.0
0.5435648547001811,-0.9671865502256781,1.3369644906027833,0.0032010100092231745,0.0
0.5435648552124154,-0.967187059889075,1.3351249969167032,0.047344945878772526,0.0
-1.731788180761426,0.054049190585201974,-0.011626561093393646,0.03753453996624337,2.0
-1.731788181105544,0.05405382765915169,-0.006882485782997334,0.0014978148268856542,2.0
-1.7317881813767932,0.05405134976132656,-0.00715223751356822,0.021281019904333075,2.0
-1.7317881812125944,0.05404798599058701,-0.00647170541222999,0.01926050735960067,2.0
0.5598736418122983,-0.6925150669223255,-1.482499038787507,-0.034755372469281925,1.0
0.6271579197636664,1.6078108869394587,0.15760945663735834,-0.030265847715474286,3.0
-1.7317881808188769,0.05405538415924074,-0.003394272714328271,-0.07422006891504779,2.0
-1.731788182326093,0.05405140068928074,-0.0015308128193285268,-0.02281254787999263,2.0
-1.7317881810391385,0.054048715742527,-0.0015018972569514053,-0.07477148687668256,2.0
0.6271579201316396,1.6078130340561343,0.1598111838863662,0.002887585614020947,3.0
0.5435648546844506,-0.967191811449543,1.333951713912074,-0.058462742846552035,0.0
0.6271579192858077,1.60780724032129,0.15723626707464822,0.022419922283573424,3.0
0.5598736415436962,-0.6925146619088455,-1.478605615397844,-0.08688893276967447,1.0
-1.7317881812739,0.054048653467854195,-0.004179607776398594,-0.03007764869347045,2.0
-1.731788181901451,0.05405016233294948,-0.0017844144660708182,-0.010654192945200487,2.0
0.6271579195351608,1.6078077839740517,0.1620443493623095,-0.024587081431753446,3.0
0.5435648548877254,-0.9671898162179283,1.3314657089029927,0.017768410544981215,0.0
-1.7317881816099971,0.0540490514683774,-0.0061043994923854344,-0.01057610459115882,2.0
0.6271579193922877,1.6078113354622814,0.16800648652271943,0.03045450151462996,3.0
-1.7317881811746088,0.054047036638769155,-0.005503382495159543,0.07647341196835772,2.0
0.5598736409349818,-0.6925159096679315,-1.4796250321095088,0.049104803097283954,1.0
0.5598736405950118,-0.6925157337410996,-1.4796921408764945,-0.0616443897414651,1.0
-1.7317881807491016,0.054050129098979105,-0.013530463832935245,-0.018666422041689074,2.0
-1.731788181499557,0.05404969168366596,-0.011139446852607697,-0.005054511069137329,2.0
-1.7317881808414337,0.05405135278628877,-0.00232471697697879,-0.001338702704807433,2.0
0.6271579198671203,1.607813904790234,0.16198319142698978,0.01044135304815165,3.0
-1.7317881812722908,0.054051246704876925,-0.016551515563080387,-0.00038629076900145785,2.0
0.5598736417491041,-0.6925147590420053,-1.4766945371703888,0.05995380241767704,1.0
0.6271579195134364,1.6078132533659513,0.16380172236329926,0.08685761470437982,3.0
-1.7317881818514764,0.054051621934190226,-0.005771460826002524,-0.024254943534117362,2.0
0.559873641291935,-0.692517247220704,-1.4750671580312378,0.013240984546387209,1.0
0.5435648544248112,-0.9671897796218476,1.3328364724090913,-0.0006793471323209066,0.0
0.5435648548189959,-0.967190426782214,1.3282328487981503,0.0072795495082919135,0.0
0.6271579200158434,1.607810314078528,0.1612452758130001,-0.048325682094190796,3.0
0.6271579202638055,1.6078139830994762,0.16056287885527357,0.03808706254270892,3.0
-1.7317881810403477,0.054050302958332616,0.00551592819757946,-0.060589050248264394,2.0
0.5598736412849487,-0.6925124213008719,-1.4803961923211062,0.011700637866445816,1.0
0.5598736411904587,-0.6925181381063136,-1.475577253523753,-0.007757151629606517,1.0
0.6271579201805444,1.607809762033713,0.16895986185944548,-0.03871848022971681,3.0
0.5598736418847993,-0.6925144109989104,-1.47939310282687,-0.0299184832974279,1.0
-1.7317881812233147,0.05404924031212042,0.00201251011013812,-0.03992085531929406,2.0
0.543564854520636,-0.9671888839663663,1.338980585112135,0.03760198586213157,0.0
0.5435648541276316,-0.9671904142230288,1.330380380262817,0.04542954821131752,0.0
0.543564854216948,-0.967191466020354,1.330613777297013,0.033846687044670226,0.0
-1.7317881808253652,0.05404898982228249,-0.006267293905902519,-0.03141843328836231,2.0
0.6271579199783857,1.6078110409069308,0.15781895357821696,-0.0028653897807482524,3.0
0.5435648547356166,-0.9671909214814767,1.3321381449137415,0.05654334825291052,0.0
-1.731788181196079,0.05405312078888578,-0.00595759735169145,-0.046626074147133816,2.0
-1.7317881811090057,0.05404977006766502,-0.003686337850221321,-0.057033630996746285,2.0
0.627157920028653,1.6078113794086313,0.1657857183411284,-0.03702183782154208,3.0
-1.731788181142859,0.05404847446190283,-0.0017288957429451976,-0.017709190030110934,2.0
0.5598736417238701,-0.6925168715453117,-1.4757406872737464,0.028091630501704233,1.0
0.6271579192012123,1.607812457512561,0.1626230237215002,-0.021980651570566206,3.0
0.5435648552673281,-0.967188326404563,1.3306546639980625,-0.041113610545815686,0.0
-1.7317881820494645,0.05404953737689654,-0.0016282166459056586,-0.024174572075603022,2.0
-1.7317881814261995,0.05404967843505649,-0.004702740923904983,-0.018845163764693185,2.0
-1.7317881812238693,0.054050295009828865,0.0016029700211599653,0.04131456246909671,2.0
0.6271579201941099,1.60780872402877,0.16279086237565493,-0.06341047381365424,3.0
0.6271579199151146,1.6078104818579981,0.15697504022376807,-0.0031259658091716404,3.0
0.6271579196630781,1.607811631070235,0.15761632648949617,-0.008464828507033943,3.0
0.5435648547386288,-0.9671896889785739,1.3298318839434364,-0.03428546974834825,0.0
0.5435648547729107,-0.9671919193525401,1.3323782831813515,0.010521888688491302,0.0
0.543564854569066,-0.9671896949972093,1.3327518562838878,-0.0222727539731944,0.0
-1.7317881812054567,0.05405089052190791,-0.008193957642040384,-0.014413248960911356,2.0
0.6271579194898499,1.6078128144254824,0.1606856588018422,-0.01672374272280269,3.0
0.5598736413305818,-0.6925159465474802,-1.4782873294319439,0.010689622977433998,1.0
0.5598736419437966,-0.6925140864109355,-1.477724193927019,0.0038811325932053345,1.0
0.6271579199072499,1.6078134263625954,0.15337477301734354,-0.0407547712771239,3.0
0.6271579194804116,1.6078116141218557,0.16312235244568155,-0.01852162422968691,3.0
0.6271579198028078,1.6078078072969972,0.15732707677239957,-0.010596868847698187,3.0
0.6271579201956206,1.6078090319770375,0.15324385357147133,0.0023846177348859727,3.0
0.627157919641589,1.6078100930807953,0.16266338054439095,-0.01280929220707991,3.0
0.6271579196507333,1.6078141802941406,0.15806871128337005,0.052359897000926685,3.0
0.6271579195364434,1.6078093980989026,0.15657681517760177,0.04183347776376588,3.0
0.5435648545985279,-0.9671902703562553,1.328759206403018,0.09696825389841351,0.0
0.5598736414448992,-0.6925156809697338,-1.477501022797211,0.017140928079619807,1.0
0.6271579199267995,1.60781036359772,0.15388575674927096,0.04408962366098871,3.0
-1.731788181343385,0.054045514672509724,-0.00373724090874875,0.0008760408434089469,2.0
-1.7317881815803926,0.054049453330385175,-0.0050187100810396785,0.017214544111475782,2.0
0.5598736411966637,-0.6925155678618865,-1.4855209038998294,-0.02210624141668435,1.0
0.5598736422025645,-0.6925178801161364,-1.4816082126340253,-0.023634688896084586,1.0
0.5598736416359146,-0.6925154106526493,-1.4792506507422396,-0.09174225834335258,1.0
0.6271579197559619,1.6078081212173823,0.1622251267837901,-0.02665965122832175,3.0
0.5435648541976016,-0.9671921890985911,1.3333037570987087,0.024085282244789903,0.0
0.5435648545864866,-0.9671931945229034,1.3324284564989146,0.008003848249550114,0.0
0.5598736409379155,-0.6925157641496685,-1.4804522364573094,-0.02116487689311245,1.0
0.559873641363939,-0.6925164498648974,-1.478836616730975,0.006139020134289247,1.0
0.5435648549796217,-0.9671872460680959,1.3359051199439744,0.02789334473424124,0.0
0.627157919941671,1.607814760676501,0.15819627518637328,0.0092182940663894,3.0
-1.7317881819374998,0.05404891595947074,-0.013463291683559725,-0.06614777268961343,2.0
-1.7317881813135747,0.05405061257379942,-0.0074434013930297395,0.030739160865809422,2.0
0.6271579201376133,1.6078152600755116,0.1569390861207642,0.032592936173322117,3.0
0.5435648546930597,-0.9671898614472442,1.3356704824951504,0.034349210835906564,0.0
0.5435648546791632,-0.967190473419806,1.330237251880886,0.07684151581567478,0.0
-1.7317881816860223,0.05404780915055668,-0.0018090812663657814,-0.009980515620938185,2.0
0.5598736415336145,-0.6925159508393283,-1.4736746932289342,0.002166527128236635,1.0
0.5598736414545876,-0.6925145164032462,-1.4767835982011943,-0.02659595326428046,1.0
0.6271579204141143,1.607811352864206,0.15597526806665507,-0.012445074621192835,3.0
-1.7317881808535758,0.05405244691612441,-0.0048090199277652105,-0.008665096100998387,2.0
0.559873641936287,-0.692514493755701,-1.4771692989173577,-0.00029689248012449034,1.0
0.5598736416012634,-0.6925177780130944,-1.4792415341512444,-0.037344491453875854,1.0
0.5435648553938838,-0.9671900000594129,1.3334928440503382,0.012463302356547476,0.0
0.5598736413824323,-0.6925162912124857,-1.476469669805323,-0.04883339328676527,1.0
0.5435648541422459,-0.9671892258019992,1.3340831196834682,0.04945694805413779,0.0
-1.731788182051174,0.05404984513715164,-0.005406110425860153,-0.022155845914798418,2.0
0.5435648549279624,-0.9671897102928082,1.3298698466990178,-0.03279560151758648,0.0
0.6271579196082405,1.6078127827376731,0.16373219151672772,0.016521327085882144,3.0
-1.73178818179577,0.05405085390211483,-0.005135038624521841,-0.028392660366349482,2.0
0.5598736405236393,-0.6925162807214359,-1.479488149711408,-0.06126023560865048,1.0
0.6271579198612057,1.6078114206588703,0.1591023369959134,-0.02155949777250794,3.0
0.5598736409245642,-0.6925160414794151,-1.4831808492823608,-0.02648857614448512,1.0
0.5598736418955703,-0.692515846103473,-1.4869223506288058,-0.07420763653855163,1.0
0.6271579199784512,1.6078113629661297,0.15744617233966532,0.009275792798661822,3.0
0.5598736414155963,-0.6925165485408861,-1.4729823105550364,-0.06209040478245955,1.0
0.5435648546604338,-0.9671894232187603,1.3300332893224533,-0.0030679245296839444,0.0
0.6271579203425914,1.6078130055600328,0.15590979644157596,0.013713504972679617,3.0
0.6271579207529202,1.6078092003005495,0.15755227648906972,-0.0178693625073135,3.0
-1.7317881815821692,0.05404907039358608,-0.006897112850466441,0.0025620159805278477,2.0
0.6271579194936211,1.6078139200407742,0.1647787293947069,-0.019393922032625632,3.0
0.6271579200557335,1.6078124870294965,0.16024451897058395,0.0031118058426973,3.0
-1.7317881809366567,0.054049663413383214,-0.01303213353496069,0.026949167388019297,2.0
0.5598736416065097,-0.6925137794075933,-1.475195810275715,-0.0696756888484595,1.0
-1.73178818226511,0.05405169259262198,-0.004701246703444095,0.015281437030422135,2.0
0.5598736414237468,-0.6925166184807889,-1.4748678611424404,-0.020640164847239805,1.0
0.6271579194095548,1.607811191644224,0.16439108522362864,-0.021969948689737555,3.0
-1.7317881810013336,0.05405284116549205,-0.014160173349172949,-0.0433231969535398,2.0
0.5435648550730947,-0.9671882278015927,1.3412145271854738,-0.039850195375815856,0.0
0.6271579193958916,1.6078117198923765,0.15454232868516654,0.03798560808326047,3.0
0.6271579198014764,1.607811376537662,0.1551552593619652,-0.004464678072657412,3.0
0.6271579196623399,1.6078088975723395,0.158896906327218,-0.03515893636362958,3.0
-1.7317881817133063,0.05405022745731102,-0.0056574217887179375,0.019037930600361685,2.0
-1.7317881814913054,0.054050123632085306,-0.007305663809306676,-0.037151464213716234,2.0
-1.7317881816172984,0.05404984009479682,-0.005357816596705886,0.07244679335234648,2.0
0.5598736417521781,-0.6925161652552947,-1.4745403268297224,-0.030408127620745302,1.0
0.5435648546778741,-0.9671899189732351,1.331918833468619,0.09310708391832716,0.0
0.5598736418360701,-0.6925163592721638,-1.47662624924376,0.013669765662591435,1.0
-1.7317881812457694,0.054050341657180555,0.0007928232498795003,0.01175581537657265,2.0
0.5598736413507585,-0.6925191820044706,-1.4811095701032564,0.01893813356860722,1.0
0.559873641110704,-0.6925137697027063,-1.4811908035806611,-0.07929195744262724,1.0
-1.7317881812236893,0.05405079751646656,-0.007071968406414741,-0.05257812212410646,2.0
0.5598736417286784,-0.692517156851582,-1.482537737506872,-0.0300737168211323,1.0
-1.7317881817768697,0.054050121023514426,0.0013888959808376032,-0.05571945484716249,2.0
-1.7317881811930407,0.05405239193699628,-0.0005148729411193694,-0.016670360872617754,2.0
0.6271579196298565,1.607810686824134,0.1608959936470017,-0.012849081325945396,3.0
0.5598736416473531,-0.6925151098867359,-1.4769435631403265,-0.03169395138875566,1.0
0.5598736413211628,-0.6925144466569896,-1.4802255380819098,0.021691735082827394,1.0
0.5598736413666177,-0.6925136167564906,-1.4799168555883973,-0.03560092501903052,1.0
0.5598736412788123,-0.6925188744840364,-1.474670337177635,0.009356911427930397,1.0
0.5435648544153879,-0.9671917375622255,1.3354468430471498,0.003869556738420754,0.0
-1.731788181174931,0.05405073210861627,-0.0037724513659646752,-0.0021874246574224055,2.0
0.5435648548028068,-0.9671902016952577,1.323398919778256,0.002553164967444695,0.0
0.6271579194199954,1.6078147467032393,0.1629936068071404,0.009220000827692344,3.0
0.5598736413663112,-0.6925153158416972,-1.4813945285471202,0.009921188893030196,1.0
-1.7317881816862006,0.05405012987963426,-0.00977722630127278,-0.02306446763070844,2.0
0.6271579201681184,1.6078080665553083,0.15712251519687948,0.04554897404106663,3.0
0.62715791979177,1.6078116361875272,0.16265564015205897,-0.027450322531787967,3.0
0.543564854624692,-0.9671914337920595,1.3336521534285257,-0.036163046284013345,0.0
0.559873641769665,-0.6925146448504974,-1.4774195371960481,0.014405015632114491,1.0
-1.7317881814749996,0.05404578938164169,-0.0038207544019906933,-0.015669851582041285,2.0
-1.7317881818459522,0.05404994486950461,-0.006246978001067736,0.044298027873280604,2.0
-1.7317881815613978,0.054049892850855784,-0.0053453269337240305,-0.02891474092855009,2.0
-1.731788180944006,0.054050704735520476,-0.0046646278179492805,-0.05054142043621139,2.0
0.5435648548807104,-0.9671876215135468,1.335030554044669,-0.0176259878893251,0.0
0.5435648549871211,-0.9671892475114233,1.3331731252359549,0.0643639904492628,0.0
0.559873640811275,-0.6925151194093601,-1.476678427905943,-0.009921990635649957,1.0
0.5435648547195125,-0.9671894752735387,1.3342072246321297,-0.014418086806048351,0.0
0.6271579200289101,1.6078102345987666,0.15592360675730993,0.06273362698379834,3.0
0.6271579200334823,1.6078102959074123,0.16219983100138172,0.005107611527999161,3.0
0.5598736413829223,-0.6925172907782144,-1.4782090412137132,-0.03998048800552695,1.0
0.6271579200263487,1.607813184984884,0.1639738435993403,-0.008932828165495026,3.0
0.6271579196184442,1.6078105036621715,0.16024734185885903,-0.027896673099168344,3.0
0.6271579199573427,1.6078116344142577,0.1622953240898968,-0.026995694847171896,3.0
0.6271579200260475,1.6078101537596206,0.15668924108673613,-0.00973203572205462,3.0
-1.7317881817735987,0.05404760954992442,-0.007681713986061195,-0.01784945265811812,2.0
0.5598736410114942,-0.692516033074667,-1.475191031222735,-8.308451373044139e-05,1.0
0.6271579197218419,1.6078128973844439,0.16133074638384118,0.012451489237858661,3.0
0.6271579194375513,1.607811179060448,0.1601371085200295,-0.061914728791186764,3.0
0.5598736417520753,-0.6925151953746461,-1.476203072111892,-0.03958941455398283,1.0
-1.731788181492546,0.05405025142090793,0.0006644777557655297,-0.03758578738966222,2.0
0.627157919665977,1.607811948933551,0.16165648209564576,-0.01496487711692525,3.0
-1.7317881816215466,0.05405172659013679,-0.008508035636098912,-0.029999835567340913,2.0
-1.7317881812719393,0.054049275719548914,-0.003013904426875033,0.02649107129149229,2.0
0.5435648552452347,-0.9671906100496662,1.3273126827910302,-0.003683584617535845,0.0
-1.7317881819471113,0.054048178383660925,-0.004797309553797908,-0.02018470506417665,2.0
0.6271579194277459,1.6078107645178368,0.1629280287564486,0.04006784925768766,3.0
0.5435648543145143,-0.9671912730355786,1.323380668875757,0.03828508252441402,0.0
0.5435648544681703,-0.9671911721067024,1.3300368958637356,-0.05196459769725688,0.0
0.6271579193063586,1.6078100795568429,0.16680684431596207,-0.014819929627997813,3.0
0.6271579196409396,1.6078095549296585,0.15886467531781717,0.010933099722610449,3.0
0.559873641367617,-0.6925151984092096,-1.4775962046596804,-0.03951162555417131,1.0
0.627157919479246,1.607808235941305,0.15935402601649565,-0.03894483915868217,3.0
-1.7317881813886402,0.054047552729962936,-0.00989567307659472,0.007707624943475639,2.0
0.5435648542655084,-0.967188218478453,1.3363713294853055,0.06291039079242987,0.0
0.5598736417766466,-0.6925117400370333,-1.480551140829276,-0.006630589379817523,1.0
0.6271579198250686,1.607810525501241,0.1555074902300626,-0.013857088403915429,3.0
0.6271579195324074,1.6078108343945736,0.1616450107293095,-0.05054089107641729,3.0
0.5598736408244203,-0.6925195100330342,-1.4772367845337813,-0.01831262994154958,1.0
0.5435648543760757,-0.9671896219887917,1.3300349660267163,0.06305471574973055,0.0
0.5435648549460236,-0.9671897237714636,1.3363919459189042,0.06971028391450404,0.0
0.6271579193298888,1.6078092671444786,0.1600493693464047,0.03188890054905092,3.0
0.6271579197026994,1.6078128187062464,0.15938565230793586,0.012824025486431813,3.0
0.5598736422096404,-0.6925175488797519,-1.4710480275030813,-0.000983594210483853,1.0
-1.7317881819007173,0.054049028084499524,-0.008000960997572784,-0.013284019374967967,2.0
0.5598736416035355,-0.692515582012654,-1.4750364279906454,-0.03999278137373275,1.0
0.5598736412542366,-0.6925169705126749,-1.4804205283983398,5.6666189164682056e-05,1.0
-1.7317881812273357,0.05404794215213515,-0.0033434377513500437,0.020759989800246872,2.0
0.5435648540069896,-0.96718702627283,1.3256487663622885,0.025968162937561837,0.0
0.5435648548565714,-0.9671927748758502,1.334494983605297,0.0015390181471435487,0.0
0.559873641888752,-0.6925175920083921,-1.4835717385238645,0.01387638556031285,1.0
0.5598736417094838,-0.6925141403239279,-1.4813438708681066,0.02990079627337892,1.0
0.6271579201919729,1.6078100159660917,0.15826700825979037,0.018140117360676878,3.0
0.5435648547378521,-0.9671864559856983,1.3284447717892116,0.0026003772204857035,0.0
0.5598736414949229,-0.6925168087068119,-1.483672696212534,0.04227205797138517,1.0
0.5598736412466049,-0.6925162034937961,-1.482620095382621,0.02719367155754655,1.0
0.543564854607856,-0.9671923786307701,1.3341043526624843,0.037513785662257694,0.0
0.5435648543109437,-0.9671910546355127,1.3340562384107477,-0.02088701445032965,0.0
0.5598736415904543,-0.6925184947243973,-1.4806820878602809,0.04421932599981386,1.0
-1.7317881820727887,0.05405049217771751,0.0004191015884556809,0.029026846611685895,2.0
0.5435648545668438,-0.9671905990946945,1.3346823085606212,-0.015079566065535172,0.0
0.5435648550781783,-0.9671892710998596,1.3324729443736256,0.011774649244892221,0.0
0.559873641021579,-0.692514930955407,-1.4806955998270308,-0.01569396330112465,1.0
0.543564854157249,-0.9671875242878116,1.3375351050123938,0.04638460528470117,0.0
0.5435648544284953,-0.9671888930460418,1.3333775893955058,-0.012758851094940996,0.0
0.5598736413621727,-0.6925148671722056,-1.4751838095031373,0.014810449948768631,1.0
0.6271579198290268,1.6078127998754916,0.16261652679363547,0.0011105485073073522,3.0
-1.731788180753192,0.05404847529294339,-0.008107703015034821,-0.06528905350174644,2.0
-1.7317881815047582,0.05405505766276817,-0.0014695810925881474,-0.043908327568973095,2.0
0.559873641880076,-0.6925129242385321,-1.4756305978453534,0.013496542926081025,1.0
-1.731788181382782,0.05405230740823121,-0.010597083262279174,0.06960664857692936,2.0
0.5435648544592144,-0.9671889878829939,1.3332952557767548,-0.018106326607589814,0.0
-1.7317881814695144,0.054049127966798644,-0.0063001504401033505,-0.04223805362332291,2.0
0.5598736416758057,-0.6925160381093198,-1.4795594123787819,-0.017451300995083425,1.0
0.5435648554834973,-0.967188970493977,1.3296494833125507,0.009245865043233109,0.0
0.627157919582597,1.6078117267606342,0.16231391931257438,0.0418429592357066,3.0
-1.731788180788014,0.05404931076870455,-0.005113638191353484,-0.030416251243143344,2.0
0.5598736416164632,-0.6925160140389082,-1.483702982494901,0.01586039294029394,1.0
0.5598736414746501,-0.6925133161622384,-1.4820458289325547,0.01296617666793736,1.0
0.6271579201145336,1.607810168672004,0.16237181990398397,0.05474258456876691,3.0
0.6271579198588765,1.607812202168484,0.16464505413373684,0.0028421172512840525,3.0
0.5435648552067562,-0.967189028020092,1.3319011104706964,-0.03025421835724567,0.0
0.6271579198992014,1.60780968488454,0.15651336340390132,-0.013585396872671227,3.0
0.543564854566454,-0.967189246154718,1.3352678534705633,-0.03911403469698189,0.0
-1.7317881808903322,0.05405140737501794,-0.00813949336604274,-0.04219452237410464,2.0
0.6271579197821979,1.6078113649878638,0.16481672779407933,0.04843298968962169,3.0
-1.7317881812648765,0.054049568611641875,0.0001577868751849083,-0.0025476602159464298,2.0
-1.7317881812121318,0.05404979237079259,-0.009619664140250039,0.022210184112483114,2.0
0.5435648546699251,-0.9671919065980485,1.3337328876186012,-0.011264419085788494,0.0
0.5435648546016852,-0.9671896320905085,1.3258626280607924,0.058268101839767876,0.0
-1.7317881821283643,0.054050383242365385,-0.0036143097466519274,-0.03489370573341622,2.0
0.5598736418856926,-0.6925202035379902,-1.479052185231074,0.01919949399636705,1.0
0.5598736421128461,-0.6925186583448544,-1.4767385100390233,0.003970565450376137,1.0
0.5435648548327131,-0.9671902451125901,1.3279146809259175,0.049964028105960255,0.0
0.5598736419732675,-0.6925158316560605,-1.4786018967328594,0.01795498291633339,1.0
0.6271579194029037,1.6078120993638991,0.1629136116426645,-0.061067116014607785,3.0
0.559873641492522,-0.6925186927443219,-1.4810327514831227,0.05312991277177141,1.0
0.5598736408742757,-0.692516334536075,-1.4725008059087543,-0.04272227704238118,1.0
-1.7317881818545753,0.05404911223346162,-0.006403060782280148,-0.06781200196716371,2.0
0.5598736413757286,-0.6925171403837204,-1.4797921993272978,-0.032670989293491964,1.0
0.5598736413030718,-0.6925154777025336,-1.4820796763286872,-0.027631114752864058,1.0
-1.731788181601612,0.05404960007913185,-0.0022999262530806444,0.05279438453047079,2.0
0.6271579203718969,1.6078123069175578,0.15630868316953947,0.028996711025832383,3.0
-1.7317881807311404,0.0540510409008975,-0.005509518048661054,0.030392895000742413,2.0
0.627157919645468,1.6078101295855904,0.16369025667807274,-0.037619333516071864,3.0
0.6271579195529019,1.6078095957391911,0.15849020091262164,0.015146802048892771,3.0
0.6271579197796653,1.6078099902632639,0.16244416300163428,0.02536261198909632,3.0
-1.7317881813032074,0.05405077213402133,-0.004619182461952321,0.02596725463887997,2.0
0.5435648543667331,-0.9671893108885562,1.332540638463681,-0.027592361133611593,0.0
0.5598736416595567,-0.6925145892102359,-1.476795868818026,-0.02695558082169824,1.0
-1.731788181023397,0.05404818604161579,-0.004252131936305026,-0.016991658537163324,2.0
0.5598736412967575,-0.6925140986215216,-1.4795770342548955,-0.06303338665102154,1.0
-1.7317881816372125,0.054048991708566,-0.0014503963490264278,0.03339980332075821,2.0
0.6271579195515896,1.6078100576974892,0.16259720498160155,0.0012135905328133705,3.0
0.559873641466457,-0.6925152730553557,-1.4723134572342143,0.0012539995253279385,1.0
-1.7317881822146735,0.054051432853590715,-0.010075103900132757,0.014670590712021498,2.0
-1.731788181790463,0.054050665675990275,-0.002685777025965108,-0.01103762636832184,2.0
-1.7317881808658737,0.05404873443723985,-0.009812217799919002,-0.008564114438758057,2.0
-1.7317881815558098,0.05405009312617685,-0.003959681956284436,0.028014783051292045,2.0
0.5435648550321257,-0.967189974684184,1.3386107759692873,-0.011525138631081754,0.0
-1.731788181250732,0.0540508715958192,-0.004085594014564195,0.01335008535428827,2.0
0.5435648554760893,-0.967192351223421,1.3298546444020531,0.056675451625747296,0.0
0.5435648552825949,-0.9671894322751641,1.3320753589808918,-0.014691754505682613,0.0
0.5598736418706208,-0.6925167635077905,-1.476254945333735,-0.025026834397621125,1.0
0.6271579201015312,1.6078149969005746,0.1631873863240421,-0.03821815075023431,3.0
0.5435648540613869,-0.9671901630596159,1.3353020032920342,-0.012166472107502877,0.0
-1.7317881815898222,0.05405125664627052,-0.002832592657495892,0.0006193028244761016,2.0
0.5598736415403329,-0.6925168067844144,-1.476319310646629,-0.052369320333212906,1.0
0.5435648547635329,-0.9671892055257808,1.3339484176207206,-0.024277062644465736,0.0
-1.7317881815095804,0.05405135533417139,-0.0016921481805975609,-0.03983455301724288,2.0
0.6271579203227159,1.6078118363943554,0.1615948882866723,0.02715196150345511,3.0
0.6271579195512266,1.6078108351910458,0.15836169838679465,-0.026078514825762893,3.0
0.6271579197576189,1.6078123969899738,0.1605483723636923,0.009140051784243852,3.0
-1.7317881815454619,0.0540519354291415,-0.005811014246182795,0.031999302863507044,2.0
0.6271579201362631,1.6078112567832032,0.16069299301082426,-0.014826864211749835,3.0
-1.7317881814329839,0.0540539513099533,0.004440842364784601,-0.008150740936805258,2.0
-1.731788181416651,0.05404797006903199,-0.011819910588820138,-0.01988054179179133,2.0
-1.7317881822113743,0.05405017921164907,-0.006709271155625483,-0.05508418680016063,2.0
0.6271579196730216,1.607810850046677,0.1583842100125304,0.028243236796079825,3.0
0.5435648549032756,-0.9671907243252185,1.330028303708545,-0.026335039612628338,0.0
0.6271579192570599,1.6078130461531939,0.1610196537323711,-0.020757009860365654,3.0
0.6271579197855282,1.6078127589821956,0.15779204633062574,0.012189103796672762,3.0
-1.7317881809667703,0.05404835672898628,-0.00026743742515978567,-0.0047147958144603255,2.0
0.5435648545815857,-0.967188369716099,1.3360570564226142,0.04332513887498121,0.0
-1.731788181249327,0.05404922356893499,-0.005453729814223366,0.02155103474473854,2.0
0.6271579201977052,1.6078116788252328,0.16587005894154314,0.012816840436916652,3.0
0.5598736413342318,-0.6925163822411746,-1.48294500949964,-0.020858913242268184,1.0
0.6271579203610687,1.6078127569453464,0.16871540478701816,-0.030635955354126804,3.0
0.6271579197644181,1.6078114956852099,0.15542370078039552,-0.0005596673666896421,3.0
-1.7317881810179259,0.05405013685423696,-0.0042890485462589,-0.0047794551849289135,2.0
0.5435648547509906,-0.9671903334260956,1.3353101388507944,0.007484377696235544,0.0
0.5598736413619089,-0.6925140053133172,-1.4830812532496367,0.03103749353949174,1.0
0.5598736417623287,-0.6925160983436853,-1.4766672070637892,0.027665854069891766,1.0
0.6271579199384503,1.607811286010706,0.1622747130578558,-0.07916925839733252,3.0
0.6271579197226361,1.6078097754713958,0.1581141052242177,-0.07185035972702972,3.0
0.5435648547515571,-0.9671908429710946,1.3313684883741594,0.04269912542239536,0.0
-1.7317881814402423,0.05404976623783721,-0.005109360436077318,-0.031754088701424064,2.0
-1.7317881820263465,0.054050555903648836,-0.0005406202720531384,0.006395419786777611,2.0
0.5435648549307239,-0.9671875347202684,1.3279357991963567,-0.06610499936499827,0.0
-1.7317881812964426,0.054052517210147775,-0.006743761071799137,0.004132101640793603,2.0
-1.731788181305356,0.05405054337901054,-0.0029622225858201147,0.01505469968575238,2.0
-1.7317881817707104,0.0540524106969809,-0.002689008417272417,0.04317223803849134,2.0
-1.7317881817391132,0.05404866564388191,-0.0016677052039186162,0.05392807346223278,2.0
-1.7317881810149136,0.054049273088597395,-0.008401046336226748,0.03942698174471765,2.0
0.5598736410747324,-0.6925184305172882,-1.4797535240042965,0.032076895946002194,1.0
0.5435648544488436,-0.9671864476197098,1.327869810381755,-0.012367639545761705,0.0
0.5435648549904002,-0.9671908921831328,1.332884126979892,-0.019480026941346592,0.0
0.5435648547136013,-0.9671916958551778,1.3334199029517744,0.036916584467764135,0.0
0.543564854363347,-0.9671907403773627,1.3290977440053986,-0.023178898425153333,0.0
0.5598736417804334,-0.6925137931804102,-1.4786264090569956,-0.13038647303001583,1.0
0.5598736417453257,-0.6925184970207449,-1.4758856448703983,-0.00931176812316492,1.0
-1.7317881808509203,0.05405020523682526,-0.0045038179112308055,0.026332157230471893,2.0
0.6271579202856591,1.607810597608748,0.15145246652521271,-0.04720501713377352,3.0
0.543564854664156,-0.9671909397799047,1.3338824220304797,-0.009733043537720736,0.0
0.6271579200812395,1.6078093236307285,0.16044389297325076,0.012954974614284144,3.0
0.5598736414253789,-0.6925157479527395,-1.485391766951285,-0.0017042090390806499,1.0
0.5598736413308506,-0.6925166741171822,-1.4775526473036003,-0.0213028156777848,1.0
-1.7317881811877098,0.054050878642125155,-0.0017554764271303757,0.07050594732734433,2.0
0.5435648547404384,-0.9671885158959892,1.331040750368138,-0.019578151432924015,0.0
-1.731788181477889,0.05404890966740228,-0.006155987971074045,-0.0005266981161067819,2.0
-1.7317881815702705,0.05404893254116089,-0.00938051055237367,0.04869053871647455,2.0
0.559873640642933,-0.6925146858487778,-1.4775022827153725,-0.004636085062183058,1.0
0.5598736417932482,-0.6925147384016104,-1.4745232330182476,-0.008645213982613689,1.0
0.6271579193889958,1.607811786581338,0.16179429020383246,0.0495880846905158,3.0
-1.7317881814177607,0.05405273168776086,-0.008514825288678723,-0.03967069615119529,2.0
0.6271579198608145,1.6078126248655338,0.15948040092196983,-0.04221546244872484,3.0
0.6271579193688315,1.6078113958508071,0.15707936856156898,-0.012069704930853223,3.0
-1.731788180901426,0.05404983890896718,-0.003361815657457958,-0.005941830596283715,2.0
0.543564854971029,-0.9671872475740885,1.3326183508907279,0.027530840537272783,0.0
0.5435648551092884,-0.9671915234121987,1.3351096233015938,0.01749312163296986,0.0
0.6271579197325416,1.6078132301674173,0.16629050686580876,0.059218624378503004,3.0
-1.731788181923915,0.05405066192969745,-0.0031855380914275594,-0.040400248607909306,2.0
0.5598736412063571,-0.6925156556832514,-1.4800053805916367,0.0006216398075908501,1.0
0.6271579200318476,1.607811471237924,0.16189051194152626,-0.04348571196010705,3.0
0.5435648541500336,-0.9671904526079658,1.3323228051594103,0.03456069643822599,0.0
0.5435648549087799,-0.9671912545552611,1.3321490335743806,-0.06629938054896033,0.0
-1.7317881811117801,0.05405038000427622,-0.0068428965686081695,-0.02380483176800657,2.0
0.5435648544798413,-0.9671920323347868,1.3349257692680563,0.061836555909210444,0.0
